    4.73226920171090e-05    1.71784787936884e-06    -6.40916608147062e-06    6.7206348E+06    526.99    526.99    1.5443385266016971    0.00000e+00    0.00000e+00    5.47979711E+10
    5.38242330429372e-05    7.81620107343298e-07    -8.88986169459926e-06    3.3254877E+06    391.72    391.72    1.1471835760805147    0.00000e+00    0.00000e+00    5.48481984E+10
    5.75467100566852e-05    -1.84724557200297e-06    -1.08503216846355e-05    2.0603920E+06    322.64    322.64    0.9167647561746948    0.00000e+00    0.00000e+00    5.48984257E+10
    5.63854213019131e-05    -6.54331111815155e-06    -1.14178465189970e-05    1.6753784E+06    383.82    383.82    0.7956289233992372    0.00000e+00    0.00000e+00    5.49486530E+10
    5.35060061907937e-05    -8.31176161941167e-06    -1.17814262365672e-05    3.5389805E+06    8177.93    8177.93    0.6691891454308028    0.00000e+00    0.00000e+00    5.49988803E+10
    6.34427716394988e-05    -1.01914564983118e-06    -1.93721588898361e-05    2.4318653E+06    6110.07    6110.07    0.5969811018489730    0.00000e+00    0.00000e+00    5.50491075E+10
    7.42396741286812e-05    6.56820387660811e-06    -2.71359811779756e-05    1.7781160E+06    5131.68    5131.68    0.5321086143067230    0.00000e+00    0.00000e+00    5.50993348E+10
    8.47099576409001e-05    1.39077371084016e-05    -3.04040820831415e-05    1.8160553E+06    4763.70    4763.70    0.5080199748735874    0.00000e+00    0.00000e+00    5.51495621E+10
    9.57345043940475e-05    2.02152125506321e-05    -3.17519513830886e-05    1.7272996E+06    3963.06    3963.06    0.4886864990572129    0.00000e+00    0.00000e+00    5.51997894E+10
    1.07330738591822e-04    2.62267843866658e-05    -3.33724071752396e-05    1.5978115E+06    3396.53    3396.53    0.4621587823520455    0.00000e+00    0.00000e+00    5.52500167E+10
    1.19888988577023e-04    3.23195363343466e-05    -3.53686968355645e-05    1.5010724E+06    3046.13    3046.13    0.4295415069035556    0.00000e+00    0.00000e+00    5.53002440E+10
    1.32995247706666e-04    3.92115933258675e-05    -3.74522975613478e-05    1.4135673E+06    2700.29    2700.29    0.4150998665737786    0.00000e+00    0.00000e+00    5.53504713E+10
    1.45619873532947e-04    4.65086665754694e-05    -3.96238400951886e-05    1.2201890E+06    2272.27    2272.27    0.3994366382066735    0.00000e+00    0.00000e+00    5.54006986E+10
    1.57684471683631e-04    5.36954083515928e-05    -4.15877713511815e-05    1.0164498E+06    1927.79    1927.79    0.3892293758012487    0.00000e+00    0.00000e+00    5.54509258E+10
    1.69341583935343e-04    6.05658678632476e-05    -4.33210728605612e-05    8.7746465E+05    1708.84    1708.84    0.3783358051831658    0.00000e+00    0.00000e+00    5.55011531E+10
    1.80602748853693e-04    6.71276707448240e-05    -4.50923459470727e-05    7.7805642E+05    1550.98    1550.98    0.3681814389423468    0.00000e+00    0.00000e+00    5.55513804E+10
    1.91399656191012e-04    7.34464171355130e-05    -4.71534285318095e-05    6.8189139E+05    1409.02    1409.02    0.3620379400668246    0.00000e+00    0.00000e+00    5.56016077E+10
    2.01747853922054e-04    7.95907372600124e-05    -4.95221321846019e-05    5.8282538E+05    1283.51    1283.51    0.3583940147407082    0.00000e+00    0.00000e+00    5.56518350E+10
    2.11742981241691e-04    8.55954261962154e-05    -5.20525590155114e-05    4.9405095E+05    1181.07    1181.07    0.3537048001429156    0.00000e+00    0.00000e+00    5.57020623E+10
    2.21512980480368e-04    9.14782426692611e-05    -5.45812841504002e-05    4.2146288E+05    1097.07    1097.07    0.3513297967626098    0.00000e+00    0.00000e+00    5.57522896E+10
    2.31165233020314e-04    9.72574496105169e-05    -5.70021285449685e-05    3.6323218E+05    1026.72    1026.72    0.3460187887091151    0.00000e+00    0.00000e+00    5.58025169E+10
    2.40755453649762e-04    1.02945618238734e-04    -5.92647297540226e-05    3.1597843E+05    966.23    966.23    0.3419628542768233    0.00000e+00    0.00000e+00    5.58527441E+10
    2.50289571640032e-04    1.08550592839273e-04    -6.13591054638686e-05    2.7709780E+05    913.45    913.45    0.3259912476107258    0.00000e+00    0.00000e+00    5.59029714E+10
    2.59742711201147e-04    1.14075001102284e-04    -6.32932017707397e-05    2.4480441E+05    867.11    867.11    0.3206236100126190    0.00000e+00    0.00000e+00    5.59531987E+10
    2.69078545243980e-04    1.19518018844512e-04    -6.50802346955831e-05    2.1781000E+05    825.96    825.96    0.3237961532216753    0.00000e+00    0.00000e+00    5.60034260E+10
    2.78261944169198e-04    1.24879103074631e-04    -6.67334687407138e-05    1.9510804E+05    788.99    788.99    0.3203325244233982    0.00000e+00    0.00000e+00    5.60536533E+10
    2.87267455258544e-04    1.30161860806431e-04    -6.82657999500495e-05    1.7591131E+05    755.70    755.70    0.3148152336209602    0.00000e+00    0.00000e+00    5.61038806E+10
    2.96083874467847e-04    1.35374306010059e-04    -6.96914576051306e-05    1.5965961E+05    725.77    725.77    0.3113543045424988    0.00000e+00    0.00000e+00    5.61541079E+10
    3.04715274232028e-04    1.40526067085223e-04    -7.10264502537075e-05    1.4623893E+05    700.00    700.00    0.3075851737302044    0.00000e+00    0.00000e+00    5.62043352E+10
    3.13189953125653e-04    1.45630272786407e-04    -7.22937483679910e-05    1.3623847E+05    684.19    684.19    0.3018875817635801    0.00000e+00    0.00000e+00    5.62545624E+10
    3.21594489175895e-04    1.50716065263982e-04    -7.35425265996561e-05    1.3092358E+05    692.34    692.34    0.3002752746869431    0.00000e+00    0.00000e+00    5.63047897E+10
    3.30108326470544e-04    1.55847265390930e-04    -7.48724044638973e-05    1.3149737E+05    737.96    737.96    0.2935828641856408    0.00000e+00    0.00000e+00    5.63550170E+10
    3.38982297911931e-04    1.61119240866462e-04    -7.64341105341714e-05    1.3767662E+05    808.30    808.30    0.2915907188818538    0.00000e+00    0.00000e+00    5.64052443E+10
    3.48418119928356e-04    1.66612737409166e-04    -7.83644592312875e-05    1.4694364E+05    869.85    869.85    0.2873715977056079    0.00000e+00    0.00000e+00    5.64554716E+10
    3.58442912997140e-04    1.72349048035917e-04    -8.07048536436125e-05    1.5613177E+05    905.48    905.48    0.2830390946662391    0.00000e+00    0.00000e+00    5.65056989E+10
    3.68946871667649e-04    1.78310113437094e-04    -8.34110981559764e-05    1.6284341E+05    917.28    917.28    0.2792156037480508    0.00000e+00    0.00000e+00    5.65559262E+10
    3.79783921577764e-04    1.84470844504699e-04    -8.64085605503091e-05    1.6586414E+05    912.61    912.61    0.2743052195869600    0.00000e+00    0.00000e+00    5.66061535E+10
    3.90835070057594e-04    1.90809477952587e-04    -8.96249502586205e-05    1.6518982E+05    898.30    898.30    0.2741378660959624    0.00000e+00    0.00000e+00    5.66563808E+10
    4.02011901636115e-04    1.97307207858068e-04    -9.29986329176310e-05    1.6162221E+05    879.46    879.46    0.2707144111841850    0.00000e+00    0.00000e+00    5.67066080E+10
    4.13252971027383e-04    2.03950440045524e-04    -9.64695013271568e-05    1.5614122E+05    859.04    859.04    0.2659195362992381    0.00000e+00    0.00000e+00    5.67568353E+10
    4.24518930753039e-04    2.10725633668841e-04    -9.99902861532896e-05    1.4954691E+05    837.89    837.89    0.2624354065201070    0.00000e+00    0.00000e+00    5.68070626E+10
    4.35779353906456e-04    2.17615495424013e-04    -1.03531253772967e-04    1.4238812E+05    816.22    816.22    0.2589429635699966    0.00000e+00    0.00000e+00    5.68572899E+10
    4.47010402198935e-04    2.24600739422808e-04    -1.07080458377086e-04    1.3497871E+05    793.54    793.54    0.2529935758667928    0.00000e+00    0.00000e+00    5.69075172E+10
    4.58194796870881e-04    2.31654618494437e-04    -1.10641826956465e-04    1.2755359E+05    770.41    770.41    0.2481563029376719    0.00000e+00    0.00000e+00    5.69577445E+10
    4.69318245614975e-04    2.38745120391537e-04    -1.14225070329135e-04    1.2039703E+05    747.86    747.86    0.2442319367258048    0.00000e+00    0.00000e+00    5.70079718E+10
    4.80366659745643e-04    2.45838109382821e-04    -1.17835865663303e-04    1.1375722E+05    726.67    726.67    0.2387727402250343    0.00000e+00    0.00000e+00    5.70581991E+10
    4.91327686210292e-04    2.52903022813832e-04    -1.21473020317312e-04    1.0769160E+05    706.70    706.70    0.2333712260885263    0.00000e+00    0.00000e+00    5.71084263E+10
    5.02194978797835e-04    2.59918334957128e-04    -1.25130304435361e-04    1.0209076E+05    687.50    687.50    0.2271829494222760    0.00000e+00    0.00000e+00    5.71586536E+10
    5.12969429565445e-04    2.66871964255778e-04    -1.28800028872468e-04    9.6811463E+04    668.60    668.60    0.2227445164646093    0.00000e+00    0.00000e+00    5.72088809E+10
    5.23657486535081e-04    2.73759057724831e-04    -1.32474829308816e-04    9.1740331E+04    649.82    649.82    0.2205309994571523    0.00000e+00    0.00000e+00    5.72591082E+10
    5.34269233831311e-04    2.80579625060563e-04    -1.36147249309989e-04    8.6823292E+04    631.19    631.19    0.2166775394219885    0.00000e+00    0.00000e+00    5.73093355E+10
    5.44814367727756e-04    2.87336487878597e-04    -1.39808348911708e-04    8.2054795E+04    612.80    612.80    0.2139714378278911    0.00000e+00    0.00000e+00    5.73595628E+10
    5.55302681460776e-04    2.94034057983432e-04    -1.43448751817381e-04    7.7447275E+04    594.78    594.78    0.2109846740539079    0.00000e+00    0.00000e+00    5.74097901E+10
    5.65743386490310e-04    3.00677551970275e-04    -1.47059338681666e-04    7.3018209E+04    577.22    577.22    0.2062709062015751    0.00000e+00    0.00000e+00    5.74600174E+10
    5.76144239835257e-04    3.07272011901411e-04    -1.50630718663560e-04    6.8785264E+04    560.18    560.18    0.2012997448691473    0.00000e+00    0.00000e+00    5.75102446E+10
    5.86511495592104e-04    3.13821272653057e-04    -1.54153951798782e-04    6.4762125E+04    543.78    543.78    0.1975358011226158    0.00000e+00    0.00000e+00    5.75604719E+10
    5.96850535192710e-04    3.20329207886525e-04    -1.57622478558228e-04    6.0959770E+04    528.08    528.08    0.1938991755643429    0.00000e+00    0.00000e+00    5.76106992E+10
    6.07165964367045e-04    3.26800059721526e-04    -1.61032362254807e-04    5.7385546E+04    513.19    513.19    0.1913677526500271    0.00000e+00    0.00000e+00    5.76609265E+10
    6.17461710105928e-04    3.33238550243312e-04    -1.64382124206792e-04    5.4042772E+04    499.10    499.10    0.1882820015075954    0.00000e+00    0.00000e+00    5.77111538E+10
    6.27742087251119e-04    3.39649910591503e-04    -1.67672360735010e-04    5.0930073E+04    485.79    485.79    0.1835390146269095    0.00000e+00    0.00000e+00    5.77613811E+10
    6.38011265200277e-04    3.46039497957276e-04    -1.70905757707254e-04    4.8042125E+04    473.23    473.23    0.1805386653644501    0.00000e+00    0.00000e+00    5.78116084E+10
    6.48273073981482e-04    3.52412330162229e-04    -1.74086668750382e-04    4.5371095E+04    461.42    461.42    0.1799185916566679    0.00000e+00    0.00000e+00    5.78618357E+10
    6.58530907290502e-04    3.58772838403409e-04    -1.77220552866442e-04    4.2908155E+04    450.32    450.32    0.1774456395582388    0.00000e+00    0.00000e+00    5.79120629E+10
    6.68787334639847e-04    3.65124687872244e-04    -1.80313479922722e-04    4.0643107E+04    439.89    439.89    0.1745540113335090    0.00000e+00    0.00000e+00    5.79622902E+10
    6.79044343765609e-04    3.71470811691505e-04    -1.83371723408256e-04    3.8564989E+04    430.14    430.14    0.1721770093944955    0.00000e+00    0.00000e+00    5.80125175E+10
    6.89303243664727e-04    3.77813459396673e-04    -1.86401532571392e-04    3.6662567E+04    421.04    421.04    0.1685369336857356    0.00000e+00    0.00000e+00    5.80627448E+10
    6.99564713076355e-04    3.84154347228178e-04    -1.89408928798051e-04    3.4924595E+04    412.60    412.60    0.1652225397351658    0.00000e+00    0.00000e+00    5.81129721E+10
    7.09829333776911e-04    3.90494803575507e-04    -1.92399637737806e-04    3.3340041E+04    404.77    404.77    0.1637669323351237    0.00000e+00    0.00000e+00    5.81631994E+10
    7.20097542098706e-04    3.96835967750811e-04    -1.95379089303885e-04    3.1898260E+04    397.54    397.54    0.1623806955228931    0.00000e+00    0.00000e+00    5.82134267E+10
    7.30370113743632e-04    4.03178906344187e-04    -1.98352446761993e-04    3.0589004E+04    390.84    390.84    0.1601772794080064    0.00000e+00    0.00000e+00    5.82636540E+10
    7.40647969857682e-04    4.09524652008777e-04    -2.01324669756087e-04    2.9402349E+04    384.64    384.64    0.1581616904338430    0.00000e+00    0.00000e+00    5.83138813E+10
    7.50932758807371e-04    4.15874121042438e-04    -2.04300475523285e-04    2.8328645E+04    378.95    378.95    0.1555295425291145    0.00000e+00    0.00000e+00    5.83641085E+10
    7.61226371366057e-04    4.22228035817555e-04    -2.07284319501315e-04    2.7358680E+04    373.76    373.76    0.1534360098202173    0.00000e+00    0.00000e+00    5.84143358E+10
    7.71530940713936e-04    4.28586871451535e-04    -2.10280337150878e-04    2.6483926E+04    369.06    369.06    0.1517604468910798    0.00000e+00    0.00000e+00    5.84645631E+10
    7.81848793956677e-04    4.34950817021714e-04    -2.13292276081729e-04    2.5696570E+04    364.84    364.84    0.1504681397411487    0.00000e+00    0.00000e+00    5.85147904E+10
    7.92182258199950e-04    4.41319857983681e-04    -2.16323505748951e-04    2.4989072E+04    361.06    361.06    0.1480747738604527    0.00000e+00    0.00000e+00    5.85650177E+10
    8.02533515105320e-04    4.47693892526564e-04    -2.19376998060410e-04    2.4353860E+04    357.68    357.68    0.1447548264114017    0.00000e+00    0.00000e+00    5.86152450E+10
    8.12904552408879e-04    4.54072726724889e-04    -2.22455249806562e-04    2.3783449E+04    354.66    354.66    0.1427716744751871    0.00000e+00    0.00000e+00    5.86654723E+10
    8.23297018477143e-04    4.60456142412501e-04    -2.25560224482818e-04    2.3270582E+04    351.93    351.93    0.1410100076627798    0.00000e+00    0.00000e+00    5.87156996E+10
    8.33712173825683e-04    4.66843945663928e-04    -2.28693439555998e-04    2.2808410E+04    349.46    349.46    0.1405519806960638    0.00000e+00    0.00000e+00    5.87659268E+10
    8.44151182007333e-04    4.73236024972021e-04    -2.31855976160612e-04    2.2390541E+04    347.18    347.18    0.1375888877749429    0.00000e+00    0.00000e+00    5.88161541E+10
    8.54614770242616e-04    4.79632259133362e-04    -2.35048377287982e-04    2.2011148E+04    345.06    345.06    0.1354587500050222    0.00000e+00    0.00000e+00    5.88663814E+10
    8.65103568789317e-04    4.86032502703845e-04    -2.38270759293392e-04    2.1664944E+04    343.06    343.06    0.1335712982454902    0.00000e+00    0.00000e+00    5.89166087E+10
    8.75618159423852e-04    4.92436600543094e-04    -2.41522879770001e-04    2.1347037E+04    341.13    341.13    0.1319544001632847    0.00000e+00    0.00000e+00    5.89668360E+10
    8.86158736071695e-04    4.98844286003582e-04    -2.44804103611887e-04    2.1052944E+04    339.26    339.26    0.1304921892244955    0.00000e+00    0.00000e+00    5.90170633E+10
    8.96725104807373e-04    5.05255171234366e-04    -2.48113369077089e-04    2.0778529E+04    337.41    337.41    0.1292476968337152    0.00000e+00    0.00000e+00    5.90672906E+10
    9.07316732335837e-04    5.11668868384500e-04    -2.51449231420836e-04    2.0519967E+04    335.55    335.55    0.1281034310788869    0.00000e+00    0.00000e+00    5.91175179E+10
    9.17932697511092e-04    5.18084989603040e-04    -2.54809950162014e-04    2.0273766E+04    333.69    333.69    0.1264175530956825    0.00000e+00    0.00000e+00    5.91677451E+10
    9.28571788298937e-04    5.24503050076304e-04    -2.58193527868256e-04    2.0036676E+04    331.80    331.80    0.1242989033361444    0.00000e+00    0.00000e+00    5.92179724E+10
    9.39232453295591e-04    5.30922952841557e-04    -2.61597782877997e-04    1.9805671E+04    329.87    329.87    0.1224643503959198    0.00000e+00    0.00000e+00    5.92681997E+10
    9.49913044134538e-04    5.37344503973325e-04    -2.65020407478115e-04    1.9577923E+04    327.89    327.89    0.1211920968774190    0.00000e+00    0.00000e+00    5.93184270E+10
    9.60611960930632e-04    5.43767848915713e-04    -2.68459084259215e-04    1.9350721E+04    325.85    325.85    0.1199278575250223    0.00000e+00    0.00000e+00    5.93686543E+10
    9.71327555317355e-04    5.50193278556931e-04    -2.71911529748859e-04    1.9121564E+04    323.76    323.76    0.1184975910255093    0.00000e+00    0.00000e+00    5.94188816E+10
    9.82058372853665e-04    5.56621083785185e-04    -2.75375484715292e-04    1.8888202E+04    321.58    321.58    0.1168406600603504    0.00000e+00    0.00000e+00    5.94691089E+10
    9.92803007579887e-04    5.63051507007318e-04    -2.78848665686077e-04    1.8648642E+04    319.34    319.34    0.1154672650554562    0.00000e+00    0.00000e+00    5.95193362E+10
    1.00356024746182e-03    5.69484693667433e-04    -2.82328852214554e-04    1.8401171E+04    316.97    316.97    0.1149092491244218    0.00000e+00    0.00000e+00    5.95695635E+10
    1.01432883198389e-03    5.75920837691002e-04    -2.85813983842578e-04    1.8144341E+04    314.46    314.46    0.1135111774485877    0.00000e+00    0.00000e+00    5.96197907E+10
    1.02510750063052e-03    5.82360278447603e-04    -2.89302174644929e-04    1.7877014E+04    311.82    311.82    0.1123431645518256    0.00000e+00    0.00000e+00    5.96700180E+10
    1.03589508984889e-03    5.88803112899972e-04    -2.92791752014409e-04    1.7598487E+04    309.04    309.04    0.1112671442976380    0.00000e+00    0.00000e+00    5.97202453E+10
    1.04669038760479e-03    5.95249777380422e-04    -2.96281232421153e-04    1.7308437E+04    306.11    306.11    0.1096653085476133    0.00000e+00    0.00000e+00    5.97704726E+10
    1.05749218186401e-03    6.01700514295793e-04    -2.99769345653316e-04    1.7006924E+04    303.06    303.06    0.1079324832394001    0.00000e+00    0.00000e+00    5.98206999E+10
    1.06829945451784e-03    6.08155663015662e-04    -3.03255044513347e-04    1.6694356E+04    299.89    299.89    0.1067073618292315    0.00000e+00    0.00000e+00    5.98709272E+10
    1.07911113897615e-03    6.14615611390974e-04    -3.06737466032893e-04    1.6371501E+04    296.63    296.63    0.1056692022402553    0.00000e+00    0.00000e+00    5.99211545E+10
    1.08992626561161e-03    6.21080747272674e-04    -3.10215936320939e-04    1.6039433E+04    293.29    293.29    0.1049889214439119    0.00000e+00    0.00000e+00    5.99713818E+10
    1.10074410720368e-03    6.27551313067603e-04    -3.13689917234297e-04    1.5699501E+04    289.89    289.89    0.1038727605301853    0.00000e+00    0.00000e+00    6.00216090E+10
    1.11156383956911e-03    6.34027502701232e-04    -3.17158822148414e-04    1.5353224E+04    286.45    286.45    0.1024101303857142    0.00000e+00    0.00000e+00    6.00718363E+10
    1.12238463852463e-03    6.40509510099035e-04    -3.20622030501779e-04    1.5002243E+04    282.98    282.98    0.1019571877313218    0.00000e+00    0.00000e+00    6.01220636E+10
    1.13320577684973e-03    6.46997238298274e-04    -3.24079008999341e-04    1.4648257E+04    279.49    279.49    0.1007727470513154    0.00000e+00    0.00000e+00    6.01722909E+10
    1.14402638187978e-03    6.53490590336215e-04    -3.27529297068103e-04    1.4292956E+04    276.01    276.01    0.0997977982119006    0.00000e+00    0.00000e+00    6.02225182E+10
    1.15484553246879e-03    6.59989372287384e-04    -3.30972492312711e-04    1.3937978E+04    272.54    272.54    0.0989326139357132    0.00000e+00    0.00000e+00    6.02727455E+10
    1.16566240443350e-03    6.66493390226309e-04    -3.34408260211725e-04    1.3584879E+04    269.10    269.10    0.0981484903498420    0.00000e+00    0.00000e+00    6.03229728E+10
    1.17647612510928e-03    6.73002353264781e-04    -3.37836338965756e-04    1.3235106E+04    265.70    265.70    0.0965160240993871    0.00000e+00    0.00000e+00    6.03732001E+10
    1.18728587031287e-03    6.79515922033224e-04    -3.41256549193743e-04    1.2889955E+04    262.34    262.34    0.0953354853844109    0.00000e+00    0.00000e+00    6.04234273E+10
    1.19809096130513e-03    6.86033902606165e-04    -3.44668798781085e-04    1.2550567E+04    259.04    259.04    0.0948859552806481    0.00000e+00    0.00000e+00    6.04736546E+10
    1.20889081630963e-03    6.92556004095395e-04    -3.48073058638963e-04    1.2217938E+04    255.79    255.79    0.0937451541953532    0.00000e+00    0.00000e+00    6.05238819E+10
    1.21968480506859e-03    6.99081741687234e-04    -3.51469275437872e-04    1.1892931E+04    252.62    252.62    0.0927361418395514    0.00000e+00    0.00000e+00    6.05741092E+10
    1.23047234580559e-03    7.05610776012104e-04    -3.54857395848306e-04    1.1576308E+04    249.51    249.51    0.0919432262877028    0.00000e+00    0.00000e+00    6.06243365E+10
    1.24125300218832e-03    7.12142573774957e-04    -3.58237415022129e-04    1.1268668E+04    246.49    246.49    0.0914398487546259    0.00000e+00    0.00000e+00    6.06745638E+10
    1.25202628940309e-03    7.18676601680742e-04    -3.61609352351887e-04    1.0970460E+04    243.54    243.54    0.0906513053665561    0.00000e+00    0.00000e+00    6.07247911E+10
    1.26279181959897e-03    7.25212326434412e-04    -3.64973236926402e-04    1.0681999E+04    240.67    240.67    0.0899326712662887    0.00000e+00    0.00000e+00    6.07750184E+10
    1.27354905948090e-03    7.31749214740916e-04    -3.68329078441948e-04    1.0403475E+04    237.89    237.89    0.0890444633940925    0.00000e+00    0.00000e+00    6.08252456E+10
    1.28429771816068e-03    7.38286636342470e-04    -3.71676925379892e-04    1.0134986E+04    235.19    235.19    0.0881516584067961    0.00000e+00    0.00000e+00    6.08754729E+10
    1.29503745626872e-03    7.44824203388127e-04    -3.75016865006698e-04    9.8765470E+03    232.56    232.56    0.0871920817738818    0.00000e+00    0.00000e+00    6.09257002E+10
    1.30576803139819e-03    7.51361334101472e-04    -3.78349033070195e-04    9.6280786E+03    230.02    230.02    0.0864385278043941    0.00000e+00    0.00000e+00    6.09759275E+10
    1.31648929810498e-03    7.57897689112927e-04    -3.81673608951446e-04    9.3894515E+03    227.55    227.55    0.0857321810871229    0.00000e+00    0.00000e+00    6.10261548E+10
    1.32720120790773e-03    7.64432783608811e-04    -3.84990820512881e-04    9.1604839E+03    225.17    225.17    0.0848543719769852    0.00000e+00    0.00000e+00    6.10763821E+10
    1.33790380928780e-03    7.70966326700916e-04    -3.88300915009477e-04    8.9409524E+03    222.87    222.87    0.0840330789882485    0.00000e+00    0.00000e+00    6.11266094E+10
    1.34859710224519e-03    7.77497930538296e-04    -3.91604188177580e-04    8.7305900E+03    220.65    220.65    0.0835674074824269    0.00000e+00    0.00000e+00    6.11768367E+10
    1.35928132918675e-03    7.84027207270007e-04    -3.94900940601672e-04    8.5290975E+03    218.51    218.51    0.0832473460219538    0.00000e+00    0.00000e+00    6.12270640E+10
    1.36995658707520e-03    7.90553866007840e-04    -3.98191492258783e-04    8.3361600E+03    216.45    216.45    0.0828934761410928    0.00000e+00    0.00000e+00    6.12772912E+10
    1.38062316679877e-03    7.97077615863586e-04    -4.01476187366626e-04    8.1514448E+03    214.46    214.46    0.0816049816377590    0.00000e+00    0.00000e+00    6.13275185E+10
    1.39128126228291e-03    8.03598165949037e-04    -4.04755394383598e-04    7.9746225E+03    212.54    212.54    0.0807945555372007    0.00000e+00    0.00000e+00    6.13777458E+10
    1.40193116441584e-03    8.10115225375983e-04    -4.08029496312509e-04    7.8053503E+03    210.70    210.70    0.0801367804520983    0.00000e+00    0.00000e+00    6.14279731E+10
    1.41257306712304e-03    8.16628745663058e-04    -4.11298890700576e-04    7.6432959E+03    208.92    208.92    0.0793552459795147    0.00000e+00    0.00000e+00    6.14782004E+10
    1.42320740673681e-03    8.23138484403420e-04    -4.14563999335702e-04    7.4881360E+03    207.21    207.21    0.0787264407581066    0.00000e+00    0.00000e+00    6.15284277E+10
    1.43383452262673e-03    8.29644490078438e-04    -4.17825263398337e-04    7.3395614E+03    205.56    205.56    0.0782757354486527    0.00000e+00    0.00000e+00    6.15786550E+10
    1.44445494808785e-03    8.36146714206742e-04    -4.21083191942846e-04    7.1972699E+03    203.97    203.97    0.0775639978138349    0.00000e+00    0.00000e+00    6.16288823E+10
    1.45506916793385e-03    8.42645108306967e-04    -4.24338332808688e-04    7.0609622E+03    202.45    202.45    0.0768177692114498    0.00000e+00    0.00000e+00    6.16791095E+10
    1.46567776394116e-03    8.49139720860478e-04    -4.27591224139051e-04    6.9303470E+03    200.98    200.98    0.0761268093162973    0.00000e+00    0.00000e+00    6.17293368E+10
    1.47628131788618e-03    8.55630551867277e-04    -4.30842408925255e-04    6.8051438E+03    199.56    199.56    0.0756929800763215    0.00000e+00    0.00000e+00    6.17795641E+10
    1.48688031458259e-03    8.62117601327363e-04    -4.34092396221667e-04    6.6850796E+03    198.19    198.19    0.0751439772553651    0.00000e+00    0.00000e+00    6.18297914E+10
    1.49747533580682e-03    8.68600966203473e-04    -4.37341690234516e-04    6.5698875E+03    196.87    196.87    0.0745924367270685    0.00000e+00    0.00000e+00    6.18800187E+10
    1.50806676940981e-03    8.75080598014238e-04    -4.40590790321891e-04    6.4593175E+03    195.60    195.60    0.0741827242571911    0.00000e+00    0.00000e+00    6.19302460E+10
    1.51865519716798e-03    8.81556690685131e-04    -4.43840161904929e-04    6.3531260E+03    194.37    194.37    0.0736177557349742    0.00000e+00    0.00000e+00    6.19804733E+10
    1.52924105541364e-03    8.88029292697520e-04    -4.47090294645445e-04    6.2510794E+03    193.18    193.18    0.0728879666670583    0.00000e+00    0.00000e+00    6.20307006E+10
    1.53982482896047e-03    8.94498597976878e-04    -4.50341658812712e-04    6.1529574E+03    192.02    192.02    0.0723294134386343    0.00000e+00    0.00000e+00    6.20809278E+10
    1.55040705110352e-03    9.00964848930044e-04    -4.53594744068546e-04    6.0585443E+03    190.91    190.91    0.0718294832933783    0.00000e+00    0.00000e+00    6.21311551E+10
    1.56098825513784e-03    9.07428142519756e-04    -4.56850015834083e-04    5.9676392E+03    189.82    189.82    0.0713122849426594    0.00000e+00    0.00000e+00    6.21813824E+10
    1.57156892587711e-03    9.13888721152854e-04    -4.60107939530455e-04    5.8800459E+03    188.77    188.77    0.0707058082815550    0.00000e+00    0.00000e+00    6.22316097E+10
    1.58214959661638e-03    9.20346827236177e-04    -4.63368941793702e-04    5.7955812E+03    187.74    187.74    0.0700970998457268    0.00000e+00    0.00000e+00    6.22818370E+10
    1.59273075216934e-03    9.26802606213832e-04    -4.66633439563590e-04    5.7140692E+03    186.74    186.74    0.0696131338381960    0.00000e+00    0.00000e+00    6.23320643E+10
    1.60331278038691e-03    9.33256203529922e-04    -4.69901801298516e-04    5.6353411E+03    185.77    185.77    0.0691870268717818    0.00000e+00    0.00000e+00    6.23822916E+10
    1.61389611760143e-03    9.39707813109919e-04    -4.73174376064331e-04    5.5592387E+03    184.82    184.82    0.0686342791122417    0.00000e+00    0.00000e+00    6.24325189E+10
    1.62448105470109e-03    9.46157628879296e-04    -4.76451474141791e-04    5.4856107E+03    183.89    183.89    0.0679768089325045    0.00000e+00    0.00000e+00    6.24827461E+10
    1.63506788257412e-03    9.52605796282157e-04    -4.79733386419104e-04    5.4143122E+03    182.98    182.98    0.0675144873986280    0.00000e+00    0.00000e+00    6.25329734E+10
    1.64565698907144e-03    9.59052557725343e-04    -4.83020389240069e-04    5.3452093E+03    182.09    182.09    0.0671499227266516    0.00000e+00    0.00000e+00    6.25832007E+10
    1.65624861659990e-03    9.65498155615694e-04    -4.86312725011527e-04    5.2781703E+03    181.22    181.22    0.0666546821803456    0.00000e+00    0.00000e+00    6.26334280E+10
    1.66684305604772e-03    9.71942783878683e-04    -4.89610670077274e-04    5.2130747E+03    180.36    180.36    0.0662153660505722    0.00000e+00    0.00000e+00    6.26836553E+10
    1.67744059830309e-03    9.78386684921150e-04    -4.92914384425827e-04    5.1498074E+03    179.52    179.52    0.0658444628508112    0.00000e+00    0.00000e+00    6.27338826E+10
    1.68804153425423e-03    9.84830004187200e-04    -4.96224061982658e-04    5.0882620E+03    178.69    178.69    0.0654673674300951    0.00000e+00    0.00000e+00    6.27841099E+10
    1.69864605782661e-03    9.91273032565042e-04    -4.99539945154606e-04    5.0283360E+03    177.88    177.88    0.0649406351185102    0.00000e+00    0.00000e+00    6.28343372E+10
    1.70925436294571e-03    9.97715915498779e-04    -5.02862130904409e-04    4.9699336E+03    177.07    177.07    0.0643737935613561    0.00000e+00    0.00000e+00    6.28845645E+10
    1.71986669201835e-03    1.00415879843252e-03    -5.06190716194803e-04    4.9129660E+03    176.28    176.28    0.0638518797347171    0.00000e+00    0.00000e+00    6.29347917E+10
    1.73048314200729e-03    1.01060187529173e-03    -5.09525846469892e-04    4.8573494E+03    175.50    175.50    0.0635179508158605    0.00000e+00    0.00000e+00    6.29850190E+10
    1.74110376139388e-03    1.01704524303914e-03    -5.12867570211044e-04    4.8030033E+03    174.72    174.72    0.0629282612861657    0.00000e+00    0.00000e+00    6.30352463E+10
    1.75172864714087e-03    1.02348919256298e-03    -5.16215887418259e-04    4.7498556E+03    173.96    173.96    0.0625157133025284    0.00000e+00    0.00000e+00    6.30854736E+10
    1.76235789621099e-03    1.02993377234460e-03    -5.19570895054273e-04    4.6978367E+03    173.20    173.20    0.0620562258786052    0.00000e+00    0.00000e+00    6.31357009E+10
    1.77299155708561e-03    1.03637922479085e-03    -5.22932641600454e-04    4.6468826E+03    172.45    172.45    0.0616953529190343    0.00000e+00    0.00000e+00    6.31859282E+10
    1.78362962976472e-03    1.04282579230856e-03    -5.26301078575435e-04    4.5969335E+03    171.70    171.70    0.0613434086769154    0.00000e+00    0.00000e+00    6.32361555E+10
    1.79427225969244e-03    1.04927352337911e-03    -5.29676254460584e-04    4.5479338E+03    170.96    170.96    0.0611161969122282    0.00000e+00    0.00000e+00    6.32863828E+10
    1.80491944686875e-03    1.05572261192796e-03    -5.33058120774531e-04    4.4998313E+03    170.22    170.22    0.0607603343507745    0.00000e+00    0.00000e+00    6.33366100E+10
    1.81557128825641e-03    1.06217325188060e-03    -5.36446774480015e-04    4.4525785E+03    169.49    169.49    0.0604016779527702    0.00000e+00    0.00000e+00    6.33868373E+10
    1.82622783233678e-03    1.06862554019975e-03    -5.39842167095665e-04    4.4061294E+03    168.77    168.77    0.0599255469383829    0.00000e+00    0.00000e+00    6.34370646E+10
    1.83688907910985e-03    1.07507962232952e-03    -5.43244250140115e-04    4.3604421E+03    168.04    168.04    0.0593702025056616    0.00000e+00    0.00000e+00    6.34872919E+10
    1.84755502857563e-03    1.08153549826991e-03    -5.46653120576101e-04    4.3154777E+03    167.33    167.33    0.0589230915882533    0.00000e+00    0.00000e+00    6.35375192E+10
    1.85822563225274e-03    1.08799341042776e-03    -5.50068584478149e-04    4.2712002E+03    166.61    166.61    0.0585277934009236    0.00000e+00    0.00000e+00    6.35877465E+10
    1.86890084165983e-03    1.09445335880307e-03    -5.53490738808997e-04    4.2275760E+03    165.90    165.90    0.0580027687794143    0.00000e+00    0.00000e+00    6.36379738E+10
    1.87958065679689e-03    1.10091558580269e-03    -5.56919389643172e-04    4.1845760E+03    165.19    165.19    0.0576702410956130    0.00000e+00    0.00000e+00    6.36882011E+10
    1.89026502918255e-03    1.10738013990797e-03    -5.60354585462042e-04    4.1421708E+03    164.49    164.49    0.0574722274887165    0.00000e+00    0.00000e+00    6.37384283E+10
    1.90095400729818e-03    1.11384726352576e-03    -5.63796229302870e-04    4.1003366E+03    163.79    163.79    0.0571799013674667    0.00000e+00    0.00000e+00    6.37886556E+10
    1.91164749418104e-03    1.12031700513743e-03    -5.67244272684289e-04    4.0590492E+03    163.09    163.09    0.0569244321860697    0.00000e+00    0.00000e+00    6.38388829E+10
    1.92234553831251e-03    1.12678951018709e-03    -5.70698570162195e-04    4.0182888E+03    162.39    162.39    0.0565376078556705    0.00000e+00    0.00000e+00    6.38891102E+10
    1.93304799424848e-03    1.13326492411883e-03    -5.74159024773850e-04    3.9780373E+03    161.70    161.70    0.0562907416978401    0.00000e+00    0.00000e+00    6.39393375E+10
    1.94375491047031e-03    1.13974329541402e-03    -5.77625539556520e-04    3.9382771E+03    161.01    161.01    0.0557946947476265    0.00000e+00    0.00000e+00    6.39895648E+10
    1.95446609305253e-03    1.14622472103541e-03    -5.81097969066099e-04    3.8989956E+03    160.32    160.32    0.0553998544610752    0.00000e+00    0.00000e+00    6.40397921E+10
    1.96518144503242e-03    1.15270924946435e-03    -5.84576119377114e-04    3.8601798E+03    159.63    159.63    0.0549220902663610    0.00000e+00    0.00000e+00    6.40900194E+10
    1.97590091792859e-03    1.15919697766359e-03    -5.88059845045463e-04    3.8218164E+03    158.95    158.95    0.0545560173818466    0.00000e+00    0.00000e+00    6.41402466E+10
    1.98662431781558e-03    1.16568795411449e-03    -5.91549000627041e-04    3.7838968E+03    158.26    158.26    0.0541586585526124    0.00000e+00    0.00000e+00    6.41904739E+10
    1.99735154773065e-03    1.17218227577980e-03    -5.95043392196374e-04    3.7464111E+03    157.58    157.58    0.0537900208084790    0.00000e+00    0.00000e+00    6.42407012E+10
    2.00808246222969e-03    1.17868003962223e-03    -5.98542922790727e-04    3.7093511E+03    156.91    156.91    0.0535806538248091    0.00000e+00    0.00000e+00    6.42909285E+10
    2.01881701283135e-03    1.18518124564181e-03    -6.02047350003259e-04    3.6727102E+03    156.23    156.23    0.0533933738439641    0.00000e+00    0.00000e+00    6.43411558E+10
    2.02955505409151e-03    1.19168599080126e-03    -6.05556576871234e-04    3.6364804E+03    155.56    155.56    0.0531160439207866    0.00000e+00    0.00000e+00    6.43913831E+10
    2.04029648904743e-03    1.19819437206331e-03    -6.09070409469180e-04    3.6006566E+03    154.89    154.89    0.0529608813442894    0.00000e+00    0.00000e+00    6.44416104E+10
    2.05104117225502e-03    1.20470634094661e-03    -6.12588702352992e-04    3.5652339E+03    154.22    154.22    0.0525921682901809    0.00000e+00    0.00000e+00    6.44918377E+10
    2.06178895827017e-03    1.21122199441388e-03    -6.16111261597197e-04    3.5302083E+03    153.56    153.56    0.0521810685589994    0.00000e+00    0.00000e+00    6.45420650E+10
    2.07253979861151e-03    1.21774128398376e-03    -6.19637893276324e-04    3.4955738E+03    152.89    152.89    0.0518152462570359    0.00000e+00    0.00000e+00    6.45922922E+10
    2.08329340239084e-03    1.22426425813761e-03    -6.23168451946268e-04    3.4613291E+03    152.24    152.24    0.0515074712919078    0.00000e+00    0.00000e+00    6.46425195E+10
    2.09404972112677e-03    1.23079096535681e-03    -6.26702743681557e-04    3.4274692E+03    151.58    151.58    0.0511294329169812    0.00000e+00    0.00000e+00    6.46927468E+10
    2.10480851241248e-03    1.23732140564136e-03    -6.30240574556717e-04    3.3939950E+03    150.93    150.93    0.0508065587269104    0.00000e+00    0.00000e+00    6.47429741E+10
    2.11556967928523e-03    1.24385557899125e-03    -6.33781750646278e-04    3.3609017E+03    150.28    150.28    0.0504847546020473    0.00000e+00    0.00000e+00    6.47932014E+10
    2.12633307630091e-03    1.25039348540648e-03    -6.37326174987501e-04    3.3281886E+03    149.64    149.64    0.0502515551408071    0.00000e+00    0.00000e+00    6.48434287E+10
    2.13709855801542e-03    1.25693517336843e-03    -6.40873605173548e-04    3.2958531E+03    149.00    149.00    0.0500216989105808    0.00000e+00    0.00000e+00    6.48936560E+10
    2.14786602746602e-03    1.26348064287709e-03    -6.44423895760313e-04    3.2638955E+03    148.36    148.36    0.0498876665703546    0.00000e+00    0.00000e+00    6.49438833E+10
    2.15863529072725e-03    1.27002989393246e-03    -6.47976901303692e-04    3.2323118E+03    147.73    147.73    0.0496620011661136    0.00000e+00    0.00000e+00    6.49941105E+10
    2.16940629931772e-03    1.27658287805318e-03    -6.51532427878213e-04    3.2011010E+03    147.10    147.10    0.0493537441272959    0.00000e+00    0.00000e+00    6.50443378E+10
    2.18017885931197e-03    1.28313954675787e-03    -6.55090330039772e-04    3.1702623E+03    146.48    146.48    0.0490310708493503    0.00000e+00    0.00000e+00    6.50945651E+10
    2.19095282526590e-03    1.28969994852791e-03    -6.58650413862896e-04    3.1397923E+03    145.86    145.86    0.0486909340351803    0.00000e+00    0.00000e+00    6.51447924E+10
    2.20172800325404e-03    1.29626398640056e-03    -6.62212485422112e-04    3.1096899E+03    145.24    145.24    0.0483719508213260    0.00000e+00    0.00000e+00    6.51950197E+10
    2.21250429631363e-03    1.30283166037581e-03    -6.65776447754684e-04    3.0799527E+03    144.63    144.63    0.0481084396401560    0.00000e+00    0.00000e+00    6.52452470E+10
    2.22328155900059e-03    1.30940292197231e-03    -6.69342058453772e-04    3.0505804E+03    144.02    144.02    0.0477282448570838    0.00000e+00    0.00000e+00    6.52954743E+10
    2.23405959738945e-03    1.31597772270868e-03    -6.72909220556640e-04    3.0215706E+03    143.42    143.42    0.0473905853949540    0.00000e+00    0.00000e+00    6.53457016E+10
    2.24483826603608e-03    1.32255606258491e-03    -6.76477691656447e-04    2.9929224E+03    142.82    142.82    0.0471548606170624    0.00000e+00    0.00000e+00    6.53959288E+10
    2.25561751645913e-03    1.32913799008239e-03    -6.80047326309088e-04    2.9646334E+03    142.23    142.23    0.0470468824522901    0.00000e+00    0.00000e+00    6.54461561E+10
    2.26639720321450e-03    1.33572335975701e-03    -6.83617979070460e-04    2.9367007E+03    141.64    141.64    0.0468309476494767    0.00000e+00    0.00000e+00    6.54963834E+10
    2.27717713237671e-03    1.34231217160876e-03    -6.87189504496458e-04    2.9091226E+03    141.05    141.05    0.0466604022180933    0.00000e+00    0.00000e+00    6.55466107E+10
    2.28795725546439e-03    1.34890437715628e-03    -6.90761708661609e-04    2.8818961E+03    140.47    140.47    0.0464178387213121    0.00000e+00    0.00000e+00    6.55968380E+10
    2.29873742703343e-03    1.35549992791820e-03    -6.94334397640441e-04    2.8550194E+03    139.90    139.90    0.0461588160487068    0.00000e+00    0.00000e+00    6.56470653E+10
    2.30951745315838e-03    1.36209877541315e-03    -6.97907474470219e-04    2.8284885E+03    139.33    139.33    0.0458823772054839    0.00000e+00    0.00000e+00    6.56972926E+10
    2.32029728535785e-03    1.36870082267839e-03    -7.01480696744100e-04    2.8022997E+03    138.76    138.76    0.0455584886506985    0.00000e+00    0.00000e+00    6.57475199E+10
    2.33107672970637e-03    1.37530611819530e-03    -7.05054015980718e-04    2.7764500E+03    138.20    138.20    0.0452751119658859    0.00000e+00    0.00000e+00    6.57977472E+10
    2.34185568924122e-03    1.38191451651977e-03    -7.08627189773232e-04    2.7509348E+03    137.64    137.64    0.0450100626433299    0.00000e+00    0.00000e+00    6.58479744E+10
    2.35263401851828e-03    1.38852601765180e-03    -7.12200121158904e-04    2.7257504E+03    137.08    137.08    0.0447003635633267    0.00000e+00    0.00000e+00    6.58982017E+10
    2.36341171753755e-03    1.39514057311001e-03    -7.15772664693633e-04    2.7008920E+03    136.53    136.53    0.0444397528555070    0.00000e+00    0.00000e+00    6.59484290E+10
    2.37418859237357e-03    1.40175813441305e-03    -7.19344674933312e-04    2.6763561E+03    135.99    135.99    0.0443759104746262    0.00000e+00    0.00000e+00    6.59986563E+10
    2.38496459454496e-03    1.40837865307955e-03    -7.22916054915205e-04    2.6521373E+03    135.45    135.45    0.0441384666012856    0.00000e+00    0.00000e+00    6.60488836E+10
    2.39573962708898e-03    1.41500208062813e-03    -7.26486707676577e-04    2.6282321E+03    134.91    134.91    0.0439711576160483    0.00000e+00    0.00000e+00    6.60991109E+10
    2.40651364152428e-03    1.42162836857743e-03    -7.30056439291954e-04    2.6046361E+03    134.37    134.37    0.0437964591056261    0.00000e+00    0.00000e+00    6.61493382E+10
    2.41728649240674e-03    1.42825741996472e-03    -7.33625152798602e-04    2.5813434E+03    133.85    133.85    0.0435859817850961    0.00000e+00    0.00000e+00    6.61995655E+10
    2.42805813125500e-03    1.43488923478998e-03    -7.37192751233782e-04    2.5583507E+03    133.32    133.32    0.0433593585002813    0.00000e+00    0.00000e+00    6.62497927E+10
    2.43882846110632e-03    1.44152371609049e-03    -7.40759137634760e-04    2.5356522E+03    132.80    132.80    0.0430632081152841    0.00000e+00    0.00000e+00    6.63000200E+10
    2.44959743347934e-03    1.44816076690352e-03    -7.44324166557431e-04    2.5132431E+03    132.28    132.28    0.0428146419190481    0.00000e+00    0.00000e+00    6.63502473E+10
    2.46036490292994e-03    1.45480043571041e-03    -7.47887789520427e-04    2.4911204E+03    131.77    131.77    0.0425873126495408    0.00000e+00    0.00000e+00    6.64004746E+10
    2.47113086945813e-03    1.46144267402982e-03    -7.51449909561011e-04    2.4692770E+03    131.26    131.26    0.0423145942259201    0.00000e+00    0.00000e+00    6.64507019E+10
    2.48189523610117e-03    1.46808733641764e-03    -7.55010381235079e-04    2.4477099E+03    130.76    130.76    0.0420727066537193    0.00000e+00    0.00000e+00    6.65009292E+10
    2.49265800285907e-03    1.47473447135523e-03    -7.58569204542632e-04    2.4264140E+03    130.25    130.25    0.0419252265194444    0.00000e+00    0.00000e+00    6.65511565E+10
    2.50341907276908e-03    1.48138398187985e-03    -7.62126234039565e-04    2.4053849E+03    129.76    129.76    0.0417325091720318    0.00000e+00    0.00000e+00    6.66013838E+10
    2.51417849431258e-03    1.48803586799152e-03    -7.65681469725877e-04    2.3846170E+03    129.26    129.26    0.0415736292116381    0.00000e+00    0.00000e+00    6.66516110E+10
    2.52493617052682e-03    1.49468998424611e-03    -7.69234766157465e-04    2.3641074E+03    128.77    128.77    0.0413918619938853    0.00000e+00    0.00000e+00    6.67018383E+10
    2.53569205293044e-03    1.50134633064364e-03    -7.72786074852961e-04    2.3438508E+03    128.29    128.29    0.0412283210469427    0.00000e+00    0.00000e+00    6.67520656E+10
    2.54644614152345e-03    1.50800490718411e-03    -7.76335347330995e-04    2.3238430E+03    127.81    127.81    0.0411174622525043    0.00000e+00    0.00000e+00    6.68022929E+10
    2.55719833934309e-03    1.51466551994203e-03    -7.79882486628833e-04    2.3040804E+03    127.33    127.33    0.0408253906961201    0.00000e+00    0.00000e+00    6.68525202E+10
    2.56794869487075e-03    1.52132821739878e-03    -7.83427492746474e-04    2.2845576E+03    126.85    126.85    0.0406064092378506    0.00000e+00    0.00000e+00    6.69027475E+10
    2.57869715962506e-03    1.52799295107299e-03    -7.86970220239814e-04    2.2652716E+03    126.38    126.38    0.0404129811302983    0.00000e+00    0.00000e+00    6.69529748E+10
    2.58944368512463e-03    1.53465967248330e-03    -7.90510717590221e-04    2.2462174E+03    125.91    125.91    0.0401641898731939    0.00000e+00    0.00000e+00    6.70032021E+10
    2.60018827136949e-03    1.54132833314833e-03    -7.94048887834958e-04    2.2273915E+03    125.45    125.45    0.0399649098237771    0.00000e+00    0.00000e+00    6.70534293E+10
    2.61093096684099e-03    1.54799888458671e-03    -7.97584682492658e-04    2.2087898E+03    124.98    124.98    0.0397967794727204    0.00000e+00    0.00000e+00    6.71036566E+10
    2.62167172305776e-03    1.55467127831709e-03    -8.01118101563321e-04    2.1904082E+03    124.53    124.53    0.0396029316607075    0.00000e+00    0.00000e+00    6.71538839E+10
    2.63241063698254e-03    1.56134541737672e-03    -8.04649096565578e-04    2.1722428E+03    124.07    124.07    0.0394195794076897    0.00000e+00    0.00000e+00    6.72041112E+10
    2.64314756317124e-03    1.56802135024696e-03    -8.08177619018061e-04    2.1542903E+03    123.62    123.62    0.0392586294183178    0.00000e+00    0.00000e+00    6.72543385E+10
    2.65388264706794e-03    1.57469893148372e-03    -8.11703668920771e-04    2.1365476E+03    123.17    123.17    0.0391241694313055    0.00000e+00    0.00000e+00    6.73045658E+10
    2.66461579170992e-03    1.58137816108700e-03    -8.15227149310970e-04    2.1190104E+03    122.72    122.72    0.0390241254080182    0.00000e+00    0.00000e+00    6.73547931E+10
    2.67534709405991e-03    1.58805894209406e-03    -8.18748108670028e-04    2.1016755E+03    122.28    122.28    0.0388357220903570    0.00000e+00    0.00000e+00    6.74050204E+10
    2.68607645715518e-03    1.59474132298626e-03    -8.22266450035208e-04    2.0845395E+03    121.84    121.84    0.0386416570438902    0.00000e+00    0.00000e+00    6.74552477E+10
    2.69680397795846e-03    1.60142510983814e-03    -8.25782221887879e-04    2.0675994E+03    121.40    121.40    0.0384563515549285    0.00000e+00    0.00000e+00    6.75054749E+10
    2.70752970495112e-03    1.60811039961244e-03    -8.29295424228039e-04    2.0508519E+03    120.97    120.97    0.0382675745684300    0.00000e+00    0.00000e+00    6.75557022E+10
    2.71825358965179e-03    1.61479709534640e-03    -8.32805960092953e-04    2.0342947E+03    120.54    120.54    0.0380426862135414    0.00000e+00    0.00000e+00    6.76059295E+10
    2.72897572902321e-03    1.62148519704005e-03    -8.36313829482621e-04    2.0179245E+03    120.11    120.11    0.0378505036248854    0.00000e+00    0.00000e+00    6.76561568E+10
    2.73969617154674e-03    1.62817455924926e-03    -8.39819129359779e-04    2.0017392E+03    119.69    119.69    0.0376909750343277    0.00000e+00    0.00000e+00    6.77063841E+10
    2.75041486874102e-03    1.63486523045541e-03    -8.43321762761691e-04    1.9857351E+03    119.27    119.27    0.0375514331365226    0.00000e+00    0.00000e+00    6.77566114E+10
    2.76113196605016e-03    1.64155711369577e-03    -8.46821729688357e-04    1.9699112E+03    118.85    118.85    0.0373774406586852    0.00000e+00    0.00000e+00    6.78068387E+10
    2.77184741499278e-03    1.64825016048896e-03    -8.50319030139777e-04    1.9542638E+03    118.43    118.43    0.0372962044446286    0.00000e+00    0.00000e+00    6.78570660E+10
    2.78256131253162e-03    1.65494432235361e-03    -8.53813664115951e-04    1.9387911E+03    118.02    118.02    0.0371749013077953    0.00000e+00    0.00000e+00    6.79072932E+10
    2.79327365866668e-03    1.66163959928973e-03    -8.57305631616878e-04    1.9234905E+03    117.61    117.61    0.0369818762957019    0.00000e+00    0.00000e+00    6.79575205E+10
    2.80398450187933e-03    1.66833589433459e-03    -8.60794932642560e-04    1.9083596E+03    117.20    117.20    0.0368144034369553    0.00000e+00    0.00000e+00    6.80077478E+10
    2.81469389065093e-03    1.67503315900680e-03    -8.64281567192995e-04    1.8933961E+03    116.79    116.79    0.0366176640832332    0.00000e+00    0.00000e+00    6.80579751E+10
    2.82540187346286e-03    1.68173139330638e-03    -8.67765535268185e-04    1.8785980E+03    116.39    116.39    0.0364204092604943    0.00000e+00    0.00000e+00    6.81082024E+10
    2.83610849879648e-03    1.68843059723332e-03    -8.71246885349496e-04    1.8639632E+03    115.99    115.99    0.0362813468469839    0.00000e+00    0.00000e+00    6.81584297E+10
    2.84681386361454e-03    1.69513062534352e-03    -8.74725568955561e-04    1.8494887E+03    115.60    115.60    0.0360941627906157    0.00000e+00    0.00000e+00    6.82086570E+10
    2.85751801639839e-03    1.70183152611834e-03    -8.78201683049117e-04    1.8351734E+03    115.20    115.20    0.0359570995768274    0.00000e+00    0.00000e+00    6.82588843E+10
    2.86822095714803e-03    1.70853320259505e-03    -8.81675130667426e-04    1.8210140E+03    114.81    114.81    0.0358304289224040    0.00000e+00    0.00000e+00    6.83091115E+10
    2.87892283130758e-03    1.71523560629229e-03    -8.85146008773225e-04    1.8070089E+03    114.42    114.42    0.0356751375436469    0.00000e+00    0.00000e+00    6.83593388E+10
    2.88962359039566e-03    1.72193873721005e-03    -8.88614268885147e-04    1.7931560E+03    114.04    114.04    0.0355997367748166    0.00000e+00    0.00000e+00    6.84095661E+10
    2.90032333137501e-03    1.72864254686696e-03    -8.92080007965926e-04    1.7794531E+03    113.66    113.66    0.0354659646024295    0.00000e+00    0.00000e+00    6.84597934E+10
    2.91102215120837e-03    1.73534693830028e-03    -8.95543129052828e-04    1.7658982E+03    113.27    113.27    0.0353170972752971    0.00000e+00    0.00000e+00    6.85100207E+10
    2.92172004989573e-03    1.74205191151003e-03    -8.99003729108588e-04    1.7524893E+03    112.90    112.90    0.0351452584165909    0.00000e+00    0.00000e+00    6.85602480E+10
    2.93241707591847e-03    1.74875746649619e-03    -9.02461856614574e-04    1.7392239E+03    112.52    112.52    0.0349706507712752    0.00000e+00    0.00000e+00    6.86104753E+10
    2.94311337472068e-03    1.75546355477740e-03    -9.05917463089419e-04    1.7261009E+03    112.15    112.15    0.0347989042818697    0.00000e+00    0.00000e+00    6.86607026E+10
    2.95380889782101e-03    1.76217007939093e-03    -9.09370597014489e-04    1.7131180E+03    111.78    111.78    0.0346460233674905    0.00000e+00    0.00000e+00    6.87109298E+10
    2.96450379066355e-03    1.76887704033676e-03    -9.12821258389787e-04    1.7002733E+03    111.41    111.41    0.0344731174614400    0.00000e+00    0.00000e+00    6.87611571E+10
    2.97519810172967e-03    1.77558438913355e-03    -9.16269447215310e-04    1.6875648E+03    111.04    111.04    0.0343505897797442    0.00000e+00    0.00000e+00    6.88113844E+10
    2.98589187950075e-03    1.78229212578127e-03    -9.19715260453796e-04    1.6749909E+03    110.68    110.68    0.0342540187440807    0.00000e+00    0.00000e+00    6.88616117E+10
    2.99658512397677e-03    1.78900015331721e-03    -9.23158601142508e-04    1.6625496E+03    110.32    110.32    0.0341321351841519    0.00000e+00    0.00000e+00    6.89118390E+10
    3.00727798060185e-03    1.79570842325999e-03    -9.26599566244183e-04    1.6502391E+03    109.96    109.96    0.0340348639131560    0.00000e+00    0.00000e+00    6.89620663E+10
    3.01797049785735e-03    1.80241688712824e-03    -9.30038155758821e-04    1.6380578E+03    109.61    109.61    0.0339119065627515    0.00000e+00    0.00000e+00    6.90122936E+10
    3.02866262726191e-03    1.80912554492196e-03    -9.33474369686421e-04    1.6260039E+03    109.25    109.25    0.0337825859817955    0.00000e+00    0.00000e+00    6.90625209E+10
    3.03935451425963e-03    1.81583439664115e-03    -9.36908256508352e-04    1.6140758E+03    108.90    108.90    0.0336396670936700    0.00000e+00    0.00000e+00    6.91127482E+10
    3.05004625581324e-03    1.82254334532308e-03    -9.40339816224613e-04    1.6022716E+03    108.55    108.55    0.0334590565192333    0.00000e+00    0.00000e+00    6.91629754E+10
    3.06073780344138e-03    1.82925234248638e-03    -9.43769097316573e-04    1.5905899E+03    108.21    108.21    0.0333304467375127    0.00000e+00    0.00000e+00    6.92132027E+10
    3.07142925410679e-03    1.83596143661241e-03    -9.47196148265600e-04    1.5790290E+03    107.86    107.86    0.0331557257011904    0.00000e+00    0.00000e+00    6.92634300E+10
    3.08212075325356e-03    1.84267053073845e-03    -9.50620920590326e-04    1.5675873E+03    107.52    107.52    0.0330041924656921    0.00000e+00    0.00000e+00    6.93136573E+10
    3.09281225240033e-03    1.84937962486448e-03    -9.54043511253487e-04    1.5562632E+03    107.18    107.18    0.0329018454549667    0.00000e+00    0.00000e+00    6.93638846E+10
    3.10350384850984e-03    1.85608867050915e-03    -9.57463920255083e-04    1.5450553E+03    106.84    106.84    0.0328039790698109    0.00000e+00    0.00000e+00    6.94141119E+10
    3.11419559006345e-03    1.86279761919108e-03    -9.60882196076482e-04    1.5339627E+03    106.51    106.51    0.0327023608211729    0.00000e+00    0.00000e+00    6.94643392E+10
    3.12488757402391e-03    1.86950647091027e-03    -9.64298387199052e-04    1.5229833E+03    106.17    106.17    0.0326192433257990    0.00000e+00    0.00000e+00    6.95145665E+10
    3.13557975190983e-03    1.87621517718536e-03    -9.67712445141425e-04    1.5121158E+03    105.84    105.84    0.0324880208598755    0.00000e+00    0.00000e+00    6.95647937E+10
    3.14627226916533e-03    1.88292373801635e-03    -9.71124466866338e-04    1.5013590E+03    105.51    105.51    0.0323807273296121    0.00000e+00    0.00000e+00    6.96150210E+10
    3.15696512579041e-03    1.88963205644049e-03    -9.74534452373790e-04    1.4907116E+03    105.19    105.19    0.0322453458315703    0.00000e+00    0.00000e+00    6.96652483E+10
    3.16765841874781e-03    1.89634018093916e-03    -9.77942450145150e-04    1.4801716E+03    104.86    104.86    0.0320867391299361    0.00000e+00    0.00000e+00    6.97154756E+10
    3.17835214803751e-03    1.90304806303099e-03    -9.81348460180417e-04    1.4697387E+03    104.54    104.54    0.0319407306110469    0.00000e+00    0.00000e+00    6.97657029E+10
    3.18904636214090e-03    1.90975570271598e-03    -9.84752579442327e-04    1.4594107E+03    104.22    104.22    0.0318061529406342    0.00000e+00    0.00000e+00    6.98159302E+10
    3.19974115802070e-03    1.91646305151277e-03    -9.88154807930881e-04    1.4491864E+03    103.90    103.90    0.0316340370631668    0.00000e+00    0.00000e+00    6.98661575E+10
    3.21043653567692e-03    1.92317006093997e-03    -9.91555194127448e-04    1.4390650E+03    103.59    103.59    0.0315364867157986    0.00000e+00    0.00000e+00    6.99163848E+10
    3.22113259207230e-03    1.92987673099760e-03    -9.94953738032025e-04    1.4290447E+03    103.27    103.27    0.0314334955621166    0.00000e+00    0.00000e+00    6.99666120E+10
    3.23182932720683e-03    1.93658306168565e-03    -9.98350488125983e-04    1.4191244E+03    102.96    102.96    0.0313680217610281    0.00000e+00    0.00000e+00    7.00168393E+10
    3.24252678956188e-03    1.94328900452276e-03    -1.00174549289069e-03    1.4093026E+03    102.65    102.65    0.0312796070450746    0.00000e+00    0.00000e+00    7.00670666E+10
    3.25322502761882e-03    1.94999451102755e-03    -1.00513880080751e-03    1.3995786E+03    102.34    102.34    0.0311901534183985    0.00000e+00    0.00000e+00    7.01172939E+10
    3.26392404137765e-03    1.95669962968140e-03    -1.00853041187645e-03    1.3899509E+03    102.03    102.03    0.0310545787441711    0.00000e+00    0.00000e+00    7.01675212E+10
    3.27462387931973e-03    1.96340431200294e-03    -1.01192037457887e-03    1.3804180E+03    101.73    101.73    0.0309338197499349    0.00000e+00    0.00000e+00    7.02177485E+10
    3.28532463840782e-03    1.97010850951080e-03    -1.01530868891478e-03    1.3709793E+03    101.43    101.43    0.0307820647198833    0.00000e+00    0.00000e+00    7.02679758E+10
    3.29602627016052e-03    1.97681227068634e-03    -1.01869550032827e-03    1.3616333E+03    101.13    101.13    0.0306388417410654    0.00000e+00    0.00000e+00    7.03182031E+10
    3.30672887154059e-03    1.98351554704820e-03    -1.02208076033799e-03    1.3523796E+03    100.83    100.83    0.0305519906260336    0.00000e+00    0.00000e+00    7.03684303E+10
    3.31743249102939e-03    1.99021833859638e-03    -1.02546451742529e-03    1.3432162E+03    100.53    100.53    0.0303954124915419    0.00000e+00    0.00000e+00    7.04186576E+10
    3.32813708014556e-03    1.99692059684951e-03    -1.02884682007155e-03    1.3341424E+03    100.24    100.24    0.0302511300561054    0.00000e+00    0.00000e+00    7.04688849E+10
    3.33884273585182e-03    2.00362227332622e-03    -1.03222771675814e-03    1.3251575E+03    99.95    99.95    0.0301708830097903    0.00000e+00    0.00000e+00    7.05191122E+10
    3.34954945814818e-03    2.01032346498925e-03    -1.03560725596642e-03    1.3162602E+03    99.65    99.65    0.0301399115930373    0.00000e+00    0.00000e+00    7.05693395E+10
    3.36025729551600e-03    2.01702407487587e-03    -1.03898543769639e-03    1.3074496E+03    99.37    99.37    0.0300389487505602    0.00000e+00    0.00000e+00    7.06195668E+10
    3.37096624795529e-03    2.02372410298607e-03    -1.04236231042942e-03    1.2987251E+03    99.08    99.08    0.0299562233089180    0.00000e+00    0.00000e+00    7.06697941E+10
    3.38167636394742e-03    2.03042354931985e-03    -1.04573792264688e-03    1.2900851E+03    98.79    98.79    0.0298311934415904    0.00000e+00    0.00000e+00    7.07200214E+10
    3.39238759501101e-03    2.03712236539584e-03    -1.04911227434877e-03    1.2815292E+03    98.51    98.51    0.0297194470315856    0.00000e+00    0.00000e+00    7.07702487E+10
    3.40310003810881e-03    2.04382059969542e-03    -1.05248551097920e-03    1.2730563E+03    98.23    98.23    0.0295647261360295    0.00000e+00    0.00000e+00    7.08204759E+10
    3.41381369324081e-03    2.05051825221858e-03    -1.05585758405678e-03    1.2646653E+03    97.95    97.95    0.0294805069886427    0.00000e+00    0.00000e+00    7.08707032E+10
    3.42452860888838e-03    2.05721522600259e-03    -1.05922854206291e-03    1.2563557E+03    97.67    97.67    0.0293953005955886    0.00000e+00    0.00000e+00    7.09209305E+10
    3.43524473657015e-03    2.06391161801018e-03    -1.06259848196030e-03    1.2481263E+03    97.39    97.39    0.0292795136062273    0.00000e+00    0.00000e+00    7.09711578E+10
    3.44596212476750e-03    2.07060728279724e-03    -1.06596735526759e-03    1.2399761E+03    97.12    97.12    0.0291188134904789    0.00000e+00    0.00000e+00    7.10213851E+10
    3.45668082196178e-03    2.07730236580789e-03    -1.06933525894753e-03    1.2319049E+03    96.84    96.84    0.0289809465072648    0.00000e+00    0.00000e+00    7.10716124E+10
    3.46740077967163e-03    2.08399672159802e-03    -1.07270224148146e-03    1.2239110E+03    96.57    96.57    0.0289743414758388    0.00000e+00    0.00000e+00    7.11218397E+10
    3.47812204637842e-03    2.09069039864900e-03    -1.07606830286941e-03    1.2159938E+03    96.30    96.30    0.0288805381644758    0.00000e+00    0.00000e+00    7.11720670E+10
    3.48884462208216e-03    2.09738339696082e-03    -1.07943349159272e-03    1.2081526E+03    96.04    96.04    0.0287831788378155    0.00000e+00    0.00000e+00    7.12222942E+10
    3.49956850678283e-03    2.10407566805212e-03    -1.08279790461415e-03    1.2003868E+03    95.77    95.77    0.0286841454612215    0.00000e+00    0.00000e+00    7.12725215E+10
    3.51029370048044e-03    2.11076726040426e-03    -1.08616149345232e-03    1.1926949E+03    95.50    95.50    0.0285528505987151    0.00000e+00    0.00000e+00    7.13227488E+10
    3.52102020317498e-03    2.11745812553589e-03    -1.08952435506997e-03    1.1850768E+03    95.24    95.24    0.0284696810258011    0.00000e+00    0.00000e+00    7.13729761E+10
    3.53174806334784e-03    2.12414826344699e-03    -1.09288648946710e-03    1.1775311E+03    94.98    94.98    0.0283732959636677    0.00000e+00    0.00000e+00    7.14232034E+10
    3.54247723251763e-03    2.13083772261894e-03    -1.09624799360644e-03    1.1700571E+03    94.72    94.72    0.0282512513845015    0.00000e+00    0.00000e+00    7.14734307E+10
    3.55320780764710e-03    2.13752640608900e-03    -1.09960886748799e-03    1.1626543E+03    94.46    94.46    0.0281648110396709    0.00000e+00    0.00000e+00    7.15236580E+10
    3.56393969177351e-03    2.14421441081991e-03    -1.10296920807450e-03    1.1553218E+03    94.20    94.20    0.0280411633811171    0.00000e+00    0.00000e+00    7.15738853E+10
    3.57467288489686e-03    2.15090159136756e-03    -1.10632896688459e-03    1.1480588E+03    93.95    93.95    0.0279135852427800    0.00000e+00    0.00000e+00    7.16241125E+10
    3.58540743549852e-03    2.15758809317605e-03    -1.10968819239963e-03    1.1408646E+03    93.70    93.70    0.0278072078046405    0.00000e+00    0.00000e+00    7.16743398E+10
    3.59614334357848e-03    2.16427377080129e-03    -1.11304698158236e-03    1.1337382E+03    93.44    93.44    0.0277532333098379    0.00000e+00    0.00000e+00    7.17245671E+10
    3.60688056065538e-03    2.17095872120600e-03    -1.11640533443277e-03    1.1266790E+03    93.19    93.19    0.0276621237696989    0.00000e+00    0.00000e+00    7.17747944E+10
    3.61761908672922e-03    2.17764289590883e-03    -1.11976329943224e-03    1.1196862E+03    92.94    92.94    0.0275539591954402    0.00000e+00    0.00000e+00    7.18250217E+10
    3.62835892180000e-03    2.18432629490976e-03    -1.12312092506213e-03    1.1127593E+03    92.70    92.70    0.0274592984544983    0.00000e+00    0.00000e+00    7.18752490E+10
    3.63910006586772e-03    2.19100891820881e-03    -1.12647825980381e-03    1.1058974E+03    92.45    92.45    0.0273691770171249    0.00000e+00    0.00000e+00    7.19254763E+10
    3.64984251893237e-03    2.19769076580596e-03    -1.12983530365729e-03    1.0990998E+03    92.21    92.21    0.0273060110142174    0.00000e+00    0.00000e+00    7.19757036E+10
    3.66058628099397e-03    2.20437183770123e-03    -1.13319210510392e-03    1.0923658E+03    91.96    91.96    0.0272019877273907    0.00000e+00    0.00000e+00    7.20259308E+10
    3.67133135205250e-03    2.21105213389461e-03    -1.13654871262509e-03    1.0856947E+03    91.72    91.72    0.0271021548181169    0.00000e+00    0.00000e+00    7.20761581E+10
    3.68207763514524e-03    2.21773160590472e-03    -1.13990512622077e-03    1.0790859E+03    91.48    91.48    0.0270182910133520    0.00000e+00    0.00000e+00    7.21263854E+10
    3.69282522723492e-03    2.22441030221295e-03    -1.14326144285373e-03    1.0725386E+03    91.24    91.24    0.0269220897765484    0.00000e+00    0.00000e+00    7.21766127E+10
    3.70357407984017e-03    2.23108822281929e-03    -1.14661771100531e-03    1.0660521E+03    91.01    91.01    0.0267900352966587    0.00000e+00    0.00000e+00    7.22268400E+10
    3.71432414447962e-03    2.23776531924237e-03    -1.14997388219416e-03    1.0596257E+03    90.77    90.77    0.0267186287629208    0.00000e+00    0.00000e+00    7.22770673E+10
    3.72507542115327e-03    2.24444159148220e-03    -1.15333000490164e-03    1.0532588E+03    90.53    90.53    0.0266369495600671    0.00000e+00    0.00000e+00    7.23272946E+10
    3.73582790986113e-03    2.25111708802013e-03    -1.15668617609049e-03    1.0469508E+03    90.30    90.30    0.0265569250968856    0.00000e+00    0.00000e+00    7.23775219E+10
    3.74658156212182e-03    2.25779176037481e-03    -1.16004239576071e-03    1.0407007E+03    90.07    90.07    0.0264610755781835    0.00000e+00    0.00000e+00    7.24277492E+10
    3.75733637793534e-03    2.26446565702759e-03    -1.16339871239366e-03    1.0345083E+03    89.84    89.84    0.0263775516856781    0.00000e+00    0.00000e+00    7.24779764E+10
    3.76809235730170e-03    2.27113868101575e-03    -1.16675517447072e-03    1.0283725E+03    89.61    89.61    0.0263102463541106    0.00000e+00    0.00000e+00    7.25282037E+10
    3.77884950022090e-03    2.27781097778339e-03    -1.17011173351051e-03    1.0222929E+03    89.38    89.38    0.0262054010746787    0.00000e+00    0.00000e+00    7.25784310E+10
    3.78960770973019e-03    2.28448240188640e-03    -1.17346853495715e-03    1.0162690E+03    89.16    89.16    0.0261173920149953    0.00000e+00    0.00000e+00    7.26286583E+10
    3.80036703431095e-03    2.29115300180616e-03    -1.17682553032925e-03    1.0102999E+03    88.93    88.93    0.0260515603931784    0.00000e+00    0.00000e+00    7.26788856E+10
    3.81112747396317e-03    2.29782282602402e-03    -1.18018276810820e-03    1.0043850E+03    88.71    88.71    0.0259557777615705    0.00000e+00    0.00000e+00    7.27291129E+10
    3.82188893172413e-03    2.30449182605863e-03    -1.18354029677536e-03    9.9852363E+02    88.48    88.48    0.0258668752361084    0.00000e+00    0.00000e+00    7.27793402E+10
    3.83265140759382e-03    2.31115995342861e-03    -1.18689811633072e-03    9.9271545E+02    88.26    88.26    0.0257746504841913    0.00000e+00    0.00000e+00    7.28295675E+10
    3.84341490157223e-03    2.31782730509670e-03    -1.19025632373703e-03    9.8695959E+02    88.04    88.04    0.0257287693088634    0.00000e+00    0.00000e+00    7.28797947E+10
    3.85417936517801e-03    2.32449383258153e-03    -1.19361487051292e-03    9.8125545E+02    87.82    87.82    0.0256410217916888    0.00000e+00    0.00000e+00    7.29300220E+10
    3.86494479841116e-03    2.33115953588311e-03    -1.19697385362112e-03    9.7560266E+02    87.61    87.61    0.0255443373399319    0.00000e+00    0.00000e+00    7.29802493E+10
    3.87571120127166e-03    2.33782441500142e-03    -1.20033327306163e-03    9.7000061E+02    87.39    87.39    0.0254705379348439    0.00000e+00    0.00000e+00    7.30304766E+10
    3.88647847679679e-03    2.34448851841785e-03    -1.20369312883445e-03    9.6444872E+02    87.18    87.18    0.0253692617968820    0.00000e+00    0.00000e+00    7.30807039E+10
    3.89724667346791e-03    2.35115174916965e-03    -1.20705351790233e-03    9.5894621E+02    86.96    86.96    0.0252774660433573    0.00000e+00    0.00000e+00    7.31309312E+10
    3.90801574280366e-03    2.35781420421956e-03    -1.21041439178388e-03    9.5349273E+02    86.75    86.75    0.0251920117712589    0.00000e+00    0.00000e+00    7.31811585E+10
    3.91878563632267e-03    2.36447578660485e-03    -1.21377584744186e-03    9.4808792E+02    86.54    86.54    0.0251341857247926    0.00000e+00    0.00000e+00    7.32313858E+10
    3.92955635402494e-03    2.37113659328825e-03    -1.21713788487625e-03    9.4273059E+02    86.33    86.33    0.0250758398597625    0.00000e+00    0.00000e+00    7.32816130E+10
    3.94032784742909e-03    2.37779657578838e-03    -1.22050050408706e-03    9.3742085E+02    86.12    86.12    0.0250057086494972    0.00000e+00    0.00000e+00    7.33318403E+10
    3.95110011653514e-03    2.38445573410526e-03    -1.22386375355565e-03    9.3215793E+02    85.91    85.91    0.0249436207371330    0.00000e+00    0.00000e+00    7.33820676E+10
    3.96187311286170e-03    2.39111411672025e-03    -1.22722768176340e-03    9.2694090E+02    85.71    85.71    0.0248458503124421    0.00000e+00    0.00000e+00    7.34322949E+10
    3.97264678792743e-03    2.39777162667062e-03    -1.23059228871030e-03    9.2176986E+02    85.50    85.50    0.0247655103878010    0.00000e+00    0.00000e+00    7.34825222E+10
    3.98342119021367e-03    2.40442836091909e-03    -1.23395757439635e-03    9.1664369E+02    85.30    85.30    0.0246718818644282    0.00000e+00    0.00000e+00    7.35327495E+10
    3.99419622275769e-03    2.41108431946568e-03    -1.23732363578429e-03    9.1156227E+02    85.09    85.09    0.0246036601772109    0.00000e+00    0.00000e+00    7.35829768E+10
    4.00497188555951e-03    2.41773940534764e-03    -1.24069042439276e-03    9.0652452E+02    84.89    84.89    0.0245031288452927    0.00000e+00    0.00000e+00    7.36332041E+10
    4.01574813013774e-03    2.42439376400907e-03    -1.24405803718448e-03    9.0153035E+02    84.69    84.69    0.0244344145006743    0.00000e+00    0.00000e+00    7.36834314E+10
    4.02652500497375e-03    2.43104729848725e-03    -1.24742642567809e-03    8.9657908E+02    84.49    84.49    0.0243465002667329    0.00000e+00    0.00000e+00    7.37336586E+10
    4.03730241310482e-03    2.43770000878217e-03    -1.25079563835496e-03    8.9167023E+02    84.29    84.29    0.0242838197095242    0.00000e+00    0.00000e+00    7.37838859E+10
    4.04808030604956e-03    2.44435194337520e-03    -1.25416572369646e-03    8.8680315E+02    84.09    84.09    0.0242096775171575    0.00000e+00    0.00000e+00    7.38341132E+10
    4.05885873228936e-03    2.45100310226635e-03    -1.25753663322122e-03    8.8197719E+02    83.90    83.90    0.0241566230747113    0.00000e+00    0.00000e+00    7.38843405E+10
    4.06963759486147e-03    2.45765343697423e-03    -1.26090846389196e-03    8.7719209E+02    83.70    83.70    0.0240890299506158    0.00000e+00    0.00000e+00    7.39345678E+10
    4.08041689376589e-03    2.46430304446159e-03    -1.26428121570871e-03    8.7244723E+02    83.51    83.51    0.0240231650190969    0.00000e+00    0.00000e+00    7.39847951E+10
    4.09119658052126e-03    2.47095182776570e-03    -1.26765488867144e-03    8.6774216E+02    83.31    83.31    0.0239390094484321    0.00000e+00    0.00000e+00    7.40350224E+10
    4.10197670360894e-03    2.47759988384928e-03    -1.27102948278018e-03    8.6307627E+02    83.12    83.12    0.0238605901891809    0.00000e+00    0.00000e+00    7.40852497E+10
    4.11275711758482e-03    2.48424716423097e-03    -1.27440509499764e-03    8.5844934E+02    82.93    82.93    0.0237709642715201    0.00000e+00    0.00000e+00    7.41354769E+10
    4.12353791941166e-03    2.49089366891077e-03    -1.27778167684246e-03    8.5386056E+02    82.74    82.74    0.0237216494269195    0.00000e+00    0.00000e+00    7.41857042E+10
    4.13431896364533e-03    2.49753939788869e-03    -1.28115922831465e-03    8.4930973E+02    82.55    82.55    0.0236403244112926    0.00000e+00    0.00000e+00    7.42359315E+10
    4.14510029876721e-03    2.50418439964608e-03    -1.28453784637693e-03    8.4479626E+02    82.36    82.36    0.0235654977424590    0.00000e+00    0.00000e+00    7.42861588E+10
    4.15588192477730e-03    2.51082867418295e-03    -1.28791748254794e-03    8.4031994E+02    82.17    82.17    0.0234863658167438    0.00000e+00    0.00000e+00    7.43363861E+10
    4.16666374471286e-03    2.51747217301793e-03    -1.29129818530906e-03    8.3588001E+02    81.99    81.99    0.0233821420041108    0.00000e+00    0.00000e+00    7.43866134E+10
    4.17744571009253e-03    2.52411494463239e-03    -1.29468000314164e-03    8.3147609E+02    81.80    81.80    0.0233444863153769    0.00000e+00    0.00000e+00    7.44368407E+10
    4.18822786939767e-03    2.53075703750769e-03    -1.29806283908295e-03    8.2710818E+02    81.62    81.62    0.0232776629304965    0.00000e+00    0.00000e+00    7.44870680E+10
    4.19901017414692e-03    2.53739835468111e-03    -1.30144683857709e-03    8.2277535E+02    81.43    81.43    0.0232206815455144    0.00000e+00    0.00000e+00    7.45372952E+10
    4.20979257585890e-03    2.54403894463400e-03    -1.30483190466133e-03    8.1847743E+02    81.25    81.25    0.0231522805985698    0.00000e+00    0.00000e+00    7.45875225E+10
    4.22057507453361e-03    2.55067885584774e-03    -1.30821813429841e-03    8.1421405E+02    81.07    81.07    0.0230733648934056    0.00000e+00    0.00000e+00    7.46377498E+10
    4.23135762168970e-03    2.55731808832233e-03    -1.31160552748832e-03    8.0998486E+02    80.89    80.89    0.0229941172164659    0.00000e+00    0.00000e+00    7.46879771E+10
    4.24214021732715e-03    2.56395659357639e-03    -1.31499403574970e-03    8.0578917E+02    80.71    80.71    0.0229619479711839    0.00000e+00    0.00000e+00    7.47382044E+10
    4.25292281296460e-03    2.57059442009130e-03    -1.31838375604529e-03    8.0162679E+02    80.53    80.53    0.0228845723680215    0.00000e+00    0.00000e+00    7.47884317E+10
    4.26370540860206e-03    2.57723156786706e-03    -1.32177463989370e-03    7.9749741E+02    80.35    80.35    0.0228116644920541    0.00000e+00    0.00000e+00    7.48386590E+10
    4.27448795575814e-03    2.58386808538503e-03    -1.32516673577632e-03    7.9340050E+02    80.17    80.17    0.0226715647231075    0.00000e+00    0.00000e+00    7.48888863E+10
    4.28527040595149e-03    2.59050387568249e-03    -1.32856004369314e-03    7.8933576E+02    80.00    80.00    0.0226036663691701    0.00000e+00    0.00000e+00    7.49391135E+10
    4.29605280766347e-03    2.59713903572215e-03    -1.33195456364417e-03    7.8530251E+02    79.82    79.82    0.0225559440272157    0.00000e+00    0.00000e+00    7.49893408E+10
    4.30683506393135e-03    2.60377351702266e-03    -1.33535034411076e-03    7.8130078E+02    79.65    79.65    0.0225392202305922    0.00000e+00    0.00000e+00    7.50395681E+10
    4.31761717475512e-03    2.61040736806539e-03    -1.33874733661156e-03    7.7733009E+02    79.47    79.47    0.0224756652134088    0.00000e+00    0.00000e+00    7.50897954E+10
    4.32839914013479e-03    2.61704058885033e-03    -1.34214558962793e-03    7.7338980E+02    79.30    79.30    0.0223964497494535    0.00000e+00    0.00000e+00    7.51400227E+10
    4.33918086310761e-03    2.62367317937748e-03    -1.34554505467850e-03    7.6947978E+02    79.13    79.13    0.0223242867024176    0.00000e+00    0.00000e+00    7.51902500E+10
    4.34996244063633e-03    2.63030513964685e-03    -1.34894582872601e-03    7.6559974E+02    78.96    78.96    0.0222467928648850    0.00000e+00    0.00000e+00    7.52404773E+10
    4.36074372727685e-03    2.63693651813981e-03    -1.35234786328910e-03    7.6174905E+02    78.79    78.79    0.0222255394712194    0.00000e+00    0.00000e+00    7.52907046E+10
    4.37152477151052e-03    2.64356731485634e-03    -1.35575120684912e-03    7.5792759E+02    78.62    78.62    0.0221588941363813    0.00000e+00    0.00000e+00    7.53409319E+10
    4.38230557333735e-03    2.65019748131509e-03    -1.35915581092471e-03    7.5413477E+02    78.45    78.45    0.0221034901095444    0.00000e+00    0.00000e+00    7.53911591E+10
    4.39308603579461e-03    2.65682706599742e-03    -1.36256172399724e-03    7.5037062E+02    78.28    78.28    0.0219326609802886    0.00000e+00    0.00000e+00    7.54413864E+10
    4.40386620736366e-03    2.66345606890334e-03    -1.36596894606671e-03    7.4663441E+02    78.11    78.11    0.0218763118851499    0.00000e+00    0.00000e+00    7.54916137E+10
    4.41464599108176e-03    2.67008449003284e-03    -1.36937747713312e-03    7.4292601E+02    77.95    77.95    0.0218290630810857    0.00000e+00    0.00000e+00    7.55418410E+10
    4.42542543543029e-03    2.67671237786728e-03    -1.37278731719646e-03    7.3924501E+02    77.78    77.78    0.0218150504450420    0.00000e+00    0.00000e+00    7.55920683E+10
    4.43620444344650e-03    2.68333973240668e-03    -1.37619846625675e-03    7.3559131E+02    77.61    77.61    0.0217629586923465    0.00000e+00    0.00000e+00    7.56422956E+10
    4.44698311209313e-03    2.68996650516967e-03    -1.37961092431398e-03    7.3196419E+02    77.45    77.45    0.0216903078195108    0.00000e+00    0.00000e+00    7.56925229E+10
    4.45776129592609e-03    2.69659279311897e-03    -1.38302473984951e-03    7.2836355E+02    77.29    77.29    0.0216269963248090    0.00000e+00    0.00000e+00    7.57427502E+10
    4.46853909190810e-03    2.70321849929185e-03    -1.38643986438198e-03    7.2478916E+02    77.12    77.12    0.0215415939879316    0.00000e+00    0.00000e+00    7.57929774E+10
    4.47931635459506e-03    2.70984376913242e-03    -1.38985634639276e-03    7.2124061E+02    76.96    76.96    0.0215244788631434    0.00000e+00    0.00000e+00    7.58432047E+10
    4.49009318094971e-03    2.71646845719657e-03    -1.39327413740048e-03    7.1771752E+02    76.80    76.80    0.0214654178356575    0.00000e+00    0.00000e+00    7.58934320E+10
    4.50086952249067e-03    2.72309270892841e-03    -1.39669328588650e-03    7.1421966E+02    76.64    76.64    0.0214112078040163    0.00000e+00    0.00000e+00    7.59436593E+10
    4.51164528225522e-03    2.72971647584657e-03    -1.40011379185084e-03    7.1074694E+02    76.48    76.48    0.0212391919118534    0.00000e+00    0.00000e+00    7.59938866E+10
    4.52242055720609e-03    2.73633970946968e-03    -1.40353560681211e-03    7.0729870E+02    76.32    76.32    0.0211818766236604    0.00000e+00    0.00000e+00    7.60441139E+10
    4.53319525038054e-03    2.74296250676048e-03    -1.40695882773305e-03    7.0387487E+02    76.16    76.16    0.0211734231196280    0.00000e+00    0.00000e+00    7.60943412E+10
    4.54396936177858e-03    2.74958486771896e-03    -1.41038335765094e-03    7.0047521E+02    76.00    76.00    0.0211231795973790    0.00000e+00    0.00000e+00    7.61445685E+10
    4.55474289140019e-03    2.75620674386377e-03    -1.41380924504713e-03    6.9709938E+02    75.84    75.84    0.0210824606404657    0.00000e+00    0.00000e+00    7.61947957E+10
    4.56551583924539e-03    2.76282818367626e-03    -1.41723644144026e-03    6.9374702E+02    75.69    75.69    0.0210307025011238    0.00000e+00    0.00000e+00    7.62450230E+10
    4.57628815683280e-03    2.76944923563780e-03    -1.42066504379307e-03    6.9041792E+02    75.53    75.53    0.0209659632946451    0.00000e+00    0.00000e+00    7.62952503E+10
    4.58705984416243e-03    2.77606985126703e-03    -1.42409495514281e-03    6.8711188E+02    75.38    75.38    0.0208760540395915    0.00000e+00    0.00000e+00    7.63454776E+10
    4.59783085275291e-03    2.78269003056395e-03    -1.42752622397087e-03    6.8382868E+02    75.22    75.22    0.0208587603671611    0.00000e+00    0.00000e+00    7.63957049E+10
    4.60860123108559e-03    2.78930987049129e-03    -1.43095885027723e-03    6.8056787E+02    75.07    75.07    0.0208077478576488    0.00000e+00    0.00000e+00    7.64459322E+10
    4.61937093067913e-03    2.79592927408632e-03    -1.43439283406189e-03    6.7732938E+02    74.91    74.91    0.0206522491129028    0.00000e+00    0.00000e+00    7.64961595E+10
    4.63013995153351e-03    2.80254828983041e-03    -1.43782812684350e-03    6.7411301E+02    74.76    74.76    0.0205874098617000    0.00000e+00    0.00000e+00    7.65463868E+10
    4.64090824516737e-03    2.80916691772355e-03    -1.44126482558478e-03    6.7091831E+02    74.61    74.61    0.0205299553619246    0.00000e+00    0.00000e+00    7.65966140E+10
    4.65167581158071e-03    2.81578520624711e-03    -1.44470278484163e-03    6.6774509E+02    74.46    74.46    0.0205187685059138    0.00000e+00    0.00000e+00    7.66468413E+10
    4.66244265077353e-03    2.82240315540109e-03    -1.44814215005816e-03    6.6459330E+02    74.31    74.31    0.0204681527935748    0.00000e+00    0.00000e+00    7.66970686E+10
    4.67320876274582e-03    2.82902076518550e-03    -1.45158282427163e-03    6.6146262E+02    74.16    74.16    0.0204312215566370    0.00000e+00    0.00000e+00    7.67472959E+10
    4.68397414749760e-03    2.83563803560033e-03    -1.45502480748203e-03    6.5835274E+02    74.01    74.01    0.0203869576835375    0.00000e+00    0.00000e+00    7.67975232E+10
    4.69473875654748e-03    2.84225496664559e-03    -1.45846814817074e-03    6.5526349E+02    73.86    73.86    0.0203275427241034    0.00000e+00    0.00000e+00    7.68477505E+10
    4.70550258989547e-03    2.84887160680264e-03    -1.46191279785640e-03    6.5219483E+02    73.71    73.71    0.0202486968862662    0.00000e+00    0.00000e+00    7.68979778E+10
    4.71626559906021e-03    2.85548790759011e-03    -1.46535880502035e-03    6.4914631E+02    73.56    73.56    0.0202294402422117    0.00000e+00    0.00000e+00    7.69482051E+10
    4.72702788100442e-03    2.86210396597074e-03    -1.46880612118125e-03    6.4611778E+02    73.41    73.41    0.0201793763526143    0.00000e+00    0.00000e+00    7.69984324E+10
    4.73778933876538e-03    2.86871968498179e-03    -1.47225474633909e-03    6.4310919E+02    73.27    73.27    0.0200339004396318    0.00000e+00    0.00000e+00    7.70486596E+10
    4.74854997234308e-03    2.87533516158600e-03    -1.47570468049386e-03    6.4012013E+02    73.12    73.12    0.0199702382289616    0.00000e+00    0.00000e+00    7.70988869E+10
    4.75930978173752e-03    2.88195034730200e-03    -1.47915587516421e-03    6.3715057E+02    72.97    72.97    0.0199492990170082    0.00000e+00    0.00000e+00    7.71491142E+10
    4.77006876694870e-03    2.88856529061117e-03    -1.48260842731286e-03    6.3420020E+02    72.83    72.83    0.0198981000491473    0.00000e+00    0.00000e+00    7.71993415E+10
    4.78082692797663e-03    2.89517999151349e-03    -1.48606223997709e-03    6.3126901E+02    72.68    72.68    0.0198585253475406    0.00000e+00    0.00000e+00    7.72495688E+10
    4.79158421633993e-03    2.90179445000897e-03    -1.48951736163825e-03    6.2835671E+02    72.54    72.54    0.0198144611561220    0.00000e+00    0.00000e+00    7.72997961E+10
    4.80234068051997e-03    2.90840866609761e-03    -1.49297374381499e-03    6.2546302E+02    72.40    72.40    0.0197707569162327    0.00000e+00    0.00000e+00    7.73500234E+10
    4.81309627203538e-03    2.91502263977941e-03    -1.49643143498866e-03    6.2258804E+02    72.25    72.25    0.0197232954158033    0.00000e+00    0.00000e+00    7.74002507E+10
    4.82385103936754e-03    2.92163646801711e-03    -1.49989033819653e-03    6.1973138E+02    72.11    72.11    0.0197299494457819    0.00000e+00    0.00000e+00    7.74504779E+10
    4.83460488555370e-03    2.92825005384797e-03    -1.50335055040135e-03    6.1689300E+02    71.97    71.97    0.0196306449340116    0.00000e+00    0.00000e+00    7.75007052E+10
    4.84535790755661e-03    2.93486344575335e-03    -1.50681202312174e-03    6.1407263E+02    71.83    71.83    0.0195137925354421    0.00000e+00    0.00000e+00    7.75509325E+10
    4.85611005689489e-03    2.94147669221463e-03    -1.51027470787632e-03    6.1127038E+02    71.69    71.69    0.0194506484868805    0.00000e+00    0.00000e+00    7.76011598E+10
    4.86686128508717e-03    2.94808974475043e-03    -1.51373865314648e-03    6.0848585E+02    71.55    71.55    0.0193906598615615    0.00000e+00    0.00000e+00    7.76513871E+10
    4.87761154365210e-03    2.95470260336077e-03    -1.51720385893221e-03    6.0571890E+02    71.41    71.41    0.0193688465288407    0.00000e+00    0.00000e+00    7.77016144E+10
    4.88836083258966e-03    2.96131531652700e-03    -1.52067027675215e-03    6.0296952E+02    71.27    71.27    0.0193177559633418    0.00000e+00    0.00000e+00    7.77518417E+10
    4.89910963671354e-03    2.96792788424912e-03    -1.52413785812491e-03    6.0023756E+02    71.13    71.13    0.0192756120192933    0.00000e+00    0.00000e+00    7.78020690E+10
    4.90985698639637e-03    2.97454035500851e-03    -1.52760670001325e-03    5.9752287E+02    70.99    70.99    0.0192300305802539    0.00000e+00    0.00000e+00    7.78522962E+10
    4.92060385126553e-03    2.98115268032380e-03    -1.53107675393580e-03    5.9482521E+02    70.85    70.85    0.0191879840182942    0.00000e+00    0.00000e+00    7.79025235E+10
    4.93134974650732e-03    2.98776486019498e-03    -1.53454797141117e-03    5.9214445E+02    70.72    70.72    0.0191483639070566    0.00000e+00    0.00000e+00    7.79527508E+10
    4.94209467212175e-03    2.99437694310342e-03    -1.53802035243938e-03    5.8948066E+02    70.58    70.58    0.0191805717695699    0.00000e+00    0.00000e+00    7.80029781E+10
    4.95283862810882e-03    3.00098892904913e-03    -1.54149394550180e-03    5.8683350E+02    70.44    70.44    0.0190886672531264    0.00000e+00    0.00000e+00    7.80532054E+10
    4.96358161446852e-03    3.00760081803210e-03    -1.54496870211704e-03    5.8420306E+02    70.31    70.31    0.0190108410875227    0.00000e+00    0.00000e+00    7.81034327E+10
    4.97432411601455e-03    3.01421261005234e-03    -1.54844457380376e-03    5.8158897E+02    70.17    70.17    0.0189516523195545    0.00000e+00    0.00000e+00    7.81536600E+10
    4.98506516311953e-03    3.02082435359121e-03    -1.55192160904331e-03    5.7899122E+02    70.04    70.04    0.0189239641879910    0.00000e+00    0.00000e+00    7.82038873E+10
    4.99580572541083e-03    3.02743600016734e-03    -1.55539980783569e-03    5.7640979E+02    69.90    69.90    0.0188683918857189    0.00000e+00    0.00000e+00    7.82541145E+10
    5.00654483326109e-03    3.03404754978073e-03    -1.55887912169954e-03    5.7384444E+02    69.77    69.77    0.0188175637356839    0.00000e+00    0.00000e+00    7.83043418E+10
    5.01728345629767e-03    3.04065909939413e-03    -1.56235955063486e-03    5.7129505E+02    69.64    69.64    0.0187707480400493    0.00000e+00    0.00000e+00    7.83545691E+10
    5.02802110970688e-03    3.04727060052615e-03    -1.56584104616028e-03    5.6876159E+02    69.51    69.51    0.0187347208218773    0.00000e+00    0.00000e+00    7.84047964E+10
    5.03875779348873e-03    3.05388205317681e-03    -1.56932365675716e-03    5.6624394E+02    69.37    69.37    0.0186980020867467    0.00000e+00    0.00000e+00    7.84550237E+10
    5.04949350764322e-03    3.06049350582747e-03    -1.57280738242551e-03    5.6374197E+02    69.24    69.24    0.0186581767204752    0.00000e+00    0.00000e+00    7.85052510E+10
    5.06022825217035e-03    3.06710490999676e-03    -1.57629217468395e-03    5.6125567E+02    69.11    69.11    0.0186102465974724    0.00000e+00    0.00000e+00    7.85554783E+10
    5.07096202707011e-03    3.07371631416605e-03    -1.57977798505113e-03    5.5878469E+02    68.98    68.98    0.0185249074509965    0.00000e+00    0.00000e+00    7.86057056E+10
    5.08169531715620e-03    3.08032771833534e-03    -1.58326486200841e-03    5.5632914E+02    68.85    68.85    0.0184691840090043    0.00000e+00    0.00000e+00    7.86559329E+10
    5.09242715280124e-03    3.08693912250463e-03    -1.58675280555578e-03    5.5388888E+02    68.72    68.72    0.0184145993247726    0.00000e+00    0.00000e+00    7.87061601E+10
    5.10315850363260e-03    3.09355052667392e-03    -1.59024176721189e-03    5.5146380E+02    68.59    68.59    0.0183771621258932    0.00000e+00    0.00000e+00    7.87563874E+10
    5.11388888483660e-03    3.10016197932458e-03    -1.59373174697672e-03    5.4905377E+02    68.46    68.46    0.0183204183530865    0.00000e+00    0.00000e+00    7.88066147E+10
    5.12461829641323e-03    3.10677343197524e-03    -1.59722274485029e-03    5.4665878E+02    68.33    68.33    0.0182702251327026    0.00000e+00    0.00000e+00    7.88568420E+10
    5.13534673836250e-03    3.11338493310727e-03    -1.60071471235122e-03    5.4427871E+02    68.21    68.21    0.0182242050458074    0.00000e+00    0.00000e+00    7.89070693E+10
    5.14607421068441e-03    3.11999643423930e-03    -1.60420764947950e-03    5.4191334E+02    68.08    68.08    0.0181902629521683    0.00000e+00    0.00000e+00    7.89572966E+10
    5.15680071337896e-03    3.12660803233406e-03    -1.60770160471653e-03    5.3956275E+02    67.95    67.95    0.0181532434768653    0.00000e+00    0.00000e+00    7.90075239E+10
    5.16752673125983e-03    3.13321967891019e-03    -1.61119648109954e-03    5.3722673E+02    67.83    67.83    0.0181186919993207    0.00000e+00    0.00000e+00    7.90577512E+10
    5.17825129469965e-03    3.13983132548632e-03    -1.61469232710992e-03    5.3490516E+02    67.70    67.70    0.0180801550525363    0.00000e+00    0.00000e+00    7.91079784E+10
    5.18897537332580e-03    3.14644311750656e-03    -1.61818909426629e-03    5.3259812E+02    67.58    67.58    0.0180069122719169    0.00000e+00    0.00000e+00    7.91582057E+10
    5.19969848232458e-03    3.15305490952679e-03    -1.62168678256865e-03    5.3030540E+02    67.45    67.45    0.0179560325621786    0.00000e+00    0.00000e+00    7.92084330E+10
    5.21042062169600e-03    3.15966679850977e-03    -1.62518539201701e-03    5.2802699E+02    67.33    67.33    0.0179306942776360    0.00000e+00    0.00000e+00    7.92586603E+10
    5.22114227625373e-03    3.16627878445547e-03    -1.62868487413000e-03    5.2576267E+02    67.20    67.20    0.0178737780494683    0.00000e+00    0.00000e+00    7.93088876E+10
    5.23186247637043e-03    3.17289086736392e-03    -1.63218522890761e-03    5.2351243E+02    67.08    67.08    0.0178186138690508    0.00000e+00    0.00000e+00    7.93591149E+10
    5.24258219167344e-03    3.17950304723510e-03    -1.63568650483121e-03    5.2127625E+02    66.96    66.96    0.0177712889247723    0.00000e+00    0.00000e+00    7.94093422E+10
    5.25330093734909e-03    3.18611527558765e-03    -1.63918860493807e-03    5.1905401E+02    66.83    66.83    0.0177186325318439    0.00000e+00    0.00000e+00    7.94595695E+10
    5.26401871339738e-03    3.19272764938430e-03    -1.64269157770956e-03    5.1684562E+02    66.71    66.71    0.0176809045250389    0.00000e+00    0.00000e+00    7.95097967E+10
    5.27473551981831e-03    3.19934016862506e-03    -1.64619532618294e-03    5.1465104E+02    66.59    66.59    0.0176444581375358    0.00000e+00    0.00000e+00    7.95600240E+10
    5.28545184142555e-03    3.20595273634718e-03    -1.64969994732095e-03    5.1247009E+02    66.47    66.47    0.0176102031190158    0.00000e+00    0.00000e+00    7.96102513E+10
    5.29616670859175e-03    3.21256549799478e-03    -1.65320539264221e-03    5.1030273E+02    66.35    66.35    0.0175766511098112    0.00000e+00    0.00000e+00    7.96604786E+10
    5.30688109094427e-03    3.21917830812375e-03    -1.65671156518399e-03    5.0814887E+02    66.23    66.23    0.0175128892935447    0.00000e+00    0.00000e+00    7.97107059E+10
    5.31759498848311e-03    3.22579131217818e-03    -1.66021856190903e-03    5.0600858E+02    66.11    66.11    0.0174962917837889    0.00000e+00    0.00000e+00    7.97609332E+10
    5.32830743158091e-03    3.23240446167673e-03    -1.66372633433597e-03    5.0388157E+02    65.99    65.99    0.0174437776533457    0.00000e+00    0.00000e+00    7.98111605E+10
    5.33901938986503e-03    3.23901770813801e-03    -1.66723483398342e-03    5.0176791E+02    65.87    65.87    0.0173933467704459    0.00000e+00    0.00000e+00    7.98613878E+10
    5.34973037852178e-03    3.24563114852476e-03    -1.67074406085140e-03    4.9966749E+02    65.76    65.76    0.0173402129049866    0.00000e+00    0.00000e+00    7.99116151E+10
    5.36044088236485e-03    3.25224473435561e-03    -1.67425406342126e-03    4.9758021E+02    65.64    65.64    0.0172938550323531    0.00000e+00    0.00000e+00    7.99618423E+10
    5.37115041658056e-03    3.25885846563057e-03    -1.67776474473028e-03    4.9550597E+02    65.52    65.52    0.0172413377820545    0.00000e+00    0.00000e+00    8.00120696E+10
    5.38185898116891e-03    3.26547234234964e-03    -1.68127615325982e-03    4.9344475E+02    65.41    65.41    0.0171960227702124    0.00000e+00    0.00000e+00    8.00622969E+10
    5.39256657612989e-03    3.27208641299418e-03    -1.68478819204714e-03    4.9139644E+02    65.29    65.29    0.0171602050220234    0.00000e+00    0.00000e+00    8.01125242E+10
    5.40327368627720e-03    3.27870067756418e-03    -1.68830095805499e-03    4.8936102E+02    65.17    65.17    0.0171282255427749    0.00000e+00    0.00000e+00    8.01627515E+10
    5.41397982679714e-03    3.28531508757830e-03    -1.69181440280199e-03    4.8733840E+02    65.06    65.06    0.0171019322686800    0.00000e+00    0.00000e+00    8.02129788E+10
    5.42468548250340e-03    3.29192973999925e-03    -1.69532842932541e-03    4.8532847E+02    64.94    64.94    0.0170655118453283    0.00000e+00    0.00000e+00    8.02632061E+10
    5.43539016858230e-03    3.29854453786431e-03    -1.69884313458798e-03    4.8333113E+02    64.83    64.83    0.0170264239666519    0.00000e+00    0.00000e+00    8.03134334E+10
    5.44609388503383e-03    3.30515952965484e-03    -1.70235847010834e-03    4.8134644E+02    64.72    64.72    0.0169849999465279    0.00000e+00    0.00000e+00    8.03636606E+10
