    3.08098633772113e-05    2.93506110429114e-05    1.00522708537884e-06    5.9643016E+06    501.88    501.88    1.5099955029308556    0.00000e+00    0.00000e+00    5.70581991E+10
    3.72803433601182e-05    2.64656322099876e-05    1.27637130536274e-06    3.7453493E+06    424.59    424.59    1.1197243260883398    0.00000e+00    0.00000e+00    5.71084263E+10
    3.98535569376403e-05    1.50800267704117e-05    8.90990534661737e-07    6.6106081E+06    8719.70    8719.70    0.8162962275700989    0.00000e+00    0.00000e+00    5.71586536E+10
    4.55361395426236e-05    2.02295252201258e-05    1.96814278395937e-07    6.7254857E+06    9780.52    9780.52    0.6948230096236736    0.00000e+00    0.00000e+00    5.72088809E+10
    5.78640448516554e-05    3.22327483828502e-05    1.23774760534842e-06    2.7287603E+06    5569.00    5569.00    0.5986468277416744    0.00000e+00    0.00000e+00    5.72591082E+10
    7.24610478730683e-05    4.71452303324620e-05    3.45368205541864e-06    1.3861690E+06    3678.40    3678.40    0.5126333426309955    0.00000e+00    0.00000e+00    5.73093355E+10
    8.67570640168379e-05    6.29938826521595e-05    4.67945277510757e-06    9.7904449E+05    3217.34    3217.34    0.4836493025822728    0.00000e+00    0.00000e+00    5.73595628E+10
    9.94811057365675e-05    7.91798673615456e-05    4.49113713024924e-06    1.0053767E+06    3696.32    3696.32    0.4520841951439589    0.00000e+00    0.00000e+00    5.74097901E+10
    1.10077741390357e-04    9.51749275951740e-05    4.34850780566753e-06    1.1920174E+06    4062.92    4062.92    0.4252305067496236    0.00000e+00    0.00000e+00    5.74600174E+10
    1.20060418694663e-04    1.11277180133696e-04    5.13855862899985e-06    1.2137645E+06    3760.04    3760.04    0.3978420533828216    0.00000e+00    0.00000e+00    5.75102446E+10
    1.30025739669186e-04    1.26926951215501e-04    6.77430011170250e-06    1.1524804E+06    3257.17    3257.17    0.3852633454247734    0.00000e+00    0.00000e+00    5.75604719E+10
    1.39726497817927e-04    1.41470678061497e-04    8.79515334199451e-06    1.1125599E+06    2751.53    2751.53    0.3746203116101462    0.00000e+00    0.00000e+00    5.76106992E+10
    1.49239419754059e-04    1.54989799673836e-04    1.11120507744508e-05    1.0321988E+06    2295.76    2295.76    0.3606152477214870    0.00000e+00    0.00000e+00    5.76609265E+10
    1.58712829375180e-04    1.67684951346308e-04    1.39504089541718e-05    9.1169519E+05    1939.08    1939.08    0.3467691030125876    0.00000e+00    0.00000e+00    5.77111538E+10
    1.68019608534104e-04    1.79952240400791e-04    1.74835681647012e-05    7.9890745E+05    1686.96    1686.96    0.3385463001751468    0.00000e+00    0.00000e+00    5.77613811E+10
    1.76977830896995e-04    1.92088581280006e-04    2.16142069076933e-05    7.0989921E+05    1515.78    1515.78    0.3283327080812661    0.00000e+00    0.00000e+00    5.78116084E+10
    1.85564288432937e-04    2.04074726880813e-04    2.60548859390096e-05    6.4498825E+05    1395.48    1395.48    0.3236795660654448    0.00000e+00    0.00000e+00    5.78618357E+10
    1.93823467645309e-04    2.15821786614781e-04    3.05856389889529e-05    5.9121244E+05    1299.34    1299.34    0.3159646996758257    0.00000e+00    0.00000e+00    5.79120629E+10
    2.01826577967593e-04    2.27325552299158e-04    3.51660854412099e-05    5.3724331E+05    1213.55    1213.55    0.3119113288603576    0.00000e+00    0.00000e+00    5.79622902E+10
    2.09648450391467e-04    2.38628309383210e-04    3.98263714952858e-05    4.8050948E+05    1133.97    1133.97    0.3138701765903550    0.00000e+00    0.00000e+00    5.80125175E+10
    2.17357147909624e-04    2.49789205136033e-04    4.45980313722545e-05    4.2391029E+05    1060.37    1060.37    0.3050140167275978    0.00000e+00    0.00000e+00    5.80627448E+10
    2.25001961529020e-04    2.60853186634002e-04    4.94792116294132e-05    3.7175569E+05    993.65    993.65    0.3010003874037366    0.00000e+00    0.00000e+00    5.81129721E+10
    2.32603975796649e-04    2.71836005473616e-04    5.44251983857669e-05    3.2681673E+05    935.82    935.82    0.2993838491569247    0.00000e+00    0.00000e+00    5.81631994E+10
    2.40158866174473e-04    2.82726675776862e-04    5.93667975783066e-05    2.8972447E+05    886.91    886.91    0.2989167935765774    0.00000e+00    0.00000e+00    5.82134267E+10
    2.47647918854403e-04    2.93499861180764e-04    6.42351026385361e-05    2.5950291E+05    845.53    845.53    0.3016313255621788    0.00000e+00    0.00000e+00    5.82636540E+10
    2.55053079374953e-04    3.04131495534193e-04    6.89811037514321e-05    2.3457939E+05    809.71    809.71    0.2969917783372509    0.00000e+00    0.00000e+00    5.83138813E+10
    2.62363933938254e-04    3.14605095171991e-04    7.35806571956754e-05    2.1349526E+05    777.66    777.66    0.2938072873322260    0.00000e+00    0.00000e+00    5.83641085E+10
    2.69579251117556e-04    3.24913004886133e-04    7.80311740662088e-05    1.9513079E+05    748.16    748.16    0.2877342725166195    0.00000e+00    0.00000e+00    5.84143358E+10
    2.76701076826592e-04    3.35051806740166e-04    8.23426512211367e-05    1.7876161E+05    720.66    720.66    0.2843623960879960    0.00000e+00    0.00000e+00    5.84645631E+10
    2.83730288578127e-04    3.45020802602392e-04    8.65300160737007e-05    1.6398297E+05    694.87    694.87    0.2767396583951239    0.00000e+00    0.00000e+00    5.85147904E+10
    2.90668132343319e-04    3.54824360644075e-04    9.06107703977886e-05    1.5060010E+05    670.47    670.47    0.2720612832528781    0.00000e+00    0.00000e+00    5.85650177E+10
    2.97516004385571e-04    3.64471818376715e-04    9.46016693542197e-05    1.3852346E+05    647.47    647.47    0.2682608290197722    0.00000e+00    0.00000e+00    5.86152450E+10
    3.04275044017033e-04    3.73976459695174e-04    9.85159919897195e-05    1.2769262E+05    626.00    626.00    0.2624275843540826    0.00000e+00    0.00000e+00    5.86654723E+10
    3.10946065724690e-04    3.83353905296256e-04    1.02362804320125e-04    1.1802728E+05    606.06    606.06    0.2562314662657587    0.00000e+00    0.00000e+00    5.87156996E+10
    3.17529714310737e-04    3.92620987910971e-04    1.06147322940644e-04    1.0942525E+05    587.62    587.62    0.2518857252195545    0.00000e+00    0.00000e+00    5.87659268E+10
    3.24026828502843e-04    4.01795088109786e-04    1.09871937982726e-04    1.0177113E+05    570.57    570.57    0.2448904976284881    0.00000e+00    0.00000e+00    5.88161541E+10
    3.30439182719080e-04    4.10892626532080e-04    1.13537672403237e-04    9.4940530E+04    554.77    554.77    0.2422178012545583    0.00000e+00    0.00000e+00    5.88663814E+10
    3.36769588878800e-04    4.19927168264651e-04    1.17145175852510e-04    8.8809199E+04    540.08    540.08    0.2406813056687493    0.00000e+00    0.00000e+00    5.89166087E+10
    3.43021954580272e-04    4.28908656836098e-04    1.20695097980877e-04    8.3275958E+04    526.34    526.34    0.2364577473481741    0.00000e+00    0.00000e+00    5.89668360E+10
    3.49200851616508e-04    4.37843612990432e-04    1.24187564839897e-04    7.8268908E+04    513.48    513.48    0.2326711725771130    0.00000e+00    0.00000e+00    5.90170633E+10
    3.55311389923707e-04    4.46735735856039e-04    1.27622702481125e-04    7.3744822E+04    501.60    501.60    0.2270500031728899    0.00000e+00    0.00000e+00    5.90672906E+10
    3.61359164251751e-04    4.55587294360949e-04    1.31001218732536e-04    6.9684290E+04    490.85    490.85    0.2227076277281377    0.00000e+00    0.00000e+00    5.91175179E+10
    3.67350540204270e-04    4.64400552585051e-04    1.34325154659728e-04    6.6082394E+04    481.52    481.52    0.2195106188015291    0.00000e+00    0.00000e+00    5.91677451E+10
    3.73293090570966e-04    4.73179093301448e-04    1.37598718445452e-04    6.2943237E+04    473.81    473.81    0.2166430186955505    0.00000e+00    0.00000e+00    5.92179724E+10
    3.79197646089472e-04    4.81931328027509e-04    1.40830564013918e-04    6.0277920E+04    468.06    468.06    0.2134024531956464    0.00000e+00    0.00000e+00    5.92681997E+10
    3.85079332946641e-04    4.90671200004701e-04    1.44034290388878e-04    5.8089815E+04    464.54    464.54    0.2107895989373591    0.00000e+00    0.00000e+00    5.93184270E+10
    3.90955245672868e-04    4.99415687408138e-04    1.47226347298535e-04    5.6345973E+04    463.20    463.20    0.2083189936375931    0.00000e+00    0.00000e+00    5.93686543E+10
    3.96843050878692e-04    5.08183203461427e-04    1.50424115313355e-04    5.4984315E+04    463.73    463.73    0.2050573807739340    0.00000e+00    0.00000e+00    5.94188816E+10
    4.02760604251989e-04    5.16992219565819e-04    1.53644621089819e-04    5.3923985E+04    465.69    465.69    0.2042168573843643    0.00000e+00    0.00000e+00    5.94691089E+10
    4.08724122810392e-04    5.25859122423736e-04    1.56902510849233e-04    5.3073212E+04    468.24    468.24    0.1987687372132398    0.00000e+00    0.00000e+00    5.95193362E+10
    4.14746245646568e-04    5.34796323265413e-04    1.60208038400953e-04    5.2346237E+04    470.69    470.69    0.1963803554375242    0.00000e+00    0.00000e+00    5.95695635E+10
    4.20835578203356e-04    5.43812160886167e-04    1.63566090666885e-04    5.1669373E+04    472.52    472.52    0.1923307600926603    0.00000e+00    0.00000e+00    5.96197907E+10
    4.26996755299548e-04    5.52911386460071e-04    1.66976687039575e-04    5.0981953E+04    473.43    473.43    0.1910034339506443    0.00000e+00    0.00000e+00    5.96700180E+10
    4.33231430149795e-04    5.62095115058593e-04    1.70436908940664e-04    5.0237153E+04    473.26    473.26    0.1883324170198236    0.00000e+00    0.00000e+00    5.97202453E+10
    4.39538691304379e-04    5.71361746796584e-04    1.73941757941098e-04    4.9404879E+04    471.96    471.96    0.1857764980915504    0.00000e+00    0.00000e+00    5.97704726E+10
    4.45915004471563e-04    5.80707791015542e-04    1.77484553308354e-04    4.8471153E+04    469.60    469.60    0.1833373663626022    0.00000e+00    0.00000e+00    5.98206999E+10
    4.52354624609226e-04    5.90129417687384e-04    1.81058556132262e-04    4.7433615E+04    466.27    466.27    0.1791387848966796    0.00000e+00    0.00000e+00    5.98709272E+10
    4.58850904921800e-04    5.99622166526245e-04    1.84657812900819e-04    4.6298803E+04    462.12    462.12    0.1781672709718398    0.00000e+00    0.00000e+00    5.99211545E+10
    4.65397019232656e-04    6.09180413693423e-04    1.88277378514478e-04    4.5079851E+04    457.26    457.26    0.1759961217304344    0.00000e+00    0.00000e+00    5.99713818E+10
    4.71986849193137e-04    6.18798535350219e-04    1.91913064183034e-04    4.3793352E+04    451.84    451.84    0.1719274525750732    0.00000e+00    0.00000e+00    6.00216090E+10
    4.78614833990322e-04    6.28470713732459e-04    1.95561102904184e-04    4.2457547E+04    445.98    445.98    0.1694786530577346    0.00000e+00    0.00000e+00    6.00718363E+10
    4.85275320696688e-04    6.38190500818183e-04    1.99217979778741e-04    4.1091320E+04    439.80    439.80    0.1669956592115016    0.00000e+00    0.00000e+00    6.01220636E+10
    4.91962986058018e-04    6.47951012253121e-04    2.02880432010631e-04    3.9712272E+04    433.40    433.40    0.1648536881727561    0.00000e+00    0.00000e+00    6.01722909E+10
    4.98672516516365e-04    6.57745121276160e-04    2.06545545869630e-04    3.8335682E+04    426.88    426.88    0.1639287300343600    0.00000e+00    0.00000e+00    6.02225182E+10
    5.05399063934919e-04    6.67565555682083e-04    2.10210911831743e-04    3.6974506E+04    420.29    420.29    0.1613542900836891    0.00000e+00    0.00000e+00    6.02727455E+10
    5.12137780176869e-04    6.77405237191146e-04    2.13874590642246e-04    3.5639209E+04    413.68    413.68    0.1593579823079203    0.00000e+00    0.00000e+00    6.03229728E+10
    5.18884011030877e-04    6.87257281449077e-04    2.17534895149529e-04    3.4337473E+04    407.09    407.09    0.1550907858649326    0.00000e+00    0.00000e+00    6.03732001E+10
    5.25633393173811e-04    6.97115385878022e-04    2.21190089720613e-04    3.3074714E+04    400.56    400.56    0.1525587042693949    0.00000e+00    0.00000e+00    6.04234273E+10
    5.32381999614856e-04    7.06973684232439e-04    2.24838545381529e-04    3.1854274E+04    394.13    394.13    0.1504801812464526    0.00000e+00    0.00000e+00    6.04736546E+10
    5.39126679065084e-04    7.16827037487310e-04    2.28478773754276e-04    3.0677808E+04    387.81    387.81    0.1491889313932385    0.00000e+00    0.00000e+00    6.05238819E+10
    5.45864765049248e-04    7.26671082319503e-04    2.32109431904959e-04    2.9545646E+04    381.61    381.61    0.1474788268729935    0.00000e+00    0.00000e+00    6.05741092E+10
    5.52594560719466e-04    7.36501988700937e-04    2.35729239925459e-04    2.8457376E+04    375.53    375.53    0.1452904211866264    0.00000e+00    0.00000e+00    6.06243365E+10
    5.59314757078798e-04    7.46316362935846e-04    2.39336913059520e-04    2.7412461E+04    369.57    369.57    0.1429667561078309    0.00000e+00    0.00000e+00    6.06745638E+10
    5.66024529943986e-04    7.56111344623511e-04    2.42931181095298e-04    2.6410189E+04    363.76    363.76    0.1411664111160199    0.00000e+00    0.00000e+00    6.07247911E+10
    5.72723491464085e-04    7.65884655139630e-04    2.46510817454181e-04    2.5449720E+04    358.10    358.10    0.1398713950114065    0.00000e+00    0.00000e+00    6.07750184E+10
    5.79411399232255e-04    7.75634549154951e-04    2.50074673127744e-04    2.4530158E+04    352.57    352.57    0.1380409164167296    0.00000e+00    0.00000e+00    6.08252456E+10
    5.86088398692599e-04    7.85359911598009e-04    2.53621783336761e-04    2.3650732E+04    347.19    347.19    0.1363079565384538    0.00000e+00    0.00000e+00    6.08754729E+10
    5.92754780733328e-04    7.95060403099225e-04    2.57151479038352e-04    2.2810855E+04    341.97    341.97    0.1345546301190781    0.00000e+00    0.00000e+00    6.09257002E+10
    5.99411272574962e-04    8.04736217584073e-04    2.60663328748342e-04    2.2010280E+04    336.93    336.93    0.1326821941650690    0.00000e+00    0.00000e+00    6.09759275E+10
    6.06058698400759e-04    8.14388324679915e-04    2.64157177326353e-04    2.1249045E+04    332.06    332.06    0.1313481490121376    0.00000e+00    0.00000e+00    6.10261548E+10
    6.12698318726291e-04    8.24018227309161e-04    2.67633262331087e-04    2.0527252E+04    327.38    327.38    0.1301002089060470    0.00000e+00    0.00000e+00    6.10763821E+10
    6.19331733436704e-04    8.33628010170642e-04    2.71092165538963e-04    1.9844834E+04    322.91    322.91    0.1282294291013208    0.00000e+00    0.00000e+00    6.11266094E+10
    6.25960881786723e-04    8.43220194295499e-04    2.74534817792248e-04    1.9201493E+04    318.66    318.66    0.1271361067353000    0.00000e+00    0.00000e+00    6.11768367E+10
    6.32587799993809e-04    8.52797349196241e-04    2.77962406884461e-04    1.8596655E+04    314.63    314.63    0.1252953328296928    0.00000e+00    0.00000e+00    6.12270640E+10
    6.39214766682264e-04    8.62362335273587e-04    2.81376363015962e-04    1.8029429E+04    310.83    310.83    0.1244579810837955    0.00000e+00    0.00000e+00    6.12772912E+10
    6.45844011995019e-04    8.71918158372361e-04    2.84778339401402e-04    1.7498574E+04    307.28    307.28    0.1231978499179208    0.00000e+00    0.00000e+00    6.13275185E+10
    6.52477669112273e-04    8.81467872818752e-04    2.88170149243949e-04    1.7002600E+04    303.95    303.95    0.1212865745127154    0.00000e+00    0.00000e+00    6.13777458E+10
    6.59118016658326e-04    8.91014678383056e-04    2.91553785127833e-04    1.6539905E+04    300.86    300.86    0.1198885705065578    0.00000e+00    0.00000e+00    6.14279731E+10
    6.65767236294743e-04    9.00561871798306e-04    2.94931375385113e-04    1.6108679E+04    297.98    297.98    0.1185403289493731    0.00000e+00    0.00000e+00    6.14782004E+10
    6.72427364238985e-04    9.10112749797532e-04    2.98305184095681e-04    1.5706831E+04    295.30    295.30    0.1166784009981938    0.00000e+00    0.00000e+00    6.15284277E+10
    6.79100582152617e-04    9.19670706076502e-04    3.01677552909615e-04    1.5332025E+04    292.80    292.80    0.1164130727290703    0.00000e+00    0.00000e+00    6.15786550E+10
    6.85788877771732e-04    9.29239037368248e-04    3.05050828325134e-04    1.4981772E+04    290.46    290.46    0.1155404617102472    0.00000e+00    0.00000e+00    6.16288823E+10
    6.92494141869686e-04    9.38820943443065e-04    3.08427313207221e-04    1.4653650E+04    288.26    288.26    0.1148528064312167    0.00000e+00    0.00000e+00    6.16791095E+10
    6.99218216738466e-04    9.48419187738935e-04    3.11809213458127e-04    1.4345288E+04    286.17    286.17    0.1143389700523605    0.00000e+00    0.00000e+00    6.17293368E+10
    7.05962653781854e-04    9.58036436731105e-04    3.15198560447174e-04    1.4054277E+04    284.17    284.17    0.1125151821598373    0.00000e+00    0.00000e+00    6.17795641E+10
    7.12728665034050e-04    9.67674920562508e-04    3.18597177073804e-04    1.3778290E+04    282.24    282.24    0.1108936684583717    0.00000e+00    0.00000e+00    6.18297914E+10
    7.19517268603786e-04    9.77336384562395e-04    3.22006643830617e-04    1.3515105E+04    280.36    280.36    0.1096079713660782    0.00000e+00    0.00000e+00    6.18800187E+10
    7.26329046267480e-04    9.87022380134546e-04    3.25428279410826e-04    1.3262686E+04    278.51    278.51    0.1084304523652551    0.00000e+00    0.00000e+00    6.19302460E+10
    7.33164434357443e-04    9.96734119313164e-04    3.28863189189624e-04    1.3019197E+04    276.67    276.67    0.1073626638128411    0.00000e+00    0.00000e+00    6.19804733E+10
    7.40023578317781e-04    1.00647247476288e-03    3.32312274920458e-04    1.2783006E+04    274.83    274.83    0.1058013793776303    0.00000e+00    0.00000e+00    6.20307006E+10
    7.46906332704389e-04    1.01623827066694e-03    3.35776258975712e-04    1.2552723E+04    272.98    272.98    0.1042317282167770    0.00000e+00    0.00000e+00    6.20809278E+10
    7.53812503591794e-04    1.02603194335766e-03    3.39255713435530e-04    1.2327224E+04    271.11    271.11    0.1038343059442766    0.00000e+00    0.00000e+00    6.21311551E+10
    7.60741703129052e-04    1.03585383220463e-03    3.42751079480362e-04    1.2105657E+04    269.23    269.23    0.1029691165700823    0.00000e+00    0.00000e+00    6.21813824E+10
    7.67693446502482e-04    1.04570408265194e-03    3.46262652846554e-04    1.1887416E+04    267.32    267.32    0.1021728064509975    0.00000e+00    0.00000e+00    6.22316097E+10
    7.74667151935666e-04    1.05558250077412e-03    3.49790603218893e-04    1.1672102E+04    265.39    265.39    0.1009808529123751    0.00000e+00    0.00000e+00    6.22818370E+10
    7.81662237652186e-04    1.06548874720160e-03    3.53334969382475e-04    1.1459498E+04    263.45    263.45    0.1004270851360192    0.00000e+00    0.00000e+00    6.23320643E+10
    7.88677976431522e-04    1.07542224015796e-03    3.56895770729847e-04    1.1249519E+04    261.48    261.48    0.1004905122668196    0.00000e+00    0.00000e+00    6.23822916E+10
    7.95713495609048e-04    1.08538220394131e-03    3.60472983020324e-04    1.1042194E+04    259.51    259.51    0.0999826427325521    0.00000e+00    0.00000e+00    6.24325189E+10
    8.02767777076032e-04    1.09536757196154e-03    3.64066431720982e-04    1.0837644E+04    257.53    257.53    0.0982882451061510    0.00000e+00    0.00000e+00    6.24827461E+10
    8.09839754242377e-04    1.10537708370310e-03    3.67675825943611e-04    1.0636063E+04    255.54    255.54    0.0965896475325110    0.00000e+00    0.00000e+00    6.25329734E+10
    8.16928069629775e-04    1.11540952713177e-03    3.71300768140993e-04    1.0437691E+04    253.56    253.56    0.0952837811785420    0.00000e+00    0.00000e+00    6.25832007E+10
    8.24031414241288e-04    1.12546354476925e-03    3.74940768651311e-04    1.0242783E+04    251.58    251.58    0.0947629091406475    0.00000e+00    0.00000e+00    6.26334280E+10
    8.31148527561344e-04    1.13553782761860e-03    3.78595294179514e-04    1.0051606E+04    249.62    249.62    0.0938259846785405    0.00000e+00    0.00000e+00    6.26836553E+10
    8.38278052111636e-04    1.14563116364562e-03    3.82263787189871e-04    9.8644107E+03    247.67    247.67    0.0927789425421752    0.00000e+00    0.00000e+00    6.27338826E+10
    8.45418678895226e-04    1.15574234081611e-03    3.85945685298510e-04    9.6814177E+03    245.75    245.75    0.0921562035359772    0.00000e+00    0.00000e+00    6.27841099E+10
    8.52569195877911e-04    1.16587014709585e-03    3.89640353399510e-04    9.5028272E+03    243.84    243.84    0.0909189240262442    0.00000e+00    0.00000e+00    6.28343372E+10
    8.59728342544119e-04    1.17601322500656e-03    3.93347069120485e-04    9.3288186E+03    241.97    241.97    0.0902415743264180    0.00000e+00    0.00000e+00    6.28845645E+10
    8.66894858378280e-04    1.18617021706990e-03    3.97065051911409e-04    9.1595483E+03    240.14    240.14    0.0898104666596053    0.00000e+00    0.00000e+00    6.29347917E+10
    8.74067434383455e-04    1.19633976580759e-03    4.00793438803930e-04    8.9951469E+03    238.33    238.33    0.0890529603734563    0.00000e+00    0.00000e+00    6.29850190E+10
    8.81244810044073e-04    1.20652041677858e-03    4.04531328044600e-04    8.8357099E+03    236.56    236.56    0.0889393452736162    0.00000e+00    0.00000e+00    6.30352463E+10
    8.88425724844563e-04    1.21671071554182e-03    4.08277788791153e-04    8.6812846E+03    234.83    234.83    0.0878856133377505    0.00000e+00    0.00000e+00    6.30854736E+10
    8.95608918269355e-04    1.22690940158175e-03    4.12031865960635e-04    8.5318876E+03    233.15    233.15    0.0870958970410959    0.00000e+00    0.00000e+00    6.31357009E+10
    9.02793226765613e-04    1.23711511742005e-03    4.15792623862644e-04    8.3874930E+03    231.50    231.50    0.0855318673047984    0.00000e+00    0.00000e+00    6.31859282E+10
    9.09977583743238e-04    1.24732669950389e-03    4.19559151047457e-04    8.2480466E+03    229.89    229.89    0.0848448740175705    0.00000e+00    0.00000e+00    6.32361555E+10
    9.17161019574870e-04    1.25754308124317e-03    4.23330545761629e-04    8.1134656E+03    228.33    228.33    0.0839844990890190    0.00000e+00    0.00000e+00    6.32863828E+10
    9.24342661595882e-04    1.26776309908507e-03    4.27105935340533e-04    7.9836387E+03    226.80    226.80    0.0835029590993910    0.00000e+00    0.00000e+00    6.33366100E+10
    9.31521734104384e-04    1.27798578340221e-03    4.30884461663955e-04    7.8584379E+03    225.31    225.31    0.0826030792049297    0.00000e+00    0.00000e+00    6.33868373E+10
    9.38697509879854e-04    1.28821006760449e-03    4.34665266611677e-04    7.7377105E+03    223.87    223.87    0.0817836250814961    0.00000e+00    0.00000e+00    6.34370646E+10
    9.45869310183140e-04    1.29843503054594e-03    4.38447511456032e-04    7.6212941E+03    222.45    222.45    0.0813068667713456    0.00000e+00    0.00000e+00    6.34872919E+10
    9.53036601719191e-04    1.30865970259917e-03    4.42230381710036e-04    7.5090089E+03    221.08    221.08    0.0804852939616290    0.00000e+00    0.00000e+00    6.35375192E+10
    9.60198802711590e-04    1.31888321109956e-03    4.46013067734841e-04    7.4006686E+03    219.74    219.74    0.0797328062825574    0.00000e+00    0.00000e+00    6.35877465E+10
    9.67355379865288e-04    1.32910482882661e-03    4.49794818069241e-04    7.2960795E+03    218.43    218.43    0.0795440931531439    0.00000e+00    0.00000e+00    6.36379738E+10
    9.74506042292077e-04    1.33932378007840e-03    4.53574905492715e-04    7.1950476E+03    217.15    217.15    0.0789699030996397    0.00000e+00    0.00000e+00    6.36882011E+10
    9.81650353659644e-04    1.34953953155990e-03    4.57352675506794e-04    7.0973742E+03    215.90    215.90    0.0783989078281811    0.00000e+00    0.00000e+00    6.37384283E+10
    9.88788168523883e-04    1.35975145301332e-03    4.61127522094375e-04    7.0028690E+03    214.68    214.68    0.0776330208995928    0.00000e+00    0.00000e+00    6.37886556E+10
    9.95919244477955e-04    1.36995920506908e-03    4.64898882871590e-04    6.9113478E+03    213.48    213.48    0.0768163465710415    0.00000e+00    0.00000e+00    6.38388829E+10
    1.00304358152186e-03    1.38016235139487e-03    4.68666253632208e-04    6.8226204E+03    212.31    212.31    0.0764071396105632    0.00000e+00    0.00000e+00    6.38891102E+10
    1.01016122813697e-03    1.39036045565838e-03    4.72429164106961e-04    6.7365058E+03    211.16    211.16    0.0755710165117343    0.00000e+00    0.00000e+00    6.39393375E+10
    1.01727213584190e-03    1.40055327545276e-03    4.76187182811671e-04    6.6528186E+03    210.03    210.03    0.0747616980706140    0.00000e+00    0.00000e+00    6.39895648E+10
    1.02437645008078e-03    1.41074037444571e-03    4.79939912199120e-04    6.5713838E+03    208.92    208.92    0.0740154998248593    0.00000e+00    0.00000e+00    6.40397921E+10
    1.03147431629769e-03    1.42092155871174e-03    4.83686993507185e-04    6.4920316E+03    207.81    207.81    0.0733163491781022    0.00000e+00    0.00000e+00    6.40900194E+10
    1.03856587993676e-03    1.43109663432540e-03    4.87428087366287e-04    6.4146026E+03    206.72    206.72    0.0726328615191691    0.00000e+00    0.00000e+00    6.41402466E+10
    1.04565128644207e-03    1.44126531039846e-03    4.91162946521451e-04    6.3389514E+03    205.63    205.63    0.0724153206096644    0.00000e+00    0.00000e+00    6.41904739E+10
    1.05273072973910e-03    1.45142753844957e-03    4.94891357654656e-04    6.2649401E+03    204.55    204.55    0.0721559438843711    0.00000e+00    0.00000e+00    6.42407012E+10
    1.05980450071607e-03    1.46158331847871e-03    4.98613078359061e-04    6.1924431E+03    203.48    203.48    0.0719268309585789    0.00000e+00    0.00000e+00    6.42909285E+10
    1.06687289026117e-03    1.47173265048590e-03    5.02328060153299e-04    6.1213439E+03    202.41    202.41    0.0710849023315487    0.00000e+00    0.00000e+00    6.43411558E+10
    1.07393623774399e-03    1.48187553447113e-03    5.06036109111897e-04    6.0515318E+03    201.35    201.35    0.0704640875886513    0.00000e+00    0.00000e+00    6.43913831E+10
    1.08099493101547e-03    1.49201211587850e-03    5.09737225234856e-04    5.9829054E+03    200.29    200.29    0.0701623339022985    0.00000e+00    0.00000e+00    6.44416104E+10
    1.08804926096383e-03    1.50214244318939e-03    5.13431360040806e-04    5.9153748E+03    199.24    199.24    0.0695508213137908    0.00000e+00    0.00000e+00    6.44918377E+10
    1.09509961543999e-03    1.51226666184790e-03    5.17118368085644e-04    5.8488483E+03    198.19    198.19    0.0689460185075070    0.00000e+00    0.00000e+00    6.45420650E+10
    1.10214628533218e-03    1.52238491729813e-03    5.20798055443897e-04    5.7832472E+03    197.15    197.15    0.0682712321335467    0.00000e+00    0.00000e+00    6.45922922E+10
    1.10918965849134e-03    1.53249720954008e-03    5.24470325152830e-04    5.7184971E+03    196.10    196.10    0.0675964516190199    0.00000e+00    0.00000e+00    6.46425195E+10
    1.11623012276842e-03    1.54260373249922e-03    5.28135080249705e-04    5.6545303E+03    195.07    195.07    0.0669239468381001    0.00000e+00    0.00000e+00    6.46927468E+10
    1.12326811449572e-03    1.55270463161967e-03    5.31792078327682e-04    5.5912854E+03    194.03    194.03    0.0665949795097612    0.00000e+00    0.00000e+00    6.47429741E+10
    1.13030397304282e-03    1.56280000386415e-03    5.35441367868130e-04    5.5287126E+03    193.00    193.00    0.0668086226563333    0.00000e+00    0.00000e+00    6.47932014E+10
    1.13733813474204e-03    1.57289009163950e-03    5.39082754945575e-04    5.4667672E+03    191.97    191.97    0.0663269903655176    0.00000e+00    0.00000e+00    6.48434287E+10
    1.14437103592568e-03    1.58297513735258e-03    5.42716336522755e-04    5.4054099E+03    190.94    190.94    0.0657540588692627    0.00000e+00    0.00000e+00    6.48936560E+10
    1.15140306444470e-03    1.59305538341021e-03    5.46342064118301e-04    5.3446035E+03    189.91    189.91    0.0651421824497677    0.00000e+00    0.00000e+00    6.49438833E+10
    1.15843465663141e-03    1.60313112070060e-03    5.49959937732213e-04    5.2843180E+03    188.89    188.89    0.0650248833364010    0.00000e+00    0.00000e+00    6.49941105E+10
    1.16546620033675e-03    1.61320259163060e-03    5.53570005845858e-04    5.2245251E+03    187.86    187.86    0.0645433361804136    0.00000e+00    0.00000e+00    6.50443378E+10
    1.17249813189304e-03    1.62327003860705e-03    5.57172316940607e-04    5.1652012E+03    186.84    186.84    0.0639837836115494    0.00000e+00    0.00000e+00    6.50945651E+10
    1.17953079066985e-03    1.63333370403679e-03    5.60766871016457e-04    5.1063257E+03    185.82    185.82    0.0633702848421988    0.00000e+00    0.00000e+00    6.51447924E+10
    1.18656451603675e-03    1.64339387880802e-03    5.64353813517514e-04    5.0478815E+03    184.81    184.81    0.0627184558347216    0.00000e+00    0.00000e+00    6.51950197E+10
    1.19359969584470e-03    1.65345075684622e-03    5.67933144443778e-04    4.9898564E+03    183.79    183.79    0.0620369574522596    0.00000e+00    0.00000e+00    6.52452470E+10
    1.20063657250053e-03    1.66350472600233e-03    5.71505057720720e-04    4.9322405E+03    182.78    182.78    0.0620386533606549    0.00000e+00    0.00000e+00    6.52954743E+10
    1.20767553385519e-03    1.67355602868320e-03    5.75069601829710e-04    4.8750278E+03    181.77    181.77    0.0616358762728201    0.00000e+00    0.00000e+00    6.53457016E+10
    1.21471682231552e-03    1.68360495577703e-03    5.78626922214851e-04    4.8182142E+03    180.77    180.77    0.0612294742696225    0.00000e+00    0.00000e+00    6.53959288E+10
    1.22176077725110e-03    1.69365184665340e-03    5.82177164320248e-04    4.7617980E+03    179.76    179.76    0.0608149905143810    0.00000e+00    0.00000e+00    6.54461561E+10
    1.22880764106876e-03    1.70369699220051e-03    5.85720473590006e-04    4.7057792E+03    178.76    178.76    0.0605356721557278    0.00000e+00    0.00000e+00    6.54963834E+10
    1.23585775313809e-03    1.71374068330659e-03    5.89256995468227e-04    4.6501590E+03    177.77    177.77    0.0604110274111608    0.00000e+00    0.00000e+00    6.55466107E+10
    1.24291130738455e-03    1.72378316237846e-03    5.92786826917649e-04    4.5949409E+03    176.77    176.77    0.0599943893337820    0.00000e+00    0.00000e+00    6.55968380E+10
    1.24996854621499e-03    1.73382462334160e-03    5.96310064901009e-04    4.5401310E+03    175.78    175.78    0.0595537128766064    0.00000e+00    0.00000e+00    6.56470653E+10
    1.25702961507351e-03    1.74386540556559e-03    5.99826951825145e-04    4.4857349E+03    174.80    174.80    0.0591488287650051    0.00000e+00    0.00000e+00    6.56972926E+10
    1.26409475636695e-03    1.75390560601316e-03    6.03337536171428e-04    4.4317606E+03    173.81    173.81    0.0585965305205045    0.00000e+00    0.00000e+00    6.57475199E+10
    1.27116411553942e-03    1.76394556405389e-03    6.06842011865328e-04    4.3782169E+03    172.84    172.84    0.0579346088180889    0.00000e+00    0.00000e+00    6.57977472E+10
    1.27823778955365e-03    1.77398542513188e-03    6.10340524350950e-04    4.3251130E+03    171.86    171.86    0.0576478283373332    0.00000e+00    0.00000e+00    6.58479744E+10
    1.28531587537238e-03    1.78402548013535e-03    6.13833219072400e-04    4.2724608E+03    170.90    170.90    0.0572023862634536    0.00000e+00    0.00000e+00    6.58982017E+10
    1.29239851843970e-03    1.79406592298976e-03    6.17320241473780e-04    4.2202702E+03    169.93    169.93    0.0568685267320869    0.00000e+00    0.00000e+00    6.59484290E+10
    1.29948581571837e-03    1.80410699610195e-03    6.20801882443300e-04    4.1685537E+03    168.98    168.98    0.0568370531051604    0.00000e+00    0.00000e+00    6.59986563E+10
    1.30657781568975e-03    1.81414899036014e-03    6.24278190462328e-04    4.1173245E+03    168.02    168.02    0.0567298583070281    0.00000e+00    0.00000e+00    6.60488836E+10
    1.31367471227930e-03    1.82419205120843e-03    6.27749456419072e-04    4.0665944E+03    167.08    167.08    0.0562192936089620    0.00000e+00    0.00000e+00    6.60991109E+10
    1.32077645700567e-03    1.83423642105366e-03    6.31215825757637e-04    4.0163784E+03    166.14    166.14    0.0558742130849852    0.00000e+00    0.00000e+00    6.61493382E+10
    1.32788309835021e-03    1.84428219685856e-03    6.34677443922128e-04    3.9666892E+03    165.20    165.20    0.0556495574225374    0.00000e+00    0.00000e+00    6.61995655E+10
    1.33499468479430e-03    1.85432957254861e-03    6.38134553319383e-04    3.9175407E+03    164.27    164.27    0.0552878574482372    0.00000e+00    0.00000e+00    6.62497927E+10
    1.34211121633794e-03    1.86437864508654e-03    6.41587250912141e-04    3.8689470E+03    163.35    163.35    0.0548827152046374    0.00000e+00    0.00000e+00    6.63000200E+10
    1.34923259601839e-03    1.87442960839783e-03    6.45035779107241e-04    3.8209198E+03    162.44    162.44    0.0542058236513917    0.00000e+00    0.00000e+00    6.63502473E+10
    1.35635882383565e-03    1.88448251096385e-03    6.48480283348788e-04    3.7734721E+03    161.53    161.53    0.0538846872499124    0.00000e+00    0.00000e+00    6.64004746E+10
    1.36348985130835e-03    1.89453759519143e-03    6.51921006043623e-04    3.7266152E+03    160.63    160.63    0.0535123851090736    0.00000e+00    0.00000e+00    6.64507019E+10
    1.37062562995513e-03    1.90459495804331e-03    6.55358044154481e-04    3.6803580E+03    159.74    159.74    0.0530820074619961    0.00000e+00    0.00000e+00    6.65009292E+10
    1.37776606281325e-03    1.91465474496360e-03    6.58791640088203e-04    3.6347110E+03    158.86    158.86    0.0532524993668658    0.00000e+00    0.00000e+00    6.65511565E+10
    1.38491110140134e-03    1.92471705291503e-03    6.62222036251630e-04    3.5896834E+03    157.99    157.99    0.0531482224655478    0.00000e+00    0.00000e+00    6.66013838E+10
    1.39206064875666e-03    1.93478193037896e-03    6.65649329607497e-04    3.5452824E+03    157.12    157.12    0.0526050570266092    0.00000e+00    0.00000e+00    6.66516110E+10
    1.39921465639785e-03    1.94484957128088e-03    6.69073762562646e-04    3.5015128E+03    156.27    156.27    0.0522982062704667    0.00000e+00    0.00000e+00    6.67018383E+10
    1.40637297888080e-03    1.95491997562079e-03    6.72495480561181e-04    3.4583836E+03    155.42    155.42    0.0521140603997843    0.00000e+00    0.00000e+00    6.67520656E+10
    1.41353551924278e-03    1.96499319188004e-03    6.75914677528574e-04    3.4158979E+03    154.58    154.58    0.0518438026584408    0.00000e+00    0.00000e+00    6.68022929E+10
    1.42070208355831e-03    1.97506926854001e-03    6.79331498908930e-04    3.3740605E+03    153.76    153.76    0.0515937146721571    0.00000e+00    0.00000e+00    6.68525202E+10
    1.42787257486465e-03    1.98514825408207e-03    6.82746041664985e-04    3.3328741E+03    152.94    152.94    0.0510769574974060    0.00000e+00    0.00000e+00    6.69027475E+10
    1.43504679923634e-03    1.99523024546895e-03    6.86158596684946e-04    3.2923409E+03    152.13    152.13    0.0506219626354064    0.00000e+00    0.00000e+00    6.69529748E+10
    1.44222461122927e-03    2.00531524270066e-03    6.89569260931552e-04    3.2524634E+03    151.32    151.32    0.0502358761522455    0.00000e+00    0.00000e+00    6.70032021E+10
    1.44940586539934e-03    2.01540329425855e-03    6.92978179848906e-04    3.2132402E+03    150.53    150.53    0.0504389421024933    0.00000e+00    0.00000e+00    6.70534293E+10
    1.45659036782107e-03    2.02549444862401e-03    6.96385547362480e-04    3.1746717E+03    149.75    149.75    0.0500712258720559    0.00000e+00    0.00000e+00    6.71036566E+10
    1.46377802153173e-03    2.03558875427839e-03    6.99791508916379e-04    3.1367565E+03    148.98    148.98    0.0499679196293375    0.00000e+00    0.00000e+00    6.71538839E+10
    1.47096858412447e-03    2.04568621122170e-03    7.03196209954706e-04    3.0994919E+03    148.21    148.21    0.0494648915676466    0.00000e+00    0.00000e+00    6.72041112E+10
    1.47816186167383e-03    2.05578681945393e-03    7.06599844402936e-04    3.0628759E+03    147.46    147.46    0.0492879164522843    0.00000e+00    0.00000e+00    6.72543385E+10
    1.48535775721707e-03    2.06589053049373e-03    7.10002412261067e-04    3.0269049E+03    146.72    146.72    0.0490046328614135    0.00000e+00    0.00000e+00    6.73045658E+10
    1.49255597986597e-03    2.07599739282245e-03    7.13404155935940e-04    2.9915743E+03    145.98    145.98    0.0487464927851806    0.00000e+00    0.00000e+00    6.73547931E+10
    1.49975638417644e-03    2.08610730947736e-03    7.16805172390292e-04    2.9568782E+03    145.26    145.26    0.0484019901177653    0.00000e+00    0.00000e+00    6.74050204E+10
    1.50695872774164e-03    2.09622032893984e-03    7.20205558586858e-04    2.9228114E+03    144.54    144.54    0.0481418567635213    0.00000e+00    0.00000e+00    6.74552477E+10
    1.51416276815472e-03    2.10633635424713e-03    7.23605411488375e-04    2.8893677E+03    143.84    143.84    0.0477689854524215    0.00000e+00    0.00000e+00    6.75054749E+10
    1.52136835997158e-03    2.11645548236199e-03    7.27004876538947e-04    2.8565409E+03    143.14    143.14    0.0473760565074413    0.00000e+00    0.00000e+00    6.75557022E+10
    1.52857526078537e-03    2.12657756784030e-03    7.30404050701310e-04    2.8243229E+03    142.46    142.46    0.0476938528066657    0.00000e+00    0.00000e+00    6.76059295E+10
    1.53578327667064e-03    2.13670270764480e-03    7.33803127900937e-04    2.7927062E+03    141.78    141.78    0.0473100258548796    0.00000e+00    0.00000e+00    6.76561568E+10
    1.54299221370190e-03    2.14683080481275e-03    7.37202108137828e-04    2.7616829E+03    141.11    141.11    0.0471702623751405    0.00000e+00    0.00000e+00    6.77063841E+10
    1.55020187795368e-03    2.15696185934416e-03    7.40601185337455e-04    2.7312440E+03    140.45    140.45    0.0466366298308744    0.00000e+00    0.00000e+00    6.77566114E+10
    1.55741212398187e-03    2.16709577427629e-03    7.44000456462554e-04    2.7013806E+03    139.80    139.80    0.0465325821301628    0.00000e+00    0.00000e+00    6.78068387E+10
    1.56462266089828e-03    2.17723259809050e-03    7.47399969994494e-04    2.6720839E+03    139.16    139.16    0.0462438900758578    0.00000e+00    0.00000e+00    6.78570660E+10
    1.57183334325879e-03    2.18737223382407e-03    7.50799871377379e-04    2.6433447E+03    138.53    138.53    0.0459427315619156    0.00000e+00    0.00000e+00    6.79072932E+10
    1.57904392865656e-03    2.19751458451425e-03    7.54200257573945e-04    2.6151519E+03    137.91    137.91    0.0457427750930893    0.00000e+00    0.00000e+00    6.79575205E+10
    1.58625427164750e-03    2.20765969864241e-03    7.57601177065561e-04    2.5874965E+03    137.30    137.30    0.0454001283263883    0.00000e+00    0.00000e+00    6.80077478E+10
    1.59346408134338e-03    2.21780743076445e-03    7.61002726814961e-04    2.5603689E+03    136.69    136.69    0.0450655110907909    0.00000e+00    0.00000e+00    6.80579751E+10
    1.60067321230011e-03    2.22795782936174e-03    7.64405003784884e-04    2.5337579E+03    136.10    136.10    0.0448513099198499    0.00000e+00    0.00000e+00    6.81082024E+10
    1.60788151907358e-03    2.23811084595290e-03    7.67808104938064e-04    2.5076545E+03    135.51    135.51    0.0449398819270577    0.00000e+00    0.00000e+00    6.81584297E+10
    1.61508875925696e-03    2.24826643205657e-03    7.71212127237238e-04    2.4820480E+03    134.93    134.93    0.0447230320799809    0.00000e+00    0.00000e+00    6.82086570E+10
    1.62229483588750e-03    2.25842449071002e-03    7.74617119163775e-04    2.4569275E+03    134.36    134.36    0.0444080078362201    0.00000e+00    0.00000e+00    6.82588843E+10
    1.62949950655836e-03    2.26858507039461e-03    7.78023177680410e-04    2.4322838E+03    133.80    133.80    0.0442143403678053    0.00000e+00    0.00000e+00    6.83091115E+10
    1.63670267430682e-03    2.27874802566624e-03    7.81430399749880e-04    2.4081062E+03    133.24    133.24    0.0441068075986429    0.00000e+00    0.00000e+00    6.83593388E+10
    1.64390414520739e-03    2.28891340500627e-03    7.84838785372184e-04    2.3843848E+03    132.70    132.70    0.0438445829457911    0.00000e+00    0.00000e+00    6.84095661E+10
    1.65110372533460e-03    2.29908101448924e-03    7.88248479991427e-04    2.3611095E+03    132.16    132.16    0.0435222278893877    0.00000e+00    0.00000e+00    6.84597934E+10
    1.65830131772572e-03    2.30925095107787e-03    7.91659483607610e-04    2.3382708E+03    131.62    131.62    0.0432911580283620    0.00000e+00    0.00000e+00    6.85100207E+10
    1.66549667997391e-03    2.31942302084670e-03    7.95071844702099e-04    2.3158571E+03    131.10    131.10    0.0430661256360228    0.00000e+00    0.00000e+00    6.85602480E+10
    1.67268966663506e-03    2.32959732075847e-03    7.98485660237632e-04    2.2938595E+03    130.58    130.58    0.0426986357886795    0.00000e+00    0.00000e+00    6.86104753E+10
    1.67988018074643e-03    2.33977365688769e-03    8.01900930214208e-04    2.2722671E+03    130.07    130.07    0.0430370403110245    0.00000e+00    0.00000e+00    6.86607026E+10
    1.68706807686393e-03    2.34995212619711e-03    8.05317751594564e-04    2.2510709E+03    129.56    129.56    0.0425981669529208    0.00000e+00    0.00000e+00    6.87109298E+10
    1.69425320954345e-03    2.36013268020537e-03    8.08736172860067e-04    2.2302598E+03    129.06    129.06    0.0423713215326092    0.00000e+00    0.00000e+00    6.87611571E+10
    1.70143548182224e-03    2.37031517346834e-03    8.12156242492086e-04    2.2098240E+03    128.57    128.57    0.0421452724946727    0.00000e+00    0.00000e+00    6.88113844E+10
    1.70861474825622e-03    2.38049965446741e-03    8.15577960490621e-04    2.1897541E+03    128.08    128.08    0.0421621926245499    0.00000e+00    0.00000e+00    6.88616117E+10
    1.71579091188263e-03    2.39068602623983e-03    8.19001375337040e-04    2.1700386E+03    127.60    127.60    0.0419847732056549    0.00000e+00    0.00000e+00    6.89118390E+10
    1.72296382725738e-03    2.40087428878561e-03    8.22426487031343e-04    2.1506701E+03    127.13    127.13    0.0416877718672046    0.00000e+00    0.00000e+00    6.89620663E+10
    1.73013339741774e-03    2.41106434514202e-03    8.25853295573529e-04    2.1316373E+03    126.66    126.66    0.0414490636137990    0.00000e+00    0.00000e+00    6.90122936E+10
    1.73729957388232e-03    2.42125614682767e-03    8.29281897926336e-04    2.1129319E+03    126.20    126.20    0.0412151573994024    0.00000e+00    0.00000e+00    6.90625209E+10
    1.74446216272566e-03    2.43144964536120e-03    8.32712245608395e-04    2.0945450E+03    125.74    125.74    0.0408237300078113    0.00000e+00    0.00000e+00    6.91127482E+10
    1.75162111546640e-03    2.44164488922399e-03    8.36144387101073e-04    2.0764671E+03    125.28    125.28    0.0405760851309984    0.00000e+00    0.00000e+00    6.91629754E+10
    1.75877638362316e-03    2.45184173297193e-03    8.39578370885740e-04    2.0586906E+03    124.84    124.84    0.0407320206835541    0.00000e+00    0.00000e+00    6.92132027E+10
    1.76592791871458e-03    2.46204027356775e-03    8.43014099999659e-04    2.0412064E+03    124.39    124.39    0.0403443914062435    0.00000e+00    0.00000e+00    6.92634300E+10
    1.77307557529654e-03    2.47224036556735e-03    8.46451671405566e-04    2.0240062E+03    123.96    123.96    0.0399578020597708    0.00000e+00    0.00000e+00    6.93136573E+10
    1.78021935336906e-03    2.48244205745210e-03    8.49891085103462e-04    2.0070832E+03    123.52    123.52    0.0401015986183906    0.00000e+00    0.00000e+00    6.93638846E+10
    1.78735920445076e-03    2.49264525225926e-03    8.53332292611977e-04    1.9904291E+03    123.10    123.10    0.0400553459578672    0.00000e+00    0.00000e+00    6.94141119E+10
    1.79449503157891e-03    2.50284994998883e-03    8.56775390893849e-04    1.9740363E+03    122.67    122.67    0.0399259234315788    0.00000e+00    0.00000e+00    6.94643392E+10
    1.80162683475350e-03    2.51305605367807e-03    8.60220234504973e-04    1.9578987E+03    122.25    122.25    0.0396983599687536    0.00000e+00    0.00000e+00    6.95145665E+10
    1.80875456549317e-03    2.52326361180836e-03    8.63666968889453e-04    1.9420091E+03    121.84    121.84    0.0395139485495255    0.00000e+00    0.00000e+00    6.95647937E+10
    1.81587817531655e-03    2.53347252741696e-03    8.67115448603185e-04    1.9263601E+03    121.43    121.43    0.0392923377991861    0.00000e+00    0.00000e+00    6.96150210E+10
    1.82299766422365e-03    2.54368280050386e-03    8.70565770608905e-04    1.9109466E+03    121.02    121.02    0.0389288040951846    0.00000e+00    0.00000e+00    6.96652483E+10
    1.83011293525172e-03    2.55389443106907e-03    8.74017837943878e-04    1.8957621E+03    120.62    120.62    0.0386674388562186    0.00000e+00    0.00000e+00    6.97154756E+10
    1.83722403688213e-03    2.56410732214985e-03    8.77471699089470e-04    1.8807997E+03    120.22    120.22    0.0383865141520635    0.00000e+00    0.00000e+00    6.97657029E+10
    1.84433092063351e-03    2.57432152222757e-03    8.80927305564315e-04    1.8660549E+03    119.82    119.82    0.0381746771169736    0.00000e+00    0.00000e+00    6.98159302E+10
    1.85143363498724e-03    2.58453698282086e-03    8.84384657368411e-04    1.8515216E+03    119.43    119.43    0.0380930066697589    0.00000e+00    0.00000e+00    6.98661575E+10
    1.85853213146194e-03    2.59475370392972e-03    8.87843754501759e-04    1.8371940E+03    119.04    119.04    0.0381560351475660    0.00000e+00    0.00000e+00    6.99163848E+10
    1.86562645853898e-03    2.60497158859142e-03    8.91304596964360e-04    1.8230680E+03    118.65    118.65    0.0381419276421418    0.00000e+00    0.00000e+00    6.99666120E+10
    1.87271656773700e-03    2.61519068528732e-03    8.94767087793476e-04    1.8091380E+03    118.27    118.27    0.0380054007775933    0.00000e+00    0.00000e+00    7.00168393E+10
    1.87980245905599e-03    2.62541094553605e-03    8.98231226989108e-04    1.7953991E+03    117.89    117.89    0.0378583066008642    0.00000e+00    0.00000e+00    7.00670666E+10
    1.88688422945870e-03    2.63563232085625e-03    9.01697014551256e-04    1.7818465E+03    117.52    117.52    0.0376659160857792    0.00000e+00    0.00000e+00    7.01172939E+10
    1.89396183046374e-03    2.64585476276655e-03    9.05164450479919e-04    1.7684771E+03    117.15    117.15    0.0373900957207429    0.00000e+00    0.00000e+00    7.01675212E+10
    1.90103526207113e-03    2.65607827126695e-03    9.08633389330994e-04    1.7552853E+03    116.78    116.78    0.0371569290814095    0.00000e+00    0.00000e+00    7.02177485E+10
    1.90810457276223e-03    2.66630289483881e-03    9.12103928067217e-04    1.7422677E+03    116.41    116.41    0.0369076654536807    0.00000e+00    0.00000e+00    7.02679758E+10
    1.91516981101841e-03    2.67652853651941e-03    9.15575969725851e-04    1.7294209E+03    116.05    116.05    0.0366941432770199    0.00000e+00    0.00000e+00    7.03182031E+10
    1.92223102532103e-03    2.68675519630873e-03    9.19049514306896e-04    1.7167403E+03    115.69    115.69    0.0364959778551327    0.00000e+00    0.00000e+00    7.03684303E+10
    1.92928821567010e-03    2.69698287420679e-03    9.22524513328985e-04    1.7042231E+03    115.33    115.33    0.0364582785998355    0.00000e+00    0.00000e+00    7.04186576E+10
    1.93634143054699e-03    2.70721157021357e-03    9.26000918310749e-04    1.6918653E+03    114.98    114.98    0.0364177585555150    0.00000e+00    0.00000e+00    7.04688849E+10
    1.94339071843306e-03    2.71744118736635e-03    9.29478777733557e-04    1.6796634E+03    114.63    114.63    0.0363282043839452    0.00000e+00    0.00000e+00    7.05191122E+10
    1.95043617629105e-03    2.72767182262786e-03    9.32957994634671e-04    1.6676149E+03    114.28    114.28    0.0362178317416505    0.00000e+00    0.00000e+00    7.05693395E+10
    1.95747775563958e-03    2.73790333055400e-03    9.36438520532725e-04    1.6557160E+03    113.94    113.94    0.0360548099504858    0.00000e+00    0.00000e+00    7.06195668E+10
    1.96451560192278e-03    2.74813571114476e-03    9.39920306946349e-04    1.6439645E+03    113.59    113.59    0.0358976854612092    0.00000e+00    0.00000e+00    7.06697941E+10
    1.97154966665926e-03    2.75836901288151e-03    9.43403353875544e-04    1.6323566E+03    113.25    113.25    0.0356828019553020    0.00000e+00    0.00000e+00    7.07200214E+10
    1.97858009529314e-03    2.76860313880153e-03    9.46887661320310e-04    1.6208897E+03    112.91    112.91    0.0354851954665645    0.00000e+00    0.00000e+00    7.07702487E+10
    1.98560688782440e-03    2.77883813738617e-03    9.50373132317911e-04    1.6095613E+03    112.58    112.58    0.0352558158886995    0.00000e+00    0.00000e+00    7.08204759E+10
    1.99263009273443e-03    2.78907396015406e-03    9.53859718386978e-04    1.5983687E+03    112.25    112.25    0.0350339720354892    0.00000e+00    0.00000e+00    7.08707032E+10
    1.99964985546732e-03    2.79931060710522e-03    9.57347468008880e-04    1.5873091E+03    111.91    111.91    0.0349056364132138    0.00000e+00    0.00000e+00    7.09209305E+10
    2.00666617602307e-03    2.80954807823963e-03    9.60836235739513e-04    1.5763809E+03    111.59    111.59    0.0348977160679530    0.00000e+00    0.00000e+00    7.09711578E+10
    2.01367919984579e-03    2.81978632507594e-03    9.64326118541612e-04    1.5655808E+03    111.26    111.26    0.0347759691642023    0.00000e+00    0.00000e+00    7.10213851E+10
    2.02068892693548e-03    2.83002534761413e-03    9.67816970971073e-04    1.5549070E+03    110.94    110.94    0.0347113155277233    0.00000e+00    0.00000e+00    7.10716124E+10
    2.02769545425488e-03    2.84026509737284e-03    9.71308793027896e-04    1.5443571E+03    110.61    110.61    0.0346186460074704    0.00000e+00    0.00000e+00    7.11218397E+10
    2.03469887876671e-03    2.85050562283345e-03    9.74801536230713e-04    1.5339286E+03    110.30    110.30    0.0344757495209732    0.00000e+00    0.00000e+00    7.11720670E+10
    2.04169924895236e-03    2.86074677855184e-03    9.78295200579525e-04    1.5236200E+03    109.98    109.98    0.0343330864030027    0.00000e+00    0.00000e+00    7.12222942E+10
    2.04869661329318e-03    2.87098870997212e-03    9.81789737592962e-04    1.5134285E+03    109.66    109.66    0.0341328970298715    0.00000e+00    0.00000e+00    7.12725215E+10
    2.05569106875191e-03    2.88123127165018e-03    9.85285050308290e-04    1.5033522E+03    109.35    109.35    0.0339540425374606    0.00000e+00    0.00000e+00    7.13227488E+10
    2.06268271229130e-03    2.89147451206740e-03    9.88781187206875e-04    1.4933893E+03    109.04    109.04    0.0337213802675623    0.00000e+00    0.00000e+00    7.13729761E+10
    2.06967159239270e-03    2.90171843122377e-03    9.92278051325982e-04    1.4835380E+03    108.73    108.73    0.0335140096410648    0.00000e+00    0.00000e+00    7.14232034E+10
    2.07665785450023e-03    2.91196298063793e-03    9.95775642665611e-04    1.4737956E+03    108.42    108.42    0.0334130361483622    0.00000e+00    0.00000e+00    7.14734307E+10
    2.08364149861387e-03    2.92220816030987e-03    9.99273961225761e-04    1.4641610E+03    108.12    108.12    0.0334108578766366    0.00000e+00    0.00000e+00    7.15236580E+10
    2.09062267017775e-03    2.93245397023960e-03    1.00277291004370e-03    1.4546319E+03    107.82    107.82    0.0332817760365518    0.00000e+00    0.00000e+00    7.15738853E+10
    2.09760141767321e-03    2.94270036194575e-03    1.00627248911942e-03    1.4452065E+03    107.52    107.52    0.0332390800732239    0.00000e+00    0.00000e+00    7.16241125E+10
    2.10457783806301e-03    2.95294738390968e-03    1.00977260149019e-03    1.4358832E+03    107.22    107.22    0.0331403553559005    0.00000e+00    0.00000e+00    7.16743398E+10
    2.11155202830988e-03    2.96319493916866e-03    1.01327329563738e-03    1.4266605E+03    106.92    106.92    0.0329832717584509    0.00000e+00    0.00000e+00    7.17245671E+10
    2.11852403689518e-03    2.97344307620406e-03    1.01677447459824e-03    1.4175364E+03    106.63    106.63    0.0328473774648263    0.00000e+00    0.00000e+00    7.17747944E+10
    2.12549396078165e-03    2.98369169805314e-03    1.02027613837279e-03    1.4085097E+03    106.34    106.34    0.0326727679818932    0.00000e+00    0.00000e+00    7.18250217E+10
    2.13246184845066e-03    2.99394085319726e-03    1.02377823847966e-03    1.3995779E+03    106.05    106.05    0.0325130314389840    0.00000e+00    0.00000e+00    7.18752490E+10
    2.13942784534631e-03    3.00419059011781e-03    1.02728077491883e-03    1.3907405E+03    105.76    105.76    0.0323185454456866    0.00000e+00    0.00000e+00    7.19254763E+10
    2.14639199994998e-03    3.01444076337067e-03    1.03078365072759e-03    1.3819952E+03    105.47    105.47    0.0321049227600740    0.00000e+00    0.00000e+00    7.19757036E+10
    2.15335436074302e-03    3.02469146991857e-03    1.03428691438728e-03    1.3733411E+03    105.19    105.19    0.0320003751363774    0.00000e+00    0.00000e+00    7.20259308E+10
    2.16031512165092e-03    3.03494261279880e-03    1.03779046893519e-03    1.3647770E+03    104.90    104.90    0.0320122156628321    0.00000e+00    0.00000e+00    7.20761581E+10
    2.16727423419231e-03    3.04519428897407e-03    1.04129431437130e-03    1.3563006E+03    104.62    104.62    0.0319447293639551    0.00000e+00    0.00000e+00    7.21263854E+10
    2.17423189229264e-03    3.05544635300028e-03    1.04479845069563e-03    1.3479115E+03    104.34    104.34    0.0319074594262633    0.00000e+00    0.00000e+00    7.21766127E+10
    2.18118814443331e-03    3.06569885335881e-03    1.04830278094542e-03    1.3396079E+03    104.06    104.06    0.0317930595871130    0.00000e+00    0.00000e+00    7.22268400E+10
    2.18814299061430e-03    3.07595179004965e-03    1.05180730512069e-03    1.3313884E+03    103.79    103.79    0.0316553263926896    0.00000e+00    0.00000e+00    7.22770673E+10
    2.19509662476108e-03    3.08620506611007e-03    1.05531197474006e-03    1.3232517E+03    103.51    103.51    0.0314955942012201    0.00000e+00    0.00000e+00    7.23272946E+10
    2.20204904687367e-03    3.09645877850280e-03    1.05881678980354e-03    1.3151970E+03    103.24    103.24    0.0313151067194080    0.00000e+00    0.00000e+00    7.23775219E+10
    2.20900035391478e-03    3.10671283026510e-03    1.06232175031112e-03    1.3072224E+03    102.97    102.97    0.0311523774515134    0.00000e+00    0.00000e+00    7.24277492E+10
    2.21595069132854e-03    3.11696722139699e-03    1.06582675930007e-03    1.2993266E+03    102.70    102.70    0.0309846925356087    0.00000e+00    0.00000e+00    7.24779764E+10
    2.22290001063356e-03    3.12722195189845e-03    1.06933186525176e-03    1.2915090E+03    102.43    102.43    0.0308381343345929    0.00000e+00    0.00000e+00    7.25282037E+10
    2.22984850575533e-03    3.13747702176949e-03    1.07283701968481e-03    1.2837679E+03    102.16    102.16    0.0307197078110696    0.00000e+00    0.00000e+00    7.25784310E+10
    2.23679617669384e-03    3.14773243101010e-03    1.07634217411787e-03    1.2761021E+03    101.90    101.90    0.0308235838314631    0.00000e+00    0.00000e+00    7.26286583E+10
    2.24374316889319e-03    3.15798808265756e-03    1.07984728006955e-03    1.2685106E+03    101.63    101.63    0.0308028788559563    0.00000e+00    0.00000e+00    7.26788856E+10
    2.25068953083476e-03    3.16824407367459e-03    1.08335243450261e-03    1.2609918E+03    101.37    101.37    0.0307410788578243    0.00000e+00    0.00000e+00    7.27291129E+10
    2.25763531099991e-03    3.17850025861709e-03    1.08685749197292e-03    1.2535453E+03    101.11    101.11    0.0305449264175353    0.00000e+00    0.00000e+00    7.27793402E+10
    2.26458060635138e-03    3.18875668596644e-03    1.09036245248050e-03    1.2461691E+03    100.85    100.85    0.0304167585065426    0.00000e+00    0.00000e+00    7.28295675E+10
    2.27152546537054e-03    3.19901335572262e-03    1.09386736450672e-03    1.2388628E+03    100.59    100.59    0.0302780358884873    0.00000e+00    0.00000e+00    7.28797947E+10
    2.27846993653875e-03    3.20927021940428e-03    1.09737213108883e-03    1.2316249E+03    100.33    100.33    0.0300711498822335    0.00000e+00    0.00000e+00    7.29300220E+10
    2.28541416530013e-03    3.21952727701141e-03    1.10087675222683e-03    1.2244549E+03    100.08    100.08    0.0299986208708824    0.00000e+00    0.00000e+00    7.29802493E+10
    2.29235815165466e-03    3.22978448006264e-03    1.10438122792073e-03    1.2173510E+03    99.83    99.83    0.0298096505044489    0.00000e+00    0.00000e+00    7.30304766E+10
    2.29930199256509e-03    3.24004187703935e-03    1.10788555817053e-03    1.2103125E+03    99.57    99.57    0.0296657611662340    0.00000e+00    0.00000e+00    7.30807039E+10
    2.30624578499414e-03    3.25029941946016e-03    1.11138969449485e-03    1.2033384E+03    99.32    99.32    0.0295499424319788    0.00000e+00    0.00000e+00    7.31309312E+10
    2.31318952894184e-03    3.26055705884371e-03    1.11489358841233e-03    1.1964278E+03    99.07    99.07    0.0296143016981930    0.00000e+00    0.00000e+00    7.31811585E+10
    2.32013332137090e-03    3.27081484367136e-03    1.11839728840434e-03    1.1895794E+03    98.82    98.82    0.0295844907250839    0.00000e+00    0.00000e+00    7.32313858E+10
    2.32707725924406e-03    3.28107267698038e-03    1.12190079447088e-03    1.1827924E+03    98.58    98.58    0.0294548857696179    0.00000e+00    0.00000e+00    7.32816130E+10
    2.33402134256133e-03    3.29133060725214e-03    1.12540400964921e-03    1.1760659E+03    98.33    98.33    0.0294068950440215    0.00000e+00    0.00000e+00    7.33318403E+10
    2.34096566828544e-03    3.30158858600526e-03    1.12890693393933e-03    1.1693989E+03    98.09    98.09    0.0292482400044584    0.00000e+00    0.00000e+00    7.33820676E+10
    2.34791028489775e-03    3.31184656475839e-03    1.13240956734124e-03    1.1627906E+03    97.84    97.84    0.0291120015836492    0.00000e+00    0.00000e+00    7.34322949E+10
    2.35485524087965e-03    3.32210459199288e-03    1.13591195833632e-03    1.1562400E+03    97.60    97.60    0.0289322519443717    0.00000e+00    0.00000e+00    7.34825222E+10
    2.36180058471249e-03    3.33236261922737e-03    1.13941400996181e-03    1.1497461E+03    97.36    97.36    0.0288625181135622    0.00000e+00    0.00000e+00    7.35327495E+10
    2.36874641335901e-03    3.34262064646186e-03    1.14291572221773e-03    1.1433084E+03    97.12    97.12    0.0287034505593551    0.00000e+00    0.00000e+00    7.35829768E+10
    2.37569272681921e-03    3.35287862521499e-03    1.14641714358544e-03    1.1369254E+03    96.88    96.88    0.0285392470520087    0.00000e+00    0.00000e+00    7.36332041E+10
    2.38263962205583e-03    3.36313660396811e-03    1.14991817710220e-03    1.1305968E+03    96.64    96.64    0.0284327256813861    0.00000e+00    0.00000e+00    7.36834314E+10
    2.38958714755023e-03    3.37339448575850e-03    1.15341887124939e-03    1.1243214E+03    96.41    96.41    0.0285192476547541    0.00000e+00    0.00000e+00    7.37336586E+10
    2.39653535178379e-03    3.38365231906752e-03    1.15691922602700e-03    1.1180985E+03    96.17    96.17    0.0284779708283189    0.00000e+00    0.00000e+00    7.37838859E+10
    2.40348423475650e-03    3.39391000693243e-03    1.16041919295367e-03    1.1119274E+03    95.94    95.94    0.0282997038656917    0.00000e+00    0.00000e+00    7.38341132E+10
    2.41043389343110e-03    3.40416759783461e-03    1.16391882051076e-03    1.1058073E+03    95.71    95.71    0.0283056629066847    0.00000e+00    0.00000e+00    7.38843405E+10
    2.41738437628896e-03    3.41442509177406e-03    1.16741801173553e-03    1.0997372E+03    95.48    95.48    0.0281337461938924    0.00000e+00    0.00000e+00    7.39345678E+10
    2.42433568333008e-03    3.42468239178803e-03    1.17091676662800e-03    1.0937169E+03    95.25    95.25    0.0280398822765229    0.00000e+00    0.00000e+00    7.39847951E+10
    2.43128791151719e-03    3.43493954635789e-03    1.17441518215088e-03    1.0877452E+03    95.02    95.02    0.0278823507127235    0.00000e+00    0.00000e+00    7.40350224E+10
    2.43824101236892e-03    3.44519650700229e-03    1.17791311286009e-03    1.0818217E+03    94.79    94.79    0.0277863249234168    0.00000e+00    0.00000e+00    7.40852497E+10
    2.44519513132939e-03    3.45545332220258e-03    1.18141065571835e-03    1.0759457E+03    94.56    94.56    0.0276560517263599    0.00000e+00    0.00000e+00    7.41354769E+10
    2.45215026839859e-03    3.46570989499603e-03    1.18490776224429e-03    1.0701166E+03    94.34    94.34    0.0275118624834788    0.00000e+00    0.00000e+00    7.41857042E+10
    2.45910647205788e-03    3.47596622538263e-03    1.18840443243793e-03    1.0643335E+03    94.11    94.11    0.0274373074427123    0.00000e+00    0.00000e+00    7.42359315E+10
    2.46606374230728e-03    3.48622236184377e-03    1.19190066629925e-03    1.0585961E+03    93.89    93.89    0.0274624135219318    0.00000e+00    0.00000e+00    7.42861588E+10
    2.47302212762814e-03    3.49647820741670e-03    1.19539646382826e-03    1.0529038E+03    93.67    93.67    0.0272924552943262    0.00000e+00    0.00000e+00    7.43363861E+10
    2.47998172498320e-03    3.50673381058279e-03    1.19889182502495e-03    1.0472559E+03    93.45    93.45    0.0272882507520856    0.00000e+00    0.00000e+00    7.43866134E+10
    2.48694248589110e-03    3.51698907437929e-03    1.20238665292660e-03    1.0416519E+03    93.23    93.23    0.0273029925219634    0.00000e+00    0.00000e+00    7.44368407E+10
    2.49390445883320e-03    3.52724409576896e-03    1.20588109297730e-03    1.0360911E+03    93.01    93.01    0.0271222312515797    0.00000e+00    0.00000e+00    7.44870680E+10
    2.50086769229087e-03    3.53749872930769e-03    1.20937499973295e-03    1.0305732E+03    92.79    92.79    0.0269554796159273    0.00000e+00    0.00000e+00    7.45372952E+10
    2.50783218626412e-03    3.54775307195820e-03    1.21286847015629e-03    1.0250976E+03    92.57    92.57    0.0268823621730730    0.00000e+00    0.00000e+00    7.45875225E+10
    2.51479798923430e-03    3.55800702675778e-03    1.21636140728458e-03    1.0196638E+03    92.36    92.36    0.0268240458159433    0.00000e+00    0.00000e+00    7.46377498E+10
    2.52176514968279e-03    3.56826064218777e-03    1.21985390808056e-03    1.0142711E+03    92.14    92.14    0.0266776565363700    0.00000e+00    0.00000e+00    7.46879771E+10
    2.52873361912821e-03    3.57851386976682e-03    1.22334592406286e-03    1.0089194E+03    91.93    91.93    0.0265331277354957    0.00000e+00    0.00000e+00    7.47382044E+10
    2.53570354301469e-03    3.58876670949492e-03    1.22683745523147e-03    1.0036080E+03    91.72    91.72    0.0264709507024505    0.00000e+00    0.00000e+00    7.47884317E+10
    2.54267482437946e-03    3.59901916137208e-03    1.23032845310504e-03    9.9833625E+02    91.51    91.51    0.0264906436447538    0.00000e+00    0.00000e+00    7.48386590E+10
    2.54964756018529e-03    3.60927117691693e-03    1.23381901464629e-03    9.9310387E+02    91.30    91.30    0.0263218234032301    0.00000e+00    0.00000e+00    7.48888863E+10
    2.55662170195078e-03    3.61952270764810e-03    1.23730904289249e-03    9.8791044E+02    91.09    91.09    0.0263373381824657    0.00000e+00    0.00000e+00    7.49391135E+10
    2.56359734663869e-03    3.62977385052832e-03    1.24079858632501e-03    9.8275561E+02    90.88    90.88    0.0262258569629843    0.00000e+00    0.00000e+00    7.49893408E+10
    2.57057444576764e-03    3.64002446011349e-03    1.24428764494385e-03    9.7763900E+02    90.67    90.67    0.0261610510313151    0.00000e+00    0.00000e+00    7.50395681E+10
    2.57755304781901e-03    3.65027463336635e-03    1.24777617026765e-03    9.7256004E+02    90.46    90.46    0.0259910382286386    0.00000e+00    0.00000e+00    7.50897954E+10
    2.58453320127415e-03    3.66052432180552e-03    1.25126421077776e-03    9.6751837E+02    90.26    90.26    0.0259437846558754    0.00000e+00    0.00000e+00    7.51400227E+10
    2.59151480917033e-03    3.67077347694965e-03    1.25475176647419e-03    9.6251364E+02    90.05    90.05    0.0258913703797401    0.00000e+00    0.00000e+00    7.51902500E+10
    2.59849801695167e-03    3.68102209879873e-03    1.25823878887557e-03    9.5754552E+02    89.85    89.85    0.0257317260939612    0.00000e+00    0.00000e+00    7.52404773E+10
    2.60548277613678e-03    3.69127023583413e-03    1.26172532646327e-03    9.5261366E+02    89.64    89.64    0.0256399604032834    0.00000e+00    0.00000e+00    7.52907046E+10
    2.61246908672567e-03    3.70151779109311e-03    1.26521137923728e-03    9.4771772E+02    89.44    89.44    0.0255929830910161    0.00000e+00    0.00000e+00    7.53409319E+10
    2.61945694871835e-03    3.71176481305704e-03    1.26869689871625e-03    9.4285737E+02    89.24    89.24    0.0255577447980054    0.00000e+00    0.00000e+00    7.53911591E+10
    2.62644645907753e-03    3.72201125324455e-03    1.27218193338154e-03    9.3803208E+02    89.04    89.04    0.0254748988200001    0.00000e+00    0.00000e+00    7.54413864E+10
    2.63343752084050e-03    3.73225711165565e-03    1.27566648323315e-03    9.3324173E+02    88.84    88.84    0.0254307926959365    0.00000e+00    0.00000e+00    7.54916137E+10
    2.64043018248862e-03    3.74250233980896e-03    1.27915049978971e-03    9.2848579E+02    88.64    88.64    0.0253298622297058    0.00000e+00    0.00000e+00    7.55418410E+10
    2.64742449250325e-03    3.75274698618585e-03    1.28263398305121e-03    9.2376416E+02    88.44    88.44    0.0251806517343893    0.00000e+00    0.00000e+00    7.55920683E+10
    2.65442035392166e-03    3.76299100230496e-03    1.28611702998041e-03    9.1907651E+02    88.24    88.24    0.0251026530767103    0.00000e+00    0.00000e+00    7.56422956E+10
    2.66141786370659e-03    3.77323438816629e-03    1.28959954361455e-03    9.1442234E+02    88.04    88.04    0.0251535737914687    0.00000e+00    0.00000e+00    7.56925229E+10
    2.66841697337666e-03    3.78347714376982e-03    1.29308157243502e-03    9.0980155E+02    87.85    87.85    0.0251000235601646    0.00000e+00    0.00000e+00    7.57427502E+10
    2.67541773141325e-03    3.79371926911557e-03    1.29656311644180e-03    9.0521382E+02    87.65    87.65    0.0249113589843233    0.00000e+00    0.00000e+00    7.57929774E+10
    2.68242013781636e-03    3.80396071572217e-03    1.30004417563491e-03    9.0065867E+02    87.45    87.45    0.0248315233414118    0.00000e+00    0.00000e+00    7.58432047E+10
    2.68942414410461e-03    3.81420148358962e-03    1.30352475001433e-03    8.9613618E+02    87.26    87.26    0.0247988645299154    0.00000e+00    0.00000e+00    7.58934320E+10
    2.69642975027801e-03    3.82444157271791e-03    1.30700483958007e-03    8.9164568E+02    87.07    87.07    0.0247081427186657    0.00000e+00    0.00000e+00    7.59436593E+10
    2.70343705329929e-03    3.83468098310705e-03    1.31048439585076e-03    8.8718726E+02    86.88    86.88    0.0246337834209586    0.00000e+00    0.00000e+00    7.59938866E+10
    2.71044595620573e-03    3.84491966627566e-03    1.31396351578914e-03    8.8276024E+02    86.68    86.68    0.0245700936294104    0.00000e+00    0.00000e+00    7.60441139E+10
    2.71745645899731e-03    3.85515767070513e-03    1.31744219939520e-03    8.7836473E+02    86.49    86.49    0.0244974244675993    0.00000e+00    0.00000e+00    7.60943412E+10
    2.72446861015540e-03    3.86539494791407e-03    1.32092034970622e-03    8.7400044E+02    86.30    86.30    0.0243648790759652    0.00000e+00    0.00000e+00    7.61445685E+10
    2.73148236119865e-03    3.87563144942112e-03    1.32439801520355e-03    8.6966690E+02    86.11    86.11    0.0242831355798172    0.00000e+00    0.00000e+00    7.61947957E+10
    2.73849776060841e-03    3.88586727218901e-03    1.32787524436858e-03    8.6536383E+02    85.93    85.93    0.0242271175277336    0.00000e+00    0.00000e+00    7.62450230E+10
    2.74551475990331e-03    3.89610231925502e-03    1.33135203720128e-03    8.6109134E+02    85.74    85.74    0.0242259940149633    0.00000e+00    0.00000e+00    7.62952503E+10
    2.75253335908337e-03    3.90633659061914e-03    1.33482834522031e-03    8.5684896E+02    85.55    85.55    0.0240668632300926    0.00000e+00    0.00000e+00    7.63454776E+10
    2.75955355814857e-03    3.91657013476274e-03    1.33830421690703e-03    8.5263642E+02    85.36    85.36    0.0240869126408005    0.00000e+00    0.00000e+00    7.63957049E+10
    2.76657535709892e-03    3.92680295168581e-03    1.34177960378006e-03    8.4845345E+02    85.18    85.18    0.0240646447799991    0.00000e+00    0.00000e+00    7.64459322E+10
    2.77359875593442e-03    3.93703494442563e-03    1.34525455432078e-03    8.4430016E+02    85.00    85.00    0.0239691819045661    0.00000e+00    0.00000e+00    7.64961595E+10
    2.78062375465506e-03    3.94726616146356e-03    1.34872911701056e-03    8.4017591E+02    84.81    84.81    0.0238543151613033    0.00000e+00    0.00000e+00    7.65463868E+10
    2.78765030477949e-03    3.95749660279959e-03    1.35220319488665e-03    8.3608063E+02    84.63    84.63    0.0237667719571876    0.00000e+00    0.00000e+00    7.65966140E+10
    2.79467840630769e-03    3.96772626843374e-03    1.35567688491180e-03    8.3201423E+02    84.45    84.45    0.0236092043751806    0.00000e+00    0.00000e+00    7.66468413E+10
    2.80170810772104e-03    3.97795510988463e-03    1.35915009012327e-03    8.2797645E+02    84.26    84.26    0.0235694866594251    0.00000e+00    0.00000e+00    7.66970686E+10
    2.80873931205681e-03    3.98818312715226e-03    1.36262290748379e-03    8.2396703E+02    84.08    84.08    0.0234989127083114    0.00000e+00    0.00000e+00    7.67472959E+10
    2.81577206779635e-03    3.99841036871800e-03    1.36609533699337e-03    8.1998573E+02    83.90    83.90    0.0234596395639326    0.00000e+00    0.00000e+00    7.67975232E+10
    2.82280637493967e-03    4.00863678610049e-03    1.36956733017064e-03    8.1603229E+02    83.72    83.72    0.0234029556029603    0.00000e+00    0.00000e+00    7.68477505E+10
    2.82984218500541e-03    4.01886237929971e-03    1.37303893549696e-03    8.1210662E+02    83.55    83.55    0.0232903340156491    0.00000e+00    0.00000e+00    7.68979778E+10
    2.83687949799355e-03    4.02908714831568e-03    1.37651010449097e-03    8.0820866E+02    83.37    83.37    0.0233215340015179    0.00000e+00    0.00000e+00    7.69482051E+10
    2.84391826542274e-03    4.03931109314839e-03    1.37998088563403e-03    8.0433782E+02    83.19    83.19    0.0233033289957915    0.00000e+00    0.00000e+00    7.69984324E+10
    2.85095858425571e-03    4.04953416531648e-03    1.38345132740752e-03    8.0049419E+02    83.02    83.02    0.0231966606187953    0.00000e+00    0.00000e+00    7.70486596E+10
    2.85800030904835e-03    4.05975641330130e-03    1.38692133284869e-03    7.9667752E+02    82.84    82.84    0.0231002016399349    0.00000e+00    0.00000e+00    7.70988869E+10
    2.86504348828204e-03    4.06997783710287e-03    1.39039095043892e-03    7.9288774E+02    82.67    82.67    0.0229883683203048    0.00000e+00    0.00000e+00    7.71491142E+10
    2.87208812195677e-03    4.08019838823981e-03    1.39386018017820e-03    7.8912445E+02    82.49    82.49    0.0228579187528615    0.00000e+00    0.00000e+00    7.71993415E+10
    2.87913421007254e-03    4.09041811519350e-03    1.39732907054791e-03    7.8538756E+02    82.32    82.32    0.0228330552523987    0.00000e+00    0.00000e+00    7.72495688E+10
    2.88618165566662e-03    4.10063696948256e-03    1.40079752458530e-03    7.8167702E+02    82.15    82.15    0.0227782424287612    0.00000e+00    0.00000e+00    7.72997961E+10
    2.89323050722038e-03    4.11085495110699e-03    1.40426568773449e-03    7.7799241E+02    81.97    81.97    0.0227357451865175    0.00000e+00    0.00000e+00    7.73500234E+10
    2.90028071625244e-03    4.12107206006680e-03    1.40773346303273e-03    7.7433382E+02    81.80    81.80    0.0226621463896123    0.00000e+00    0.00000e+00    7.74002507E+10
    2.90733233124418e-03    4.13128834484335e-03    1.41120085048003e-03    7.7070087E+02    81.63    81.63    0.0225548164847651    0.00000e+00    0.00000e+00    7.74504779E+10
    2.91438525523286e-03    4.14150375695527e-03    1.41466789855774e-03    7.6709348E+02    81.46    81.46    0.0225317365815106    0.00000e+00    0.00000e+00    7.75007052E+10
    2.92143953669984e-03    4.15171829640257e-03    1.41813465574725e-03    7.6351158E+02    81.30    81.30    0.0225641707383972    0.00000e+00    0.00000e+00    7.75509325E+10
    2.92849512716377e-03    4.16193196318524e-03    1.42160102508582e-03    7.5995493E+02    81.13    81.13    0.0224709987031494    0.00000e+00    0.00000e+00    7.76011598E+10
    2.93555202662463e-03    4.17214475730328e-03    1.42506705505481e-03    7.5642348E+02    80.96    80.96    0.0223812453547936    0.00000e+00    0.00000e+00    7.76513871E+10
    2.94261023508243e-03    4.18235672723807e-03    1.42853279413559e-03    7.5291682E+02    80.79    80.79    0.0221985377084253    0.00000e+00    0.00000e+00    7.77016144E+10
    2.94966965557443e-03    4.19256777602686e-03    1.43199819384679e-03    7.4943489E+02    80.63    80.63    0.0221754660706641    0.00000e+00    0.00000e+00    7.77518417E+10
    2.95673033658201e-03    4.20277795215103e-03    1.43546325418842e-03    7.4597763E+02    80.46    80.46    0.0221326284175682    0.00000e+00    0.00000e+00    7.78020690E+10
    2.96379227810515e-03    4.21298725561057e-03    1.43892802364183e-03    7.4254481E+02    80.30    80.30    0.0220702476663624    0.00000e+00    0.00000e+00    7.78522962E+10
    2.97085543166250e-03    4.22319573488685e-03    1.44239250220704e-03    7.3913636E+02    80.13    80.13    0.0220171288101623    0.00000e+00    0.00000e+00    7.79025235E+10
    2.97791974877269e-03    4.23340329301714e-03    1.44585668988404e-03    7.3575190E+02    79.97    79.97    0.0219600179729789    0.00000e+00    0.00000e+00    7.79527508E+10
    2.98498527791707e-03    4.24361002696417e-03    1.44932058667283e-03    7.3239152E+02    79.81    79.81    0.0218575013869682    0.00000e+00    0.00000e+00    7.80029781E+10
    2.99205197061429e-03    4.25381588824658e-03    1.45278419257342e-03    7.2905485E+02    79.65    79.65    0.0218498636260471    0.00000e+00    0.00000e+00    7.80532054E+10
    2.99911982686435e-03    4.26402092534572e-03    1.45624750758579e-03    7.2574197E+02    79.49    79.49    0.0218802754131275    0.00000e+00    0.00000e+00    7.81034327E+10
    3.00618884666724e-03    4.27422504129888e-03    1.45971053170996e-03    7.2245252E+02    79.33    79.33    0.0218426840488611    0.00000e+00    0.00000e+00    7.81536600E+10
    3.01325893306023e-03    4.28442833306877e-03    1.46317336190865e-03    7.1918643E+02    79.17    79.17    0.0216983789848892    0.00000e+00    0.00000e+00    7.82038873E+10
    3.02033013452468e-03    4.29463075217404e-03    1.46663590121913e-03    7.1594364E+02    79.01    79.01    0.0215463844522320    0.00000e+00    0.00000e+00    7.82541145E+10
    3.02740240257924e-03    4.30483229861468e-03    1.47009819812278e-03    7.1272378E+02    78.85    78.85    0.0214783918816853    0.00000e+00    0.00000e+00    7.83043418E+10
    3.03447573722389e-03    4.31503302087207e-03    1.47356020413821e-03    7.0952679E+02    78.69    78.69    0.0214428392137652    0.00000e+00    0.00000e+00    7.83545691E+10
    3.04155013845864e-03    4.32523291894620e-03    1.47702206470954e-03    7.0635246E+02    78.54    78.54    0.0214113034195388    0.00000e+00    0.00000e+00    7.84047964E+10
    3.04862555780212e-03    4.33543194435570e-03    1.48048363439266e-03    7.0320073E+02    78.38    78.38    0.0213751206187849    0.00000e+00    0.00000e+00    7.84550237E+10
    3.05570194677296e-03    4.34563014558194e-03    1.48394501015031e-03    7.0007140E+02    78.23    78.23    0.0212994720870021    0.00000e+00    0.00000e+00    7.85052510E+10
    3.06277940233390e-03    4.35582752262493e-03    1.48740614350112e-03    6.9696439E+02    78.07    78.07    0.0211874185727678    0.00000e+00    0.00000e+00    7.85554783E+10
    3.06985777904084e-03    4.36602407548465e-03    1.49086713140783e-03    6.9387937E+02    77.92    77.92    0.0211926127941101    0.00000e+00    0.00000e+00    7.86057056E+10
    3.07693717385650e-03    4.37621980416112e-03    1.49432787690769e-03    6.9081627E+02    77.77    77.77    0.0212185947714300    0.00000e+00    0.00000e+00    7.86559329E+10
    3.08401748981816e-03    4.38641470865433e-03    1.49778847696345e-03    6.8777503E+02    77.61    77.61    0.0211416082055601    0.00000e+00    0.00000e+00    7.87061601E+10
    3.09109872692582e-03    4.39660878896429e-03    1.50124888309374e-03    6.8475546E+02    77.46    77.46    0.0210320760658866    0.00000e+00    0.00000e+00    7.87563874E+10
    3.09818083669810e-03    4.40680209357235e-03    1.50470909529855e-03    6.8175735E+02    77.31    77.31    0.0209101598197929    0.00000e+00    0.00000e+00    7.88066147E+10
    3.10526386761637e-03    4.41699462247853e-03    1.50816916205927e-03    6.7878051E+02    77.16    77.16    0.0208231652938333    0.00000e+00    0.00000e+00    7.88568420E+10
    3.11234777119927e-03    4.42718627872008e-03    1.51162908337587e-03    6.7582488E+02    77.01    77.01    0.0208017050443250    0.00000e+00    0.00000e+00    7.89070693E+10
    3.11943254744680e-03    4.43737720774110e-03    1.51508885924837e-03    6.7289027E+02    76.86    76.86    0.0207330011379305    0.00000e+00    0.00000e+00    7.89572966E+10
    3.12651814787758e-03    4.44756736106024e-03    1.51854848967677e-03    6.6997649E+02    76.71    76.71    0.0207361878191603    0.00000e+00    0.00000e+00    7.90075239E+10
    3.13360457249162e-03    4.45775673867749e-03    1.52200797466106e-03    6.6708334E+02    76.57    76.57    0.0206726768700772    0.00000e+00    0.00000e+00    7.90577512E+10
    3.14069182128892e-03    4.46794534059284e-03    1.52546736268262e-03    6.6421077E+02    76.42    76.42    0.0205698148022169    0.00000e+00    0.00000e+00    7.91079784E+10
    3.14777989426948e-03    4.47813321528768e-03    1.52892660526007e-03    6.6135860E+02    76.27    76.27    0.0205700365177873    0.00000e+00    0.00000e+00    7.91582057E+10
    3.15486869447056e-03    4.48832036276199e-03    1.53238579935616e-03    6.5852664E+02    76.13    76.13    0.0206005185322341    0.00000e+00    0.00000e+00    7.92084330E+10
    3.16195827037353e-03    4.49850673453442e-03    1.53584484800814e-03    6.5571470E+02    75.98    75.98    0.0205261587783612    0.00000e+00    0.00000e+00    7.92586603E+10
    3.16904857349702e-03    4.50869237908632e-03    1.53930384817875e-03    6.5292261E+02    75.84    75.84    0.0203881034591377    0.00000e+00    0.00000e+00    7.93088876E+10
    3.17613960384103e-03    4.51887729641770e-03    1.54276275138663e-03    6.5015031E+02    75.69    75.69    0.0202947936156327    0.00000e+00    0.00000e+00    7.93591149E+10
    3.18323136140557e-03    4.52906153500993e-03    1.54622160611314e-03    6.4739762E+02    75.55    75.55    0.0202360231845545    0.00000e+00    0.00000e+00    7.94093422E+10
    3.19032379770925e-03    4.53924504638164e-03    1.54968041235828e-03    6.4466425E+02    75.41    75.41    0.0202114471267555    0.00000e+00    0.00000e+00    7.94595695E+10
    3.19741691275210e-03    4.54942783053282e-03    1.55313912164068e-03    6.4195027E+02    75.27    75.27    0.0201494197864071    0.00000e+00    0.00000e+00    7.95097967E+10
    3.20451070653409e-03    4.55960998442622e-03    1.55659783092308e-03    6.3925537E+02    75.13    75.13    0.0201433108086253    0.00000e+00    0.00000e+00    7.95600240E+10
    3.21160513057387e-03    4.56979145958046e-03    1.56005649172412e-03    6.3657940E+02    74.99    74.99    0.0200954813120087    0.00000e+00    0.00000e+00    7.96102513E+10
    3.21870018487144e-03    4.57997225599556e-03    1.56351510404378e-03    6.3392217E+02    74.85    74.85    0.0199730858074125    0.00000e+00    0.00000e+00    7.96604786E+10
    3.22579586942679e-03    4.59015237367149e-03    1.56697376484482e-03    6.3128364E+02    74.71    74.71    0.0200327658138622    0.00000e+00    0.00000e+00    7.97107059E+10
    3.23289218423992e-03    4.60033186108965e-03    1.57043237716449e-03    6.2866365E+02    74.57    74.57    0.0200025612461404    0.00000e+00    0.00000e+00    7.97609332E+10
    3.23998903234811e-03    4.61051071825001e-03    1.57389098948416e-03    6.2606191E+02    74.43    74.43    0.0198972102386104    0.00000e+00    0.00000e+00    7.98111605E+10
    3.24708646223271e-03    4.62068894515259e-03    1.57734965028519e-03    6.2347837E+02    74.29    74.29    0.0198075718543036    0.00000e+00    0.00000e+00    7.98613878E+10
    3.25418447389373e-03    4.63086654179739e-03    1.58080831108623e-03    6.2091288E+02    74.16    74.16    0.0197029166915442    0.00000e+00    0.00000e+00    7.99116151E+10
    3.26128301884980e-03    4.64104355666577e-03    1.58426697188726e-03    6.1836527E+02    74.02    74.02    0.0197142699165170    0.00000e+00    0.00000e+00    7.99618423E+10
    3.26838209710092e-03    4.65121998975773e-03    1.58772572965103e-03    6.1583539E+02    73.89    73.89    0.0196505153165485    0.00000e+00    0.00000e+00    8.00120696E+10
    3.27548166016572e-03    4.66139579259191e-03    1.59118448741480e-03    6.1332308E+02    73.75    73.75    0.0195904835935946    0.00000e+00    0.00000e+00    8.00622969E+10
    3.28258170804420e-03    4.67157106213103e-03    1.59464334214131e-03    6.1082829E+02    73.62    73.62    0.0195916806618445    0.00000e+00    0.00000e+00    8.01125242E+10
    3.28968228921773e-03    4.68174574989374e-03    1.59810224534919e-03    6.0835076E+02    73.48    73.48    0.0195404527729005    0.00000e+00    0.00000e+00    8.01627515E+10
    3.29678330672358e-03    4.69191985588004e-03    1.60156119703843e-03    6.0589034E+02    73.35    73.35    0.0194129422701105    0.00000e+00    0.00000e+00    8.02129788E+10
    3.30388480904310e-03    4.70209347705265e-03    1.60502029417178e-03    6.0344699E+02    73.22    73.22    0.0194702625227456    0.00000e+00    0.00000e+00    8.02632061E+10
    3.31098669921357e-03    4.71226656493021e-03    1.60847943978650e-03    6.0102044E+02    73.09    73.09    0.0194396373763928    0.00000e+00    0.00000e+00    8.03134334E+10
    3.31808907419772e-03    4.72243907103135e-03    1.61193868236395e-03    5.9861067E+02    72.95    72.95    0.0193171296165082    0.00000e+00    0.00000e+00    8.03636606E+10
