    2.56938544021472e-05    -5.59426894483239e-05    -1.40860864868987e-05    5.1303140E+06    474.74    474.74    1.1504167200600817    0.00000e+00    0.00000e+00    5.78618357E+10
    3.96372325883156e-05    -6.69547619454563e-05    -1.91794653289559e-05    2.9594302E+06    504.90    504.90    0.8092749245154770    0.00000e+00    0.00000e+00    5.79120629E+10
    5.17555718507373e-05    -7.63378750184711e-05    -2.25731960033077e-05    2.9412183E+06    686.89    686.89    0.7085137567865699    0.00000e+00    0.00000e+00    5.79622902E+10
    6.18632971478120e-05    -8.40661929463020e-05    -2.38457654967460e-05    2.6097901E+06    678.37    678.37    0.6889476536428077    0.00000e+00    0.00000e+00    5.80125175E+10
    7.05491608809288e-05    -9.05513322404846e-05    -2.35401888879837e-05    1.9975362E+06    607.36    607.36    0.6597456948583650    0.00000e+00    0.00000e+00    5.80627448E+10
    7.81242728373922e-05    -9.59397163289875e-05    -2.20824874726496e-05    1.4963220E+06    541.95    541.95    0.6124242337766783    0.00000e+00    0.00000e+00    5.81129721E+10
    8.48031485266830e-05    -1.00324773656297e-04    -1.99175476163318e-05    1.1831292E+06    495.66    495.66    0.5786903116306937    0.00000e+00    0.00000e+00    5.81631994E+10
    9.07870001708719e-05    -1.03868039292823e-04    -1.73577711347953e-05    9.8713526E+05    461.44    461.44    0.5530151953814869    0.00000e+00    0.00000e+00    5.82134267E+10
    9.62358453735460e-05    -1.06741195459320e-04    -1.45874628577960e-05    8.5629193E+05    439.20    439.20    0.5239366019922904    0.00000e+00    0.00000e+00    5.82636540E+10
    1.01294711299272e-04    -1.09084207865523e-04    -1.18400145154883e-05    7.9837875E+05    478.71    478.71    0.4885041444622210    0.00000e+00    0.00000e+00    5.83138813E+10
    1.07188537891016e-04    -1.11734897578168e-04    -9.83361115696175e-06    9.5039997E+05    1286.72    1286.72    0.4519582325556453    0.00000e+00    0.00000e+00    5.83641085E+10
    1.16175020043378e-04    -1.16313007713296e-04    -1.00086167755003e-05    1.1774928E+06    2052.27    2052.27    0.4210942628936897    0.00000e+00    0.00000e+00    5.84143358E+10
    1.27084365369621e-04    -1.22562115466830e-04    -1.21760131827402e-05    1.2800338E+06    2202.62    2202.62    0.4013050207438114    0.00000e+00    0.00000e+00    5.84645631E+10
    1.38790632880460e-04    -1.29867763131196e-04    -1.54342791575711e-05    1.2692616E+06    2106.21    2106.21    0.3782544992560113    0.00000e+00    0.00000e+00    5.85147904E+10
    1.50811272974678e-04    -1.37531576598756e-04    -1.92550977176501e-05    1.1687887E+06    1910.23    1910.23    0.3655887668989227    0.00000e+00    0.00000e+00    5.85650177E+10
    1.62814212521399e-04    -1.45045810501282e-04    -2.31066617069440e-05    1.0382276E+06    1715.06    1715.06    0.3534076945450982    0.00000e+00    0.00000e+00    5.86152450E+10
    1.74740478784453e-04    -1.52502540653092e-04    -2.66043446763582e-05    9.0593155E+05    1561.02    1561.02    0.3422135113455545    0.00000e+00    0.00000e+00    5.86654723E+10
    1.86625807380273e-04    -1.59912849894936e-04    -2.98919268496721e-05    7.8166574E+05    1436.71    1436.71    0.3302139627630450    0.00000e+00    0.00000e+00    5.87156996E+10
    1.98409935968299e-04    -1.67114742583408e-04    -3.32741994374846e-05    6.7038273E+05    1330.46    1330.46    0.3226352935163029    0.00000e+00    0.00000e+00    5.87659268E+10
    2.09998602224512e-04    -1.74036757181912e-04    -3.69273539125981e-05    5.7667405E+05    1240.02    1240.02    0.3161405909414690    0.00000e+00    0.00000e+00    5.88161541E+10
    2.21323137139119e-04    -1.80721217924809e-04    -4.08581083381918e-05    5.0338016E+05    1167.64    1167.64    0.3108320834068412    0.00000e+00    0.00000e+00    5.88663814E+10
    2.32352784132192e-04    -1.87263463422489e-04    -4.49819533870704e-05    4.4791038E+05    1109.89    1109.89    0.3095377949243683    0.00000e+00    0.00000e+00    5.89166087E+10
    2.43082792029655e-04    -1.93741524436928e-04    -4.92141445974034e-05    4.0427808E+05    1061.27    1061.27    0.3059532131202098    0.00000e+00    0.00000e+00    5.89668360E+10
    2.53527288302176e-04    -2.00181706958461e-04    -5.34946130692876e-05    3.6696595E+05    1016.60    1016.60    0.3022667894975812    0.00000e+00    0.00000e+00    5.90170633E+10
    2.63704865554425e-04    -2.06565723815038e-04    -5.77774086468412e-05    3.3269003E+05    972.65    972.65    0.2972274645179664    0.00000e+00    0.00000e+00    5.90672906E+10
    2.73635381754780e-04    -2.12851939207724e-04    -6.20265339142416e-05    3.0023794E+05    928.96    928.96    0.2939794232746187    0.00000e+00    0.00000e+00    5.91175179E+10
    2.83341109243753e-04    -2.18997961028244e-04    -6.62156004628262e-05    2.6959788E+05    886.09    886.09    0.2948799473898117    0.00000e+00    0.00000e+00    5.91677451E+10
    2.92846797759762e-04    -2.24974283515966e-04    -7.03266992752148e-05    2.4123376E+05    844.48    844.48    0.2977470858469544    0.00000e+00    0.00000e+00    5.92179724E+10
    3.02178161820456e-04    -2.30769906248464e-04    -7.43493826165795e-05    2.1567029E+05    805.26    805.26    0.2982730306926896    0.00000e+00    0.00000e+00    5.92681997E+10
    3.11361080780130e-04    -2.36392625029731e-04    -7.82811246076416e-05    1.9323066E+05    769.15    769.15    0.2950983213411297    0.00000e+00    0.00000e+00    5.93184270E+10
    3.20418641466280e-04    -2.41863868624473e-04    -8.21237239071581e-05    1.7395277E+05    736.78    736.78    0.2912807314721149    0.00000e+00    0.00000e+00    5.93686543E+10
    3.29368709263054e-04    -2.47211731985508e-04    -8.58797597239125e-05    1.5760775E+05    708.29    708.29    0.2893882015704212    0.00000e+00    0.00000e+00    5.94188816E+10
    3.38223457841985e-04    -2.52465061526865e-04    -8.95510646536194e-05    1.4379323E+05    683.28    683.28    0.2850418433007558    0.00000e+00    0.00000e+00    5.94691089E+10
    3.46989577631873e-04    -2.57649969313406e-04    -9.31384095500317e-05    1.3205975E+05    661.17    661.17    0.2686840143016657    0.00000e+00    0.00000e+00    5.95193362E+10
    3.55669303623786e-04    -2.62787714425049e-04    -9.66417556280550e-05    1.2197428E+05    641.33    641.33    0.2658443366989612    0.00000e+00    0.00000e+00    5.95695635E+10
    3.64262175244730e-04    -2.67893936951146e-04    -1.00060787758797e-04    1.1317349E+05    623.23    623.23    0.2643891106475579    0.00000e+00    0.00000e+00    5.96197907E+10
    3.72766839864532e-04    -2.72978706471854e-04    -1.03395535031077e-04    1.0539613E+05    606.51    606.51    0.2613647997971569    0.00000e+00    0.00000e+00    5.96700180E+10
    3.81183127798404e-04    -2.78047481989223e-04    -1.06646986464806e-04    9.8487503E+04    591.02    591.02    0.2565665951849072    0.00000e+00    0.00000e+00    5.97202453E+10
    3.89514078828128e-04    -2.83103172385338e-04    -1.09817978220019e-04    9.2396312E+04    577.15    577.15    0.2537322600244648    0.00000e+00    0.00000e+00    5.97704726E+10
    3.97768662006803e-04    -2.88149733739838e-04    -1.12916228530517e-04    8.7157056E+04    565.75    565.75    0.2517521455800328    0.00000e+00    0.00000e+00    5.98206999E+10
    4.05965251772944e-04    -2.93196799300566e-04    -1.15958570127310e-04    8.2861641E+04    558.14    558.14    0.2483927529572379    0.00000e+00    0.00000e+00    5.98709272E+10
    4.14132951491828e-04    -2.98262050222472e-04    -1.18972705264136e-04    7.9608073E+04    555.74    555.74    0.2433280626310827    0.00000e+00    0.00000e+00    5.99211545E+10
    4.22312829730381e-04    -3.03371564633464e-04    -1.21996328204702e-04    7.7433691E+04    559.58    559.58    0.2409324455574773    0.00000e+00    0.00000e+00    5.99713818E+10
    4.30555947065498e-04    -3.08555657933021e-04    -1.25074541165760e-04    7.6298682E+04    569.42    569.42    0.2384011614835965    0.00000e+00    0.00000e+00    6.00216090E+10
    4.38913436796125e-04    -3.13842371744459e-04    -1.28252000335478e-04    7.5964807E+04    582.59    582.59    0.2348526052656286    0.00000e+00    0.00000e+00    6.00718363E+10
    4.47422304750543e-04    -3.19249314500675e-04    -1.31561241559996e-04    7.6097691E+04    595.74    595.74    0.2305353706712849    0.00000e+00    0.00000e+00    6.01220636E+10
    4.56102869470125e-04    -3.24781082235366e-04    -1.35018937581806e-04    7.6368362E+04    606.39    606.39    0.2274227376022775    0.00000e+00    0.00000e+00    6.01722909E+10
    4.64958093166464e-04    -3.30427556887007e-04    -1.38624521168902e-04    7.6503386E+04    613.24    613.24    0.2236501069053733    0.00000e+00    0.00000e+00    6.02225182E+10
    4.73977222672112e-04    -3.36167964189364e-04    -1.42364315727339e-04    7.6312993E+04    616.07    616.07    0.2211741231307120    0.00000e+00    0.00000e+00    6.02727455E+10
    4.83143139215990e-04    -3.41979178529847e-04    -1.46221289752500e-04    7.5688698E+04    615.18    615.18    0.2187566937843809    0.00000e+00    0.00000e+00    6.03229728E+10
    4.92438782204659e-04    -3.47838399121033e-04    -1.50181388495770e-04    7.4592964E+04    611.10    611.10    0.2155459495184206    0.00000e+00    0.00000e+00    6.03732001E+10
    5.01846543205221e-04    -3.53724124476165e-04    -1.54228845816240e-04    7.3054272E+04    604.47    604.47    0.2124449024192021    0.00000e+00    0.00000e+00    6.04234273E+10
    5.11349133761809e-04    -3.59618096512013e-04    -1.58345296971668e-04    7.1146899E+04    595.99    595.99    0.2075301586220615    0.00000e+00    0.00000e+00    6.04736546E+10
    5.20931136799362e-04    -3.65506163517225e-04    -1.62511378503631e-04    6.8964816E+04    586.27    586.27    0.2046388072135449    0.00000e+00    0.00000e+00    6.05238819E+10
    5.30580674382693e-04    -3.71378420748297e-04    -1.66708769303120e-04    6.6599479E+04    575.79    575.79    0.2010687248367727    0.00000e+00    0.00000e+00    6.05741092E+10
    5.40288971384176e-04    -3.77228909845086e-04    -1.70920103344078e-04    6.4132757E+04    564.91    564.91    0.1982873409886448    0.00000e+00    0.00000e+00    6.06243365E+10
    5.50048804079960e-04    -3.83054474670529e-04    -1.75128780606064e-04    6.1634125E+04    553.91    553.91    0.1944793872348465    0.00000e+00    0.00000e+00    6.06745638E+10
    5.59853821410823e-04    -3.88853462009974e-04    -1.79318787693190e-04    5.9153536E+04    542.98    542.98    0.1911759820310752    0.00000e+00    0.00000e+00    6.07247911E+10
    5.69698351056697e-04    -3.94626191840451e-04    -1.83475871083232e-04    5.6724004E+04    532.22    532.22    0.1887627291854940    0.00000e+00    0.00000e+00    6.07750184E+10
    5.79577253992562e-04    -4.00374196173190e-04    -1.87587852256520e-04    5.4365840E+04    521.68    521.68    0.1855016813201948    0.00000e+00    0.00000e+00    6.08252456E+10
    5.89485585118870e-04    -4.06100010583745e-04    -1.91645737919270e-04    5.2088647E+04    511.38    511.38    0.1842126348408911    0.00000e+00    0.00000e+00    6.08754729E+10
    5.99418593261547e-04    -4.11806994830926e-04    -1.95643666674077e-04    4.9895574E+04    501.29    501.29    0.1815596924750681    0.00000e+00    0.00000e+00    6.09257002E+10
    6.09370896988731e-04    -4.17498644421374e-04    -1.99578370876731e-04    4.7788116E+04    491.43    491.43    0.1786610615088953    0.00000e+00    0.00000e+00    6.09759275E+10
    6.19336484610779e-04    -4.23178716661116e-04    -2.03448308819725e-04    4.5766287E+04    481.81    481.81    0.1758206551744572    0.00000e+00    0.00000e+00    6.10261548E+10
    6.29308908105729e-04    -4.28851017337550e-04    -2.07252884182232e-04    4.3828323E+04    472.43    472.43    0.1726639650163420    0.00000e+00    0.00000e+00    6.10763821E+10
    6.39281816414361e-04    -4.34519075894275e-04    -2.10992761158995e-04    4.1971693E+04    463.28    463.28    0.1693162394483415    0.00000e+00    0.00000e+00    6.11266094E+10
    6.49248664551979e-04    -4.40186087253448e-04    -2.14669520242614e-04    4.0193814E+04    454.35    454.35    0.1676264260076019    0.00000e+00    0.00000e+00    6.11768367E+10
    6.59203489310305e-04    -4.45854722738454e-04    -2.18285498235033e-04    3.8493190E+04    445.64    445.64    0.1652449040234536    0.00000e+00    0.00000e+00    6.12270640E+10
    6.69140957738848e-04    -4.51527052503709e-04    -2.21843700981074e-04    3.6869566E+04    437.17    437.17    0.1627457488463769    0.00000e+00    0.00000e+00    6.12772912E+10
    6.79056609551741e-04    -4.57204574623489e-04    -2.25347677316883e-04    3.5323133E+04    428.96    428.96    0.1588322044541079    0.00000e+00    0.00000e+00    6.13275185E+10
    6.88946905609112e-04    -4.62888326599071e-04    -2.28801451196013e-04    3.3854254E+04    421.01    421.01    0.1569060630549089    0.00000e+00    0.00000e+00    6.13777458E+10
    6.98809276398450e-04    -4.68579016258430e-04    -2.32209342308362e-04    3.2463280E+04    413.35    413.35    0.1552799912133857    0.00000e+00    0.00000e+00    6.14279731E+10
    7.08642364441450e-04    -4.74277278707487e-04    -2.35576014561544e-04    3.1150613E+04    406.00    406.00    0.1547191545307436    0.00000e+00    0.00000e+00    6.14782004E+10
    7.18445927331271e-04    -4.79983962370186e-04    -2.38906456688336e-04    2.9916449E+04    398.98    398.98    0.1535166521941793    0.00000e+00    0.00000e+00    6.15284277E+10
    7.28220595325697e-04    -4.85700211406813e-04    -2.42205870739538e-04    2.8760800E+04    392.30    392.30    0.1513834623935061    0.00000e+00    0.00000e+00    6.15786550E+10
    7.37967822865772e-04    -4.91427266940392e-04    -2.45479647843282e-04    2.7683282E+04    386.01    386.01    0.1486499860726342    0.00000e+00    0.00000e+00    6.16288823E+10
    7.47689355280749e-04    -4.97166588260103e-04    -2.48733431230817e-04    2.6682961E+04    380.10    380.10    0.1468933337361722    0.00000e+00    0.00000e+00    6.16791095E+10
    7.57387374232191e-04    -5.02919629806989e-04    -2.51972927159170e-04    2.5758522E+04    374.60    374.60    0.1448658669657064    0.00000e+00    0.00000e+00    6.17293368E+10
    7.67064643158082e-04    -5.08687894503462e-04    -2.55203880670462e-04    2.4908652E+04    369.51    369.51    0.1426689855868703    0.00000e+00    0.00000e+00    6.17795641E+10
    7.76724410310086e-04    -5.14473030716038e-04    -2.58432119225140e-04    2.4131462E+04    364.86    364.86    0.1403340808963437    0.00000e+00    0.00000e+00    6.18297914E+10
    7.86370505716282e-04    -5.20276832255336e-04    -2.61663528461292e-04    2.3423803E+04    360.65    360.65    0.1393209246426483    0.00000e+00    0.00000e+00    6.18800187E+10
    7.96007341181168e-04    -5.26101044450609e-04    -2.64903901902408e-04    2.2781320E+04    356.85    356.85    0.1375185910262483    0.00000e+00    0.00000e+00    6.19302460E+10
    8.05639376990612e-04    -5.31947558075214e-04    -2.68158839146504e-04    2.2198740E+04    353.43    353.43    0.1357318196293504    0.00000e+00    0.00000e+00    6.19804733E+10
    8.15271170393215e-04    -5.37818166939769e-04    -2.71433634358979e-04    2.1670155E+04    350.35    350.35    0.1355701579501032    0.00000e+00    0.00000e+00    6.20307006E+10
    8.24907230156212e-04    -5.43714664854896e-04    -2.74733252031926e-04    2.1189289E+04    347.55    347.55    0.1350427829676591    0.00000e+00    0.00000e+00    6.20809278E+10
    8.34551628714524e-04    -5.49638748668477e-04    -2.78062200932581e-04    2.0749884E+04    344.98    344.98    0.1334969142123094    0.00000e+00    0.00000e+00    6.21311551E+10
    8.44207953689391e-04    -5.55591775858821e-04    -2.81424388659212e-04    2.0345921E+04    342.58    342.58    0.1315510275521561    0.00000e+00    0.00000e+00    6.21813824E+10
    8.53879259407005e-04    -5.61574861497394e-04    -2.84823010133979e-04    1.9971784E+04    340.30    340.30    0.1295898203018842    0.00000e+00    0.00000e+00    6.22316097E+10
    8.63567679047562e-04    -5.67588296472405e-04    -2.88260343981183e-04    1.9622168E+04    338.08    338.08    0.1279240195522591    0.00000e+00    0.00000e+00    6.22818370E+10
    8.73274909458945e-04    -5.73632032302484e-04    -2.91737912515781e-04    1.9292086E+04    335.90    335.90    0.1261050707774377    0.00000e+00    0.00000e+00    6.23320643E+10
    8.83001968749887e-04    -5.79705584173952e-04    -2.95256583554265e-04    1.8976914E+04    333.70    333.70    0.1241232504764913    0.00000e+00    0.00000e+00    6.23822916E+10
    8.92749390215434e-04    -5.85808273347654e-04    -2.98816657681115e-04    1.8672563E+04    331.47    331.47    0.1222874905453628    0.00000e+00    0.00000e+00    6.24325189E+10
    9.02517222336957e-04    -5.91939324121702e-04    -3.02417868248807e-04    1.8375621E+04    329.18    329.18    0.1208732160552132    0.00000e+00    0.00000e+00    6.24827461E+10
    9.12305174226245e-04    -5.98097863831468e-04    -3.06059570455145e-04    1.8083293E+04    326.82    326.82    0.1197049205418940    0.00000e+00    0.00000e+00    6.25329734E+10
    9.22112664106883e-04    -6.04283116775064e-04    -3.09740770432083e-04    1.7793335E+04    324.39    324.39    0.1211468667302405    0.00000e+00    0.00000e+00    6.25832007E+10
    9.31938867795611e-04    -6.10494161806494e-04    -3.13460067068083e-04    1.7504125E+04    321.89    321.89    0.1196365985867212    0.00000e+00    0.00000e+00    6.26334280E+10
    9.41782815665067e-04    -6.16730077779765e-04    -3.17215739274577e-04    1.7214557E+04    319.32    319.32    0.1175898591342071    0.00000e+00    0.00000e+00    6.26836553E+10
    9.51643101755578e-04    -6.22989798104779e-04    -3.21005750834103e-04    1.6923964E+04    316.69    316.69    0.1168090387375639    0.00000e+00    0.00000e+00    6.27338826E+10
    9.61518174663361e-04    -6.29272207710069e-04    -3.24827774640994e-04    1.6632016E+04    314.01    314.01    0.1155271451118201    0.00000e+00    0.00000e+00    6.27841099E+10
    9.71406386021903e-04    -6.35576046080064e-04    -3.28679304208516e-04    1.6338637E+04    311.29    311.29    0.1139214812114948    0.00000e+00    0.00000e+00    6.28343372E+10
    9.81306135946056e-04    -6.41900052699193e-04    -3.32557726390930e-04    1.6043934E+04    308.53    308.53    0.1122476564544249    0.00000e+00    0.00000e+00    6.28845645E+10
    9.91215824550671e-04    -6.48242967051885e-04    -3.36460379561125e-04    1.5748184E+04    305.75    305.75    0.1107133668243197    0.00000e+00    0.00000e+00    6.29347917E+10
    1.00113423980155e-03    -6.54603674066674e-04    -3.40384897828339e-04    1.5451721E+04    302.94    302.94    0.1090772041351496    0.00000e+00    0.00000e+00    6.29850190E+10
    1.01106046055269e-03    -6.60981107153462e-04    -3.44329404963625e-04    1.5154915E+04    300.12    300.12    0.1079608860534563    0.00000e+00    0.00000e+00    6.30352463E+10
    1.02099380806494e-03    -6.67374442128989e-04    -3.48292073219405e-04    1.4858228E+04    297.29    297.29    0.1071620251604987    0.00000e+00    0.00000e+00    6.30854736E+10
    1.03093355511778e-03    -6.73782660884527e-04    -3.52271103936922e-04    1.4562180E+04    294.45    294.45    0.1074541202406546    0.00000e+00    0.00000e+00    6.31357009E+10
    1.04087897449070e-03    -6.80204890755449e-04    -3.56264713001831e-04    1.4267336E+04    291.61    291.61    0.1064811896696622    0.00000e+00    0.00000e+00    6.31859282E+10
    1.05082943592589e-03    -6.86640259077129e-04    -3.60271135692331e-04    1.3974251E+04    288.77    288.77    0.1053541838814247    0.00000e+00    0.00000e+00    6.32361555E+10
    1.06078411524012e-03    -6.93087796222204e-04    -3.64288612134760e-04    1.3683464E+04    285.93    285.93    0.1035916570380785    0.00000e+00    0.00000e+00    6.32863828E+10
    1.07074223673147e-03    -6.99546532563314e-04    -3.68315387303594e-04    1.3395491E+04    283.11    283.11    0.1026583275126318    0.00000e+00    0.00000e+00    6.33366100E+10
    1.08070312166081e-03    -7.06015546954463e-04    -3.72349754654673e-04    1.3110831E+04    280.31    280.31    0.1020571214956253    0.00000e+00    0.00000e+00    6.33868373E+10
    1.09066599432625e-03    -7.12493530398712e-04    -3.76389993099431e-04    1.2829998E+04    277.53    277.53    0.1008345356556848    0.00000e+00    0.00000e+00    6.34370646E+10
    1.10063032143272e-03    -7.18979270861859e-04    -3.80434454271351e-04    1.2553478E+04    274.77    274.77    0.0994388930666794    0.00000e+00    0.00000e+00    6.34872919E+10
    1.11059561816656e-03    -7.25471653272438e-04    -3.84481615855475e-04    1.2281659E+04    272.04    272.04    0.0976960138059046    0.00000e+00    0.00000e+00    6.35375192E+10
    1.12056149667682e-03    -7.31969465596244e-04    -3.88530062195853e-04    1.2014888E+04    269.35    269.35    0.0967209611206795    0.00000e+00    0.00000e+00    6.35877465E+10
    1.13052781151939e-03    -7.38471592761813e-04    -3.92578527928779e-04    1.1753497E+04    266.69    266.69    0.0966157519662892    0.00000e+00    0.00000e+00    6.36379738E+10
    1.14049451421290e-03    -7.44977065141781e-04    -3.96625854349555e-04    1.1497783E+04    264.08    264.08    0.0963958728511074    0.00000e+00    0.00000e+00    6.36882011E+10
    1.15046150779462e-03    -7.51484864627419e-04    -4.00670979716218e-04    1.1248017E+04    261.52    261.52    0.0956723289054031    0.00000e+00    0.00000e+00    6.37384283E+10
    1.16042893770866e-03    -7.57994215516836e-04    -4.04712910160723e-04    1.1004416E+04    259.00    259.00    0.0951225831747417    0.00000e+00    0.00000e+00    6.37886556E+10
    1.17039675547364e-03    -7.64504293626775e-04    -4.08750651815023e-04    1.0767170E+04    256.53    256.53    0.0938168627558911    0.00000e+00    0.00000e+00    6.38388829E+10
    1.18036496108956e-03    -7.71014226292609e-04    -4.12783244748029e-04    1.0536407E+04    254.12    254.12    0.0925535591812688    0.00000e+00    0.00000e+00    6.38891102E+10
    1.19033360303780e-03    -7.77523334775186e-04    -4.16809777510022e-04    1.0312211E+04    251.75    251.75    0.0915379610218099    0.00000e+00    0.00000e+00    6.39393375E+10
    1.20030272979972e-03    -7.84030794891247e-04    -4.20829396828922e-04    1.0094616E+04    249.44    249.44    0.0907194953846518    0.00000e+00    0.00000e+00    6.39895648E+10
    1.21027243833806e-03    -7.90535830938902e-04    -4.24841327002839e-04    9.8836182E+03    247.19    247.19    0.0897565525662586    0.00000e+00    0.00000e+00    6.40397921E+10
    1.22024292257828e-03    -7.97037812660367e-04    -4.28844850507527e-04    9.6791669E+03    244.99    244.99    0.0886265024783831    0.00000e+00    0.00000e+00    6.40900194E+10
    1.23021432796450e-03    -8.03536061316486e-04    -4.32839351629608e-04    9.4811884E+03    242.85    242.85    0.0876810349446838    0.00000e+00    0.00000e+00    6.41402466E+10
    1.24018694538493e-03    -8.10030092093580e-04    -4.36824301922172e-04    9.2895791E+03    240.77    240.77    0.0870822235068153    0.00000e+00    0.00000e+00    6.41904739E+10
    1.25016116269050e-03    -8.16519371696600e-04    -4.40799255356632e-04    9.1042117E+03    238.75    238.75    0.0870071765930986    0.00000e+00    0.00000e+00    6.42407012E+10
    1.26013731925079e-03    -8.23003560755967e-04    -4.44763838626452e-04    8.9249372E+03    236.78    236.78    0.0868524959090692    0.00000e+00    0.00000e+00    6.42909285E+10
    1.27011565747265e-03    -8.29482368383475e-04    -4.48717726906467e-04    8.7516041E+03    234.86    234.86    0.0864636758626131    0.00000e+00    0.00000e+00    6.43411558E+10
    1.28009646824429e-03    -8.35955552172281e-04    -4.52660658397290e-04    8.5840434E+03    233.00    233.00    0.0857205023458572    0.00000e+00    0.00000e+00    6.43913831E+10
    1.29007999397253e-03    -8.42422772752810e-04    -4.56592395540215e-04    8.4220829E+03    231.18    231.18    0.0845013294334814    0.00000e+00    0.00000e+00    6.44416104E+10
    1.30006642858287e-03    -8.48883884680957e-04    -4.60512744409771e-04    8.2655430E+03    229.41    229.41    0.0832941253855947    0.00000e+00    0.00000e+00    6.44918377E+10
    1.31005601448213e-03    -8.55338645549881e-04    -4.64421549865580e-04    8.1142412E+03    227.68    227.68    0.0825311162450275    0.00000e+00    0.00000e+00    6.45420650E+10
    1.32004884863306e-03    -8.61786812952742e-04    -4.68318714944905e-04    7.9679917E+03    226.00    226.00    0.0816354958763370    0.00000e+00    0.00000e+00    6.45922922E+10
    1.33004527040522e-03    -8.68228241445436e-04    -4.72204205710789e-04    7.8266065E+03    224.36    224.36    0.0808745124516084    0.00000e+00    0.00000e+00    6.46425195E+10
    1.34004537676136e-03    -8.74662834065226e-04    -4.76078065796464e-04    7.6898973E+03    222.77    222.77    0.0803730605496024    0.00000e+00    0.00000e+00    6.46927468E+10
    1.35004950707106e-03    -8.81090493849376e-04    -4.79940377620254e-04    7.5576752E+03    221.21    221.21    0.0798028432417262    0.00000e+00    0.00000e+00    6.47429741E+10
    1.36005780677841e-03    -8.87511366241991e-04    -4.83791276929991e-04    7.4297541E+03    219.70    219.70    0.0791265927419338    0.00000e+00    0.00000e+00    6.47932014E+10
    1.37007042132753e-03    -8.93925451243070e-04    -4.87630933410464e-04    7.3059524E+03    218.22    218.22    0.0788698868533800    0.00000e+00    0.00000e+00    6.48434287E+10
    1.38008754464388e-03    -9.00332942778086e-04    -4.91459555531554e-04    7.1860997E+03    216.78    216.78    0.0789508293313552    0.00000e+00    0.00000e+00    6.48936560E+10
    1.39010922520883e-03    -9.06733937809775e-04    -4.95277414788923e-04    7.0700280E+03    215.37    215.37    0.0783578900786998    0.00000e+00    0.00000e+00    6.49438833E+10
    1.40013555998512e-03    -9.13128630263610e-04    -4.99084753589412e-04    6.9575734E+03    213.99    213.99    0.0775264025004720    0.00000e+00    0.00000e+00    6.49941105E+10
    1.41016654897275e-03    -9.19517214065063e-04    -5.02881862821231e-04    6.8485852E+03    212.65    212.65    0.0764350676846473    0.00000e+00    0.00000e+00    6.50443378E+10
    1.42020228913445e-03    -9.25899834658238e-04    -5.06669130335322e-04    6.7429170E+03    211.34    211.34    0.0757300210515735    0.00000e+00    0.00000e+00    6.50945651E+10
    1.43024278047023e-03    -9.32276637487240e-04    -5.10446847019896e-04    6.6404346E+03    210.05    210.05    0.0748451337120794    0.00000e+00    0.00000e+00    6.51447924E+10
    1.44028811994282e-03    -9.38647864958909e-04    -5.14215449207264e-04    6.5410057E+03    208.80    208.80    0.0740889894292746    0.00000e+00    0.00000e+00    6.51950197E+10
    1.45033825907085e-03    -9.45013710998718e-04    -5.17975373229741e-04    6.4445063E+03    207.57    207.57    0.0737506785796010    0.00000e+00    0.00000e+00    6.52452470E+10
    1.46039339177980e-03    -9.51374418013507e-04    -5.21727055419639e-04    6.3508170E+03    206.36    206.36    0.0734866976662149    0.00000e+00    0.00000e+00    6.52954743E+10
    1.47045351806966e-03    -9.57730276891485e-04    -5.25470883627903e-04    6.2598229E+03    205.18    205.18    0.0728767660642736    0.00000e+00    0.00000e+00    6.53457016E+10
    1.48051868642181e-03    -9.64081481558124e-04    -5.29207342668215e-04    6.1714108E+03    204.02    204.02    0.0725280179826002    0.00000e+00    0.00000e+00    6.53959288E+10
    1.49058889683624e-03    -9.70428322901633e-04    -5.32936723428782e-04    6.0854744E+03    202.88    202.88    0.0724942641822899    0.00000e+00    0.00000e+00    6.54461561E+10
    1.50066410083159e-03    -9.76770994847485e-04    -5.36659510723285e-04    6.0019111E+03    201.77    201.77    0.0721561706070429    0.00000e+00    0.00000e+00    6.54963834E+10
    1.51074424992648e-03    -9.83109836765256e-04    -5.40376043921303e-04    5.9206210E+03    200.67    200.67    0.0714888262570142    0.00000e+00    0.00000e+00    6.55466107E+10
    1.52082919867681e-03    -9.89444994099050e-04    -5.44086662392411e-04    5.8415100E+03    199.59    199.59    0.0707238523642807    0.00000e+00    0.00000e+00    6.55968380E+10
    1.53091894708259e-03    -9.95776660774341e-04    -5.47791850950291e-04    5.7644886E+03    198.53    198.53    0.0697710259918330    0.00000e+00    0.00000e+00    6.56470653E+10
    1.54101339818108e-03    -1.00210517616070e-03    -5.51491948964519e-04    5.6894702E+03    197.49    197.49    0.0690000585053192    0.00000e+00    0.00000e+00    6.56972926E+10
    1.55111245500954e-03    -1.00843063722088e-03    -5.55187344286040e-04    5.6163724E+03    196.46    196.46    0.0683972993337455    0.00000e+00    0.00000e+00    6.57475199E+10
    1.56121602060523e-03    -1.01475333484307e-03    -5.58878473247167e-04    5.5451141E+03    195.45    195.45    0.0680449426890026    0.00000e+00    0.00000e+00    6.57977472E+10
    1.57132409496815e-03    -1.02107346295275e-03    -5.62565772180214e-04    5.4756215E+03    194.45    194.45    0.0675726544144560    0.00000e+00    0.00000e+00    6.58479744E+10
    1.58143658113558e-03    -1.02739136091949e-03    -5.66249628936125e-04    5.4078220E+03    193.46    193.46    0.0672960204035117    0.00000e+00    0.00000e+00    6.58982017E+10
    1.59155343062613e-03    -1.03370722266878e-03    -5.69930479847213e-04    5.3416459E+03    192.49    192.49    0.0671646666690338    0.00000e+00    0.00000e+00    6.59484290E+10
    1.60167444951434e-03    -1.04002138757018e-03    -5.73608761245791e-04    5.2770270E+03    191.53    191.53    0.0669212972260360    0.00000e+00    0.00000e+00    6.59986563E+10
    1.61179954083747e-03    -1.04633404954917e-03    -5.77284764020068e-04    5.2139019E+03    190.59    190.59    0.0666775596175440    0.00000e+00    0.00000e+00    6.60488836E+10
    1.62192855915142e-03    -1.05264545101259e-03    -5.80958876020988e-04    5.1522080E+03    189.65    189.65    0.0662329944682819    0.00000e+00    0.00000e+00    6.60991109E+10
    1.63206135901208e-03    -1.05895583436728e-03    -5.84631485099497e-04    5.0918862E+03    188.73    188.73    0.0656912934969469    0.00000e+00    0.00000e+00    6.61493382E+10
    1.64219769801262e-03    -1.06526534505735e-03    -5.88302930625172e-04    5.0328824E+03    187.82    187.82    0.0649222966918985    0.00000e+00    0.00000e+00    6.61995655E+10
    1.65233743070892e-03    -1.07157422548963e-03    -5.91973551967588e-04    4.9751406E+03    186.92    186.92    0.0640564902946070    0.00000e+00    0.00000e+00    6.62497927E+10
    1.66248041165688e-03    -1.07788262110822e-03    -5.95643736977692e-04    4.9186091E+03    186.02    186.02    0.0634261539032360    0.00000e+00    0.00000e+00    6.63000200E+10
    1.67262654389378e-03    -1.08419077431998e-03    -5.99313776543691e-04    4.8632367E+03    185.14    185.14    0.0631144208600026    0.00000e+00    0.00000e+00    6.63502473E+10
    1.68277568197549e-03    -1.09049887905037e-03    -6.02983961553794e-04    4.8089753E+03    184.27    184.27    0.0628549174310642    0.00000e+00    0.00000e+00    6.64004746E+10
    1.69292768045792e-03    -1.09680712922486e-03    -6.06654679858947e-04    4.7557769E+03    183.41    183.41    0.0628605003661532    0.00000e+00    0.00000e+00    6.64507019E+10
    1.70308239389697e-03    -1.10311576725030e-03    -6.10326125384622e-04    4.7035973E+03    182.55    182.55    0.0625133341413031    0.00000e+00    0.00000e+00    6.65009292E+10
    1.71323962836716e-03    -1.10942498705215e-03    -6.13998589019026e-04    4.6523934E+03    181.71    181.71    0.0621633307281765    0.00000e+00    0.00000e+00    6.65511565E+10
    1.72339928690576e-03    -1.11573498255590e-03    -6.17672361650370e-04    4.6021256E+03    180.87    180.87    0.0618792983175154    0.00000e+00    0.00000e+00    6.66013838E+10
    1.73356107862455e-03    -1.12204589920564e-03    -6.21347588722757e-04    4.5527541E+03    180.04    180.04    0.0615600571944505    0.00000e+00    0.00000e+00    6.66516110E+10
    1.74372485807943e-03    -1.12835788244548e-03    -6.25024464161660e-04    4.5042442E+03    179.22    179.22    0.0609811570587141    0.00000e+00    0.00000e+00    6.67018383E+10
    1.75389047982631e-03    -1.13467107771952e-03    -6.28703230373919e-04    4.4565617E+03    178.40    178.40    0.0603779398135095    0.00000e+00    0.00000e+00    6.67520656E+10
    1.76405774993970e-03    -1.14098563047186e-03    -6.32383984322271e-04    4.4096739E+03    177.60    177.60    0.0598932780591908    0.00000e+00    0.00000e+00    6.68022929E+10
    1.77422647449413e-03    -1.14730168614662e-03    -6.36066919932187e-04    4.3635491E+03    176.80    176.80    0.0594525647580682    0.00000e+00    0.00000e+00    6.68525202E+10
    1.78439655652687e-03    -1.15361939018790e-03    -6.39752231129142e-04    4.3181573E+03    176.00    176.00    0.0588017702131994    0.00000e+00    0.00000e+00    6.69027475E+10
    1.79456789907518e-03    -1.15993888803979e-03    -6.43440063357238e-04    4.2734707E+03    175.21    175.21    0.0585874923100108    0.00000e+00    0.00000e+00    6.69529748E+10
    1.80474025973222e-03    -1.16626032514641e-03    -6.47130513579211e-04    4.2294623E+03    174.43    174.43    0.0588164436653676    0.00000e+00    0.00000e+00    6.70032021E+10
    1.81491354153525e-03    -1.17258384695186e-03    -6.50823824201904e-04    4.1861051E+03    173.66    173.66    0.0584900607627915    0.00000e+00    0.00000e+00    6.70534293E+10
    1.82508764752154e-03    -1.17890964738161e-03    -6.54520043706683e-04    4.1433740E+03    172.89    172.89    0.0581469650062187    0.00000e+00    0.00000e+00    6.71036566E+10
    1.83526233528425e-03    -1.18523777491703e-03    -6.58219317537653e-04    4.1012464E+03    172.13    172.13    0.0576155182386032    0.00000e+00    0.00000e+00    6.71538839E+10
    1.84543745937928e-03    -1.19156842348359e-03    -6.61921791138918e-04    4.0596998E+03    171.37    171.37    0.0572785239152448    0.00000e+00    0.00000e+00    6.72041112E+10
    1.85561292284387e-03    -1.19790169004402e-03    -6.65627561473215e-04    4.0187124E+03    170.62    170.62    0.0569673880312576    0.00000e+00    0.00000e+00    6.72543385E+10
    1.86578843478984e-03    -1.20423762307971e-03    -6.69336677021912e-04    3.9782642E+03    169.87    169.87    0.0562697232912798    0.00000e+00    0.00000e+00    6.73045658E+10
    1.87596399521718e-03    -1.21057631955338e-03    -6.73049186266376e-04    3.9383350E+03    169.12    169.12    0.0557397423800255    0.00000e+00    0.00000e+00    6.73547931E+10
    1.88613941020041e-03    -1.21691782794639e-03    -6.76765234650713e-04    3.8989078E+03    168.38    168.38    0.0553060203181181    0.00000e+00    0.00000e+00    6.74050204E+10
    1.89631453429543e-03    -1.22326234218423e-03    -6.80484822174922e-04    3.8599639E+03    167.64    167.64    0.0551347374494746    0.00000e+00    0.00000e+00    6.74552477E+10
    1.90648931902088e-03    -1.22960986226690e-03    -6.84208094283107e-04    3.8214895E+03    166.91    166.91    0.0548751636535981    0.00000e+00    0.00000e+00    6.75054749E+10
    1.91666361893264e-03    -1.23596048515712e-03    -6.87935147938004e-04    3.7834684E+03    166.18    166.18    0.0552428795627385    0.00000e+00    0.00000e+00    6.75557022E+10
    1.92683733706799e-03    -1.24231425933627e-03    -6.91665983139614e-04    3.7458880E+03    165.45    165.45    0.0549287967128642    0.00000e+00    0.00000e+00    6.76059295E+10
    1.93701032798282e-03    -1.24867133024845e-03    -6.95400696850674e-04    3.7087319E+03    164.72    164.72    0.0545721391971295    0.00000e+00    0.00000e+00    6.76561568E+10
    1.94718254319575e-03    -1.25503164941229e-03    -6.99139289071182e-04    3.6719911E+03    164.00    164.00    0.0541159877407602    0.00000e+00    0.00000e+00    6.77063841E+10
    1.95735378878133e-03    -1.26139531379054e-03    -7.02881856763875e-04    3.6356539E+03    163.28    163.28    0.0537211144904218    0.00000e+00    0.00000e+00    6.77566114E+10
    1.96752391929543e-03    -1.26776232338318e-03    -7.06628399928753e-04    3.5997095E+03    162.57    162.57    0.0533587486478501    0.00000e+00    0.00000e+00    6.78068387E+10
    1.97769288625670e-03    -1.27413272667159e-03    -7.10378870084449e-04    3.5641471E+03    161.85    161.85    0.0525841839587597    0.00000e+00    0.00000e+00    6.78570660E+10
    1.98786059270241e-03    -1.28050652365577e-03    -7.14133412675065e-04    3.5289588E+03    161.14    161.14    0.0522839445881638    0.00000e+00    0.00000e+00    6.79072932E+10
    1.99802694166980e-03    -1.28688366585435e-03    -7.17891930737867e-04    3.4941360E+03    160.44    160.44    0.0520327373184345    0.00000e+00    0.00000e+00    6.79575205E+10
    2.00819183619615e-03    -1.29326425023006e-03    -7.21654521235590e-04    3.4596724E+03    159.73    159.73    0.0518895919563786    0.00000e+00    0.00000e+00    6.80077478E+10
    2.01835517931872e-03    -1.29964822830154e-03    -7.25421184168234e-04    3.4255608E+03    159.03    159.03    0.0515606357999763    0.00000e+00    0.00000e+00    6.80579751E+10
    2.02851697103752e-03    -1.30603564855016e-03    -7.29191871054432e-04    3.3917956E+03    158.34    158.34    0.0520042813066594    0.00000e+00    0.00000e+00    6.81082024E+10
    2.03867711438979e-03    -1.31242655945728e-03    -7.32966630375550e-04    3.3583699E+03    157.64    157.64    0.0517198047820981    0.00000e+00    0.00000e+00    6.81584297E+10
    2.04883546393145e-03    -1.31882091254154e-03    -7.36745462131591e-04    3.3252806E+03    156.95    156.95    0.0512575566190028    0.00000e+00    0.00000e+00    6.82086570E+10
    2.05899201966248e-03    -1.32521870780294e-03    -7.40528269359816e-04    3.2925233E+03    156.26    156.26    0.0509459057956548    0.00000e+00    0.00000e+00    6.82588843E+10
    2.06914658765743e-03    -1.33161994524147e-03    -7.44315100541594e-04    3.2600950E+03    155.58    155.58    0.0505244150498645    0.00000e+00    0.00000e+00    6.83091115E+10
    2.07929916791628e-03    -1.33802457637576e-03    -7.48105955676926e-04    3.2279914E+03    154.90    154.90    0.0501520350716601    0.00000e+00    0.00000e+00    6.83593388E+10
    2.08944966347630e-03    -1.34443255272446e-03    -7.51900689321707e-04    3.1962108E+03    154.22    154.22    0.0500442281832051    0.00000e+00    0.00000e+00    6.84095661E+10
    2.09959802585613e-03    -1.35084387428756e-03    -7.55699398438672e-04    3.1647510E+03    153.54    153.54    0.0492371038287703    0.00000e+00    0.00000e+00    6.84597934E+10
    2.10974420657439e-03    -1.35725854106505e-03    -7.59501937583719e-04    3.1336100E+03    152.87    152.87    0.0490424312065251    0.00000e+00    0.00000e+00    6.85100207E+10
    2.11988810866835e-03    -1.36367645609421e-03    -7.63308403719582e-04    3.1027869E+03    152.20    152.20    0.0489527489733114    0.00000e+00    0.00000e+00    6.85602480E+10
    2.13002978061937e-03    -1.37009761937504e-03    -7.67118651402158e-04    3.0722806E+03    151.53    151.53    0.0486355256815581    0.00000e+00    0.00000e+00    6.86104753E+10
    2.14016907698336e-03    -1.37652203090752e-03    -7.70932680631447e-04    3.0420897E+03    150.87    150.87    0.0481692205551569    0.00000e+00    0.00000e+00    6.86607026E+10
    2.15030604624168e-03    -1.38294959372894e-03    -7.74750442926080e-04    3.0122122E+03    150.21    150.21    0.0480441188255442    0.00000e+00    0.00000e+00    6.87109298E+10
    2.16044059143159e-03    -1.38938035632065e-03    -7.78571889804690e-04    2.9826485E+03    149.55    149.55    0.0478617715508496    0.00000e+00    0.00000e+00    6.87611571E+10
    2.17057261559037e-03    -1.39581427020128e-03    -7.82397021267276e-04    2.9533984E+03    148.90    148.90    0.0480502179378619    0.00000e+00    0.00000e+00    6.88113844E+10
    2.18070216719936e-03    -1.40225118992674e-03    -7.86225643388366e-04    2.9244601E+03    148.25    148.25    0.0477566460300679    0.00000e+00    0.00000e+00    6.88616117E+10
    2.19082910081448e-03    -1.40869116397839e-03    -7.90057804649328e-04    2.8958331E+03    147.61    147.61    0.0475002831657536    0.00000e+00    0.00000e+00    6.89118390E+10
    2.20095346491710e-03    -1.41513409539350e-03    -7.93893408087426e-04    2.8675174E+03    146.97    146.97    0.0468220670230999    0.00000e+00    0.00000e+00    6.89620663E+10
    2.21107511406309e-03    -1.42157988720932e-03    -7.97732356739924e-04    2.8395122E+03    146.33    146.33    0.0465781606246135    0.00000e+00    0.00000e+00    6.90122936E+10
    2.22119414521521e-03    -1.42802853942586e-03    -8.01574602125453e-04    2.8118173E+03    145.70    145.70    0.0463686812105457    0.00000e+00    0.00000e+00    6.90625209E+10
    2.23131050989208e-03    -1.43447995508039e-03    -8.05420095762646e-04    2.7844307E+03    145.07    145.07    0.0463624196703838    0.00000e+00    0.00000e+00    6.91127482E+10
    2.24142415961234e-03    -1.44093418265426e-03    -8.09268740688766e-04    2.7573538E+03    144.44    144.44    0.0460855834709991    0.00000e+00    0.00000e+00    6.91629754E+10
    2.25153514285735e-03    -1.44739102822202e-03    -8.13120488422445e-04    2.7305844E+03    143.82    143.82    0.0456165066488985    0.00000e+00    0.00000e+00    6.92132027E+10
    2.26164336266438e-03    -1.45385058874638e-03    -8.16975290482315e-04    2.7041228E+03    143.20    143.20    0.0454603127117116    0.00000e+00    0.00000e+00    6.92634300E+10
    2.27174886751480e-03    -1.46031271878326e-03    -8.20833001424272e-04    2.6779682E+03    142.59    142.59    0.0457717407335690    0.00000e+00    0.00000e+00    6.93136573E+10
    2.28185156044586e-03    -1.46677741833265e-03    -8.24693572766947e-04    2.6521189E+03    141.98    141.98    0.0455125918315365    0.00000e+00    0.00000e+00    6.93638846E+10
    2.29195148993894e-03    -1.47324454195044e-03    -8.28556907547605e-04    2.6265758E+03    141.38    141.38    0.0452282838078362    0.00000e+00    0.00000e+00    6.94141119E+10
    2.30204855903131e-03    -1.47971408963664e-03    -8.32422908803508e-04    2.6013369E+03    140.78    140.78    0.0444949129435715    0.00000e+00    0.00000e+00    6.94643392E+10
    2.31214286468569e-03    -1.48618601290987e-03    -8.36291479571922e-04    2.5764035E+03    140.18    140.18    0.0442563117270843    0.00000e+00    0.00000e+00    6.95145665E+10
    2.32223430993935e-03    -1.49266016632604e-03    -8.40162571371477e-04    2.5517735E+03    139.59    139.59    0.0440524862170896    0.00000e+00    0.00000e+00    6.95647937E+10
    2.33232299175503e-03    -1.49913650140378e-03    -8.44036087239438e-04    2.5274454E+03    139.00    139.00    0.0438631900055713    0.00000e+00    0.00000e+00    6.96150210E+10
    2.34240886165136e-03    -1.50561501814308e-03    -8.47911881731700e-04    2.5034203E+03    138.42    138.42    0.0439066239511396    0.00000e+00    0.00000e+00    6.96652483E+10
    2.35249191962834e-03    -1.51209566806257e-03    -8.51789906366895e-04    2.4796948E+03    137.85    137.85    0.0435776187524882    0.00000e+00    0.00000e+00    6.97154756E+10
    2.36257226264871e-03    -1.51857835419953e-03    -8.55670064182287e-04    2.4562690E+03    137.27    137.27    0.0432894330969724    0.00000e+00    0.00000e+00    6.97657029E+10
    2.37264979374972e-03    -1.52506302807258e-03    -8.59552258215140e-04    2.4331410E+03    136.70    136.70    0.0431592518628792    0.00000e+00    0.00000e+00    6.98159302E+10
    2.38272456141276e-03    -1.53154968968172e-03    -8.63436343021349e-04    2.4103091E+03    136.14    136.14    0.0429335315383775    0.00000e+00    0.00000e+00    6.98661575E+10
    2.39279656563781e-03    -1.53803824206422e-03    -8.67322270119546e-04    2.3877714E+03    135.58    135.58    0.0427378566083179    0.00000e+00    0.00000e+00    6.99163848E+10
    2.40286585490624e-03    -1.54452858825733e-03    -8.71209942546996e-04    2.3655260E+03    135.03    135.03    0.0424224761230500    0.00000e+00    0.00000e+00    6.99666120E+10
    2.41293238073670e-03    -1.55102072826107e-03    -8.75099166378224e-04    2.3435708E+03    134.48    134.48    0.0422209135631695    0.00000e+00    0.00000e+00    7.00168393E+10
    2.42299614312917e-03    -1.55751456511269e-03    -8.78989941613233e-04    2.3219040E+03    133.93    133.93    0.0419809968541875    0.00000e+00    0.00000e+00    7.00670666E+10
    2.43305728752776e-03    -1.56401000184946e-03    -8.82882122807916e-04    2.3005235E+03    133.39    133.39    0.0417579895120149    0.00000e+00    0.00000e+00    7.01172939E+10
    2.44311571696974e-03    -1.57050708695275e-03    -8.86775564518171e-04    2.2794264E+03    132.86    132.86    0.0415898176993020    0.00000e+00    0.00000e+00    7.01675212E+10
    2.45317157689921e-03    -1.57700572345981e-03    -8.90670266743996e-04    2.2586108E+03    132.33    132.33    0.0416278035690677    0.00000e+00    0.00000e+00    7.02177485E+10
    2.46322486731617e-03    -1.58350586288929e-03    -8.94566035559920e-04    2.2380731E+03    131.80    131.80    0.0413608335464882    0.00000e+00    0.00000e+00    7.02679758E+10
    2.47327558822062e-03    -1.59000745675981e-03    -8.98462822484574e-04    2.2178118E+03    131.28    131.28    0.0411517727095261    0.00000e+00    0.00000e+00    7.03182031E+10
    2.48332378809393e-03    -1.59651045659000e-03    -9.02360530555222e-04    2.1978236E+03    130.76    130.76    0.0409134119317249    0.00000e+00    0.00000e+00    7.03684303E+10
    2.49336951541747e-03    -1.60301486237987e-03    -9.06259014327760e-04    2.1781063E+03    130.25    130.25    0.0406780272744863    0.00000e+00    0.00000e+00    7.04186576E+10
    2.50341277019123e-03    -1.60952052868531e-03    -9.10158225320820e-04    2.1586558E+03    129.74    129.74    0.0404895160971476    0.00000e+00    0.00000e+00    7.04688849E+10
    2.51345360089658e-03    -1.61602750398769e-03    -9.14058018090297e-04    2.1394694E+03    129.24    129.24    0.0403203446499371    0.00000e+00    0.00000e+00    7.05191122E+10
    2.52349200753353e-03    -1.62253569132427e-03    -9.17958295673455e-04    2.1205449E+03    128.74    128.74    0.0401658587352845    0.00000e+00    0.00000e+00    7.05693395E+10
    2.53352813554618e-03    -1.62904504221369e-03    -9.21858961107558e-04    2.1018772E+03    128.24    128.24    0.0399699184685382    0.00000e+00    0.00000e+00    7.06195668E+10
    2.54356193645316e-03    -1.63555555665594e-03    -9.25759917429870e-04    2.0834643E+03    127.75    127.75    0.0397439369103059    0.00000e+00    0.00000e+00    7.06697941E+10
    2.55359350721720e-03    -1.64206713768829e-03    -9.29661067677654e-04    2.0653016E+03    127.27    127.27    0.0395345341117548    0.00000e+00    0.00000e+00    7.07200214E+10
    2.56362289631969e-03    -1.64857973682937e-03    -9.33562363369542e-04    2.0473860E+03    126.79    126.79    0.0395265128409945    0.00000e+00    0.00000e+00    7.07702487E+10
    2.57365010376060e-03    -1.65509340256055e-03    -9.37463707542799e-04    2.0297137E+03    126.31    126.31    0.0392781554805842    0.00000e+00    0.00000e+00    7.08204759E+10
    2.58367527498406e-03    -1.66160803791909e-03    -9.41365003234687e-04    2.0122812E+03    125.84    125.84    0.0391589956411365    0.00000e+00    0.00000e+00    7.08707032E+10
    2.59369836150868e-03    -1.66812369138637e-03    -9.45266105001103e-04    1.9950849E+03    125.38    125.38    0.0389998361527384    0.00000e+00    0.00000e+00    7.09209305E+10
    2.60371946029722e-03    -1.67464021751826e-03    -9.49167061323415e-04    1.9781211E+03    124.91    124.91    0.0388159397999967    0.00000e+00    0.00000e+00    7.09711578E+10
    2.61373857134966e-03    -1.68115766479616e-03    -9.53067629794782e-04    1.9613864E+03    124.46    124.46    0.0385993015980663    0.00000e+00    0.00000e+00    7.10213851E+10
    2.62375574314738e-03    -1.68767598473867e-03    -9.56967858896572e-04    1.9448769E+03    124.00    124.00    0.0384742489743985    0.00000e+00    0.00000e+00    7.10716124E+10
    2.63377107265311e-03    -1.69419512886445e-03    -9.60867554703312e-04    1.9285893E+03    123.55    123.55    0.0382900925443096    0.00000e+00    0.00000e+00    7.11218397E+10
    2.64378451138548e-03    -1.70071509717348e-03    -9.64766668733636e-04    1.9125191E+03    123.11    123.11    0.0380995503286691    0.00000e+00    0.00000e+00    7.11720670E+10
    2.65379615630723e-03    -1.70723584118441e-03    -9.68665152506174e-04    1.8966632E+03    122.66    122.66    0.0378624667443036    0.00000e+00    0.00000e+00    7.12222942E+10
    2.66380605589973e-03    -1.71375740937859e-03    -9.72562909058190e-04    1.8810180E+03    122.23    122.23    0.0377182721936793    0.00000e+00    0.00000e+00    7.12725215E+10
    2.67381425864435e-03    -1.72027970479329e-03    -9.76459841426949e-04    1.8655787E+03    121.79    121.79    0.0375812228875946    0.00000e+00    0.00000e+00    7.13227488E+10
    2.68382081302245e-03    -1.72680272742851e-03    -9.80355901131081e-04    1.8503436E+03    121.36    121.36    0.0374289260952836    0.00000e+00    0.00000e+00    7.13729761E+10
    2.69382571903403e-03    -1.73332652576563e-03    -9.84250991207851e-04    1.8353076E+03    120.94    120.94    0.0373198720514590    0.00000e+00    0.00000e+00    7.14232034E+10
    2.70382907364184e-03    -1.73985105132326e-03    -9.88145111657259e-04    1.8204683E+03    120.52    120.52    0.0372039771461091    0.00000e+00    0.00000e+00    7.14734307E+10
    2.71383092532723e-03    -1.74637625562005e-03    -9.92038117035201e-04    1.8058221E+03    120.10    120.10    0.0370579544546467    0.00000e+00    0.00000e+00    7.15236580E+10
    2.72383122560885e-03    -1.75290218713736e-03    -9.95929958860308e-04    1.7913656E+03    119.69    119.69    0.0369120345861960    0.00000e+00    0.00000e+00    7.15738853E+10
    2.73383007144942e-03    -1.75942879739383e-03    -9.99820588651212e-04    1.7770958E+03    119.28    119.28    0.0368092456110971    0.00000e+00    0.00000e+00    7.16241125E+10
    2.74382751133032e-03    -1.76595603790808e-03    -1.00370995792654e-03    1.7630091E+03    118.87    118.87    0.0366417555884068    0.00000e+00    0.00000e+00    7.16743398E+10
    2.75382354525154e-03    -1.77248395716148e-03    -1.00759796972357e-03    1.7491019E+03    118.47    118.47    0.0364483204629240    0.00000e+00    0.00000e+00    7.17245671E+10
    2.76381827017582e-03    -1.77901250667267e-03    -1.01148457556092e-03    1.7353719E+03    118.07    118.07    0.0361507261859514    0.00000e+00    0.00000e+00    7.17747944E+10
    2.77381168610316e-03    -1.78554173492302e-03    -1.01536972695723e-03    1.7218157E+03    117.67    117.67    0.0360639648899395    0.00000e+00    0.00000e+00    7.18250217E+10
    2.78380388999630e-03    -1.79207154494978e-03    -1.01925337543113e-03    1.7084296E+03    117.28    117.28    0.0358509476233225    0.00000e+00    0.00000e+00    7.18752490E+10
    2.79379493033661e-03    -1.79860198523432e-03    -1.02313552098261e-03    1.6952112E+03    116.89    116.89    0.0357242018749835    0.00000e+00    0.00000e+00    7.19254763E+10
    2.80378475864271e-03    -1.80513305577665e-03    -1.02701606664895e-03    1.6821569E+03    116.50    116.50    0.0356628094430860    0.00000e+00    0.00000e+00    7.19757036E+10
    2.81377347187734e-03    -1.81166475657677e-03    -1.03089501243014e-03    1.6692643E+03    116.11    116.11    0.0355776755728589    0.00000e+00    0.00000e+00    7.20259308E+10
    2.82376111852188e-03    -1.81819708763467e-03    -1.03477226136344e-03    1.6565297E+03    115.73    115.73    0.0354542794771279    0.00000e+00    0.00000e+00    7.20761581E+10
    2.83374769857632e-03    -1.82473000046899e-03    -1.03864776496749e-03    1.6439513E+03    115.36    115.36    0.0353369217649503    0.00000e+00    0.00000e+00    7.21263854E+10
    2.84373321204066e-03    -1.83126349507973e-03    -1.04252147476093e-03    1.6315260E+03    114.98    114.98    0.0352574023782311    0.00000e+00    0.00000e+00    7.21766127E+10
    2.85371775587764e-03    -1.83779761994825e-03    -1.04639339074374e-03    1.6192507E+03    114.61    114.61    0.0351308283707903    0.00000e+00    0.00000e+00    7.22268400E+10
    2.86370133008726e-03    -1.84433227811182e-03    -1.05026351291593e-03    1.6071225E+03    114.24    114.24    0.0347357664536234    0.00000e+00    0.00000e+00    7.22770673E+10
    2.87368403163225e-03    -1.85086756653317e-03    -1.05413169583340e-03    1.5951398E+03    113.88    113.88    0.0345933290522352    0.00000e+00    0.00000e+00    7.23272946E+10
    2.88366581203124e-03    -1.85740338824958e-03    -1.05799798797752e-03    1.5832993E+03    113.52    113.52    0.0345280034864622    0.00000e+00    0.00000e+00    7.23775219E+10
    2.89364676824698e-03    -1.86393979174240e-03    -1.06186229238554e-03    1.5715985E+03    113.16    113.16    0.0343136843083520    0.00000e+00    0.00000e+00    7.24277492E+10
    2.90362694876083e-03    -1.87047682549301e-03    -1.06572470602020e-03    1.5600349E+03    112.80    112.80    0.0341651944817524    0.00000e+00    0.00000e+00    7.24779764E+10
    2.91360630509142e-03    -1.87701439253867e-03    -1.06958508343740e-03    1.5486065E+03    112.45    112.45    0.0340711044700393    0.00000e+00    0.00000e+00    7.25282037E+10
    2.92358493420149e-03    -1.88355258984211e-03    -1.07344342463714e-03    1.5373108E+03    112.10    112.10    0.0340130282440702    0.00000e+00    0.00000e+00    7.25784310E+10
    2.93356283609104e-03    -1.89009132044061e-03    -1.07729972961943e-03    1.5261454E+03    111.75    111.75    0.0339508984284897    0.00000e+00    0.00000e+00    7.26286583E+10
    2.94354005924143e-03    -1.89663068129688e-03    -1.08115394990288e-03    1.5151084E+03    111.41    111.41    0.0338296711365148    0.00000e+00    0.00000e+00    7.26788856E+10
    2.95351660365267e-03    -1.90317057544821e-03    -1.08500608548750e-03    1.5041968E+03    111.07    111.07    0.0337949718075881    0.00000e+00    0.00000e+00    7.27291129E+10
    2.96349251780612e-03    -1.90971100289459e-03    -1.08885608789193e-03    1.4934094E+03    110.73    110.73    0.0337336486347125    0.00000e+00    0.00000e+00    7.27793402E+10
    2.97346785018316e-03    -1.91625206059875e-03    -1.09270395711616e-03    1.4827434E+03    110.39    110.39    0.0333360115306525    0.00000e+00    0.00000e+00    7.28295675E+10
    2.98344260078378e-03    -1.92279365159796e-03    -1.09654969316019e-03    1.4721974E+03    110.05    110.05    0.0331552178122651    0.00000e+00    0.00000e+00    7.28797947E+10
    2.99341681808935e-03    -1.92933577589222e-03    -1.10039324754266e-03    1.4617688E+03    109.72    109.72    0.0331764181137233    0.00000e+00    0.00000e+00    7.29300220E+10
    3.00339055058124e-03    -1.93587848196290e-03    -1.10423466874493e-03    1.4514560E+03    109.39    109.39    0.0329413855101630    0.00000e+00    0.00000e+00    7.29802493E+10
    3.01336379825945e-03    -1.94242176980999e-03    -1.10807390828564e-03    1.4412574E+03    109.07    109.07    0.0327709216511892    0.00000e+00    0.00000e+00    7.30304766E+10
    3.02333665808671e-03    -1.94896563943350e-03    -1.11191091768341e-03    1.4311709E+03    108.74    108.74    0.0326488359398448    0.00000e+00    0.00000e+00    7.30807039E+10
    3.03330903310030e-03    -1.95551009083343e-03    -1.11574579390099e-03    1.4211951E+03    108.42    108.42    0.0325824305132704    0.00000e+00    0.00000e+00    7.31309312E+10
    3.04328102026293e-03    -1.96205507552841e-03    -1.11957843997563e-03    1.4113282E+03    108.10    108.10    0.0325184824225155    0.00000e+00    0.00000e+00    7.31811585E+10
    3.05325266805600e-03    -1.96860059351844e-03    -1.12340890438871e-03    1.4015693E+03    107.78    107.78    0.0324437499332329    0.00000e+00    0.00000e+00    7.32313858E+10
    3.06322392799811e-03    -1.97514669328489e-03    -1.12723718714022e-03    1.3919160E+03    107.47    107.47    0.0323982611882757    0.00000e+00    0.00000e+00    7.32816130E+10
    3.07319489705202e-03    -1.98169337482775e-03    -1.13106323974880e-03    1.3823675E+03    107.16    107.16    0.0323760027031891    0.00000e+00    0.00000e+00    7.33318403E+10
    3.08316557521772e-03    -1.98824054118429e-03    -1.13488706221445e-03    1.3729218E+03    106.85    106.85    0.0319610448392089    0.00000e+00    0.00000e+00    7.33820676E+10
    3.09313601097658e-03    -1.99478828931725e-03    -1.13870875149990e-03    1.3635781E+03    106.54    106.54    0.0317700539044052    0.00000e+00    0.00000e+00    7.34322949E+10
    3.10310620432859e-03    -2.00133657074526e-03    -1.14252825912379e-03    1.3543350E+03    106.23    106.23    0.0319064074376684    0.00000e+00    0.00000e+00    7.34825222E+10
    3.11307620375514e-03    -2.00788538546832e-03    -1.14634558508611e-03    1.3451904E+03    105.93    105.93    0.0316886820658960    0.00000e+00    0.00000e+00    7.35327495E+10
    3.12304600925621e-03    -2.01443478196780e-03    -1.15016072938686e-03    1.3361439E+03    105.63    105.63    0.0315508699422574    0.00000e+00    0.00000e+00    7.35829768E+10
    3.13301571779455e-03    -2.02098471176233e-03    -1.15397374050742e-03    1.3271937E+03    105.33    105.33    0.0314136512766001    0.00000e+00    0.00000e+00    7.36332041E+10
    3.14298523240741e-03    -2.02753517485190e-03    -1.15778461844778e-03    1.3183389E+03    105.03    105.03    0.0313057782079305    0.00000e+00    0.00000e+00    7.36834314E+10
    3.15295465005754e-03    -2.03408617123653e-03    -1.16159336320795e-03    1.3095777E+03    104.74    104.74    0.0312455994365975    0.00000e+00    0.00000e+00    7.37336586E+10
    3.16292397074493e-03    -2.04063770091620e-03    -1.16539997478791e-03    1.3009098E+03    104.44    104.44    0.0311690092139341    0.00000e+00    0.00000e+00    7.37838859E+10
    3.17289324295096e-03    -2.04718976389092e-03    -1.16920455015042e-03    1.2923332E+03    104.15    104.15    0.0310878035719413    0.00000e+00    0.00000e+00    7.38341132E+10
    3.18286241819424e-03    -2.05374231167933e-03    -1.17300699233273e-03    1.2838474E+03    103.86    103.86    0.0308213670980926    0.00000e+00    0.00000e+00    7.38843405E+10
    3.19283164191890e-03    -2.06029534428141e-03    -1.17680739829758e-03    1.2754508E+03    103.58    103.58    0.0307173911871075    0.00000e+00    0.00000e+00    7.39345678E+10
    3.20280086564355e-03    -2.06684891017855e-03    -1.18060576804497e-03    1.2671428E+03    103.29    103.29    0.0307663661605558    0.00000e+00    0.00000e+00    7.39847951E+10
    3.21277008936821e-03    -2.07340296088936e-03    -1.18440215005627e-03    1.2589223E+03    103.01    103.01    0.0306210683976449    0.00000e+00    0.00000e+00    7.40350224E+10
    3.22273941005560e-03    -2.07995754489523e-03    -1.18819654433147e-03    1.2507879E+03    102.73    102.73    0.0305343759558367    0.00000e+00    0.00000e+00    7.40852497E+10
    3.23270882770573e-03    -2.08651256523340e-03    -1.19198895087058e-03    1.2427393E+03    102.45    102.45    0.0303875580867329    0.00000e+00    0.00000e+00    7.41354769E+10
    3.24267829383722e-03    -2.09306811886663e-03    -1.19577946663634e-03    1.2347750E+03    102.17    102.17    0.0302460637329635    0.00000e+00    0.00000e+00    7.41857042E+10
    3.25264790541282e-03    -2.09962415731354e-03    -1.19956804314737e-03    1.2268946E+03    101.90    101.90    0.0301250906864365    0.00000e+00    0.00000e+00    7.42359315E+10
    3.26261771091390e-03    -2.10618063209276e-03    -1.20335477736641e-03    1.2190969E+03    101.63    101.63    0.0300456002612472    0.00000e+00    0.00000e+00    7.42861588E+10
    3.27258761337771e-03    -2.11273754320429e-03    -1.20713962081209e-03    1.2113812E+03    101.35    101.35    0.0299654082129795    0.00000e+00    0.00000e+00    7.43363861E+10
    3.28255770976699e-03    -2.11929493912951e-03    -1.21092262196579e-03    1.2037465E+03    101.09    101.09    0.0299090275531997    0.00000e+00    0.00000e+00    7.43866134E+10
    3.29252804856311e-03    -2.12585277138704e-03    -1.21470387779024e-03    1.1961919E+03    100.82    100.82    0.0296698205126718    0.00000e+00    0.00000e+00    7.44368407E+10
    3.30249862976607e-03    -2.13241103997688e-03    -1.21848333980406e-03    1.1887167E+03    100.55    100.55    0.0295202036101729    0.00000e+00    0.00000e+00    7.44870680E+10
    3.31246940489451e-03    -2.13896969641766e-03    -1.22226110497001e-03    1.1813201E+03    100.29    100.29    0.0295690437073536    0.00000e+00    0.00000e+00    7.45372952E+10
    3.32244051939252e-03    -2.14552878919076e-03    -1.22603717328806e-03    1.1740008E+03    100.03    100.03    0.0294701041171246    0.00000e+00    0.00000e+00    7.45875225E+10
    3.33241192477874e-03    -2.15208826981481e-03    -1.22981159323960e-03    1.1667580E+03    99.77    99.77    0.0293762240849401    0.00000e+00    0.00000e+00    7.46377498E+10
    3.34238366953454e-03    -2.15864818677116e-03    -1.23358436482463e-03    1.1595913E+03    99.51    99.51    0.0292694869175543    0.00000e+00    0.00000e+00    7.46879771E+10
    3.35235570517854e-03    -2.16520844309710e-03    -1.23735553652451e-03    1.1524993E+03    99.25    99.25    0.0291294229964565    0.00000e+00    0.00000e+00    7.47382044E+10
    3.36232812867349e-03    -2.17176913575534e-03    -1.24112515682061e-03    1.1454814E+03    99.00    99.00    0.0290266021713112    0.00000e+00    0.00000e+00    7.47884317E+10
    3.37230094001939e-03    -2.17833016778317e-03    -1.24489327419430e-03    1.1385368E+03    98.75    98.75    0.0289014399643456    0.00000e+00    0.00000e+00    7.48386590E+10
    3.38227413921623e-03    -2.18489153918057e-03    -1.24865988864557e-03    1.1316645E+03    98.50    98.50    0.0288092943150857    0.00000e+00    0.00000e+00    7.48888863E+10
    3.39224772626401e-03    -2.19145324994755e-03    -1.25242504865581e-03    1.1248636E+03    98.25    98.25    0.0287639097787059    0.00000e+00    0.00000e+00    7.49391135E+10
    3.40222174964411e-03    -2.19801530008410e-03    -1.25618875422500e-03    1.1181338E+03    98.00    98.00    0.0285608765668161    0.00000e+00    0.00000e+00    7.49893408E+10
    3.41219620935652e-03    -2.20457768959023e-03    -1.25995110231588e-03    1.1114737E+03    97.76    97.76    0.0284237614261226    0.00000e+00    0.00000e+00    7.50395681E+10
    3.42217115388262e-03    -2.21114036998457e-03    -1.26371214140982e-03    1.1048827E+03    97.51    97.51    0.0284354686646555    0.00000e+00    0.00000e+00    7.50897954E+10
    3.43214658322239e-03    -2.21770334126712e-03    -1.26747182302546e-03    1.0983600E+03    97.27    97.27    0.0283593903741302    0.00000e+00    0.00000e+00    7.51400227E+10
    3.44212254585721e-03    -2.22426660343787e-03    -1.27123024412552e-03    1.0919048E+03    97.03    97.03    0.0283255782927248    0.00000e+00    0.00000e+00    7.51902500E+10
    3.45209904178708e-03    -2.23083015649684e-03    -1.27498745319139e-03    1.0855164E+03    96.79    96.79    0.0282030663202936    0.00000e+00    0.00000e+00    7.52404773E+10
    3.46207607101201e-03    -2.23739395196264e-03    -1.27874345022305e-03    1.0791940E+03    96.56    96.56    0.0280687296199332    0.00000e+00    0.00000e+00    7.52907046E+10
    3.47205363353198e-03    -2.24395803831666e-03    -1.28249828370187e-03    1.0729366E+03    96.32    96.32    0.0279589690482638    0.00000e+00    0.00000e+00    7.53409319E+10
    3.48203172934700e-03    -2.25052236707751e-03    -1.28625200210923e-03    1.0667435E+03    96.09    96.09    0.0278273418275260    0.00000e+00    0.00000e+00    7.53911591E+10
    3.49201045541980e-03    -2.25708693824521e-03    -1.29000465392649e-03    1.0606140E+03    95.86    95.86    0.0277653174823513    0.00000e+00    0.00000e+00    7.54413864E+10
    3.50198976326902e-03    -2.26365170333838e-03    -1.29375623915365e-03    1.0545472E+03    95.63    95.63    0.0277020650296508    0.00000e+00    0.00000e+00    7.54916137E+10
    3.51196970137603e-03    -2.27021666235702e-03    -1.29750675779071e-03    1.0485426E+03    95.40    95.40    0.0275297890748089    0.00000e+00    0.00000e+00    7.55418410E+10
    3.52195026974082e-03    -2.27678181530113e-03    -1.30125635528178e-03    1.0425990E+03    95.17    95.17    0.0274119503200619    0.00000e+00    0.00000e+00    7.55920683E+10
    3.53193146836340e-03    -2.28334716217072e-03    -1.30500498314549e-03    1.0367160E+03    94.94    94.94    0.0274740853236367    0.00000e+00    0.00000e+00    7.56422956E+10
    3.54191334572514e-03    -2.28991270296577e-03    -1.30875273834457e-03    1.0308926E+03    94.72    94.72    0.0273421393426514    0.00000e+00    0.00000e+00    7.56925229E+10
    3.55189590182602e-03    -2.29647838920494e-03    -1.31249962087903e-03    1.0251281E+03    94.50    94.50    0.0273387107186157    0.00000e+00    0.00000e+00    7.57427502E+10
    3.56187918514743e-03    -2.30304422088820e-03    -1.31624567923022e-03    1.0194220E+03    94.28    94.28    0.0272176712488965    0.00000e+00    0.00000e+00    7.57929774E+10
    3.57186309872662e-03    -2.30961019801557e-03    -1.31999091339816e-03    1.0137731E+03    94.06    94.06    0.0270745288857165    0.00000e+00    0.00000e+00    7.58432047E+10
    3.58184773952634e-03    -2.31617627210568e-03    -1.32373537186421e-03    1.0081811E+03    93.84    93.84    0.0269115566224363    0.00000e+00    0.00000e+00    7.58934320E+10
    3.59183315602794e-03    -2.32274249163989e-03    -1.32747915159111e-03    1.0026449E+03    93.62    93.62    0.0268371634114782    0.00000e+00    0.00000e+00    7.59436593E+10
    3.60181925126870e-03    -2.32930880813684e-03    -1.33122220409748e-03    9.9716409E+02    93.41    93.41    0.0267946682137129    0.00000e+00    0.00000e+00    7.59938866E+10
    3.61180607372998e-03    -2.33587522159652e-03    -1.33496462634607e-03    9.9173799E+02    93.20    93.20    0.0267441123754541    0.00000e+00    0.00000e+00    7.60441139E+10
    3.62179367189315e-03    -2.34244168353757e-03    -1.33870641833688e-03    9.8636568E+02    92.98    92.98    0.0266820200420493    0.00000e+00    0.00000e+00    7.60943412E+10
    3.63178209423958e-03    -2.34900819395999e-03    -1.34244758006989e-03    9.8104649E+02    92.77    92.77    0.0265579302215349    0.00000e+00    0.00000e+00    7.61445685E+10
    3.64177124380652e-03    -2.35557480134515e-03    -1.34618820850786e-03    9.7577975E+02    92.57    92.57    0.0264439897842009    0.00000e+00    0.00000e+00    7.61947957E+10
    3.65176116907536e-03    -2.36214140873031e-03    -1.34992835213215e-03    9.7056484E+02    92.36    92.36    0.0263704664298877    0.00000e+00    0.00000e+00    7.62450230E+10
    3.66175196700883e-03    -2.36870811307820e-03    -1.35366796246139e-03    9.6540109E+02    92.15    92.15    0.0262688279084303    0.00000e+00    0.00000e+00    7.62952503E+10
    3.67174349216281e-03    -2.37527481742609e-03    -1.35740713645831e-03    9.6028790E+02    91.95    91.95    0.0263003968306542    0.00000e+00    0.00000e+00    7.63454776E+10
    3.68173588998143e-03    -2.38184152177398e-03    -1.36114587412293e-03    9.5522421E+02    91.74    91.74    0.0261643244234985    0.00000e+00    0.00000e+00    7.63957049E+10
    3.69172911198330e-03    -2.38840822612188e-03    -1.36488417545523e-03    9.5020984E+02    91.54    91.54    0.0260016642628709    0.00000e+00    0.00000e+00    7.64459322E+10
    3.70172310968706e-03    -2.39497488198840e-03    -1.36862218589932e-03    9.4524378E+02    91.34    91.34    0.0259029872114269    0.00000e+00    0.00000e+00    7.64961595E+10
    3.71171798005544e-03    -2.40154153785493e-03    -1.37235980849246e-03    9.4032544E+02    91.14    91.14    0.0258608930648424    0.00000e+00    0.00000e+00    7.65463868E+10
    3.72171367460709e-03    -2.40810819372145e-03    -1.37609709171603e-03    9.3545425E+02    90.94    90.94    0.0258102460772333    0.00000e+00    0.00000e+00    7.65966140E+10
    3.73171024182336e-03    -2.41467475262524e-03    -1.37983413253276e-03    9.3062965E+02    90.74    90.74    0.0257619042301264    0.00000e+00    0.00000e+00    7.66468413E+10
    3.74170763322289e-03    -2.42124126304766e-03    -1.38357093094265e-03    9.2585066E+02    90.55    90.55    0.0256778022624945    0.00000e+00    0.00000e+00    7.66970686E+10
    3.75170594576841e-03    -2.42780772498871e-03    -1.38730748694570e-03    9.2111696E+02    90.35    90.35    0.0255669034141068    0.00000e+00    0.00000e+00    7.67472959E+10
    3.76170508249719e-03    -2.43437408996703e-03    -1.39104389750464e-03    9.1642800E+02    90.16    90.16    0.0254729399093591    0.00000e+00    0.00000e+00    7.67975232E+10
    3.77170514037196e-03    -2.44094035798260e-03    -1.39478006565674e-03    9.1178286E+02    89.97    89.97    0.0253753356953530    0.00000e+00    0.00000e+00    7.68477505E+10
    3.78170602242999e-03    -2.44750657751682e-03    -1.39851613684611e-03    9.0718122E+02    89.78    89.78    0.0254108206418399    0.00000e+00    0.00000e+00    7.68979778E+10
    3.79170782563402e-03    -2.45407265160692e-03    -1.40225211107274e-03    9.0262218E+02    89.59    89.59    0.0251972413024968    0.00000e+00    0.00000e+00    7.69482051E+10
    3.80171050150267e-03    -2.46063862873429e-03    -1.40598793985526e-03    8.9810524E+02    89.40    89.40    0.0251205685303687    0.00000e+00    0.00000e+00    7.69984324E+10
    3.81171405003595e-03    -2.46720446041756e-03    -1.40972376863779e-03    8.9363012E+02    89.21    89.21    0.0250495025630703    0.00000e+00    0.00000e+00    7.70486596E+10
    3.82171851971522e-03    -2.47377014665672e-03    -1.41345950045758e-03    8.8919575E+02    89.02    89.02    0.0250062385811377    0.00000e+00    0.00000e+00    7.70988869E+10
    3.83172386205912e-03    -2.48033568745178e-03    -1.41719523227737e-03    8.8480186E+02    88.84    88.84    0.0249576691946979    0.00000e+00    0.00000e+00    7.71491142E+10
    3.84173012554901e-03    -2.48690108280273e-03    -1.42093101257853e-03    8.8044778E+02    88.66    88.66    0.0249026192774638    0.00000e+00    0.00000e+00    7.71993415E+10
    3.85173731018490e-03    -2.49346628422821e-03    -1.42466679287968e-03    8.7613289E+02    88.47    88.47    0.0248286117728327    0.00000e+00    0.00000e+00    7.72495688E+10
    3.86174536748541e-03    -2.50003134020959e-03    -1.42840262166221e-03    8.7185655E+02    88.29    88.29    0.0247244762991772    0.00000e+00    0.00000e+00    7.72997961E+10
    3.87175434593192e-03    -2.50659615378413e-03    -1.43213854740747e-03    8.6761852E+02    88.11    88.11    0.0246154518688090    0.00000e+00    0.00000e+00    7.73500234E+10
    3.88176424552442e-03    -2.51316082191456e-03    -1.43587457011547e-03    8.6341780E+02    87.93    87.93    0.0245228605460756    0.00000e+00    0.00000e+00    7.74002507E+10
    3.89177501778154e-03    -2.51972529611952e-03    -1.43961073826757e-03    8.5925417E+02    87.75    87.75    0.0244299233364121    0.00000e+00    0.00000e+00    7.74504779E+10
    3.90178671118466e-03    -2.52628952791764e-03    -1.44334705186378e-03    8.5512686E+02    87.57    87.57    0.0243553202502965    0.00000e+00    0.00000e+00    7.75007052E+10
    3.91179937421515e-03    -2.53285356579028e-03    -1.44708351090409e-03    8.5103564E+02    87.40    87.40    0.0242722463115358    0.00000e+00    0.00000e+00    7.75509325E+10
    3.92181286142889e-03    -2.53941736125609e-03    -1.45082016386987e-03    8.4697975E+02    87.22    87.22    0.0242385617981828    0.00000e+00    0.00000e+00    7.76011598E+10
    3.93182731826999e-03    -2.54598091431505e-03    -1.45455705924250e-03    8.4295864E+02    87.04    87.04    0.0242037068722513    0.00000e+00    0.00000e+00    7.76513871E+10
    3.94184264777572e-03    -2.55254422496718e-03    -1.45829414854059e-03    8.3897210E+02    86.87    86.87    0.0241634736123301    0.00000e+00    0.00000e+00    7.77016144E+10
    3.95185889842744e-03    -2.55910724473110e-03    -1.46203148024553e-03    8.3501924E+02    86.70    86.70    0.0241024066192423    0.00000e+00    0.00000e+00    7.77518417E+10
    3.96187607022516e-03    -2.56567002208817e-03    -1.46576910283868e-03    8.3109985E+02    86.53    86.53    0.0240277807520346    0.00000e+00    0.00000e+00    7.78020690E+10
    3.97189416316887e-03    -2.57223250855704e-03    -1.46950701632003e-03    8.2721325E+02    86.35    86.35    0.0238924134505551    0.00000e+00    0.00000e+00    7.78522962E+10
    3.98191317725858e-03    -2.57879475261906e-03    -1.47324522068960e-03    8.2335890E+02    86.18    86.18    0.0238045979044026    0.00000e+00    0.00000e+00    7.79025235E+10
    3.99193306401291e-03    -2.58535665731151e-03    -1.47698376442873e-03    8.1953665E+02    86.02    86.02    0.0237186152242892    0.00000e+00    0.00000e+00    7.79527508E+10
    4.00195387191323e-03    -2.59191831959712e-03    -1.48072259905608e-03    8.1574563E+02    85.85    85.85    0.0237461274439578    0.00000e+00    0.00000e+00    7.80029781E+10
    4.01197555247818e-03    -2.59847964251315e-03    -1.48446182153438e-03    8.1198535E+02    85.68    85.68    0.0236202624926499    0.00000e+00    0.00000e+00    7.80532054E+10
    4.02199815418913e-03    -2.60504067454098e-03    -1.48820143186362e-03    8.0825567E+02    85.51    85.51    0.0235521555291825    0.00000e+00    0.00000e+00    7.81034327E+10
    4.03202162856470e-03    -2.61160136719922e-03    -1.49194138156243e-03    8.0455594E+02    85.35    85.35    0.0234939172761006    0.00000e+00    0.00000e+00    7.81536600E+10
    4.04204602408627e-03    -2.61816172048789e-03    -1.49568176759356e-03    8.0088567E+02    85.18    85.18    0.0234560945536855    0.00000e+00    0.00000e+00    7.82038873E+10
    4.05207129227246e-03    -2.62472178288836e-03    -1.49942258995700e-03    7.9724441E+02    85.02    85.02    0.0234069564996378    0.00000e+00    0.00000e+00    7.82541145E+10
    4.06209743312328e-03    -2.63128145743787e-03    -1.50316380017139e-03    7.9363186E+02    84.85    84.85    0.0233541242197847    0.00000e+00    0.00000e+00    7.83043418E+10
    4.07212444663872e-03    -2.63784084109918e-03    -1.50690549519945e-03    7.9004740E+02    84.69    84.69    0.0234293983883656    0.00000e+00    0.00000e+00    7.83545691E+10
    4.08215238130016e-03    -2.64439983690954e-03    -1.51064762655983e-03    7.8649077E+02    84.53    84.53    0.0232890961935287    0.00000e+00    0.00000e+00    7.84047964E+10
    4.09218118862622e-03    -2.65095844486896e-03    -1.51439024273389e-03    7.8296151E+02    84.37    84.37    0.0232105712105087    0.00000e+00    0.00000e+00    7.84550237E+10
    4.10221082013554e-03    -2.65751671345880e-03    -1.51813334372164e-03    7.7945920E+02    84.21    84.21    0.0231351774063681    0.00000e+00    0.00000e+00    7.85052510E+10
    4.11224132430949e-03    -2.66407464267907e-03    -1.52187692952306e-03    7.7598341E+02    84.05    84.05    0.0229670763899343    0.00000e+00    0.00000e+00    7.85554783E+10
    4.12227270114806e-03    -2.67063218404839e-03    -1.52562104861953e-03    7.7253357E+02    83.89    83.89    0.0228669813818162    0.00000e+00    0.00000e+00    7.86057056E+10
    4.13230490216990e-03    -2.67718933756676e-03    -1.52936565252969e-03    7.6910959E+02    83.73    83.73    0.0228402492556752    0.00000e+00    0.00000e+00    7.86559329E+10
    4.14233797585635e-03    -2.68374610323419e-03    -1.53311083821626e-03    7.6571106E+02    83.57    83.57    0.0227816257438525    0.00000e+00    0.00000e+00    7.87061601E+10
    4.15237187372607e-03    -2.69030248105067e-03    -1.53685655719788e-03    7.6233727E+02    83.42    83.42    0.0227275131287683    0.00000e+00    0.00000e+00    7.87563874E+10
    4.16240659577904e-03    -2.69685842253485e-03    -1.54060280947455e-03    7.5898815E+02    83.26    83.26    0.0226787873955336    0.00000e+00    0.00000e+00    7.88066147E+10
    4.17244214201527e-03    -2.70341397616807e-03    -1.54434969200900e-03    7.5566330E+02    83.11    83.11    0.0226284466598529    0.00000e+00    0.00000e+00    7.88568420E+10
    4.18247851243476e-03    -2.70996914195036e-03    -1.54809710783851e-03    7.5236219E+02    82.95    82.95    0.0227237882563273    0.00000e+00    0.00000e+00    7.89070693E+10
    4.19251570703751e-03    -2.71652387140032e-03    -1.55184510544443e-03    7.4908461E+02    82.80    82.80    0.0225747565817308    0.00000e+00    0.00000e+00    7.89572966E+10
    4.20255372582351e-03    -2.72307821299935e-03    -1.55559373330814e-03    7.4583003E+02    82.65    82.65    0.0224988814651013    0.00000e+00    0.00000e+00    7.90075239E+10
    4.21259252031141e-03    -2.72963211826606e-03    -1.55934294294826e-03    7.4259840E+02    82.49    82.49    0.0224232998125080    0.00000e+00    0.00000e+00    7.90577512E+10
    4.22263209050119e-03    -2.73618558720046e-03    -1.56309278284617e-03    7.3938906E+02    82.34    82.34    0.0222615282185622    0.00000e+00    0.00000e+00    7.91079784E+10
    4.23267243639287e-03    -2.74273861980254e-03    -1.56684325300187e-03    7.3620195E+02    82.19    82.19    0.0221440763314293    0.00000e+00    0.00000e+00    7.91582057E+10
    4.24271355798643e-03    -2.74929121607232e-03    -1.57059430493398e-03    7.3303659E+02    82.04    82.04    0.0221499034080093    0.00000e+00    0.00000e+00    7.92084330E+10
    4.25275545528188e-03    -2.75584337600977e-03    -1.57434603560524e-03    7.2989263E+02    81.89    81.89    0.0220981998882306    0.00000e+00    0.00000e+00    7.92586603E+10
    4.26279812827923e-03    -2.76239505113355e-03    -1.57809844501566e-03    7.2676989E+02    81.74    81.74    0.0220466374962399    0.00000e+00    0.00000e+00    7.93088876E+10
    4.27284152849709e-03    -2.76894628992502e-03    -1.58185143620250e-03    7.2366789E+02    81.59    81.59    0.0219888997954630    0.00000e+00    0.00000e+00    7.93591149E+10
    4.28288570441685e-03    -2.77549709238417e-03    -1.58560515460986e-03    7.2058660E+02    81.44    81.44    0.0219379748315648    0.00000e+00    0.00000e+00    7.94093422E+10
    4.29293055907576e-03    -2.78204741002964e-03    -1.58935950327500e-03    7.1752540E+02    81.29    81.29    0.0220781525722043    0.00000e+00    0.00000e+00    7.94595695E+10
    4.30297618943656e-03    -2.78859729134280e-03    -1.59311453067930e-03    7.1448427E+02    81.15    81.15    0.0219031634047373    0.00000e+00    0.00000e+00    7.95097967E+10
    4.31302249853651e-03    -2.79514668784227e-03    -1.59687023682275e-03    7.1146290E+02    81.00    81.00    0.0218328224712571    0.00000e+00    0.00000e+00    7.95600240E+10
    4.32306953485698e-03    -2.80169559952807e-03    -1.60062662170536e-03    7.0846083E+02    80.85    80.85    0.0217235719952909    0.00000e+00    0.00000e+00    7.96102513E+10
    4.33311724991661e-03    -2.80824407488155e-03    -1.60438368532712e-03    7.0547791E+02    80.71    80.71    0.0215934821869609    0.00000e+00    0.00000e+00    7.96604786E+10
    4.34316564371539e-03    -2.81479201693999e-03    -1.60814147616940e-03    7.0251399E+02    80.56    80.56    0.0215970645421288    0.00000e+00    0.00000e+00    7.97107059E+10
    4.35321476473469e-03    -2.82133952266611e-03    -1.61189994575083e-03    6.9956861E+02    80.42    80.42    0.0214952123010557    0.00000e+00    0.00000e+00    7.97609332E+10
    4.36326451601178e-03    -2.82788649509718e-03    -1.61565909407142e-03    6.9664178E+02    80.28    80.28    0.0214325096843080    0.00000e+00    0.00000e+00    7.98111605E+10
    4.37331489754665e-03    -2.83443298271457e-03    -1.61941896961253e-03    6.9373293E+02    80.13    80.13    0.0213795825501628    0.00000e+00    0.00000e+00    7.98613878E+10
    4.38336595782068e-03    -2.84097898551828e-03    -1.62317957237416e-03    6.9084220E+02    79.99    79.99    0.0213358807072593    0.00000e+00    0.00000e+00    7.99116151E+10
    4.39341764835249e-03    -2.84752445502694e-03    -1.62694085387494e-03    6.8796902E+02    79.85    79.85    0.0212841559014801    0.00000e+00    0.00000e+00    7.99618423E+10
    4.40346996914209e-03    -2.85406943972192e-03    -1.63070286259625e-03    6.8511339E+02    79.71    79.71    0.0214356369268724    0.00000e+00    0.00000e+00    8.00120696E+10
    4.41352292018947e-03    -2.86061393960321e-03    -1.63446559853807e-03    6.8227491E+02    79.56    79.56    0.0212709143930342    0.00000e+00    0.00000e+00    8.00622969E+10
    4.42357650149464e-03    -2.86715790618946e-03    -1.63822901321905e-03    6.7945358E+02    79.42    79.42    0.0211881502602622    0.00000e+00    0.00000e+00    8.01125242E+10
    4.43363061609486e-03    -2.87370133948066e-03    -1.64199315512056e-03    6.7664913E+02    79.28    79.28    0.0210573518098102    0.00000e+00    0.00000e+00    8.01627515E+10
    4.44368536095286e-03    -2.88024423947681e-03    -1.64575807272395e-03    6.7386117E+02    79.14    79.14    0.0209649459286959    0.00000e+00    0.00000e+00    8.02129788E+10
    4.45374068758728e-03    -2.88678665465928e-03    -1.64952366906649e-03    6.7108971E+02    79.00    79.00    0.0209211888075151    0.00000e+00    0.00000e+00    8.02632061E+10
    4.46379654751675e-03    -2.89332853654670e-03    -1.65328999262956e-03    6.6833435E+02    78.86    78.86    0.0208565889054784    0.00000e+00    0.00000e+00    8.03134334E+10
    4.47385298922264e-03    -2.89986988513907e-03    -1.65705699493178e-03    6.6559511E+02    78.73    78.73    0.0207942770427162    0.00000e+00    0.00000e+00    8.03636606E+10
