    2.82361814696732e-05    1.23578192827836e-06    -3.54957534114139e-05    1.3741683E+07    2613.71    2613.71    1.2306532199378863    0.00000e+00    0.00000e+00    6.10763821E+10
    3.56198846215115e-05    7.30553761166036e-06    -4.04548432271270e-05    1.7542515E+07    3255.22    3255.22    0.9856598515831936    0.00000e+00    0.00000e+00    6.11266094E+10
    4.23698785993116e-05    1.40661407672442e-05    -4.51363437582608e-05    1.5003388E+07    2622.64    2622.64    0.8024677823480980    0.00000e+00    0.00000e+00    6.11768367E+10
    4.96432871235111e-05    1.98432688274354e-05    -5.02674992823501e-05    1.0601944E+07    1985.64    1985.64    0.7242745488173561    0.00000e+00    0.00000e+00    6.12270640E+10
    5.57124465830281e-05    2.50919170078868e-05    -5.47073211630782e-05    7.8575134E+06    1606.90    1606.90    0.6473202680500363    0.00000e+00    0.00000e+00    6.12772912E+10
    6.14355654295163e-05    2.94848675867389e-05    -5.81250927782489e-05    6.1461014E+06    1371.82    1371.82    0.5896565729647942    0.00000e+00    0.00000e+00    6.13275185E+10
    6.69222115549066e-05    3.31060713858263e-05    -6.05792099357517e-05    4.7383966E+06    1182.91    1182.91    0.5396690442794814    0.00000e+00    0.00000e+00    6.13777458E+10
    7.18526551846439e-05    3.60364006601084e-05    -6.17628292086757e-05    3.6012749E+06    1028.74    1028.74    0.5394109253928675    0.00000e+00    0.00000e+00    6.14279731E+10
    7.60792414640096e-05    3.82744882350046e-05    -6.13848684628827e-05    2.7492184E+06    903.74    903.74    0.5587676563249639    0.00000e+00    0.00000e+00    6.14782004E+10
    7.94516199742180e-05    3.99422919008801e-05    -5.94606041774645e-05    2.1459212E+06    805.32    805.32    0.5927324645372696    0.00000e+00    0.00000e+00    6.15284277E+10
    8.18685907074742e-05    4.12991835834327e-05    -5.63472567689361e-05    1.7310571E+06    730.89    730.89    0.5692202049738397    0.00000e+00    0.00000e+00    6.15786550E+10
    8.34286968926006e-05    4.26684797088301e-05    -5.27508700973711e-05    1.6224490E+06    844.33    844.33    0.5210266280429479    0.00000e+00    0.00000e+00    6.16288823E+10
    8.50689864124458e-05    4.52014096327751e-05    -5.16445689103104e-05    2.0292701E+06    1539.53    1539.53    0.4849210835631546    0.00000e+00    0.00000e+00    6.16791095E+10
    8.73883883923787e-05    4.89868203104680e-05    -5.42089520914448e-05    2.1380635E+06    1814.10    1814.10    0.4681573776854289    0.00000e+00    0.00000e+00    6.17293368E+10
    9.01068356650961e-05    5.35764205298380e-05    -5.82493359803068e-05    2.1942304E+06    1991.57    1991.57    0.4455277068602952    0.00000e+00    0.00000e+00    6.17795641E+10
    9.35002793297487e-05    5.92220516056745e-05    -6.29612837802417e-05    2.2044374E+06    2044.16    2044.16    0.4364227352001169    0.00000e+00    0.00000e+00    6.18297914E+10
    9.73383165325259e-05    6.53990675648279e-05    -6.78756800771343e-05    2.0317115E+06    1902.10    1902.10    0.4254906387337211    0.00000e+00    0.00000e+00    6.18800187E+10
    1.01135891185478e-04    7.18229845873600e-05    -7.22188688949436e-05    1.7387060E+06    1699.41    1699.41    0.4144721569909092    0.00000e+00    0.00000e+00    6.19302460E+10
    1.04852773449346e-04    7.82017654561808e-05    -7.56394378850543e-05    1.4503170E+06    1518.81    1518.81    0.4005439189590336    0.00000e+00    0.00000e+00    6.19804733E+10
    1.08547480335440e-04    8.42702122395865e-05    -7.81824310865781e-05    1.2213914E+06    1379.85    1379.85    0.3968081565446434    0.00000e+00    0.00000e+00    6.20307006E+10
    1.12167787714031e-04    8.99693522014071e-05    -7.99586429700591e-05    1.0461540E+06    1274.31    1274.31    0.3915800763377242    0.00000e+00    0.00000e+00    6.20809278E+10
    1.15662426538341e-04    9.53314981734884e-05    -8.10759494276810e-05    9.0362150E+05    1186.81    1186.81    0.3905913805415717    0.00000e+00    0.00000e+00    6.21311551E+10
    1.19020381841537e-04    1.00423404151582e-04    -8.16720763299733e-05    7.8360670E+05    1109.98    1109.98    0.3918187106201214    0.00000e+00    0.00000e+00    6.21813824E+10
    1.22257172509549e-04    1.05314868761359e-04    -8.19132856807357e-05    6.8352828E+05    1041.41    1041.41    0.3898817715467436    0.00000e+00    0.00000e+00    6.22316097E+10
    1.25377186106193e-04    1.10045132822166e-04    -8.19396983300825e-05    5.9977340E+05    978.20    978.20    0.3889450602832067    0.00000e+00    0.00000e+00    6.22818370E+10
    1.28366319401484e-04    1.14626874211765e-04    -8.18340622771056e-05    5.2819113E+05    918.70    918.70    0.3820798536859432    0.00000e+00    0.00000e+00    6.23320643E+10
    1.31203226049044e-04    1.19052670432699e-04    -8.16177384125945e-05    4.6655953E+05    864.78    864.78    0.3704761246216458    0.00000e+00    0.00000e+00    6.23822916E+10
    1.33875843884486e-04    1.23310231458150e-04    -8.12741800456130e-05    4.2028466E+05    827.82    827.82    0.3660982712222900    0.00000e+00    0.00000e+00    6.24325189E+10
    1.36478527346428e-04    1.27469588624357e-04    -8.09410694134595e-05    4.1674443E+05    897.27    897.27    0.3526982801238567    0.00000e+00    0.00000e+00    6.24827461E+10
    1.39435003592160e-04    1.31886396399642e-04    -8.14222566882343e-05    4.8473736E+05    1157.92    1157.92    0.3480257212735719    0.00000e+00    0.00000e+00    6.25329734E+10
    1.43100519846514e-04    1.36891879490942e-04    -8.36374140304551e-05    5.7807227E+05    1332.42    1332.42    0.3382027402357310    0.00000e+00    0.00000e+00    6.25832007E+10
    1.47254636176828e-04    1.42361906203344e-04    -8.73830166567920e-05    6.2188414E+05    1354.07    1354.07    0.3340134614339244    0.00000e+00    0.00000e+00    6.26334280E+10
    1.51582213994105e-04    1.48004385990253e-04    -9.19575682595005e-05    6.0825290E+05    1315.07    1315.07    0.3274220248702649    0.00000e+00    0.00000e+00    6.26836553E+10
    1.55946569777232e-04    1.53665375963507e-04    -9.67846399161516e-05    5.7239303E+05    1266.02    1266.02    0.3222030047353451    0.00000e+00    0.00000e+00    6.27338826E+10
    1.60317208745666e-04    1.59300137516613e-04    -1.01445381695088e-04    5.3179908E+05    1213.08    1213.08    0.3152635207733605    0.00000e+00    0.00000e+00    6.27841099E+10
    1.64676546707193e-04    1.64921004309618e-04    -1.05768140464375e-04    4.8692839E+05    1156.43    1156.43    0.3157603653336093    0.00000e+00    0.00000e+00    6.28343372E+10
    1.68982952711016e-04    1.70532940834618e-04    -1.09713529960560e-04    4.4003273E+05    1100.62    1100.62    0.3097760299062591    0.00000e+00    0.00000e+00    6.28845645E+10
    1.73192046912767e-04    1.76111783977745e-04    -1.13282616773742e-04    3.9557584E+05    1049.09    1049.09    0.3081681195504797    0.00000e+00    0.00000e+00    6.29347917E+10
    1.77264161857058e-04    1.81626001457180e-04    -1.16507694343219e-04    3.5599743E+05    1003.63    1003.63    0.3033085408124834    0.00000e+00    0.00000e+00    6.29850190E+10
    1.81171760126801e-04    1.87052084657526e-04    -1.19445907657583e-04    3.2180818E+05    963.53    963.53    0.3042102173440088    0.00000e+00    0.00000e+00    6.30352463E+10
    1.84906357482577e-04    1.92377336308475e-04    -1.22165271228158e-04    2.9272024E+05    927.75    927.75    0.3042101224003166    0.00000e+00    0.00000e+00    6.30854736E+10
    1.88476724203876e-04    1.97601465521818e-04    -1.24733484437373e-04    2.6808639E+05    895.25    895.25    0.3037428176472418    0.00000e+00    0.00000e+00    6.31357009E+10
    1.91905535026566e-04    2.02735506656937e-04    -1.27206994142120e-04    2.4710220E+05    865.30    865.30    0.3026344124718099    0.00000e+00    0.00000e+00    6.31859282E+10
    1.95228288008376e-04    2.07797887481851e-04    -1.29619271878944e-04    2.2900595E+05    837.59    837.59    0.3025174932380398    0.00000e+00    0.00000e+00    6.32361555E+10
    1.98488786065395e-04    2.12809217426145e-04    -1.31979029749692e-04    2.1330300E+05    812.39    812.39    0.3028829041307489    0.00000e+00    0.00000e+00    6.32863828E+10
    2.01729009214269e-04    2.17787895169016e-04    -1.34285845966463e-04    2.0001326E+05    790.83    790.83    0.3003028233724044    0.00000e+00    0.00000e+00    6.33366100E+10
    2.04986210538257e-04    2.22750617693642e-04    -1.36548287187003e-04    1.8965048E+05    775.75    775.75    0.2991380949075955    0.00000e+00    0.00000e+00    6.33868373E+10
    2.08296353516221e-04    2.27718455002603e-04    -1.38805967537194e-04    1.8289533E+05    771.36    771.36    0.2918822937784401    0.00000e+00    0.00000e+00    6.34370646E+10
    2.11695110738818e-04    2.32717713086237e-04    -1.41137126248894e-04    1.8007395E+05    780.46    780.46    0.2935761575307956    0.00000e+00    0.00000e+00    6.34872919E+10
    2.15214140539426e-04    2.37772773224567e-04    -1.43646710939652e-04    1.8047964E+05    799.14    799.14    0.2891197859887509    0.00000e+00    0.00000e+00    6.35375192E+10
    2.18865771729953e-04    2.42896701146298e-04    -1.46417629597076e-04    1.8244819E+05    819.06    819.06    0.2855280155681766    0.00000e+00    0.00000e+00    6.35877465E+10
    2.22636497401245e-04    2.48085880141370e-04    -1.49477201472096e-04    1.8415809E+05    833.55    833.55    0.2875036108825286    0.00000e+00    0.00000e+00    6.36379738E+10
    2.26495953672454e-04    2.53326909959636e-04    -1.52799173903879e-04    1.8437414E+05    840.12    840.12    0.2850284971413345    0.00000e+00    0.00000e+00    6.36882011E+10
    2.30408826715047e-04    2.58603704483158e-04    -1.56331492447485e-04    1.8261305E+05    839.06    839.06    0.2840133199662411    0.00000e+00    0.00000e+00    6.37384283E+10
    2.34344878699734e-04    2.63902931335705e-04    -1.60023993431330e-04    1.7889497E+05    831.69    831.69    0.2850882328444414    0.00000e+00    0.00000e+00    6.37886556E+10
    2.38278026650472e-04    2.69214327011648e-04    -1.63837237262456e-04    1.7354217E+05    819.60    819.60    0.2826831029475302    0.00000e+00    0.00000e+00    6.38388829E+10
    2.42186250329863e-04    2.74526391730471e-04    -1.67731551637336e-04    1.6702616E+05    804.55    804.55    0.2802403406542200    0.00000e+00    0.00000e+00    6.38891102E+10
    2.46052833362184e-04    2.79828658364798e-04    -1.71667099415795e-04    1.5978609E+05    787.84    787.84    0.2821276946828746    0.00000e+00    0.00000e+00    6.39393375E+10
    2.49866159611635e-04    2.85113049918703e-04    -1.75606501463019e-04    1.5214259E+05    770.20    770.20    0.2789239598125546    0.00000e+00    0.00000e+00    6.39895648E+10
    2.53619204127977e-04    2.90374878243889e-04    -1.79514831801420e-04    1.4433118E+05    752.05    752.05    0.2740778475812739    0.00000e+00    0.00000e+00    6.40397921E+10
    2.57310294304010e-04    2.95611428383742e-04    -1.83357954699712e-04    1.3651736E+05    733.64    733.64    0.2695380882958345    0.00000e+00    0.00000e+00    6.40900194E+10
    2.60941306368680e-04    3.00821662836985e-04    -1.87105336592259e-04    1.2880871E+05    715.11    715.11    0.2674293236424349    0.00000e+00    0.00000e+00    6.41402466E+10
    2.64516089742615e-04    3.06006134291213e-04    -1.90735209344778e-04    1.2130419E+05    696.70    696.70    0.2672714809078529    0.00000e+00    0.00000e+00    6.41904739E+10
    2.68040054946496e-04    3.11166971078487e-04    -1.94234415113965e-04    1.1410745E+05    678.80    678.80    0.2622984588391857    0.00000e+00    0.00000e+00    6.42407012E+10
    2.71520774770022e-04    3.16308100189624e-04    -1.97598576032278e-04    1.0733956E+05    661.75    661.75    0.2610898039890975    0.00000e+00    0.00000e+00    6.42909285E+10
    2.74968294552665e-04    3.21433826770113e-04    -2.00830935503245e-04    1.0114081E+05    646.04    646.04    0.2611954062276493    0.00000e+00    0.00000e+00    6.43411558E+10
    2.78394821902917e-04    3.26548843816385e-04    -2.03943725376040e-04    9.5653577E+04    632.36    632.36    0.2585382819777179    0.00000e+00    0.00000e+00    6.43913831E+10
    2.81814983649535e-04    3.31658595786081e-04    -2.06960590013891e-04    9.0993808E+04    621.37    621.37    0.2507822468180364    0.00000e+00    0.00000e+00    6.44416104E+10
    2.85244511996473e-04    3.36769394953328e-04    -2.09916479635069e-04    8.7220237E+04    613.55    613.55    0.2523176647297001    0.00000e+00    0.00000e+00    6.44918377E+10
    2.88699003399851e-04    3.41889104996033e-04    -2.12855715906300e-04    8.4321030E+04    609.03    609.03    0.2524257254128908    0.00000e+00    0.00000e+00    6.45420650E+10
    2.92192502912011e-04    3.47026282875669e-04    -2.15827235920557e-04    8.2226607E+04    607.60    607.60    0.2469117668214563    0.00000e+00    0.00000e+00    6.45922922E+10
    2.95735841270589e-04    3.52187929301791e-04    -2.18877959945896e-04    8.0804523E+04    608.53    608.53    0.2460330876367334    0.00000e+00    0.00000e+00    6.46425195E+10
    2.99335660423016e-04    3.57378058531678e-04    -2.22046595506618e-04    7.9872290E+04    610.71    610.71    0.2440808137710564    0.00000e+00    0.00000e+00    6.46927468E+10
    3.02993943257248e-04    3.62596777224340e-04    -2.25357814770955e-04    7.9240004E+04    612.96    612.96    0.2393723057888240    0.00000e+00    0.00000e+00    6.47429741E+10
    3.06709720145923e-04    3.67840725620967e-04    -2.28820388018397e-04    7.8741118E+04    614.47    614.47    0.2365714257302216    0.00000e+00    0.00000e+00    6.47932014E+10
    3.10479437404759e-04    3.73104333212362e-04    -2.32431062149144e-04    7.8247323E+04    614.79    614.79    0.2354239119026082    0.00000e+00    0.00000e+00    6.48434287E+10
    3.14297524524558e-04    3.78380555655741e-04    -2.36177678036074e-04    7.7673066E+04    613.82    613.82    0.2328855932963216    0.00000e+00    0.00000e+00    6.48936560E+10
    3.18157489850132e-04    3.83661698957982e-04    -2.40042147280746e-04    7.6968068E+04    611.61    611.61    0.2316014832969134    0.00000e+00    0.00000e+00    6.49438833E+10
    3.22052633256407e-04    3.88939909137453e-04    -2.44004030138363e-04    7.6102706E+04    608.27    608.27    0.2290612598253355    0.00000e+00    0.00000e+00    6.49941105E+10
    3.25975478916421e-04    3.94208456980259e-04    -2.48043769225029e-04    7.5059600E+04    603.94    603.94    0.2229353257517413    0.00000e+00    0.00000e+00    6.50443378E+10
    3.29918376470285e-04    3.99460938097674e-04    -2.52142786480484e-04    7.3831396E+04    598.73    598.73    0.2223377606343795    0.00000e+00    0.00000e+00    6.50945651E+10
    3.33874233093846e-04    4.04691345648187e-04    -2.56282343855954e-04    7.2420822E+04    592.68    592.68    0.2205633824765856    0.00000e+00    0.00000e+00    6.51447924E+10
    3.37836736512974e-04    4.09894496973548e-04    -2.60445308035947e-04    7.0838676E+04    585.86    585.86    0.2186704635896156    0.00000e+00    0.00000e+00    6.51950197E+10
    3.41799550212859e-04    4.15066431145983e-04    -2.64615864398187e-04    6.9102030E+04    578.40    578.40    0.2154488265062823    0.00000e+00    0.00000e+00    6.52452470E+10
    3.45756691592674e-04    4.20204942263242e-04    -2.68779643065165e-04    6.7232527E+04    570.40    570.40    0.2125353271897368    0.00000e+00    0.00000e+00    6.52954743E+10
    3.49703234945421e-04    4.25309807311032e-04    -2.72924310376834e-04    6.5255024E+04    561.97    561.97    0.2106056513812014    0.00000e+00    0.00000e+00    6.53457016E+10
    3.53635684764457e-04    4.30382524363628e-04    -2.77040063400561e-04    6.3197868E+04    553.24    553.24    0.2070972008252547    0.00000e+00    0.00000e+00    6.53959288E+10
    3.57551941806545e-04    4.35425953821748e-04    -2.81119460246342e-04    6.1092387E+04    544.37    544.37    0.2068697686773066    0.00000e+00    0.00000e+00    6.54461561E+10
    3.61451177040288e-04    4.40443722091727e-04    -2.85157022519580e-04    5.8971194E+04    535.50    535.50    0.2044374171912186    0.00000e+00    0.00000e+00    6.54963834E+10
    3.65333768620360e-04    4.45439387705984e-04    -2.89148920192194e-04    5.6867483E+04    526.75    526.75    0.2030857052456085    0.00000e+00    0.00000e+00    6.55466107E+10
    3.69200826770088e-04    4.50416712818685e-04    -2.93093029780261e-04    5.4814380E+04    518.26    518.26    0.2020478227837901    0.00000e+00    0.00000e+00    6.55968380E+10
    3.73053820474928e-04    4.55379808649845e-04    -2.96987848361370e-04    5.2842214E+04    510.14    510.14    0.1988685509506295    0.00000e+00    0.00000e+00    6.56470653E+10
    3.76894592026866e-04    4.60332994889363e-04    -3.00833725001371e-04    5.0976319E+04    502.51    502.51    0.1973928556259952    0.00000e+00    0.00000e+00    6.56972926E+10
    3.80725245517280e-04    4.65280891811620e-04    -3.04633408593835e-04    4.9235744E+04    495.49    495.49    0.1954916817163228    0.00000e+00    0.00000e+00    6.57475199E+10
    3.84548146836933e-04    4.70228362097838e-04    -3.08391941201048e-04    4.7632647E+04    489.17    489.17    0.1935413756973910    0.00000e+00    0.00000e+00    6.57977472E+10
    3.88365962461071e-04    4.75180423569616e-04    -3.12116347773246e-04    4.6173152E+04    483.61    483.61    0.1922048837279777    0.00000e+00    0.00000e+00    6.58479744E+10
    3.92181829134212e-04    4.80142142529922e-04    -3.15815098005441e-04    4.4856712E+04    478.79    478.79    0.1897597058990530    0.00000e+00    0.00000e+00    6.58982017E+10
    3.95999615669529e-04    4.85118774359058e-04    -3.19498474795807e-04    4.3675860E+04    474.65    474.65    0.1875869816297749    0.00000e+00    0.00000e+00    6.59484290E+10
    3.99823535097912e-04    4.90115118712469e-04    -3.23177585225780e-04    4.2618344E+04    471.11    471.11    0.1852503617421120    0.00000e+00    0.00000e+00    6.59986563E+10
    4.03657718031925e-04    4.95134976529413e-04    -3.26863114588891e-04    4.1668874E+04    468.05    468.05    0.1842127584265812    0.00000e+00    0.00000e+00    6.60488836E+10
    4.07505916929458e-04    5.00180965803769e-04    -3.30564623410931e-04    4.0810693E+04    465.34    465.34    0.1825966194036607    0.00000e+00    0.00000e+00    6.60991109E+10
    4.11371302471987e-04    5.05254298569740e-04    -3.34289955977260e-04    4.0026680E+04    462.86    462.86    0.1799900203780933    0.00000e+00    0.00000e+00    6.61493382E+10
    4.15256385994379e-04    5.10355120271430e-04    -3.38044857330001e-04    3.9300497E+04    460.51    460.51    0.1776778424428324    0.00000e+00    0.00000e+00    6.61995655E+10
    4.19162980699802e-04    5.15482703688317e-04    -3.41832958723624e-04    3.8617769E+04    458.19    458.19    0.1777034286691634    0.00000e+00    0.00000e+00    6.62497927E+10
    4.23092240444817e-04    5.20635594379357e-04    -3.45655923069056e-04    3.7966573E+04    455.83    455.83    0.1762377318400644    0.00000e+00    0.00000e+00    6.63000200E+10
    4.27044897298082e-04    5.25812047015300e-04    -3.49513842480895e-04    3.7337570E+04    453.39    453.39    0.1751184806497273    0.00000e+00    0.00000e+00    6.63502473E+10
    4.31021368199363e-04    5.31010413229629e-04    -3.53405509773077e-04    3.6723889E+04    450.86    450.86    0.1735442617240197    0.00000e+00    0.00000e+00    6.64004746E+10
    4.35021871314817e-04    5.36229093137196e-04    -3.57328675410120e-04    3.6120812E+04    448.21    448.21    0.1717601050015637    0.00000e+00    0.00000e+00    6.64507019E+10
    4.39046532696000e-04    5.41466438371486e-04    -3.61280299610245e-04    3.5525570E+04    445.46    445.46    0.1699435114862234    0.00000e+00    0.00000e+00    6.65009292E+10
    4.43095100239800e-04    5.46720606640511e-04    -3.65256697789474e-04    3.4937026E+04    442.63    442.63    0.1683065829038489    0.00000e+00    0.00000e+00    6.65511565E+10
    4.47167084284396e-04    5.51989707170914e-04    -3.69253787816613e-04    3.4355008E+04    439.73    439.73    0.1668741303988766    0.00000e+00    0.00000e+00    6.66013838E+10
    4.51261936990331e-04    5.57271897670707e-04    -3.73267642700844e-04    3.3779883E+04    436.79    436.79    0.1656450342615063    0.00000e+00    0.00000e+00    6.66516110E+10
    4.55378829326209e-04    5.62565287366533e-04    -3.77294282121847e-04    3.3212523E+04    433.82    433.82    0.1652050701027695    0.00000e+00    0.00000e+00    6.67018383E+10
    4.59516534713417e-04    5.67868082447773e-04    -3.81329648189109e-04    3.2654149E+04    430.84    430.84    0.1614261807783801    0.00000e+00    0.00000e+00    6.67520656E+10
    4.63673448418670e-04    5.73178634547910e-04    -3.85369862393183e-04    3.2106125E+04    427.85    427.85    0.1601080834485819    0.00000e+00    0.00000e+00    6.68022929E+10
    4.67847660276065e-04    5.78495586188639e-04    -3.89411434075563e-04    3.1569780E+04    424.88    424.88    0.1590258563892089    0.00000e+00    0.00000e+00    6.68525202E+10
    4.72037046801680e-04    5.83817870779859e-04    -3.93451459202301e-04    3.1046395E+04    421.93    421.93    0.1585716424890274    0.00000e+00    0.00000e+00    6.69027475E+10
    4.76239474815316e-04    5.89145003507891e-04    -3.97487780352515e-04    3.0536965E+04    419.02    419.02    0.1571076763372526    0.00000e+00    0.00000e+00    6.69529748E+10
    4.80452942036470e-04    5.94476741965893e-04    -4.01519006110941e-04    3.0042086E+04    416.16    416.16    0.1557174813685383    0.00000e+00    0.00000e+00    6.70032021E+10
    4.84675664350798e-04    5.99813134635234e-04    -4.05544462586562e-04    2.9561900E+04    413.34    413.34    0.1535639359634778    0.00000e+00    0.00000e+00    6.70534293E+10
    4.88906090354518e-04    6.05154181515913e-04    -4.09564028575957e-04    2.9096262E+04    410.58    410.58    0.1530396102036317    0.00000e+00    0.00000e+00    6.71036566E+10
    4.93142731669630e-04    6.10500028052036e-04    -4.13577980422925e-04    2.8644779E+04    407.86    407.86    0.1510554160851903    0.00000e+00    0.00000e+00    6.71538839E+10
    4.97384318084289e-04    6.15850674243601e-04    -4.17586885359472e-04    2.8206624E+04    405.18    405.18    0.1503777241338772    0.00000e+00    0.00000e+00    6.72041112E+10
    5.01629589082925e-04    6.21205974646505e-04    -4.21591465757984e-04    2.7780722E+04    402.55    402.55    0.1500004327656028    0.00000e+00    0.00000e+00    6.72543385E+10
    5.05877235668598e-04    6.26565735335275e-04    -4.25592565194266e-04    2.7365682E+04    399.94    399.94    0.1495499027975117    0.00000e+00    0.00000e+00    6.73045658E+10
    5.10126094288473e-04    6.31929762384439e-04    -4.29591158143816e-04    2.6959924E+04    397.36    397.36    0.1488965574116929    0.00000e+00    0.00000e+00    6.73547931E+10
    5.14375049871086e-04    6.37297910349893e-04    -4.33588151208219e-04    2.6561779E+04    394.78    394.78    0.1467099463180837    0.00000e+00    0.00000e+00    6.74050204E+10
    5.18623035826335e-04    6.42670227713004e-04    -4.37584441292784e-04    2.6169654E+04    392.20    392.20    0.1450752320836970    0.00000e+00    0.00000e+00    6.74552477E+10
    5.22869276452333e-04    6.48046859917877e-04    -4.41581070746926e-04    2.5781984E+04    389.62    389.62    0.1434335280965722    0.00000e+00    0.00000e+00    6.75054749E+10
    5.27113383898134e-04    6.53428000889984e-04    -4.45579154642111e-04    2.5397373E+04    387.01    387.01    0.1423793070099119    0.00000e+00    0.00000e+00    6.75557022E+10
    5.31355018794162e-04    6.58813844554798e-04    -4.49579822594216e-04    2.5014552E+04    384.39    384.39    0.1399439619812340    0.00000e+00    0.00000e+00    6.76059295E+10
    5.35594326584520e-04    6.64204390912318e-04    -4.53584068471288e-04    2.4632541E+04    381.74    381.74    0.1387171378382691    0.00000e+00    0.00000e+00    6.76561568E+10
    5.39831501194681e-04    6.69599542999810e-04    -4.57592697064038e-04    2.4250587E+04    379.06    379.06    0.1381785233210983    0.00000e+00    0.00000e+00    6.77063841E+10
    5.44066833512854e-04    6.74999009929063e-04    -4.61606353174660e-04    2.3868232E+04    376.35    376.35    0.1374121627506753    0.00000e+00    0.00000e+00    6.77566114E+10
    5.48300759871351e-04    6.80402306886397e-04    -4.65625439198511e-04    2.3485236E+04    373.61    373.61    0.1364619587502108    0.00000e+00    0.00000e+00    6.78068387E+10
    5.52533571158383e-04    6.85808997539498e-04    -4.69650110275968e-04    2.3101611E+04    370.85    370.85    0.1360318303806633    0.00000e+00    0.00000e+00    6.78570660E+10
    5.56765703706260e-04    6.91218451630582e-04    -4.73680279140569e-04    2.2717609E+04    368.06    368.06    0.1355972659905814    0.00000e+00    0.00000e+00    6.79072932E+10
    5.60997545365929e-04    6.96630232827336e-04    -4.77715620967148e-04    2.2333658E+04    365.26    365.26    0.1347180563194409    0.00000e+00    0.00000e+00    6.79575205E+10
    5.65229387025598e-04    7.02044050241550e-04    -4.81755709119664e-04    2.1950362E+04    362.46    362.46    0.1346402757997890    0.00000e+00    0.00000e+00    6.80077478E+10
    5.69461713498948e-04    7.07459758429120e-04    -4.85800131506490e-04    2.1568403E+04    359.65    359.65    0.1330226523100645    0.00000e+00    0.00000e+00    6.80579751E+10
    5.73695009599660e-04    7.12877260427310e-04    -4.89848519669227e-04    2.1188550E+04    356.84    356.84    0.1311373302616334    0.00000e+00    0.00000e+00    6.81082024E+10
    5.77929954066888e-04    7.18296556236121e-04    -4.93900592415940e-04    2.0811553E+04    354.05    354.05    0.1289580248922476    0.00000e+00    0.00000e+00    6.81584297E+10
    5.82167225639786e-04    7.23717500411447e-04    -4.97956010377053e-04    2.0438149E+04    351.27    351.27    0.1278289625805439    0.00000e+00    0.00000e+00    6.82086570E+10
    5.86407600020242e-04    7.29139899027817e-04    -5.02014337220253e-04    2.0069097E+04    348.52    348.52    0.1276385860351485    0.00000e+00    0.00000e+00    6.82588843E+10
    5.90651852910147e-04    7.34563703603862e-04    -5.06075185094595e-04    1.9705137E+04    345.80    345.80    0.1265381297314372    0.00000e+00    0.00000e+00    6.83091115E+10
    5.94900566085919e-04    7.39988526288637e-04    -5.10137875260925e-04    1.9347006E+04    343.11    343.11    0.1259121084839234    0.00000e+00    0.00000e+00    6.83593388E+10
    5.99154321323974e-04    7.45414173156670e-04    -5.14201971386929e-04    1.8995383E+04    340.46    340.46    0.1254522934379332    0.00000e+00    0.00000e+00    6.84095661E+10
    6.03413457993889e-04    7.50840401801120e-04    -5.18266794733456e-04    1.8650882E+04    337.85    337.85    0.1246976395614316    0.00000e+00    0.00000e+00    6.84597934E+10
    6.07678315465242e-04    7.56267163740620e-04    -5.22331908968192e-04    1.8314081E+04    335.30    335.30    0.1249184532785753    0.00000e+00    0.00000e+00    6.85100207E+10
    6.11949330070344e-04    7.61694362012432e-04    -5.26396974721559e-04    1.7985469E+04    332.80    332.80    0.1239862732811571    0.00000e+00    0.00000e+00    6.85602480E+10
    6.16226744216038e-04    7.67122093579294e-04    -5.30461701105349e-04    1.7665429E+04    330.35    330.35    0.1224397085031855    0.00000e+00    0.00000e+00    6.86104753E+10
    6.20510994234635e-04    7.72550455403941e-04    -5.34526039638195e-04    1.7354238E+04    327.96    327.96    0.1204714358266009    0.00000e+00    0.00000e+00    6.86607026E+10
    6.24802516458448e-04    7.77979689893215e-04    -5.38590087282832e-04    1.7052087E+04    325.63    325.63    0.1191151009261157    0.00000e+00    0.00000e+00    6.87109298E+10
    6.29101747219791e-04    7.83409942491218e-04    -5.42653941001996e-04    1.6759086E+04    323.36    323.36    0.1175610681710322    0.00000e+00    0.00000e+00    6.87611571E+10
    6.33409025888241e-04    7.88841407123424e-04    -5.46717746239793e-04    1.6475268E+04    321.15    321.15    0.1181710679786208    0.00000e+00    0.00000e+00    6.88113844E+10
    6.37724643352005e-04    7.94274229233938e-04    -5.50781696921693e-04    1.6200647E+04    319.00    319.00    0.1169784852257465    0.00000e+00    0.00000e+00    6.88616117E+10
    6.42048890499294e-04    7.99708457304127e-04    -5.54845793047698e-04    1.5935168E+04    316.92    316.92    0.1168328350909175    0.00000e+00    0.00000e+00    6.89118390E+10
    6.46381718848738e-04    8.05144285259463e-04    -5.58910131580544e-04    1.5678714E+04    314.89    314.89    0.1167115524919850    0.00000e+00    0.00000e+00    6.89620663E+10
    6.50723176881706e-04    8.10581810062683e-04    -5.62974664038862e-04    1.5431126E+04    312.92    312.92    0.1160169084709045    0.00000e+00    0.00000e+00    6.90122936E+10
    6.55073167635461e-04    8.16021274120628e-04    -5.67039535866757e-04    1.5192188E+04    311.01    311.01    0.1153161023935436    0.00000e+00    0.00000e+00    6.90625209E+10
    6.59431545665899e-04    8.21462968321506e-04    -5.71104747064228e-04    1.4961668E+04    309.15    309.15    0.1151762327908117    0.00000e+00    0.00000e+00    6.91127482E+10
    6.63798262491653e-04    8.26907328997629e-04    -5.75170588519485e-04    1.4739304E+04    307.35    307.35    0.1139775344166795    0.00000e+00    0.00000e+00    6.91629754E+10
    6.68173221149985e-04    8.32354743999944e-04    -5.79237205676632e-04    1.4524865E+04    305.60    305.60    0.1131918989072083    0.00000e+00    0.00000e+00    6.92132027E+10
    6.72556373159528e-04    8.37805601179395e-04    -5.83304840942509e-04    1.4318081E+04    303.89    303.89    0.1106700532176222    0.00000e+00    0.00000e+00    6.92634300E+10
    6.76947718520283e-04    8.43260288386927e-04    -5.87373736723957e-04    1.4118660E+04    302.24    302.24    0.1089837492928268    0.00000e+00    0.00000e+00    6.93136573E+10
    6.81347208750879e-04    8.48719048029379e-04    -5.91443941502344e-04    1.3926286E+04    300.63    300.63    0.1099171078710114    0.00000e+00    0.00000e+00    6.93638846E+10
    6.85754746888582e-04    8.54182219476330e-04    -5.95515503759038e-04    1.3740623E+04    299.06    299.06    0.1094834085273343    0.00000e+00    0.00000e+00    6.94141119E+10
    6.90170139007919e-04    8.59649948171884e-04    -5.99588471975408e-04    1.3561318E+04    297.53    297.53    0.1086666706718969    0.00000e+00    0.00000e+00    6.94643392E+10
    6.94593094220681e-04    8.65122525004248e-04    -6.03662797670084e-04    1.3388010E+04    296.05    296.05    0.1079961965956655    0.00000e+00    0.00000e+00    6.95145665E+10
    6.99023467082765e-04    8.70600143898896e-04    -6.07738383880331e-04    1.3220329E+04    294.59    294.59    0.1081359056771906    0.00000e+00    0.00000e+00    6.95647937E+10
    7.03460869743224e-04    8.76083047262668e-04    -6.11815230606149e-04    1.3057914E+04    293.17    293.17    0.1072953804580450    0.00000e+00    0.00000e+00    6.96150210E+10
    7.07905059795219e-04    8.81571622946509e-04    -6.15893289366170e-04    1.2900384E+04    291.77    291.77    0.1064439448401818    0.00000e+00    0.00000e+00    6.96652483E+10
    7.12355794831909e-04    8.87066161838628e-04    -6.19972560160394e-04    1.2747380E+04    290.41    290.41    0.1062562795900177    0.00000e+00    0.00000e+00    6.97154756E+10
    7.16812880927821e-04    8.92567051789969e-04    -6.24053091470189e-04    1.2598545E+04    289.06    289.06    0.1046954262186963    0.00000e+00    0.00000e+00    6.97657029E+10
    7.21276221120220e-04    8.98074583688742e-04    -6.28134931776922e-04    1.2453533E+04    287.73    287.73    0.1026333762346281    0.00000e+00    0.00000e+00    6.98159302E+10
    7.25745766927737e-04    9.03588999941786e-04    -6.32218129561963e-04    1.2312009E+04    286.43    286.43    0.1012920834171020    0.00000e+00    0.00000e+00    6.98661575E+10
    7.30221421387636e-04    9.09110445993206e-04    -6.36302587862575e-04    1.2173658E+04    285.13    285.13    0.1018607360190800    0.00000e+00    0.00000e+00    6.99163848E+10
    7.34703039055812e-04    9.14639067287107e-04    -6.40388258197389e-04    1.2038174E+04    283.85    283.85    0.1021707459817446    0.00000e+00    0.00000e+00    6.99666120E+10
    7.39190474488162e-04    9.20174960786224e-04    -6.44475043603670e-04    1.1905279E+04    282.58    282.58    0.1015419482011770    0.00000e+00    0.00000e+00    7.00168393E+10
    7.43683533759213e-04    9.25718174971926e-04    -6.48562701674577e-04    1.1774705E+04    281.31    281.31    0.1004794816591679    0.00000e+00    0.00000e+00    7.00670666E+10
    7.48181925980756e-04    9.31268806806949e-04    -6.52651086966006e-04    1.1646209E+04    280.05    280.05    0.0998993311588705    0.00000e+00    0.00000e+00    7.01172939E+10
    7.52685457227319e-04    9.36826904772661e-04    -6.56739957071115e-04    1.1519582E+04    278.80    278.80    0.0999624586871208    0.00000e+00    0.00000e+00    7.01675212E+10
    7.57193836610692e-04    9.42392614313167e-04    -6.60829263508538e-04    1.1394630E+04    277.54    277.54    0.0998667140265008    0.00000e+00    0.00000e+00    7.02177485E+10
    7.61706918686773e-04    9.47966080872570e-04    -6.64918860834169e-04    1.1271172E+04    276.29    276.29    0.0987297277415203    0.00000e+00    0.00000e+00    7.02679758E+10
    7.66224461048720e-04    9.53547401413608e-04    -6.69008749048010e-04    1.1149053E+04    275.04    275.04    0.0976793761655586    0.00000e+00    0.00000e+00    7.03182031E+10
    7.70746415215165e-04    9.59136672899015e-04    -6.73098831187322e-04    1.1028137E+04    273.79    273.79    0.0958529221806997    0.00000e+00    0.00000e+00    7.03684303E+10
    7.75272587260635e-04    9.64733798366057e-04    -6.77189010289371e-04    1.0908309E+04    272.53    272.53    0.0947850289967387    0.00000e+00    0.00000e+00    7.04186576E+10
    7.79802831741027e-04    9.70338826296100e-04    -6.81279140910051e-04    1.0789483E+04    271.28    271.28    0.0950084883456245    0.00000e+00    0.00000e+00    7.04688849E+10
    7.84336954730868e-04    9.75951708207778e-04    -6.85369223049364e-04    1.0671589E+04    270.02    270.02    0.0949930807993626    0.00000e+00    0.00000e+00    7.05191122E+10
    7.88874762304685e-04    9.81572347138353e-04    -6.89459014300468e-04    1.0554569E+04    268.76    268.76    0.0946813493521769    0.00000e+00    0.00000e+00    7.05693395E+10
    7.93416012055638e-04    9.87200694606458e-04    -6.93548417700627e-04    1.0438386E+04    267.49    267.49    0.0944047576121321    0.00000e+00    0.00000e+00    7.06195668E+10
    7.97960316132782e-04    9.92836702130724e-04    -6.97637433249841e-04    1.0323016E+04    266.23    266.23    0.0938843869246166    0.00000e+00    0.00000e+00    7.06697941E+10
    8.02507480610644e-04    9.98480321229784e-04    -7.01725915504005e-04    1.0208452E+04    264.96    264.96    0.0939974300617704    0.00000e+00    0.00000e+00    7.07200214E+10
    8.07057166119649e-04    1.00413160038501e-03    -7.05814009907225e-04    1.0094698E+04    263.69    263.69    0.0931820810697285    0.00000e+00    0.00000e+00    7.07702487E+10
    8.11609178734322e-04    1.00979049111502e-03    -7.09901716459500e-04    9.9817667E+03    262.41    262.41    0.0921486503026333    0.00000e+00    0.00000e+00    7.08204759E+10
    8.16163324529193e-04    1.01545694493846e-03    -7.13989229086303e-04    9.8696796E+03    261.14    261.14    0.0912939477623459    0.00000e+00    0.00000e+00    7.08707032E+10
    8.20719312616052e-04    1.02113101033669e-03    -7.18076644750370e-04    9.7584617E+03    259.86    259.86    0.0904992980617440    0.00000e+00    0.00000e+00    7.09209305E+10
    8.25276997550794e-04    1.02681244490288e-03    -7.22164060414436e-04    9.6481531E+03    258.58    258.58    0.0892081720384506    0.00000e+00    0.00000e+00    7.09711578E+10
    8.29836088445212e-04    1.03250120015565e-03    -7.26251621522607e-04    9.5388003E+03    257.31    257.31    0.0890506625857676    0.00000e+00    0.00000e+00    7.10213851E+10
    8.34396342892465e-04    1.03819703368817e-03    -7.30339425037618e-04    9.4304446E+03    256.03    256.03    0.0887706234903128    0.00000e+00    0.00000e+00    7.10716124E+10
    8.38957373041607e-04    1.04389975157495e-03    -7.34427519440838e-04    9.3231336E+03    254.76    254.76    0.0882832749681701    0.00000e+00    0.00000e+00    7.11218397E+10
    8.43518839523062e-04    1.04960920837191e-03    -7.38515953213634e-04    9.2169114E+03    253.49    253.49    0.0882949281031099    0.00000e+00    0.00000e+00    7.11720670E+10
    8.48080354485886e-04    1.05532525863493e-03    -7.42604871800112e-04    9.1118192E+03    252.23    252.23    0.0884055496884227    0.00000e+00    0.00000e+00    7.12222942E+10
    8.52641530079132e-04    1.06104761147580e-03    -7.46694420644376e-04    9.0079016E+03    250.97    250.97    0.0884764580195271    0.00000e+00    0.00000e+00    7.12725215E+10
    8.57202026933225e-04    1.06677626689453e-03    -7.50784842153265e-04    8.9051915E+03    249.72    249.72    0.0878044809743791    0.00000e+00    0.00000e+00    7.13227488E+10
    8.61761554159956e-04    1.07251098248427e-03    -7.54876281770884e-04    8.8037274E+03    248.48    248.48    0.0866535406136718    0.00000e+00    0.00000e+00    7.13729761E+10
    8.66319772389748e-04    1.07825161280092e-03    -7.58969078866811e-04    8.7035367E+03    247.24    247.24    0.0858808580422404    0.00000e+00    0.00000e+00    7.14232034E+10
    8.70876439215760e-04    1.08399801240037e-03    -7.63063427366518e-04    8.6046444E+03    246.01    246.01    0.0850761604246933    0.00000e+00    0.00000e+00    7.14734307E+10
    8.75431263749784e-04    1.08974984191305e-03    -7.67159618158212e-04    8.5070691E+03    244.79    244.79    0.0838652720942203    0.00000e+00    0.00000e+00    7.15236580E+10
    8.79983906622244e-04    1.09550685893213e-03    -7.71257748204631e-04    8.4108296E+03    243.59    243.59    0.0838431231173216    0.00000e+00    0.00000e+00    7.15738853E+10
    8.84534173907665e-04    1.10126877256938e-03    -7.75358011431247e-04    8.3159407E+03    242.39    242.39    0.0837132420452391    0.00000e+00    0.00000e+00    7.16241125E+10
    8.89081726236473e-04    1.10703524345523e-03    -7.79460601763532e-04    8.2224134E+03    241.20    241.20    0.0832318264281375    0.00000e+00    0.00000e+00    7.16743398E+10
    8.93626321201825e-04    1.11280598070148e-03    -7.83565616164222e-04    8.1302519E+03    240.02    240.02    0.0829469209966953    0.00000e+00    0.00000e+00    7.17245671E+10
    8.98167570952778e-04    1.11858059645717e-03    -7.87673248558791e-04    8.0394553E+03    238.86    238.86    0.0832136401529623    0.00000e+00    0.00000e+00    7.17747944E+10
    9.02705330045227e-04    1.12435899375958e-03    -7.91783692872710e-04    7.9500254E+03    237.70    237.70    0.0827010775112708    0.00000e+00    0.00000e+00    7.18250217E+10
    9.07239307590964e-04    1.13014078475776e-03    -7.95897094550084e-04    7.8619544E+03    236.56    236.56    0.0824302137928281    0.00000e+00    0.00000e+00    7.18752490E+10
    9.11769358145883e-04    1.13592582400760e-03    -8.00013744479121e-04    7.7752371E+03    235.43    235.43    0.0816356770371592    0.00000e+00    0.00000e+00    7.19254763E+10
    9.16295433228617e-04    1.14171386910226e-03    -8.04133788103926e-04    7.6898577E+03    234.32    234.32    0.0805854884981708    0.00000e+00    0.00000e+00    7.19757036E+10
    9.20817290432326e-04    1.14750462915353e-03    -8.08257370868603e-04    7.6058053E+03    233.21    233.21    0.0802270082209916    0.00000e+00    0.00000e+00    7.20259308E+10
    9.25334978238377e-04    1.15329781327322e-03    -8.12384735179993e-04    7.5230570E+03    232.12    232.12    0.0795046398124735    0.00000e+00    0.00000e+00    7.20761581E+10
    9.29848302721298e-04    1.15909322753583e-03    -8.16515929519464e-04    7.4415955E+03    231.04    231.04    0.0788114498525500    0.00000e+00    0.00000e+00    7.21263854E+10
    9.34357263881089e-04    1.16489048409044e-03    -8.20651099331120e-04    7.3614018E+03    229.97    229.97    0.0787099568068936    0.00000e+00    0.00000e+00    7.21766127E+10
    9.38861667792278e-04    1.17068938901155e-03    -8.24790244614960e-04    7.2824556E+03    228.91    228.91    0.0785404172728096    0.00000e+00    0.00000e+00    7.22268400E+10
    9.43361562936233e-04    1.17648960292961e-03    -8.28933462333722e-04    7.2047401E+03    227.87    227.87    0.0780819304529180    0.00000e+00    0.00000e+00    7.22770673E+10
    9.47856755387480e-04    1.18229093191914e-03    -8.33080800968774e-04    7.1282355E+03    226.83    226.83    0.0782706212193855    0.00000e+00    0.00000e+00    7.23272946E+10
    9.52347342108757e-04    1.18809323053603e-03    -8.37232405964219e-04    7.0529207E+03    225.81    225.81    0.0780367721811187    0.00000e+00    0.00000e+00    7.23775219E+10
    9.56833323100064e-04    1.19389625637343e-03    -8.41388277320058e-04    6.9787723E+03    224.80    224.80    0.0776564455328837    0.00000e+00    0.00000e+00    7.24277492E+10
    9.61314649880032e-04    1.19969991246863e-03    -8.45548511999027e-04    6.9057701E+03    223.80    223.80    0.0770950368504285    0.00000e+00    0.00000e+00    7.24779764E+10
    9.65791564855501e-04    1.20550400489614e-03    -8.49713255445231e-04    6.8338944E+03    222.81    222.81    0.0764656043951753    0.00000e+00    0.00000e+00    7.25282037E+10
    9.70264019545105e-04    1.21130833973048e-03    -8.53882507658668e-04    6.7631333E+03    221.84    221.84    0.0765578670344089    0.00000e+00    0.00000e+00    7.25784310E+10
    9.74732256355683e-04    1.21711277152757e-03    -8.58056268639340e-04    6.6934760E+03    220.87    220.87    0.0763621406635460    0.00000e+00    0.00000e+00    7.26286583E+10
    9.79196323768603e-04    1.22291705788055e-03    -8.62234635349983e-04    6.6249133E+03    219.92    219.92    0.0746052862220767    0.00000e+00    0.00000e+00    7.26788856E+10
    9.83656367227971e-04    1.22872110182669e-03    -8.66417559309228e-04    6.5574412E+03    218.98    218.98    0.0750613151104394    0.00000e+00    0.00000e+00    7.27291129E+10
    9.88112435215153e-04    1.23452470944051e-03    -8.70605088998443e-04    6.4910555E+03    218.05    218.05    0.0743775441982890    0.00000e+00    0.00000e+00    7.27793402E+10
    9.92564624692886e-04    1.24032778375929e-03    -8.74797175936261e-04    6.4257500E+03    217.13    217.13    0.0739606382518555    0.00000e+00    0.00000e+00    7.28295675E+10
    9.97013081105274e-04    1.24613022782028e-03    -8.78993917085418e-04    6.3615197E+03    216.22    216.22    0.0734945839939769    0.00000e+00    0.00000e+00    7.28797947E+10
    1.00145794989642e-03    1.25193199314212e-03    -8.83195360927281e-04    6.2983538E+03    215.32    215.32    0.0733914113714313    0.00000e+00    0.00000e+00    7.29300220E+10
    1.00589942499180e-03    1.25773298276207e-03    -8.87401458980483e-04    6.2362417E+03    214.44    214.44    0.0734102741567452    0.00000e+00    0.00000e+00    7.29802493E+10
    1.01033765183552e-03    1.26353319668012e-03    -8.91612405170496e-04    6.1751700E+03    213.56    213.56    0.0727814758231987    0.00000e+00    0.00000e+00    7.30304766E+10
    1.01477287283442e-03    1.26933258641492e-03    -8.95828199497320e-04    6.1151267E+03    212.70    212.70    0.0726497071129190    0.00000e+00    0.00000e+00    7.30807039E+10
    1.01920523343259e-03    1.27513110348510e-03    -9.00048890442324e-04    6.0560974E+03    211.85    211.85    0.0727597691571536    0.00000e+00    0.00000e+00    7.31309312E+10
    1.02363507299963e-03    1.28092869940928e-03    -9.04274478005507e-04    5.9980654E+03    211.01    211.01    0.0727198410963590    0.00000e+00    0.00000e+00    7.31811585E+10
    1.02806244001689e-03    1.28672532570610e-03    -9.08504962186868e-04    5.9410132E+03    210.18    210.18    0.0719673546459162    0.00000e+00    0.00000e+00    7.32313858E+10
    1.03248762537258e-03    1.29252093389418e-03    -9.12740294505041e-04    5.8849222E+03    209.35    209.35    0.0714184248790931    0.00000e+00    0.00000e+00    7.32816130E+10
    1.03691077451082e-03    1.29831547549217e-03    -9.16980474960025e-04    5.8297746E+03    208.54    208.54    0.0705331106877301    0.00000e+00    0.00000e+00    7.33318403E+10
    1.04133198439433e-03    1.30410895050006e-03    -9.21225406589084e-04    5.7755479E+03    207.74    207.74    0.0698039982929865    0.00000e+00    0.00000e+00    7.33820676E+10
    1.04575154591132e-03    1.30990135891786e-03    -9.25475089392218e-04    5.7222229E+03    206.95    206.95    0.0692554710308841    0.00000e+00    0.00000e+00    7.34322949E+10
    1.05016950754317e-03    1.31569274922692e-03    -9.29729426406690e-04    5.6697797E+03    206.17    206.17    0.0698462467663698    0.00000e+00    0.00000e+00    7.34825222E+10
    1.05458620865944e-03    1.32148321838999e-03    -9.33988417632501e-04    5.6181930E+03    205.39    205.39    0.0693654462547414    0.00000e+00    0.00000e+00    7.35327495E+10
    1.05900179470425e-03    1.32727271792569e-03    -9.38252014588283e-04    5.5674441E+03    204.63    204.63    0.0688022114055258    0.00000e+00    0.00000e+00    7.35829768E+10
    1.06341645960307e-03    1.33306139327814e-03    -9.42520168792667e-04    5.5175084E+03    203.87    203.87    0.0691815447158036    0.00000e+00    0.00000e+00    7.36332041E+10
    1.06783044576273e-03    1.33884919596596e-03    -9.46792831764285e-04    5.4683648E+03    203.12    203.12    0.0690104898714606    0.00000e+00    0.00000e+00    7.36834314E+10
    1.07224389862734e-03    1.34463622295189e-03    -9.51069858059034e-04    5.4199924E+03    202.38    202.38    0.0686691623639665    0.00000e+00    0.00000e+00    7.37336586E+10
    1.07665710908511e-03    1.35042247423594e-03    -9.55351150714176e-04    5.3723703E+03    201.64    201.64    0.0684809504593964    0.00000e+00    0.00000e+00    7.37838859E+10
    1.08107012561741e-03    1.35620799829946e-03    -9.59636564285607e-04    5.3254766E+03    200.91    200.91    0.0677228197197845    0.00000e+00    0.00000e+00    7.38341132E+10
    1.08548309366835e-03    1.36199279514246e-03    -9.63926001810592e-04    5.2792910E+03    200.19    200.19    0.0668514469846437    0.00000e+00    0.00000e+00    7.38843405E+10
    1.08989625564475e-03    1.36777696172767e-03    -9.68219317845026e-04    5.2337915E+03    199.48    199.48    0.0664085456873039    0.00000e+00    0.00000e+00    7.39345678E+10
    1.09430970850936e-03    1.37356054653647e-03    -9.72516415426172e-04    5.1889572E+03    198.77    198.77    0.0667396672210347    0.00000e+00    0.00000e+00    7.39847951E+10
    1.09872359770629e-03    1.37934364653158e-03    -9.76817197591295e-04    5.1447677E+03    198.07    198.07    0.0663228035898882    0.00000e+00    0.00000e+00    7.40350224E+10
    1.10313806867963e-03    1.38512640715712e-03    -9.81121567377657e-04    5.1012031E+03    197.37    197.37    0.0660152690411831    0.00000e+00    0.00000e+00    7.40852497E+10
    1.10755326687349e-03    1.39090887689445e-03    -9.85429476303893e-04    5.0582413E+03    196.68    196.68    0.0656401547355201    0.00000e+00    0.00000e+00    7.41354769E+10
    1.11196938621335e-03    1.39669110422494e-03    -9.89740730444527e-04    5.0158649E+03    195.99    195.99    0.0655168810349304    0.00000e+00    0.00000e+00    7.41857042E+10
    1.11638652366194e-03    1.40247318611132e-03    -9.94055281318193e-04    4.9740541E+03    195.31    195.31    0.0657092323971289    0.00000e+00    0.00000e+00    7.42359315E+10
    1.12080482466337e-03    1.40825517103497e-03    -9.98372983480787e-04    4.9327896E+03    194.64    194.64    0.0651121547591369    0.00000e+00    0.00000e+00    7.42861588E+10
    1.12522433769899e-03    1.41403710747725e-03    -1.00269364300683e-03    4.8920557E+03    193.96    193.96    0.0650894574992188    0.00000e+00    0.00000e+00    7.43363861E+10
    1.12964515973156e-03    1.41981904391953e-03    -1.00701716293360e-03    4.8518334E+03    193.30    193.30    0.0644103570014615    0.00000e+00    0.00000e+00    7.43866134E+10
    1.13406733924243e-03    1.42560102884318e-03    -1.01134334933561e-03    4.8121107E+03    192.63    192.63    0.0636884951842228    0.00000e+00    0.00000e+00    7.44368407E+10
    1.13849092471298e-03    1.43138320769230e-03    -1.01567210525014e-03    4.7728726E+03    191.97    191.97    0.0633266992815600    0.00000e+00    0.00000e+00    7.44870680E+10
    1.14291596462457e-03    1.43716562894826e-03    -1.02000323675170e-03    4.7341068E+03    191.32    191.32    0.0636208082182214    0.00000e+00    0.00000e+00    7.45372952E+10
    1.14734250745857e-03    1.44294834109243e-03    -1.02433664687756e-03    4.6957998E+03    190.66    190.66    0.0633800500148949    0.00000e+00    0.00000e+00    7.45875225E+10
    1.15177060169635e-03    1.44873153805029e-03    -1.02867223866498e-03    4.6579403E+03    190.02    190.02    0.0630526389660544    0.00000e+00    0.00000e+00    7.46377498E+10
    1.15620024733792e-03    1.45451521982182e-03    -1.03300991515124e-03    4.6205156E+03    189.37    189.37    0.0627880540208386    0.00000e+00    0.00000e+00    7.46879771E+10
    1.16063158982736e-03    1.46029948336977e-03    -1.03734953089222e-03    4.5835149E+03    188.73    188.73    0.0626975740264128    0.00000e+00    0.00000e+00    7.47382044E+10
    1.16506453220195e-03    1.46608432869413e-03    -1.04169094044382e-03    4.5469262E+03    188.09    188.09    0.0624135730332807    0.00000e+00    0.00000e+00    7.47884317E+10
    1.16949912294306e-03    1.47186990123902e-03    -1.04603409532467e-03    4.5107403E+03    187.45    187.45    0.0620996180188280    0.00000e+00    0.00000e+00    7.48386590E+10
    1.17393536205069e-03    1.47765615252307e-03    -1.05037875312793e-03    4.4749457E+03    186.82    186.82    0.0618337091040460    0.00000e+00    0.00000e+00    7.48888863E+10
    1.17837324952483e-03    1.48344317950900e-03    -1.05472486537224e-03    4.4395322E+03    186.19    186.19    0.0613169170964712    0.00000e+00    0.00000e+00    7.49391135E+10
    1.18281268840275e-03    1.48923098219682e-03    -1.05907223813212e-03    4.4044905E+03    185.56    185.56    0.0607455978415426    0.00000e+00    0.00000e+00    7.49893408E+10
    1.18725367868445e-03    1.49501965754927e-03    -1.06342072596346e-03    4.3698109E+03    184.94    184.94    0.0609973356227758    0.00000e+00    0.00000e+00    7.50395681E+10
    1.19169612340719e-03    1.50080930252908e-03    -1.06777032886627e-03    4.3354849E+03    184.32    184.32    0.0604833932835745    0.00000e+00    0.00000e+00    7.50897954E+10
    1.19614007105234e-03    1.50659986865488e-03    -1.07212085291508e-03    4.3015047E+03    183.70    183.70    0.0602868679471793    0.00000e+00    0.00000e+00    7.51400227E+10
    1.20058537617581e-03    1.51239150137078e-03    -1.07647224962851e-03    4.2678638E+03    183.08    183.08    0.0600965760190384    0.00000e+00    0.00000e+00    7.51902500E+10
    1.20503213574031e-03    1.51818424915815e-03    -1.08082437356246e-03    4.2345556E+03    182.47    182.47    0.0599786987380380    0.00000e+00    0.00000e+00    7.52404773E+10
    1.20948020430175e-03    1.52397811201699e-03    -1.08517722471693e-03    4.2015754E+03    181.86    181.86    0.0598174660442202    0.00000e+00    0.00000e+00    7.52907046E+10
    1.21392958186014e-03    1.52977313842866e-03    -1.08953056068509e-03    4.1689163E+03    181.25    181.25    0.0595486321970474    0.00000e+00    0.00000e+00    7.53409319E+10
    1.21838017145272e-03    1.53556932839316e-03    -1.09388433298556e-03    4.1365737E+03    180.65    180.65    0.0591944487637991    0.00000e+00    0.00000e+00    7.53911591E+10
    1.22283192459814e-03    1.54136668191050e-03    -1.09823834769286e-03    4.1045423E+03    180.05    180.05    0.0589546621047600    0.00000e+00    0.00000e+00    7.54413864E+10
    1.22728469585229e-03    1.54716519898068e-03    -1.10259250784428e-03    4.0728172E+03    179.45    179.45    0.0584087037132475    0.00000e+00    0.00000e+00    7.54916137E+10
    1.23173843673381e-03    1.55296492808506e-03    -1.10694666799569e-03    4.0413948E+03    178.85    178.85    0.0580906497670279    0.00000e+00    0.00000e+00    7.55418410E+10
    1.23619305027995e-03    1.55876586922364e-03    -1.11130073118437e-03    4.0102732E+03    178.26    178.26    0.0578819563309353    0.00000e+00    0.00000e+00    7.55920683E+10
    1.24064848800934e-03    1.56456802239642e-03    -1.11565455196620e-03    3.9794480E+03    177.67    177.67    0.0574462076355413    0.00000e+00    0.00000e+00    7.56422956E+10
    1.24510460447789e-03    1.57037148456614e-03    -1.12000803337846e-03    3.9489182E+03    177.08    177.08    0.0571958192089535    0.00000e+00    0.00000e+00    7.56925229E+10
    1.24956135120423e-03    1.57617620725143e-03    -1.12436112693978e-03    3.9186795E+03    176.49    176.49    0.0572055180608164    0.00000e+00    0.00000e+00    7.57427502E+10
    1.25401867970698e-03    1.58198223893366e-03    -1.12871368720604e-03    3.8887307E+03    175.91    175.91    0.0568412385866505    0.00000e+00    0.00000e+00    7.57929774E+10
    1.25847654150478e-03    1.58778957961283e-03    -1.13306566569589e-03    3.8590704E+03    175.33    175.33    0.0564948625796525    0.00000e+00    0.00000e+00    7.58432047E+10
    1.26293479115353e-03    1.59359818080758e-03    -1.13741686848385e-03    3.8296961E+03    174.75    174.75    0.0569224883111011    0.00000e+00    0.00000e+00    7.58934320E+10
    1.26739347713459e-03    1.59940809099926e-03    -1.14176719860718e-03    3.8006084E+03    174.18    174.18    0.0566182289947090    0.00000e+00    0.00000e+00    7.59436593E+10
    1.27185240552249e-03    1.60521921322514e-03    -1.14611655910315e-03    3.7718052E+03    173.61    173.61    0.0565349196466315    0.00000e+00    0.00000e+00    7.59938866E+10
    1.27631152783586e-03    1.61103159596659e-03    -1.15046485300902e-03    3.7432857E+03    173.04    173.04    0.0558961262911729    0.00000e+00    0.00000e+00    7.60441139E+10
    1.28077079559334e-03    1.61684523922362e-03    -1.15481193488069e-03    3.7150478E+03    172.47    172.47    0.0556379459934760    0.00000e+00    0.00000e+00    7.60943412E+10
    1.28523011183219e-03    1.62266014299622e-03    -1.15915765927405e-03    3.6870919E+03    171.91    171.91    0.0552565206613912    0.00000e+00    0.00000e+00    7.61445685E+10
    1.28968937958966e-03    1.62847625880301e-03    -1.16350202618911e-03    3.6594158E+03    171.35    171.35    0.0548403550510990    0.00000e+00    0.00000e+00    7.61947957E+10
    1.29414855038441e-03    1.63429363512538e-03    -1.16784493866312e-03    3.6320198E+03    170.79    170.79    0.0548675305743560    0.00000e+00    0.00000e+00    7.62450230E+10
    1.29860767269778e-03    1.64011232044469e-03    -1.17218629973335e-03    3.6049015E+03    170.24    170.24    0.0546664845395090    0.00000e+00    0.00000e+00    7.62952503E+10
    1.30306660108568e-03    1.64593221779820e-03    -1.17652606091843e-03    3.5780601E+03    169.69    169.69    0.0543120098985188    0.00000e+00    0.00000e+00    7.63454776E+10
    1.30752533554811e-03    1.65175337566729e-03    -1.18086407677426e-03    3.5514955E+03    169.14    169.14    0.0540967415251000    0.00000e+00    0.00000e+00    7.63957049E+10
    1.31198382760369e-03    1.65757579405194e-03    -1.18520034730084e-03    3.5252079E+03    168.60    168.60    0.0539435638002404    0.00000e+00    0.00000e+00    7.64459322E+10
    1.31644207725244e-03    1.66339932750806e-03    -1.18953472705407e-03    3.4991959E+03    168.06    168.06    0.0543619567431567    0.00000e+00    0.00000e+00    7.64961595E+10
    1.32089998753161e-03    1.66922407299838e-03    -1.19386711907120e-03    3.4734584E+03    167.53    167.53    0.0541941766026674    0.00000e+00    0.00000e+00    7.65463868E+10
    1.32535755844121e-03    1.67504998204154e-03    -1.19819747487087e-03    3.4479974E+03    166.99    166.99    0.0537623507852638    0.00000e+00    0.00000e+00    7.65966140E+10
    1.32981474149985e-03    1.68087700615616e-03    -1.20252574597171e-03    3.4228105E+03    166.46    166.46    0.0534239630021167    0.00000e+00    0.00000e+00    7.66468413E+10
    1.33427148822619e-03    1.68670514534225e-03    -1.20685178692962e-03    3.3978996E+03    165.94    165.94    0.0530013253647250    0.00000e+00    0.00000e+00    7.66970686E+10
    1.33872779862021e-03    1.69253439959981e-03    -1.21117564622596e-03    3.3732632E+03    165.42    165.42    0.0528142440986003    0.00000e+00    0.00000e+00    7.67472959E+10
    1.34318362420055e-03    1.69836476892883e-03    -1.21549722689801e-03    3.3489019E+03    164.90    164.90    0.0523713050499823    0.00000e+00    0.00000e+00    7.67975232E+10
    1.34763901344858e-03    1.70419625332932e-03    -1.21981648046438e-03    3.3248141E+03    164.39    164.39    0.0523264223611121    0.00000e+00    0.00000e+00    7.68477505E+10
    1.35209396636430e-03    1.71002880431991e-03    -1.22413335844371e-03    3.3010002E+03    163.88    163.88    0.0520018897129982    0.00000e+00    0.00000e+00    7.68979778E+10
    1.35654843446633e-03    1.71586242190060e-03    -1.22844786083601e-03    3.2774585E+03    163.37    163.37    0.0519400814526673    0.00000e+00    0.00000e+00    7.69482051E+10
    1.36100251471742e-03    1.72169705759001e-03    -1.23275989067854e-03    3.2541895E+03    162.87    162.87    0.0519296416046588    0.00000e+00    0.00000e+00    7.69984324E+10
    1.36545611015483e-03    1.72753266290679e-03    -1.23706944797129e-03    3.2311922E+03    162.37    162.37    0.0521350220151596    0.00000e+00    0.00000e+00    7.70486596E+10
    1.36990931774129e-03    1.73336928633230e-03    -1.24137648423290e-03    3.2084659E+03    161.88    161.88    0.0519391802921175    0.00000e+00    0.00000e+00    7.70988869E+10
    1.37436204051408e-03    1.73920678242244e-03    -1.24568095098200e-03    3.1860087E+03    161.39    161.39    0.0516476269930386    0.00000e+00    0.00000e+00    7.71491142E+10
    1.37881437543591e-03    1.74504524813994e-03    -1.24998279973722e-03    3.1638217E+03    160.90    160.90    0.0512207918804775    0.00000e+00    0.00000e+00    7.71993415E+10
    1.38326627402544e-03    1.75088458652206e-03    -1.25428203049856e-03    3.1419030E+03    160.42    160.42    0.0508266470923639    0.00000e+00    0.00000e+00    7.72495688E+10
    1.38771778476402e-03    1.75672479756881e-03    -1.25857869174739e-03    3.1202504E+03    159.95    159.95    0.0506133745280447    0.00000e+00    0.00000e+00    7.72997961E+10
    1.39216895613302e-03    1.76256592976155e-03    -1.26287273500235e-03    3.0988630E+03    159.47    159.47    0.0502132012926468    0.00000e+00    0.00000e+00    7.73500234E+10
    1.39661978813245e-03    1.76840793461892e-03    -1.26716416026343e-03    3.0777398E+03    159.01    159.01    0.0501485074148517    0.00000e+00    0.00000e+00    7.74002507E+10
    1.40107037772503e-03    1.77425076365955e-03    -1.27145296753062e-03    3.0568786E+03    158.54    158.54    0.0498267879758783    0.00000e+00    0.00000e+00    7.74504779E+10
    1.40552077339215e-03    1.78009436840207e-03    -1.27573910832258e-03    3.0362764E+03    158.08    158.08    0.0498573679826110    0.00000e+00    0.00000e+00    7.75007052E+10
    1.40997102361515e-03    1.78593874884648e-03    -1.28002258263929e-03    3.0159331E+03    157.63    157.63    0.0499563390073354    0.00000e+00    0.00000e+00    7.75509325E+10
    1.41442107991269e-03    1.79178380803004e-03    -1.28430343896211e-03    2.9958447E+03    157.18    157.18    0.0500905931279030    0.00000e+00    0.00000e+00    7.76011598E+10
    1.41887113621023e-03    1.79762954595275e-03    -1.28858158032833e-03    2.9760091E+03    156.73    156.73    0.0499244726479529    0.00000e+00    0.00000e+00    7.76513871E+10
    1.42332109554503e-03    1.80347596261462e-03    -1.29285700673793e-03    2.9564234E+03    156.29    156.29    0.0496128718353720    0.00000e+00    0.00000e+00    7.77016144E+10
    1.42777105487983e-03    1.80932296105290e-03    -1.29712981515365e-03    2.9370856E+03    155.85    155.85    0.0492129189918215    0.00000e+00    0.00000e+00    7.77518417E+10
    1.43222111117736e-03    1.81517058974897e-03    -1.30139990861276e-03    2.9179908E+03    155.42    155.42    0.0489117371021566    0.00000e+00    0.00000e+00    7.78020690E+10
    1.43667126443764e-03    1.82101880022146e-03    -1.30566738407799e-03    2.8991373E+03    154.99    154.99    0.0485123856901338    0.00000e+00    0.00000e+00    7.78522962E+10
    1.44112166010475e-03    1.82686754398900e-03    -1.30993229003071e-03    2.8805212E+03    154.56    154.56    0.0481308222871550    0.00000e+00    0.00000e+00    7.79025235E+10
    1.44557224969734e-03    1.83271682105159e-03    -1.31419462647092e-03    2.8621398E+03    154.14    154.14    0.0480073175430206    0.00000e+00    0.00000e+00    7.79527508E+10
    1.45002327562223e-03    1.83856663140922e-03    -1.31845444187999e-03    2.8439886E+03    153.72    153.72    0.0478895230892702    0.00000e+00    0.00000e+00    7.80029781E+10
    1.45447464091671e-03    1.84441692658054e-03    -1.32271178473929e-03    2.8260649E+03    153.31    153.31    0.0478689331539172    0.00000e+00    0.00000e+00    7.80532054E+10
    1.45892653950623e-03    1.85026765808417e-03    -1.32696665504881e-03    2.8083653E+03    152.90    152.90    0.0480488823299984    0.00000e+00    0.00000e+00    7.81034327E+10
    1.46337897139081e-03    1.85611872895738e-03    -1.33121905280856e-03    2.7908845E+03    152.49    152.49    0.0481415840483306    0.00000e+00    0.00000e+00    7.81536600E+10
    1.46783203353317e-03    1.86197023616290e-03    -1.33546907498127e-03    2.7736211E+03    152.09    152.09    0.0478816286724455    0.00000e+00    0.00000e+00    7.82038873E+10
    1.47228577441468e-03    1.86782208273799e-03    -1.33971672156694e-03    2.7565717E+03    151.69    151.69    0.0477209003516632    0.00000e+00    0.00000e+00    7.82541145E+10
    1.47674024251671e-03    1.87367422020130e-03    -1.34396204104694e-03    2.7397341E+03    151.29    151.29    0.0474485393765409    0.00000e+00    0.00000e+00    7.83043418E+10
    1.48119548632064e-03    1.87952669703418e-03    -1.34820508190265e-03    2.7231058E+03    150.90    150.90    0.0469735635311837    0.00000e+00    0.00000e+00    7.83545691E+10
    1.48565160278919e-03    1.88537946475527e-03    -1.35244589261542e-03    2.7066837E+03    150.51    150.51    0.0466942599642604    0.00000e+00    0.00000e+00    7.84047964E+10
    1.49010868888510e-03    1.89123247488320e-03    -1.35668452166662e-03    2.6904639E+03    150.13    150.13    0.0464016180044505    0.00000e+00    0.00000e+00    7.84550237E+10
    1.49456674460837e-03    1.89708582438071e-03    -1.36092106601900e-03    2.6744435E+03    149.75    149.75    0.0461839087059221    0.00000e+00    0.00000e+00    7.85052510E+10
    1.49902591540312e-03    1.90293936780369e-03    -1.36515557415391e-03    2.6586202E+03    149.37    149.37    0.0460703305826220    0.00000e+00    0.00000e+00    7.85554783E+10
    1.50348629823206e-03    1.90879315363351e-03    -1.36938809455273e-03    2.6429887E+03    149.00    149.00    0.0460527261415079    0.00000e+00    0.00000e+00    7.86057056E+10
    1.50794784461384e-03    1.91464708490744e-03    -1.37361862721546e-03    2.6275470E+03    148.63    148.63    0.0461337582120393    0.00000e+00    0.00000e+00    7.86559329E+10
    1.51241074847392e-03    1.92050125858820e-03    -1.37784731758620e-03    2.6122899E+03    148.26    148.26    0.0463670496479249    0.00000e+00    0.00000e+00    7.87061601E+10
    1.51687496133095e-03    1.92635552923170e-03    -1.38207421414633e-03    2.5972155E+03    147.90    147.90    0.0460998049686101    0.00000e+00    0.00000e+00    7.87563874E+10
    1.52134058014765e-03    1.93220999380068e-03    -1.38629931689583e-03    2.5823181E+03    147.54    147.54    0.0457772804431276    0.00000e+00    0.00000e+00    7.88066147E+10
    1.52580770188676e-03    1.93806460381376e-03    -1.39052272279745e-03    2.5675950E+03    147.18    147.18    0.0455930068361703    0.00000e+00    0.00000e+00    7.88568420E+10
    1.53027637502965e-03    1.94391931078957e-03    -1.39474457729528e-03    2.5530415E+03    146.83    146.83    0.0452152085869863    0.00000e+00    0.00000e+00    7.89070693E+10
    1.53474669653906e-03    1.94977421169086e-03    -1.39896492887071e-03    2.5386551E+03    146.48    146.48    0.0448808037698808    0.00000e+00    0.00000e+00    7.89572966E+10
    1.53921866641498e-03    1.95562920955488e-03    -1.40318382600509e-03    2.5244305E+03    146.13    146.13    0.0446932472770983    0.00000e+00    0.00000e+00    7.90075239E+10
    1.54369238162015e-03    1.96148435286301e-03    -1.40740141414254e-03    2.5103639E+03    145.78    145.78    0.0445987355362986    0.00000e+00    0.00000e+00    7.90577512E+10
    1.54816798759869e-03    1.96733959313387e-03    -1.41161779024578e-03    2.4964507E+03    145.44    145.44    0.0445375147747291    0.00000e+00    0.00000e+00    7.91079784E+10
    1.55264548435057e-03    1.97319497884884e-03    -1.41583295431482e-03    2.4826883E+03    145.10    145.10    0.0444919056803141    0.00000e+00    0.00000e+00    7.91582057E+10
    1.55712492035718e-03    1.97905051000792e-03    -1.42004700331239e-03    2.4690716E+03    144.76    144.76    0.0447919482251966    0.00000e+00    0.00000e+00    7.92084330E+10
    1.56160634409989e-03    1.98490608964836e-03    -1.42426003420123e-03    2.4555972E+03    144.43    144.43    0.0447211695079120    0.00000e+00    0.00000e+00    7.92586603E+10
    1.56608990102279e-03    1.99076176625153e-03    -1.42847214394408e-03    2.4422609E+03    144.10    144.10    0.0445102946229921    0.00000e+00    0.00000e+00    7.93088876E+10
    1.57057554264452e-03    1.99661749133608e-03    -1.43268338102230e-03    2.4290588E+03    143.77    143.77    0.0444187399229675    0.00000e+00    0.00000e+00    7.93591149E+10
    1.57506336592781e-03    2.00247336186473e-03    -1.43689379391727e-03    2.4159864E+03    143.44    143.44    0.0439895142141525    0.00000e+00    0.00000e+00    7.94093422E+10
    1.57955341935404e-03    2.00832932935611e-03    -1.44110352807308e-03    2.4030397E+03    143.11    143.11    0.0435335126045212    0.00000e+00    0.00000e+00    7.94595695E+10
    1.58404579988594e-03    2.01418539381024e-03    -1.44531268045247e-03    2.3902158E+03    142.79    142.79    0.0432486656858079    0.00000e+00    0.00000e+00    7.95097967E+10
    1.58854050752351e-03    2.02004155522710e-03    -1.44952129953681e-03    2.3775097E+03    142.46    142.46    0.0430790044761061    0.00000e+00    0.00000e+00    7.95600240E+10
    1.59303763922948e-03    2.02589786208806e-03    -1.45372948228884e-03    2.3649178E+03    142.14    142.14    0.0430201409685365    0.00000e+00    0.00000e+00    7.96102513E+10
    1.59753724348522e-03    2.03175421743039e-03    -1.45793727718993e-03    2.3524359E+03    141.82    141.82    0.0431028400687055    0.00000e+00    0.00000e+00    7.96604786E+10
    1.60203932029074e-03    2.03761071821682e-03    -1.46214478120281e-03    2.3400608E+03    141.51    141.51    0.0431517199362137    0.00000e+00    0.00000e+00    7.97107059E+10
    1.60654396660877e-03    2.04346726748463e-03    -1.46635204280884e-03    2.3277885E+03    141.19    141.19    0.0433721426393183    0.00000e+00    0.00000e+00    7.97609332E+10
    1.61105123092068e-03    2.04932391371517e-03    -1.47055915897078e-03    2.3156143E+03    140.88    140.88    0.0432041632267217    0.00000e+00    0.00000e+00    7.98111605E+10
    1.61556111322646e-03    2.05518060842707e-03    -1.47476612968860e-03    2.3035360E+03    140.56    140.56    0.0429540931609429    0.00000e+00    0.00000e+00    7.98613878E+10
    1.62007366200750e-03    2.06103740010172e-03    -1.47897305192506e-03    2.2915483E+03    140.25    140.25    0.0426707212219053    0.00000e+00    0.00000e+00    7.99116151E+10
    1.62458887726377e-03    2.06689424025773e-03    -1.48318002264289e-03    2.2796485E+03    139.94    139.94    0.0423923944224653    0.00000e+00    0.00000e+00    7.99618423E+10
    1.62910680747666e-03    2.07275117737648e-03    -1.48738709032346e-03    2.2678329E+03    139.63    139.63    0.0420523339081388    0.00000e+00    0.00000e+00    8.00120696E+10
    1.63362750112754e-03    2.07860821145796e-03    -1.49159430344812e-03    2.2560982E+03    139.32    139.32    0.0417674804111922    0.00000e+00    0.00000e+00    8.00622969E+10
    1.63815100669776e-03    2.08446534250218e-03    -1.49580175897963e-03    2.2444410E+03    139.02    139.02    0.0417619363668948    0.00000e+00    0.00000e+00    8.01125242E+10
    1.64267737266871e-03    2.09032257050914e-03    -1.50000950539935e-03    2.2328579E+03    138.71    138.71    0.0416915010711438    0.00000e+00    0.00000e+00    8.01627515E+10
    1.64720659904037e-03    2.09617979851610e-03    -1.50421759118865e-03    2.2213466E+03    138.40    138.40    0.0416899768695400    0.00000e+00    0.00000e+00    8.02129788E+10
    1.65173868581275e-03    2.10203717196716e-03    -1.50842606482888e-03    2.2099025E+03    138.10    138.10    0.0418659916311028    0.00000e+00    0.00000e+00    8.02632061E+10
    1.65627372994858e-03    2.10789454541822e-03    -1.51263497480144e-03    2.1985232E+03    137.79    137.79    0.0419050286443096    0.00000e+00    0.00000e+00    8.03134334E+10
    1.66081173144787e-03    2.11375196735065e-03    -1.51684436958767e-03    2.1872051E+03    137.49    137.49    0.0417468022817157    0.00000e+00    0.00000e+00    8.03636606E+10
