    1.33778270283026e-06    -1.31971175768058e-05    -3.30488784006795e-05    7.4505122E+06    549.57    549.57    1.6268912705576610    0.00000e+00    0.00000e+00    7.68477505E+10
    -1.07546247969349e-05    -1.35464985560974e-05    -4.22912476379998e-05    5.7145998E+06    584.42    584.42    1.0916751568330907    0.00000e+00    0.00000e+00    7.68979778E+10
    -2.17751897753194e-05    -1.51634578719802e-05    -4.52955570559508e-05    9.8564502E+06    1785.88    1785.88    0.7462314334790880    0.00000e+00    0.00000e+00    7.69482051E+10
    -2.72961805866931e-05    -2.01390638353676e-05    -4.58634358042996e-05    1.9125663E+07    3113.57    3113.57    0.7379339979641149    0.00000e+00    0.00000e+00    7.69984324E+10
    -3.05858784869113e-05    -2.77855301846031e-05    -4.77263042547695e-05    1.5835915E+07    2752.58    2752.58    0.7185199661069818    0.00000e+00    0.00000e+00    7.70486596E+10
    -3.43833125438957e-05    -3.63987634953391e-05    -4.99361824608167e-05    1.1993712E+07    2410.28    2410.28    0.6800641376279398    0.00000e+00    0.00000e+00    7.70988869E+10
    -3.88931090376594e-05    -4.56656652745509e-05    -5.29776950262150e-05    9.1203529E+06    2136.76    2136.76    0.6033010070254125    0.00000e+00    0.00000e+00    7.71491142E+10
    -4.30668666246356e-05    -5.45705309829531e-05    -5.70029139431319e-05    6.9707420E+06    1822.52    1822.52    0.5722925162240631    0.00000e+00    0.00000e+00    7.71993415E+10
    -4.70101903297257e-05    -6.29250245650315e-05    -6.06027670325168e-05    5.0215159E+06    1525.63    1525.63    0.5335855130586813    0.00000e+00    0.00000e+00    7.72495688E+10
    -5.07425972972902e-05    -7.06778692169897e-05    -6.32948549853923e-05    3.8713433E+06    1351.64    1351.64    0.5068262212703619    0.00000e+00    0.00000e+00    7.72997961E+10
    -5.44433061767564e-05    -7.76688631060420e-05    -6.53550804195409e-05    3.0621746E+06    1212.85    1212.85    0.4867803145523207    0.00000e+00    0.00000e+00    7.73500234E+10
    -5.80908794767730e-05    -8.38065364349734e-05    -6.67781734102489e-05    2.4214109E+06    1093.11    1093.11    0.4892387124341036    0.00000e+00    0.00000e+00    7.74002507E+10
    -6.15467138140475e-05    -8.91973930732500e-05    -6.73762104784448e-05    1.9338184E+06    990.59    990.59    0.4854111651317559    0.00000e+00    0.00000e+00    7.74504779E+10
    -6.46869732300143e-05    -9.40560454930886e-05    -6.70980340844978e-05    1.5636735E+06    900.97    900.97    0.4948432388237743    0.00000e+00    0.00000e+00    7.75007052E+10
    -6.74842463591432e-05    -9.85719831217509e-05    -6.60893598284021e-05    1.2769187E+06    821.46    821.46    0.4984085363788253    0.00000e+00    0.00000e+00    7.75509325E+10
    -6.99836063293672e-05    -1.02859956509419e-04    -6.45677478495558e-05    1.0531504E+06    752.79    752.79    0.4859811538746348    0.00000e+00    0.00000e+00    7.76011598E+10
    -7.22488837099411e-05    -1.06973629682454e-04    -6.27341534187787e-05    8.9929461E+05    710.57    710.57    0.4631704745502656    0.00000e+00    0.00000e+00    7.76513871E+10
    -7.43750001714893e-05    -1.11109260067107e-04    -6.10481217281208e-05    9.0454398E+05    853.91    853.91    0.4308943106860861    0.00000e+00    0.00000e+00    7.77016144E+10
    -7.66270082016112e-05    -1.16042176246618e-04    -6.09609328357101e-05    1.0750720E+06    1218.14    1218.14    0.4007772420637254    0.00000e+00    0.00000e+00    7.77518417E+10
    -7.92219782778868e-05    -1.22284162087177e-04    -6.31842883772784e-05    1.2068097E+06    1463.98    1463.98    0.3933650764196819    0.00000e+00    0.00000e+00    7.78020690E+10
    -8.21087528606854e-05    -1.29580384973582e-04    -6.67730052964083e-05    1.2348198E+06    1537.52    1537.52    0.3842190734815666    0.00000e+00    0.00000e+00    7.78522962E+10
    -8.50271469917660e-05    -1.37296073505020e-04    -7.07110062320935e-05    1.1708271E+06    1491.80    1491.80    0.3766941710862552    0.00000e+00    0.00000e+00    7.79025235E+10
    -8.77228031733345e-05    -1.44807529425154e-04    -7.44507280684786e-05    1.0438681E+06    1398.26    1398.26    0.3642213129806845    0.00000e+00    0.00000e+00    7.79527508E+10
    -9.01332095293485e-05    -1.51833085681532e-04    -7.76990136688702e-05    8.9585239E+05    1297.76    1297.76    0.3607108098173548    0.00000e+00    0.00000e+00    7.80029781E+10
    -9.23489389517129e-05    -1.58431264133602e-04    -8.04184402652234e-05    7.6564872E+05    1212.13    1212.13    0.3577689635047674    0.00000e+00    0.00000e+00    7.80532054E+10
    -9.44927947458529e-05    -1.64770716916611e-04    -8.27784502390861e-05    6.6358670E+05    1143.71    1143.71    0.3573109121945300    0.00000e+00    0.00000e+00    7.81034327E+10
    -9.66527657467530e-05    -1.70966393354351e-04    -8.49462315883888e-05    5.8399187E+05    1086.85    1086.85    0.3532866760397569    0.00000e+00    0.00000e+00    7.81536600E+10
    -9.88763055175202e-05    -1.77070866642400e-04    -8.70015749487687e-05    5.1931132E+05    1036.62    1036.62    0.3514524565927152    0.00000e+00    0.00000e+00    7.82038873E+10
    -1.01175490766951e-04    -1.83097692171282e-04    -8.89393025101113e-05    4.6451201E+05    990.21    990.21    0.3450219819532153    0.00000e+00    0.00000e+00    7.82541145E+10
    -1.03536848522847e-04    -1.89038036635728e-04    -9.07082276439652e-05    4.1675609E+05    946.28    946.28    0.3403505230330221    0.00000e+00    0.00000e+00    7.83043418E+10
    -1.05931585700688e-04    -1.94873200772058e-04    -9.22486988750067e-05    3.7425356E+05    904.15    904.15    0.3358451028000722    0.00000e+00    0.00000e+00    7.83545691E+10
    -1.08321823807567e-04    -2.00582182451605e-04    -9.35114155000038e-05    3.3593588E+05    863.63    863.63    0.3335008828881698    0.00000e+00    0.00000e+00    7.84047964E+10
    -1.10664826517497e-04    -2.06147576863218e-04    -9.44669153915553e-05    3.0193801E+05    826.22    826.22    0.3292890953702556    0.00000e+00    0.00000e+00    7.84550237E+10
    -1.12922918959317e-04    -2.11574377587812e-04    -9.51260486798446e-05    2.7558826E+05    801.75    801.75    0.3261983387680219    0.00000e+00    0.00000e+00    7.85052510E+10
    -1.15086807254760e-04    -2.16951562480281e-04    -9.56601727604598e-05    2.6555872E+05    833.53    833.53    0.3193797069554205    0.00000e+00    0.00000e+00    7.85554783E+10
    -1.17201971775252e-04    -2.22524209704563e-04    -9.65860941693268e-05    2.7935565E+05    960.18    960.18    0.3169349377826454    0.00000e+00    0.00000e+00    7.86057056E+10
    -1.19358442421374e-04    -2.28565022108146e-04    -9.85316126865249e-05    3.0862188E+05    1089.12    1089.12    0.3139062993585968    0.00000e+00    0.00000e+00    7.86559329E+10
    -1.21590127061984e-04    -2.35106327067285e-04    -1.01589822235101e-04    3.3328167E+05    1148.75    1148.75    0.3102405295392320    0.00000e+00    0.00000e+00    7.87061601E+10
    -1.23891581239442e-04    -2.42011814367400e-04    -1.05441594209464e-04    3.4320153E+05    1156.02    1156.02    0.3019476005627740    0.00000e+00    0.00000e+00    7.87563874E+10
    -1.26275797960403e-04    -2.49151408497849e-04    -1.09758724291913e-04    3.3935842E+05    1136.17    1136.17    0.3004498371924814    0.00000e+00    0.00000e+00    7.88066147E+10
    -1.28740391941555e-04    -2.56424985737210e-04    -1.14303585904791e-04    3.2669824E+05    1104.14    1104.14    0.3002423243913131    0.00000e+00    0.00000e+00    7.88568420E+10
    -1.31265490670109e-04    -2.63754287461077e-04    -1.18895047808696e-04    3.0955510E+05    1067.15    1067.15    0.2960905493356273    0.00000e+00    0.00000e+00    7.89070693E+10
    -1.33831497977075e-04    -2.71076724223220e-04    -1.23412939236493e-04    2.9025148E+05    1028.01    1028.01    0.2939021596925909    0.00000e+00    0.00000e+00    7.89572966E+10
    -1.36419806713372e-04    -2.78341856008255e-04    -1.27766440041300e-04    2.7031693E+05    988.89    988.89    0.2945869618307601    0.00000e+00    0.00000e+00    7.90075239E+10
    -1.39007848802145e-04    -2.85511372839103e-04    -1.31892602014761e-04    2.5047288E+05    950.33    950.33    0.2958778835956745    0.00000e+00    0.00000e+00    7.90577512E+10
    -1.41572028361533e-04    -2.92563603544216e-04    -1.35762428450608e-04    2.3087948E+05    912.18    912.18    0.2934223874527136    0.00000e+00    0.00000e+00    7.91079784E+10
    -1.44091571125301e-04    -2.99490325683563e-04    -1.39367367235508e-04    2.1173603E+05    874.91    874.91    0.2919614529957650    0.00000e+00    0.00000e+00    7.91582057E+10
    -1.46549246815224e-04    -3.06288921263267e-04    -1.42707258380945e-04    1.9337575E+05    839.06    839.06    0.2912025853399672    0.00000e+00    0.00000e+00    7.92084330E+10
    -1.48934278023168e-04    -3.12960287188638e-04    -1.45789097748338e-04    1.7618496E+05    805.20    805.20    0.2897264305031039    0.00000e+00    0.00000e+00    7.92586603E+10
    -1.51244289162098e-04    -3.19509436433137e-04    -1.48629373850982e-04    1.6050321E+05    773.86    773.86    0.2897766546301689    0.00000e+00    0.00000e+00    7.93088876E+10
    -1.53482741801696e-04    -3.25945914978147e-04    -1.51256070134549e-04    1.4660879E+05    745.60    745.60    0.2864527962206775    0.00000e+00    0.00000e+00    7.93591149E+10
    -1.55656757854938e-04    -3.32281911039610e-04    -1.53704505275709e-04    1.3470329E+05    720.91    720.91    0.2822801968834005    0.00000e+00    0.00000e+00    7.94093422E+10
    -1.57775456667165e-04    -3.38532788363080e-04    -1.56016484758185e-04    1.2496249E+05    700.72    700.72    0.2771084916232100    0.00000e+00    0.00000e+00    7.94595695E+10
    -1.59850352563304e-04    -3.44719233948331e-04    -1.58244591473828e-04    1.1756953E+05    686.90    686.90    0.2746174918854279    0.00000e+00    0.00000e+00    7.95097967E+10
    -1.61897240773086e-04    -3.50871446839559e-04    -1.60461179016408e-04    1.1263496E+05    681.93    681.93    0.2728288861965573    0.00000e+00    0.00000e+00    7.95600240E+10
    -1.63934806015779e-04    -3.57030054423241e-04    -1.62758172908000e-04    1.1004625E+05    686.85    686.85    0.2686579605054615    0.00000e+00    0.00000e+00    7.96102513E+10
    -1.65982043291411e-04    -3.63238879008012e-04    -1.65234630279928e-04    1.0942950E+05    699.81    699.81    0.2676058999761752    0.00000e+00    0.00000e+00    7.96604786E+10
    -1.68057104024201e-04    -3.69535294880549e-04    -1.67977453984532e-04    1.1013853E+05    715.99    715.99    0.2671461649393556    0.00000e+00    0.00000e+00    7.97107059E+10
    -1.70173519363991e-04    -3.75939877533478e-04    -1.71041937022141e-04    1.1132510E+05    729.86    729.86    0.2663021331352418    0.00000e+00    0.00000e+00    7.97609332E+10
    -1.72336166536410e-04    -3.82453552960931e-04    -1.74439976720491e-04    1.1219607E+05    738.27    738.27    0.2662073109074631    0.00000e+00    0.00000e+00    7.98111605E+10
    -1.74543513530228e-04    -3.89060336855841e-04    -1.78149106813598e-04    1.1223039E+05    740.62    740.62    0.2643926680531803    0.00000e+00    0.00000e+00    7.98613878E+10
    -1.76792239371729e-04    -3.95732696649257e-04    -1.82125669829478e-04    1.1126426E+05    737.89    737.89    0.2613714377389529    0.00000e+00    0.00000e+00    7.99116151E+10
    -1.79078654628799e-04    -4.02442280437109e-04    -1.86313955828036e-04    1.0939771E+05    731.55    731.55    0.2587391240524096    0.00000e+00    0.00000e+00    7.99618423E+10
    -1.81399666190154e-04    -4.09165671718600e-04    -1.90657256152992e-04    1.0684163E+05    722.88    722.88    0.2560422659606864    0.00000e+00    0.00000e+00    8.00120696E+10
    -1.83750256234192e-04    -4.15886663172368e-04    -1.95103918754761e-04    1.0382138E+05    712.77    712.77    0.2507547885917135    0.00000e+00    0.00000e+00    8.00622969E+10
    -1.86123962194546e-04    -4.22596057882885e-04    -1.99609602574068e-04    1.0053278E+05    701.88    701.88    0.2473012295536500    0.00000e+00    0.00000e+00    8.01125242E+10
    -1.88514379682488e-04    -4.29290374887919e-04    -2.04134291089674e-04    9.7111952E+04    690.52    690.52    0.2452255489854488    0.00000e+00    0.00000e+00    8.01627515E+10
    -1.90917043564015e-04    -4.35971849178541e-04    -2.08643577074632e-04    9.3630773E+04    678.78    678.78    0.2412335453559278    0.00000e+00    0.00000e+00    8.02129788E+10
    -1.93327832922837e-04    -4.42646637888500e-04    -2.13111658744832e-04    9.0108469E+04    666.59    666.59    0.2399812626017186    0.00000e+00    0.00000e+00    8.02632061E+10
    -1.95742287473088e-04    -4.49320825429494e-04    -2.17521208859311e-04    8.6557377E+04    653.99    653.99    0.2355312077962269    0.00000e+00    0.00000e+00    8.03134334E+10
    -1.98155937232629e-04    -4.55997723078966e-04    -2.21860388267978e-04    8.2995481E+04    641.11    641.11    0.2349009775608723    0.00000e+00    0.00000e+00    8.03636606E+10
