    1.42397763023199e-05    -1.23675940962222e-05    -4.13371294654394e-05    7.9819619E+06    638.84    638.84    1.4068995232040731    0.00000e+00    0.00000e+00    7.78020690E+10
    2.04907292567246e-05    -6.42096693128251e-06    -5.28207220525454e-05    1.2199755E+07    2082.77    2082.77    0.9195964225054568    0.00000e+00    0.00000e+00    7.78522962E+10
    2.26853411647673e-05    -2.46363623172459e-06    -5.96533903377577e-05    1.1680798E+07    2034.81    2034.81    0.7731293805427583    0.00000e+00    0.00000e+00    7.79025235E+10
    2.41651447510094e-05    7.17520321051296e-07    -6.67278885352443e-05    9.5250826E+06    1769.68    1769.68    0.6459423513086949    0.00000e+00    0.00000e+00    7.79527508E+10
    2.48813444880748e-05    2.68608576557786e-06    -7.23778635416635e-05    7.9959771E+06    1602.45    1602.45    0.6041160964665838    0.00000e+00    0.00000e+00    7.80029781E+10
    2.51660314449454e-05    3.12943982904542e-06    -7.65275244342475e-05    6.8326807E+06    1468.34    1468.34    0.5744214301865977    0.00000e+00    0.00000e+00    7.80532054E+10
    2.59746483051586e-05    2.57289689722563e-06    -7.91963316341561e-05    5.9141896E+06    1361.49    1361.49    0.5414806810786368    0.00000e+00    0.00000e+00    7.81034327E+10
    2.72605899295491e-05    1.54614883557960e-06    -8.04157737899773e-05    5.1020446E+06    1264.74    1264.74    0.5109397490772132    0.00000e+00    0.00000e+00    7.81536600E+10
    2.88817627611344e-05    4.23969510800784e-07    -8.03022061851774e-05    4.3562473E+06    1181.26    1181.26    0.5164412545101994    0.00000e+00    0.00000e+00    7.82038873E+10
    3.07426139018772e-05    -4.80690423170025e-07    -7.88567923725911e-05    3.9071370E+06    1143.35    1143.35    0.5296784301822424    0.00000e+00    0.00000e+00    7.82541145E+10
    3.28785478404679e-05    -8.43165846681846e-07    -7.63309664235153e-05    4.1846847E+06    1267.30    1267.30    0.5416279807042051    0.00000e+00    0.00000e+00    7.83043418E+10
    3.60749273489052e-05    4.45953154460129e-07    -7.49532374489486e-05    6.0028848E+06    1831.87    1831.87    0.5250345060975489    0.00000e+00    0.00000e+00    7.83545691E+10
    4.00774603792418e-05    3.83685590576187e-06    -7.71695583440041e-05    6.8013311E+06    1979.49    1979.49    0.5321151678769662    0.00000e+00    0.00000e+00    7.84047964E+10
    4.39751621473122e-05    7.55272132141510e-06    -8.08580887038008e-05    6.4033919E+06    1893.36    1893.36    0.5202355576533733    0.00000e+00    0.00000e+00    7.84550237E+10
    4.78838371882408e-05    1.06364742484075e-05    -8.47669620335250e-05    5.5439933E+06    1728.02    1728.02    0.4978382049128044    0.00000e+00    0.00000e+00    7.85052510E+10
    5.18058955108365e-05    1.31932482788169e-05    -8.87674651489788e-05    4.6282211E+06    1562.18    1562.18    0.4596366563048083    0.00000e+00    0.00000e+00    7.85554783E+10
    5.55052808489532e-05    1.53428093603562e-05    -9.25039775187950e-05    3.9450404E+06    1435.47    1435.47    0.4465589822595983    0.00000e+00    0.00000e+00    7.86057056E+10
    5.89521703738113e-05    1.70163963686336e-05    -9.54996170136867e-05    3.3536572E+06    1321.51    1321.51    0.4363675884637382    0.00000e+00    0.00000e+00    7.86559329E+10
    6.22406324839564e-05    1.82294011683970e-05    -9.75754873853247e-05    2.8000548E+06    1212.68    1212.68    0.4270034731668667    0.00000e+00    0.00000e+00    7.87061601E+10
    6.54007935015327e-05    1.91668238122210e-05    -9.88849933786856e-05    2.3352802E+06    1116.56    1116.56    0.4173515987936121    0.00000e+00    0.00000e+00    7.87563874E+10
    6.83758381112509e-05    2.00374638562859e-05    -9.96617182253280e-05    1.9636156E+06    1034.77    1034.77    0.4315656649159396    0.00000e+00    0.00000e+00    7.88066147E+10
    7.10933642379742e-05    2.09472812091075e-05    -1.00024998812857e-04    1.6686877E+06    965.34    965.34    0.4566391335223873    0.00000e+00    0.00000e+00    7.88568420E+10
    7.34983794658543e-05    2.19037269721509e-05    -9.99696767237056e-05    1.4354850E+06    906.22    906.22    0.4760536211729834    0.00000e+00    0.00000e+00    7.89070693E+10
    7.55598023897952e-05    2.28672219261176e-05    -9.94440077936890e-05    1.2500660E+06    855.42    855.42    0.4669620407317147    0.00000e+00    0.00000e+00    7.89572966E+10
    7.72928076780157e-05    2.37974290879257e-05    -9.84602432645288e-05    1.1649788E+06    877.54    877.54    0.4477230782699644    0.00000e+00    0.00000e+00    7.90075239E+10
    7.92014706591759e-05    2.52047375148042e-05    -9.81976827192503e-05    1.4528103E+06    1373.25    1373.25    0.4245308962674202    0.00000e+00    0.00000e+00    7.90577512E+10
    8.21832105458302e-05    2.80154482247325e-05    -1.01034288782328e-04    1.8307928E+06    1697.80    1697.80    0.4053677295665068    0.00000e+00    0.00000e+00    7.91079784E+10
    8.57400897505216e-05    3.14134898623367e-05    -1.06052299459147e-04    1.8626980E+06    1677.54    1677.54    0.3811219853056794    0.00000e+00    0.00000e+00    7.91582057E+10
    8.92305688734483e-05    3.46481880745015e-05    -1.11404206166283e-04    1.7072108E+06    1567.21    1567.21    0.3717065929116837    0.00000e+00    0.00000e+00    7.92084330E+10
    9.24812833903822e-05    3.76056640060437e-05    -1.16140990971101e-04    1.4828105E+06    1439.93    1439.93    0.3631968787698233    0.00000e+00    0.00000e+00    7.92586603E+10
    9.53989163639835e-05    4.03411306630364e-05    -1.19966146674372e-04    1.2728560E+06    1332.95    1332.95    0.3597098994018631    0.00000e+00    0.00000e+00    7.93088876E+10
    9.79632219749289e-05    4.29420712197949e-05    -1.23044451750029e-04    1.1117525E+06    1252.52    1252.52    0.3565271076338944    0.00000e+00    0.00000e+00    7.93591149E+10
    1.00248027650578e-04    4.54670531082518e-05    -1.25747598302971e-04    9.9571632E+05    1191.04    1191.04    0.3550921618627852    0.00000e+00    0.00000e+00    7.94093422E+10
    1.02353864355845e-04    4.79195330499535e-05    -1.28321605035675e-04    9.0445659E+05    1138.88    1138.88    0.3537144017629192    0.00000e+00    0.00000e+00    7.94595695E+10
    1.04360973603091e-04    5.02767155904280e-05    -1.30814211551321e-04    8.2342212E+05    1091.10    1091.10    0.3534540193716551    0.00000e+00    0.00000e+00    7.95097967E+10
    1.06319106972272e-04    5.25109406547268e-05    -1.33150824416934e-04    7.4722559E+05    1044.24    1044.24    0.3484557485135074    0.00000e+00    0.00000e+00    7.95600240E+10
    1.08255346155614e-04    5.46079828398189e-05    -1.35226219671164e-04    6.7520754E+05    997.84    997.84    0.3485747471120937    0.00000e+00    0.00000e+00    7.96102513E+10
    1.10175421650827e-04    5.65688941913922e-05    -1.36946144686269e-04    6.0863950E+05    953.93    953.93    0.3454421810178120    0.00000e+00    0.00000e+00    7.96604786E+10
    1.12062345586526e-04    5.84006705708651e-05    -1.38241343827900e-04    5.5011871E+05    914.84    914.84    0.3347885841116125    0.00000e+00    0.00000e+00    7.97107059E+10
    1.13889491995345e-04    6.01232475168050e-05    -1.39094077763467e-04    5.0979563E+05    894.27    894.27    0.3294669307631825    0.00000e+00    0.00000e+00    7.97609332E+10
    1.15687728964358e-04    6.18350228139297e-05    -1.39727065049934e-04    5.1441200E+05    955.20    955.20    0.3254323479067164    0.00000e+00    0.00000e+00    7.98111605E+10
    1.17649304510675e-04    6.38004720215582e-05    -1.40884640131909e-04    5.7997358E+05    1118.45    1118.45    0.3245377579234955    0.00000e+00    0.00000e+00    7.98613878E+10
    1.19947922528099e-04    6.61715842287183e-05    -1.43194820955627e-04    6.6228113E+05    1235.89    1235.89    0.3251476592674592    0.00000e+00    0.00000e+00    7.99116151E+10
    1.22520280894287e-04    6.88370704549113e-05    -1.46518853845555e-04    7.0796787E+05    1266.10    1266.10    0.3197248096149392    0.00000e+00    0.00000e+00    7.99618423E+10
    1.25240114734133e-04    7.16537458275583e-05    -1.50418632070621e-04    7.0494035E+05    1245.62    1245.62    0.3155708042578891    0.00000e+00    0.00000e+00    8.00120696E+10
    1.28011847878541e-04    7.45138023283910e-05    -1.54535252910838e-04    6.7247391E+05    1207.04    1207.04    0.3151453912411016    0.00000e+00    0.00000e+00    8.00622969E+10
    1.30754157680642e-04    7.73229291520231e-05    -1.58589841840556e-04    6.2975886E+05    1164.31    1164.31    0.3115661783429267    0.00000e+00    0.00000e+00    8.01125242E+10
    1.33401725193182e-04    8.00267447478446e-05    -1.62395687414908e-04    5.8336196E+05    1119.86    1119.86    0.3054464216930236    0.00000e+00    0.00000e+00    8.01627515E+10
    1.35918039097834e-04    8.26057305170540e-05    -1.65844971919351e-04    5.3518695E+05    1075.13    1075.13    0.3015161965310482    0.00000e+00    0.00000e+00    8.02129788E+10
    1.38286625425716e-04    8.50572199844052e-05    -1.68891075670309e-04    4.8787159E+05    1031.98    1031.98    0.3006513383268566    0.00000e+00    0.00000e+00    8.02632061E+10
    1.40503450526999e-04    8.73820179406089e-05    -1.71530440135364e-04    4.4457353E+05    992.31    992.31    0.3011991082297247    0.00000e+00    0.00000e+00    8.03134334E+10
    1.42574210962438e-04    8.95900630661278e-05    -1.73811037628261e-04    4.0742396E+05    957.75    957.75    0.2999056567411547    0.00000e+00    0.00000e+00    8.03636606E+10
