b(14N2,H2,H) (km/s)     = 0.13 11.2 15.9
Tex(14N2,14N15N,H2) (K) = 30 30 30
N(H)         (cm-2)     = 1.000e+14
[14N2]/[14N15N]         = 225
n[N(14N2)]   (cols)     = 46
n[N(H2)]     (rows)     = 46
N(14N2)
1.000e+10
1.585e+10
2.512e+10
3.981e+10
6.310e+10
1.000e+11
1.585e+11
2.512e+11
3.981e+11
6.310e+11
1.000e+12
1.585e+12
2.512e+12
3.981e+12
6.310e+12
1.000e+13
1.585e+13
2.512e+13
3.981e+13
6.310e+13
1.000e+14
1.585e+14
2.512e+14
3.981e+14
6.310e+14
1.000e+15
1.585e+15
2.512e+15
3.981e+15
6.310e+15
1.000e+16
1.585e+16
2.512e+16
3.981e+16
6.310e+16
1.000e+17
1.585e+17
2.512e+17
3.981e+17
6.310e+17
1.000e+18
1.585e+18
2.512e+18
3.981e+18
6.310e+18
1.000e+19
N(H2)
1.000e+14
1.585e+14
2.512e+14
3.981e+14
6.310e+14
1.000e+15
1.585e+15
2.512e+15
3.981e+15
6.310e+15
1.000e+16
1.585e+16
2.512e+16
3.981e+16
6.310e+16
1.000e+17
1.585e+17
2.512e+17
3.981e+17
6.310e+17
1.000e+18
1.585e+18
2.512e+18
3.981e+18
6.310e+18
1.000e+19
1.585e+19
2.512e+19
3.981e+19
6.310e+19
1.000e+20
1.585e+20
2.512e+20
3.981e+20
6.310e+20
1.000e+21
1.585e+21
2.512e+21
3.981e+21
6.310e+21
1.000e+22
1.585e+22
2.512e+22
3.981e+22
6.310e+22
1.000e+23
14N2
9.945e-01 9.944e-01 9.943e-01 9.942e-01 9.940e-01 9.936e-01 9.931e-01 9.922e-01 9.908e-01 9.887e-01 9.854e-01 9.802e-01 9.723e-01 9.605e-01 9.429e-01 9.177e-01 8.823e-01 8.345e-01 7.733e-01 6.999e-01 6.184e-01 5.336e-01 4.494e-01 3.677e-01 2.899e-01 2.194e-01 1.606e-01 1.155e-01 8.288e-02 5.956e-02 4.295e-02 3.120e-02 2.285e-02 1.678e-02 1.233e-02 9.074e-03 6.676e-03 4.903e-03 3.602e-03 2.662e-03 1.983e-03 1.486e-03 1.116e-03 8.334e-04 6.127e-04 4.370e-04
9.926e-01 9.925e-01 9.924e-01 9.923e-01 9.921e-01 9.917e-01 9.912e-01 9.903e-01 9.890e-01 9.868e-01 9.835e-01 9.784e-01 9.705e-01 9.586e-01 9.411e-01 9.159e-01 8.806e-01 8.329e-01 7.718e-01 6.986e-01 6.172e-01 5.327e-01 4.487e-01 3.671e-01 2.894e-01 2.191e-01 1.603e-01 1.152e-01 8.263e-02 5.936e-02 4.279e-02 3.109e-02 2.278e-02 1.674e-02 1.231e-02 9.059e-03 6.664e-03 4.893e-03 3.594e-03 2.656e-03 1.978e-03 1.483e-03 1.114e-03 8.324e-04 6.121e-04 4.367e-04
9.905e-01 9.904e-01 9.903e-01 9.902e-01 9.900e-01 9.896e-01 9.891e-01 9.882e-01 9.869e-01 9.847e-01 9.814e-01 9.763e-01 9.684e-01 9.566e-01 9.391e-01 9.139e-01 8.786e-01 8.311e-01 7.701e-01 6.971e-01 6.159e-01 5.316e-01 4.478e-01 3.664e-01 2.889e-01 2.186e-01 1.598e-01 1.149e-01 8.230e-02 5.908e-02 4.257e-02 3.094e-02 2.269e-02 1.670e-02 1.228e-02 9.041e-03 6.649e-03 4.881e-03 3.585e-03 2.648e-03 1.972e-03 1.479e-03 1.112e-03 8.311e-04 6.113e-04 4.362e-04
9.885e-01 9.884e-01 9.883e-01 9.882e-01 9.880e-01 9.876e-01 9.871e-01 9.862e-01 9.849e-01 9.828e-01 9.794e-01 9.743e-01 9.664e-01 9.546e-01 9.372e-01 9.120e-01 8.768e-01 8.293e-01 7.684e-01 6.956e-01 6.146e-01 5.305e-01 4.469e-01 3.656e-01 2.882e-01 2.180e-01 1.593e-01 1.144e-01 8.188e-02 5.873e-02 4.230e-02 3.075e-02 2.258e-02 1.664e-02 1.225e-02 9.021e-03 6.633e-03 4.868e-03 3.574e-03 2.640e-03 1.966e-03 1.475e-03 1.109e-03 8.296e-04 6.104e-04 4.356e-04
9.868e-01 9.867e-01 9.867e-01 9.865e-01 9.863e-01 9.860e-01 9.854e-01 9.845e-01 9.832e-01 9.811e-01 9.778e-01 9.726e-01 9.648e-01 9.530e-01 9.355e-01 9.104e-01 8.752e-01 8.277e-01 7.670e-01 6.942e-01 6.134e-01 5.294e-01 4.459e-01 3.648e-01 2.874e-01 2.173e-01 1.587e-01 1.138e-01 8.138e-02 5.831e-02 4.198e-02 3.053e-02 2.245e-02 1.657e-02 1.222e-02 9.000e-03 6.617e-03 4.855e-03 3.564e-03 2.632e-03 1.960e-03 1.471e-03 1.106e-03 8.281e-04 6.095e-04 4.350e-04
9.854e-01 9.854e-01 9.853e-01 9.851e-01 9.849e-01 9.846e-01 9.840e-01 9.832e-01 9.818e-01 9.797e-01 9.764e-01 9.713e-01 9.634e-01 9.516e-01 9.342e-01 9.091e-01 8.739e-01 8.265e-01 7.657e-01 6.930e-01 6.122e-01 5.283e-01 4.450e-01 3.639e-01 2.866e-01 2.166e-01 1.580e-01 1.132e-01 8.084e-02 5.787e-02 4.164e-02 3.030e-02 2.231e-02 1.651e-02 1.219e-02 8.978e-03 6.600e-03 4.841e-03 3.553e-03 2.623e-03 1.954e-03 1.466e-03 1.104e-03 8.265e-04 6.085e-04 4.343e-04
9.842e-01 9.842e-01 9.841e-01 9.840e-01 9.837e-01 9.834e-01 9.829e-01 9.820e-01 9.806e-01 9.785e-01 9.752e-01 9.701e-01 9.622e-01 9.504e-01 9.330e-01 9.079e-01 8.727e-01 8.253e-01 7.646e-01 6.919e-01 6.112e-01 5.274e-01 4.441e-01 3.631e-01 2.858e-01 2.158e-01 1.573e-01 1.126e-01 8.031e-02 5.743e-02 4.131e-02 3.007e-02 2.218e-02 1.643e-02 1.215e-02 8.951e-03 6.581e-03 4.826e-03 3.541e-03 2.614e-03 1.948e-03 1.462e-03 1.101e-03 8.248e-04 6.074e-04 4.336e-04
9.830e-01 9.830e-01 9.829e-01 9.827e-01 9.825e-01 9.822e-01 9.816e-01 9.808e-01 9.794e-01 9.773e-01 9.740e-01 9.689e-01 9.610e-01 9.492e-01 9.318e-01 9.067e-01 8.715e-01 8.241e-01 7.635e-01 6.908e-01 6.101e-01 5.263e-01 4.431e-01 3.622e-01 2.850e-01 2.150e-01 1.566e-01 1.120e-01 7.979e-02 5.701e-02 4.099e-02 2.985e-02 2.204e-02 1.635e-02 1.210e-02 8.919e-03 6.558e-03 4.809e-03 3.529e-03 2.605e-03 1.941e-03 1.458e-03 1.098e-03 8.232e-04 6.064e-04 4.330e-04
9.816e-01 9.815e-01 9.815e-01 9.813e-01 9.811e-01 9.808e-01 9.802e-01 9.794e-01 9.780e-01 9.759e-01 9.726e-01 9.674e-01 9.596e-01 9.478e-01 9.304e-01 9.053e-01 8.702e-01 8.228e-01 7.621e-01 6.895e-01 6.089e-01 5.252e-01 4.420e-01 3.611e-01 2.841e-01 2.142e-01 1.559e-01 1.113e-01 7.925e-02 5.657e-02 4.066e-02 2.963e-02 2.189e-02 1.626e-02 1.204e-02 8.879e-03 6.531e-03 4.790e-03 3.515e-03 2.595e-03 1.934e-03 1.453e-03 1.095e-03 8.214e-04 6.053e-04 4.323e-04
9.799e-01 9.798e-01 9.797e-01 9.796e-01 9.794e-01 9.790e-01 9.785e-01 9.776e-01 9.763e-01 9.742e-01 9.709e-01 9.657e-01 9.579e-01 9.461e-01 9.287e-01 9.036e-01 8.685e-01 8.211e-01 7.605e-01 6.880e-01 6.074e-01 5.238e-01 4.407e-01 3.599e-01 2.830e-01 2.132e-01 1.550e-01 1.106e-01 7.865e-02 5.610e-02 4.031e-02 2.937e-02 2.172e-02 1.614e-02 1.196e-02 8.829e-03 6.497e-03 4.768e-03 3.500e-03 2.585e-03 1.927e-03 1.448e-03 1.092e-03 8.195e-04 6.041e-04 4.315e-04
9.778e-01 9.778e-01 9.777e-01 9.776e-01 9.773e-01 9.770e-01 9.765e-01 9.756e-01 9.742e-01 9.721e-01 9.688e-01 9.637e-01 9.559e-01 9.441e-01 9.267e-01 9.016e-01 8.665e-01 8.192e-01 7.586e-01 6.861e-01 6.057e-01 5.221e-01 4.392e-01 3.585e-01 2.817e-01 2.121e-01 1.540e-01 1.098e-01 7.797e-02 5.557e-02 3.991e-02 2.909e-02 2.152e-02 1.600e-02 1.187e-02 8.767e-03 6.457e-03 4.742e-03 3.483e-03 2.573e-03 1.919e-03 1.443e-03 1.089e-03 8.174e-04 6.028e-04 4.307e-04
9.755e-01 9.755e-01 9.754e-01 9.752e-01 9.750e-01 9.747e-01 9.741e-01 9.733e-01 9.719e-01 9.698e-01 9.665e-01 9.614e-01 9.536e-01 9.418e-01 9.244e-01 8.993e-01 8.643e-01 8.170e-01 7.565e-01 6.841e-01 6.037e-01 5.202e-01 4.374e-01 3.569e-01 2.803e-01 2.108e-01 1.529e-01 1.088e-01 7.722e-02 5.498e-02 3.946e-02 2.876e-02 2.129e-02 1.584e-02 1.175e-02 8.693e-03 6.410e-03 4.713e-03 3.465e-03 2.561e-03 1.911e-03 1.437e-03 1.085e-03 8.150e-04 6.012e-04 4.297e-04
9.730e-01 9.729e-01 9.728e-01 9.727e-01 9.725e-01 9.721e-01 9.716e-01 9.707e-01 9.694e-01 9.673e-01 9.640e-01 9.588e-01 9.510e-01 9.392e-01 9.219e-01 8.968e-01 8.618e-01 8.146e-01 7.541e-01 6.818e-01 6.015e-01 5.182e-01 4.355e-01 3.552e-01 2.787e-01 2.094e-01 1.517e-01 1.079e-01 7.643e-02 5.436e-02 3.899e-02 2.841e-02 2.103e-02 1.566e-02 1.163e-02 8.611e-03 6.357e-03 4.680e-03 3.444e-03 2.548e-03 1.902e-03 1.431e-03 1.081e-03 8.123e-04 5.995e-04 4.286e-04
9.703e-01 9.702e-01 9.701e-01 9.700e-01 9.698e-01 9.694e-01 9.689e-01 9.680e-01 9.667e-01 9.646e-01 9.613e-01 9.561e-01 9.483e-01 9.366e-01 9.192e-01 8.942e-01 8.592e-01 8.120e-01 7.516e-01 6.794e-01 5.993e-01 5.161e-01 4.336e-01 3.534e-01 2.771e-01 2.080e-01 1.505e-01 1.069e-01 7.562e-02 5.373e-02 3.852e-02 2.806e-02 2.077e-02 1.547e-02 1.150e-02 8.527e-03 6.303e-03 4.647e-03 3.423e-03 2.534e-03 1.893e-03 1.425e-03 1.077e-03 8.094e-04 5.975e-04 4.274e-04
9.675e-01 9.674e-01 9.673e-01 9.672e-01 9.670e-01 9.666e-01 9.661e-01 9.652e-01 9.639e-01 9.618e-01 9.585e-01 9.534e-01 9.456e-01 9.338e-01 9.165e-01 8.915e-01 8.565e-01 8.094e-01 7.491e-01 6.770e-01 5.970e-01 5.140e-01 4.316e-01 3.516e-01 2.755e-01 2.067e-01 1.494e-01 1.059e-01 7.486e-02 5.314e-02 3.807e-02 2.773e-02 2.053e-02 1.530e-02 1.138e-02 8.447e-03 6.252e-03 4.614e-03 3.403e-03 2.521e-03 1.883e-03 1.419e-03 1.073e-03 8.063e-04 5.955e-04 4.262e-04
9.646e-01 9.646e-01 9.645e-01 9.644e-01 9.641e-01 9.638e-01 9.633e-01 9.624e-01 9.611e-01 9.589e-01 9.557e-01 9.506e-01 9.428e-01 9.310e-01 9.137e-01 8.888e-01 8.539e-01 8.068e-01 7.467e-01 6.747e-01 5.948e-01 5.120e-01 4.298e-01 3.500e-01 2.740e-01 2.054e-01 1.483e-01 1.050e-01 7.415e-02 5.259e-02 3.766e-02 2.743e-02 2.031e-02 1.514e-02 1.128e-02 8.378e-03 6.206e-03 4.583e-03 3.383e-03 2.507e-03 1.874e-03 1.412e-03 1.068e-03 8.031e-04 5.934e-04 4.248e-04
9.618e-01 9.617e-01 9.617e-01 9.615e-01 9.613e-01 9.610e-01 9.604e-01 9.596e-01 9.582e-01 9.561e-01 9.528e-01 9.477e-01 9.399e-01 9.282e-01 9.109e-01 8.860e-01 8.512e-01 8.042e-01 7.442e-01 6.724e-01 5.927e-01 5.100e-01 4.280e-01 3.483e-01 2.726e-01 2.041e-01 1.473e-01 1.042e-01 7.349e-02 5.210e-02 3.730e-02 2.717e-02 2.012e-02 1.501e-02 1.119e-02 8.317e-03 6.164e-03 4.555e-03 3.364e-03 2.494e-03 1.865e-03 1.406e-03 1.064e-03 8.002e-04 5.914e-04 4.235e-04
9.589e-01 9.588e-01 9.587e-01 9.586e-01 9.584e-01 9.580e-01 9.575e-01 9.566e-01 9.553e-01 9.532e-01 9.499e-01 9.448e-01 9.370e-01 9.253e-01 9.081e-01 8.832e-01 8.484e-01 8.016e-01 7.416e-01 6.699e-01 5.904e-01 5.079e-01 4.261e-01 3.467e-01 2.711e-01 2.029e-01 1.462e-01 1.034e-01 7.287e-02 5.164e-02 3.697e-02 2.693e-02 1.995e-02 1.489e-02 1.110e-02 8.262e-03 6.126e-03 4.529e-03 3.346e-03 2.482e-03 1.856e-03 1.399e-03 1.059e-03 7.974e-04 5.895e-04 4.223e-04
9.557e-01 9.556e-01 9.555e-01 9.554e-01 9.552e-01 9.548e-01 9.543e-01 9.534e-01 9.521e-01 9.500e-01 9.467e-01 9.416e-01 9.339e-01 9.222e-01 9.049e-01 8.801e-01 8.454e-01 7.986e-01 7.387e-01 6.672e-01 5.879e-01 5.056e-01 4.240e-01 3.448e-01 2.695e-01 2.016e-01 1.452e-01 1.026e-01 7.227e-02 5.120e-02 3.666e-02 2.670e-02 1.978e-02 1.477e-02 1.102e-02 8.208e-03 6.090e-03 4.504e-03 3.328e-03 2.470e-03 1.847e-03 1.394e-03 1.055e-03 7.946e-04 5.877e-04 4.211e-04
9.518e-01 9.518e-01 9.517e-01 9.515e-01 9.513e-01 9.510e-01 9.504e-01 9.496e-01 9.483e-01 9.462e-01 9.429e-01 9.378e-01 9.301e-01 9.184e-01 9.012e-01 8.764e-01 8.417e-01 7.950e-01 7.353e-01 6.639e-01 5.848e-01 5.028e-01 4.215e-01 3.426e-01 2.677e-01 2.001e-01 1.441e-01 1.017e-01 7.166e-02 5.077e-02 3.635e-02 2.648e-02 1.962e-02 1.465e-02 1.094e-02 8.154e-03 6.053e-03 4.478e-03 3.311e-03 2.457e-03 1.839e-03 1.387e-03 1.051e-03 7.918e-04 5.858e-04 4.198e-04
9.468e-01 9.467e-01 9.466e-01 9.465e-01 9.463e-01 9.459e-01 9.454e-01 9.445e-01 9.432e-01 9.411e-01 9.378e-01 9.328e-01 9.250e-01 9.134e-01 8.962e-01 8.715e-01 8.369e-01 7.903e-01 7.308e-01 6.597e-01 5.808e-01 4.992e-01 4.183e-01 3.399e-01 2.655e-01 1.984e-01 1.428e-01 1.008e-01 7.102e-02 5.032e-02 3.603e-02 2.624e-02 1.944e-02 1.452e-02 1.085e-02 8.096e-03 6.014e-03 4.451e-03 3.291e-03 2.444e-03 1.829e-03 1.380e-03 1.046e-03 7.886e-04 5.837e-04 4.184e-04
9.398e-01 9.397e-01 9.396e-01 9.395e-01 9.393e-01 9.389e-01 9.384e-01 9.376e-01 9.362e-01 9.341e-01 9.309e-01 9.258e-01 9.181e-01 9.065e-01 8.894e-01 8.647e-01 8.303e-01 7.839e-01 7.246e-01 6.539e-01 5.755e-01 4.944e-01 4.141e-01 3.364e-01 2.628e-01 1.964e-01 1.414e-01 9.981e-02 7.032e-02 4.982e-02 3.567e-02 2.597e-02 1.924e-02 1.438e-02 1.076e-02 8.032e-03 5.970e-03 4.420e-03 3.269e-03 2.428e-03 1.818e-03 1.373e-03 1.041e-03 7.849e-04 5.812e-04 4.168e-04
9.299e-01 9.298e-01 9.297e-01 9.296e-01 9.294e-01 9.290e-01 9.285e-01 9.277e-01 9.263e-01 9.243e-01 9.210e-01 9.160e-01 9.083e-01 8.968e-01 8.797e-01 8.552e-01 8.210e-01 7.749e-01 7.160e-01 6.458e-01 5.680e-01 4.877e-01 4.084e-01 3.317e-01 2.591e-01 1.937e-01 1.395e-01 9.859e-02 6.949e-02 4.925e-02 3.526e-02 2.567e-02 1.901e-02 1.421e-02 1.064e-02 7.956e-03 5.919e-03 4.383e-03 3.242e-03 2.409e-03 1.804e-03 1.363e-03 1.035e-03 7.805e-04 5.781e-04 4.148e-04
9.158e-01 9.158e-01 9.157e-01 9.155e-01 9.153e-01 9.150e-01 9.145e-01 9.136e-01 9.123e-01 9.102e-01 9.070e-01 9.020e-01 8.944e-01 8.829e-01 8.661e-01 8.417e-01 8.078e-01 7.621e-01 7.039e-01 6.344e-01 5.577e-01 4.785e-01 4.005e-01 3.252e-01 2.541e-01 1.902e-01 1.372e-01 9.705e-02 6.848e-02 4.856e-02 3.476e-02 2.529e-02 1.873e-02 1.401e-02 1.050e-02 7.862e-03 5.855e-03 4.338e-03 3.209e-03 2.385e-03 1.787e-03 1.352e-03 1.027e-03 7.752e-04 5.745e-04 4.123e-04
8.961e-01 8.960e-01 8.959e-01 8.958e-01 8.956e-01 8.953e-01 8.947e-01 8.939e-01 8.926e-01 8.906e-01 8.874e-01 8.824e-01 8.749e-01 8.636e-01 8.469e-01 8.229e-01 7.894e-01 7.443e-01 6.870e-01 6.186e-01 5.433e-01 4.658e-01 3.896e-01 3.164e-01 2.474e-01 1.854e-01 1.341e-01 9.508e-02 6.721e-02 4.769e-02 3.414e-02 2.483e-02 1.838e-02 1.375e-02 1.033e-02 7.743e-03 5.774e-03 4.280e-03 3.168e-03 2.356e-03 1.767e-03 1.338e-03 1.017e-03 7.687e-04 5.700e-04 4.092e-04
8.688e-01 8.687e-01 8.686e-01 8.685e-01 8.683e-01 8.680e-01 8.675e-01 8.666e-01 8.654e-01 8.633e-01 8.602e-01 8.553e-01 8.479e-01 8.368e-01 8.204e-01 7.968e-01 7.640e-01 7.199e-01 6.638e-01 5.971e-01 5.238e-01 4.486e-01 3.750e-01 3.045e-01 2.383e-01 1.791e-01 1.300e-01 9.252e-02 6.556e-02 4.657e-02 3.333e-02 2.423e-02 1.793e-02 1.343e-02 1.010e-02 7.589e-03 5.670e-03 4.208e-03 3.117e-03 2.320e-03 1.742e-03 1.321e-03 1.006e-03 7.607e-04 5.644e-04 4.054e-04
8.318e-01 8.318e-01 8.317e-01 8.316e-01 8.314e-01 8.311e-01 8.306e-01 8.298e-01 8.285e-01 8.265e-01 8.235e-01 8.187e-01 8.115e-01 8.006e-01 7.846e-01 7.617e-01 7.298e-01 6.871e-01 6.328e-01 5.684e-01 4.979e-01 4.258e-01 3.557e-01 2.889e-01 2.265e-01 1.708e-01 1.246e-01 8.915e-02 6.340e-02 4.510e-02 3.228e-02 2.345e-02 1.736e-02 1.301e-02 9.806e-03 7.391e-03 5.537e-03 4.116e-03 3.053e-03 2.276e-03 1.712e-03 1.300e-03 9.917e-04 7.509e-04 5.574e-04 4.006e-04
7.837e-01 7.836e-01 7.835e-01 7.834e-01 7.832e-01 7.829e-01 7.824e-01 7.816e-01 7.804e-01 7.785e-01 7.756e-01 7.710e-01 7.640e-01 7.535e-01 7.381e-01 7.161e-01 6.855e-01 6.447e-01 5.929e-01 5.317e-01 4.650e-01 3.971e-01 3.314e-01 2.692e-01 2.115e-01 1.602e-01 1.177e-01 8.474e-02 6.054e-02 4.317e-02 3.092e-02 2.247e-02 1.664e-02 1.249e-02 9.438e-03 7.140e-03 5.367e-03 4.001e-03 2.973e-03 2.221e-03 1.675e-03 1.275e-03 9.739e-04 7.383e-04 5.486e-04 3.945e-04
7.239e-01 7.239e-01 7.238e-01 7.237e-01 7.235e-01 7.232e-01 7.227e-01 7.220e-01 7.208e-01 7.190e-01 7.162e-01 7.118e-01 7.052e-01 6.952e-01 6.807e-01 6.599e-01 6.311e-01 5.927e-01 5.443e-01 4.874e-01 4.255e-01 3.630e-01 3.027e-01 2.459e-01 1.935e-01 1.473e-01 1.090e-01 7.909e-02 5.685e-02 4.068e-02 2.920e-02 2.124e-02 1.575e-02 1.185e-02 8.986e-03 6.828e-03 5.155e-03 3.856e-03 2.874e-03 2.153e-03 1.628e-03 1.242e-03 9.510e-04 7.222e-04 5.372e-04 3.866e-04
6.542e-01 6.541e-01 6.540e-01 6.539e-01 6.538e-01 6.535e-01 6.530e-01 6.524e-01 6.513e-01 6.496e-01 6.469e-01 6.428e-01 6.366e-01 6.274e-01 6.138e-01 5.946e-01 5.681e-01 5.329e-01 4.887e-01 4.370e-01 3.812e-01 3.249e-01 2.708e-01 2.200e-01 1.734e-01 1.324e-01 9.863e-02 7.218e-02 5.226e-02 3.761e-02 2.710e-02 1.977e-02 1.470e-02 1.109e-02 8.449e-03 6.452e-03 4.895e-03 3.677e-03 2.751e-03 2.067e-03 1.568e-03 1.200e-03 9.211e-04 7.010e-04 5.223e-04 3.764e-04
5.783e-01 5.783e-01 5.782e-01 5.781e-01 5.780e-01 5.777e-01 5.773e-01 5.767e-01 5.757e-01 5.741e-01 5.717e-01 5.679e-01 5.622e-01 5.538e-01 5.415e-01 5.241e-01 5.002e-01 4.687e-01 4.294e-01 3.838e-01 3.347e-01 2.853e-01 2.379e-01 1.932e-01 1.523e-01 1.166e-01 8.725e-02 6.433e-02 4.696e-02 3.404e-02 2.468e-02 1.810e-02 1.352e-02 1.024e-02 7.836e-03 6.012e-03 4.583e-03 3.459e-03 2.598e-03 1.960e-03 1.492e-03 1.145e-03 8.816e-04 6.728e-04 5.026e-04 3.628e-04
5.034e-01 5.034e-01 5.033e-01 5.032e-01 5.031e-01 5.029e-01 5.025e-01 5.019e-01 5.010e-01 4.996e-01 4.974e-01 4.940e-01 4.889e-01 4.812e-01 4.702e-01 4.547e-01 4.336e-01 4.060e-01 3.717e-01 3.321e-01 2.899e-01 2.475e-01 2.066e-01 1.678e-01 1.322e-01 1.012e-01 7.594e-02 5.630e-02 4.140e-02 3.025e-02 2.209e-02 1.631e-02 1.225e-02 9.322e-03 7.161e-03 5.513e-03 4.217e-03 3.194e-03 2.408e-03 1.823e-03 1.393e-03 1.073e-03 8.295e-04 6.353e-04 4.761e-04 3.446e-04
4.381e-01 4.380e-01 4.380e-01 4.379e-01 4.378e-01 4.376e-01 4.372e-01 4.367e-01 4.359e-01 4.346e-01 4.326e-01 4.295e-01 4.249e-01 4.181e-01 4.082e-01 3.944e-01 3.758e-01 3.516e-01 3.217e-01 2.875e-01 2.511e-01 2.148e-01 1.795e-01 1.459e-01 1.148e-01 8.783e-02 6.592e-02 4.899e-02 3.619e-02 2.660e-02 1.955e-02 1.451e-02 1.094e-02 8.355e-03 6.430e-03 4.955e-03 3.794e-03 2.878e-03 2.175e-03 1.652e-03 1.267e-03 9.811e-04 7.617e-04 5.859e-04 4.408e-04 3.203e-04
3.861e-01 3.860e-01 3.860e-01 3.859e-01 3.858e-01 3.856e-01 3.853e-01 3.848e-01 3.841e-01 3.829e-01 3.811e-01 3.783e-01 3.741e-01 3.679e-01 3.590e-01 3.466e-01 3.300e-01 3.085e-01 2.821e-01 2.520e-01 2.201e-01 1.884e-01 1.575e-01 1.280e-01 1.006e-01 7.683e-02 5.759e-02 4.277e-02 3.162e-02 2.327e-02 1.713e-02 1.274e-02 9.610e-03 7.335e-03 5.635e-03 4.331e-03 3.309e-03 2.508e-03 1.897e-03 1.445e-03 1.113e-03 8.655e-04 6.754e-04 5.222e-04 3.948e-04 2.882e-04
3.408e-01 3.407e-01 3.407e-01 3.406e-01 3.405e-01 3.403e-01 3.401e-01 3.396e-01 3.389e-01 3.379e-01 3.362e-01 3.337e-01 3.299e-01 3.243e-01 3.164e-01 3.053e-01 2.904e-01 2.712e-01 2.478e-01 2.211e-01 1.930e-01 1.649e-01 1.378e-01 1.118e-01 8.773e-02 6.685e-02 4.999e-02 3.704e-02 2.732e-02 2.005e-02 1.472e-02 1.091e-02 8.196e-03 6.225e-03 4.756e-03 3.636e-03 2.765e-03 2.089e-03 1.579e-03 1.205e-03 9.311e-04 7.274e-04 5.704e-04 4.434e-04 3.370e-04 2.473e-04
2.907e-01 2.906e-01 2.906e-01 2.905e-01 2.904e-01 2.903e-01 2.900e-01 2.897e-01 2.891e-01 2.881e-01 2.867e-01 2.845e-01 2.812e-01 2.763e-01 2.694e-01 2.598e-01 2.469e-01 2.304e-01 2.103e-01 1.874e-01 1.632e-01 1.392e-01 1.160e-01 9.392e-02 7.353e-02 5.588e-02 4.167e-02 3.079e-02 2.263e-02 1.654e-02 1.208e-02 8.899e-03 6.639e-03 5.004e-03 3.793e-03 2.877e-03 2.175e-03 1.638e-03 1.237e-03 9.446e-04 7.312e-04 5.727e-04 4.506e-04 3.515e-04 2.685e-04 1.982e-04
2.296e-01 2.296e-01 2.296e-01 2.295e-01 2.294e-01 2.293e-01 2.291e-01 2.288e-01 2.283e-01 2.276e-01 2.264e-01 2.246e-01 2.219e-01 2.180e-01 2.124e-01 2.046e-01 1.943e-01 1.812e-01 1.651e-01 1.469e-01 1.276e-01 1.086e-01 9.024e-02 7.282e-02 5.683e-02 4.307e-02 3.202e-02 2.359e-02 1.729e-02 1.259e-02 9.152e-03 6.698e-03 4.959e-03 3.705e-03 2.782e-03 2.093e-03 1.573e-03 1.182e-03 8.930e-04 6.822e-04 5.281e-04 4.134e-04 3.249e-04 2.535e-04 1.941e-04 1.440e-04
1.601e-01 1.601e-01 1.601e-01 1.600e-01 1.600e-01 1.599e-01 1.597e-01 1.595e-01 1.592e-01 1.586e-01 1.578e-01 1.565e-01 1.545e-01 1.517e-01 1.477e-01 1.422e-01 1.349e-01 1.256e-01 1.143e-01 1.015e-01 8.806e-02 7.470e-02 6.186e-02 4.974e-02 3.870e-02 2.925e-02 2.170e-02 1.596e-02 1.167e-02 8.484e-03 6.148e-03 4.478e-03 3.293e-03 2.440e-03 1.816e-03 1.355e-03 1.013e-03 7.604e-04 5.759e-04 4.408e-04 3.408e-04 2.655e-04 2.072e-04 1.607e-04 1.227e-04 9.123e-05
9.261e-02 9.260e-02 9.258e-02 9.256e-02 9.253e-02 9.247e-02 9.238e-02 9.225e-02 9.203e-02 9.169e-02 9.117e-02 9.039e-02 8.921e-02 8.751e-02 8.512e-02 8.188e-02 7.763e-02 7.226e-02 6.576e-02 5.837e-02 5.057e-02 4.280e-02 3.535e-02 2.833e-02 2.198e-02 1.659e-02 1.231e-02 9.058e-03 6.635e-03 4.831e-03 3.506e-03 2.552e-03 1.871e-03 1.378e-03 1.016e-03 7.514e-04 5.582e-04 4.188e-04 3.183e-04 2.443e-04 1.885e-04 1.456e-04 1.122e-04 8.580e-05 6.488e-05 4.814e-05
4.120e-02 4.119e-02 4.119e-02 4.118e-02 4.116e-02 4.113e-02 4.109e-02 4.103e-02 4.093e-02 4.077e-02 4.053e-02 4.016e-02 3.962e-02 3.884e-02 3.776e-02 3.632e-02 3.447e-02 3.215e-02 2.935e-02 2.616e-02 2.274e-02 1.929e-02 1.594e-02 1.277e-02 9.912e-03 7.495e-03 5.583e-03 4.132e-03 3.048e-03 2.236e-03 1.635e-03 1.197e-03 8.789e-04 6.447e-04 4.714e-04 3.442e-04 2.528e-04 1.885e-04 1.432e-04 1.100e-04 8.458e-05 6.469e-05 4.906e-05 3.689e-05 2.752e-05 2.030e-05
1.332e-02 1.332e-02 1.331e-02 1.331e-02 1.331e-02 1.330e-02 1.328e-02 1.326e-02 1.323e-02 1.318e-02 1.310e-02 1.299e-02 1.282e-02 1.258e-02 1.225e-02 1.182e-02 1.129e-02 1.062e-02 9.822e-03 8.889e-03 7.852e-03 6.755e-03 5.640e-03 4.553e-03 3.557e-03 2.710e-03 2.037e-03 1.523e-03 1.135e-03 8.416e-04 6.217e-04 4.583e-04 3.366e-04 2.452e-04 1.766e-04 1.260e-04 9.016e-05 6.589e-05 4.952e-05 3.784e-05 2.892e-05 2.193e-05 1.644e-05 1.221e-05 9.019e-06 6.617e-06
3.270e-03 3.270e-03 3.270e-03 3.269e-03 3.268e-03 3.266e-03 3.264e-03 3.260e-03 3.254e-03 3.245e-03 3.230e-03 3.209e-03 3.178e-03 3.134e-03 3.075e-03 2.999e-03 2.904e-03 2.786e-03 2.640e-03 2.457e-03 2.235e-03 1.974e-03 1.683e-03 1.380e-03 1.090e-03 8.378e-04 6.340e-04 4.764e-04 3.561e-04 2.646e-04 1.956e-04 1.438e-04 1.046e-04 7.487e-05 5.241e-05 3.594e-05 2.454e-05 1.718e-05 1.253e-05 9.402e-06 7.095e-06 5.331e-06 3.975e-06 2.942e-06 2.163e-06 1.578e-06
6.538e-04 6.538e-04 6.537e-04 6.537e-04 6.536e-04 6.534e-04 6.532e-04 6.528e-04 6.522e-04 6.513e-04 6.500e-04 6.479e-04 6.448e-04 6.403e-04 6.342e-04 6.258e-04 6.146e-04 5.994e-04 5.784e-04 5.493e-04 5.098e-04 4.585e-04 3.964e-04 3.280e-04 2.604e-04 2.003e-04 1.512e-04 1.130e-04 8.394e-05 6.192e-05 4.540e-05 3.303e-05 2.370e-05 1.662e-05 1.129e-05 7.424e-06 4.804e-06 3.180e-06 2.220e-06 1.615e-06 1.192e-06 8.843e-07 6.557e-07 4.832e-07 3.521e-07 2.526e-07
7.940e-05 7.940e-05 7.940e-05 7.939e-05 7.939e-05 7.938e-05 7.937e-05 7.935e-05 7.931e-05 7.926e-05 7.918e-05 7.906e-05 7.887e-05 7.858e-05 7.813e-05 7.746e-05 7.645e-05 7.493e-05 7.267e-05 6.935e-05 6.467e-05 5.840e-05 5.064e-05 4.194e-05 3.325e-05 2.547e-05 1.910e-05 1.417e-05 1.045e-05 7.655e-06 5.576e-06 4.029e-06 2.865e-06 1.984e-06 1.325e-06 8.502e-07 5.319e-07 3.387e-07 2.284e-07 1.616e-07 1.169e-07 8.554e-08 6.306e-08 4.624e-08 3.333e-08 2.342e-08
3.235e-06 3.235e-06 3.235e-06 3.235e-06 3.234e-06 3.234e-06 3.234e-06 3.233e-06 3.232e-06 3.230e-06 3.228e-06 3.224e-06 3.217e-06 3.207e-06 3.191e-06 3.166e-06 3.127e-06 3.067e-06 2.976e-06 2.842e-06 2.651e-06 2.395e-06 2.077e-06 1.719e-06 1.360e-06 1.037e-06 7.736e-07 5.704e-07 4.181e-07 3.049e-07 2.213e-07 1.593e-07 1.129e-07 7.784e-08 5.168e-08 3.288e-08 2.033e-08 1.275e-08 8.443e-09 5.870e-09 4.177e-09 3.026e-09 2.225e-09 1.633e-09 1.177e-09 8.228e-10
2.089e-08 2.089e-08 2.089e-08 2.089e-08 2.088e-08 2.088e-08 2.088e-08 2.088e-08 2.087e-08 2.086e-08 2.084e-08 2.082e-08 2.078e-08 2.071e-08 2.061e-08 2.045e-08 2.020e-08 1.982e-08 1.923e-08 1.837e-08 1.715e-08 1.551e-08 1.346e-08 1.114e-08 8.808e-09 6.700e-09 4.970e-09 3.643e-09 2.656e-09 1.931e-09 1.398e-09 1.006e-09 7.121e-10 4.913e-10 3.269e-10 2.089e-10 1.299e-10 8.171e-11 5.396e-11 3.716e-11 2.615e-11 1.884e-11 1.390e-11 1.032e-11 7.541e-12 5.343e-12
14N15N
9.842e-01 9.842e-01 9.842e-01 9.842e-01 9.842e-01 9.842e-01 9.842e-01 9.842e-01 9.842e-01 9.841e-01 9.841e-01 9.840e-01 9.839e-01 9.837e-01 9.833e-01 9.828e-01 9.820e-01 9.807e-01 9.788e-01 9.757e-01 9.710e-01 9.639e-01 9.533e-01 9.378e-01 9.153e-01 8.838e-01 8.415e-01 7.871e-01 7.208e-01 6.443e-01 5.608e-01 4.740e-01 3.877e-01 3.053e-01 2.308e-01 1.682e-01 1.194e-01 8.361e-02 5.783e-02 3.947e-02 2.673e-02 1.805e-02 1.211e-02 8.025e-03 5.255e-03 3.426e-03
9.805e-01 9.805e-01 9.805e-01 9.805e-01 9.805e-01 9.805e-01 9.805e-01 9.804e-01 9.804e-01 9.804e-01 9.803e-01 9.803e-01 9.801e-01 9.799e-01 9.796e-01 9.791e-01 9.783e-01 9.771e-01 9.751e-01 9.721e-01 9.675e-01 9.605e-01 9.500e-01 9.345e-01 9.121e-01 8.807e-01 8.383e-01 7.840e-01 7.179e-01 6.415e-01 5.581e-01 4.716e-01 3.856e-01 3.036e-01 2.295e-01 1.673e-01 1.188e-01 8.318e-02 5.752e-02 3.925e-02 2.657e-02 1.795e-02 1.205e-02 7.983e-03 5.229e-03 3.410e-03
9.767e-01 9.767e-01 9.767e-01 9.767e-01 9.767e-01 9.767e-01 9.767e-01 9.767e-01 9.766e-01 9.766e-01 9.766e-01 9.765e-01 9.764e-01 9.762e-01 9.759e-01 9.754e-01 9.746e-01 9.734e-01 9.715e-01 9.685e-01 9.640e-01 9.570e-01 9.466e-01 9.311e-01 9.088e-01 8.774e-01 8.352e-01 7.809e-01 7.148e-01 6.386e-01 5.554e-01 4.692e-01 3.835e-01 3.018e-01 2.282e-01 1.663e-01 1.182e-01 8.273e-02 5.720e-02 3.902e-02 2.641e-02 1.784e-02 1.197e-02 7.938e-03 5.201e-03 3.392e-03
9.733e-01 9.733e-01 9.733e-01 9.733e-01 9.733e-01 9.732e-01 9.732e-01 9.732e-01 9.732e-01 9.732e-01 9.731e-01 9.731e-01 9.729e-01 9.727e-01 9.724e-01 9.720e-01 9.712e-01 9.700e-01 9.681e-01 9.652e-01 9.607e-01 9.538e-01 9.434e-01 9.280e-01 9.057e-01 8.744e-01 8.322e-01 7.780e-01 7.120e-01 6.359e-01 5.529e-01 4.669e-01 3.815e-01 3.002e-01 2.269e-01 1.654e-01 1.175e-01 8.230e-02 5.689e-02 3.880e-02 2.625e-02 1.773e-02 1.190e-02 7.894e-03 5.173e-03 3.375e-03
9.700e-01 9.700e-01 9.700e-01 9.700e-01 9.700e-01 9.700e-01 9.700e-01 9.700e-01 9.699e-01 9.699e-01 9.699e-01 9.698e-01 9.697e-01 9.695e-01 9.692e-01 9.687e-01 9.679e-01 9.668e-01 9.649e-01 9.620e-01 9.575e-01 9.507e-01 9.403e-01 9.249e-01 9.026e-01 8.714e-01 8.292e-01 7.752e-01 7.093e-01 6.333e-01 5.504e-01 4.646e-01 3.796e-01 2.986e-01 2.257e-01 1.646e-01 1.170e-01 8.191e-02 5.662e-02 3.860e-02 2.611e-02 1.763e-02 1.184e-02 7.853e-03 5.148e-03 3.359e-03
9.662e-01 9.662e-01 9.662e-01 9.662e-01 9.662e-01 9.662e-01 9.662e-01 9.662e-01 9.661e-01 9.661e-01 9.661e-01 9.660e-01 9.659e-01 9.657e-01 9.654e-01 9.649e-01 9.642e-01 9.630e-01 9.611e-01 9.582e-01 9.538e-01 9.469e-01 9.366e-01 9.213e-01 8.990e-01 8.678e-01 8.258e-01 7.718e-01 7.060e-01 6.302e-01 5.476e-01 4.621e-01 3.773e-01 2.968e-01 2.244e-01 1.636e-01 1.164e-01 8.153e-02 5.636e-02 3.841e-02 2.598e-02 1.754e-02 1.178e-02 7.814e-03 5.125e-03 3.344e-03
9.612e-01 9.612e-01 9.612e-01 9.612e-01 9.612e-01 9.612e-01 9.612e-01 9.612e-01 9.612e-01 9.612e-01 9.611e-01 9.610e-01 9.609e-01 9.607e-01 9.604e-01 9.600e-01 9.592e-01 9.580e-01 9.562e-01 9.533e-01 9.489e-01 9.421e-01 9.318e-01 9.165e-01 8.944e-01 8.632e-01 8.213e-01 7.674e-01 7.018e-01 6.262e-01 5.438e-01 4.587e-01 3.744e-01 2.945e-01 2.226e-01 1.625e-01 1.157e-01 8.113e-02 5.610e-02 3.823e-02 2.585e-02 1.745e-02 1.172e-02 7.776e-03 5.100e-03 3.329e-03
9.546e-01 9.546e-01 9.546e-01 9.546e-01 9.546e-01 9.546e-01 9.546e-01 9.546e-01 9.546e-01 9.546e-01 9.545e-01 9.544e-01 9.543e-01 9.541e-01 9.538e-01 9.534e-01 9.526e-01 9.515e-01 9.497e-01 9.468e-01 9.424e-01 9.357e-01 9.254e-01 9.102e-01 8.881e-01 8.571e-01 8.153e-01 7.616e-01 6.962e-01 6.209e-01 5.390e-01 4.543e-01 3.707e-01 2.915e-01 2.204e-01 1.610e-01 1.149e-01 8.068e-02 5.585e-02 3.806e-02 2.572e-02 1.736e-02 1.166e-02 7.738e-03 5.077e-03 3.314e-03
9.458e-01 9.458e-01 9.458e-01 9.458e-01 9.458e-01 9.458e-01 9.458e-01 9.458e-01 9.458e-01 9.457e-01 9.457e-01 9.456e-01 9.455e-01 9.453e-01 9.450e-01 9.446e-01 9.438e-01 9.427e-01 9.409e-01 9.381e-01 9.337e-01 9.270e-01 9.169e-01 9.018e-01 8.798e-01 8.489e-01 8.073e-01 7.538e-01 6.888e-01 6.139e-01 5.325e-01 4.485e-01 3.657e-01 2.875e-01 2.176e-01 1.592e-01 1.139e-01 8.018e-02 5.558e-02 3.789e-02 2.561e-02 1.728e-02 1.161e-02 7.703e-03 5.054e-03 3.300e-03
9.342e-01 9.342e-01 9.342e-01 9.342e-01 9.342e-01 9.342e-01 9.341e-01 9.341e-01 9.341e-01 9.341e-01 9.340e-01 9.340e-01 9.339e-01 9.337e-01 9.334e-01 9.329e-01 9.322e-01 9.311e-01 9.293e-01 9.266e-01 9.223e-01 9.156e-01 9.056e-01 8.906e-01 8.688e-01 8.381e-01 7.967e-01 7.436e-01 6.789e-01 6.046e-01 5.239e-01 4.409e-01 3.592e-01 2.824e-01 2.139e-01 1.569e-01 1.126e-01 7.959e-02 5.529e-02 3.772e-02 2.549e-02 1.721e-02 1.155e-02 7.670e-03 5.033e-03 3.286e-03
9.197e-01 9.197e-01 9.197e-01 9.197e-01 9.197e-01 9.197e-01 9.197e-01 9.197e-01 9.196e-01 9.196e-01 9.196e-01 9.195e-01 9.194e-01 9.192e-01 9.189e-01 9.185e-01 9.178e-01 9.167e-01 9.149e-01 9.122e-01 9.080e-01 9.014e-01 8.915e-01 8.767e-01 8.550e-01 8.246e-01 7.835e-01 7.307e-01 6.667e-01 5.931e-01 5.133e-01 4.315e-01 3.512e-01 2.760e-01 2.093e-01 1.541e-01 1.111e-01 7.889e-02 5.495e-02 3.753e-02 2.537e-02 1.712e-02 1.150e-02 7.634e-03 5.011e-03 3.273e-03
9.032e-01 9.032e-01 9.032e-01 9.032e-01 9.032e-01 9.032e-01 9.031e-01 9.031e-01 9.031e-01 9.031e-01 9.030e-01 9.030e-01 9.029e-01 9.027e-01 9.024e-01 9.020e-01 9.013e-01 9.002e-01 8.985e-01 8.958e-01 8.916e-01 8.852e-01 8.753e-01 8.606e-01 8.392e-01 8.090e-01 7.682e-01 7.160e-01 6.526e-01 5.799e-01 5.013e-01 4.208e-01 3.423e-01 2.690e-01 2.043e-01 1.509e-01 1.094e-01 7.810e-02 5.457e-02 3.731e-02 2.523e-02 1.702e-02 1.143e-02 7.593e-03 4.986e-03 3.258e-03
8.859e-01 8.859e-01 8.859e-01 8.859e-01 8.859e-01 8.859e-01 8.859e-01 8.859e-01 8.859e-01 8.859e-01 8.858e-01 8.857e-01 8.856e-01 8.855e-01 8.852e-01 8.848e-01 8.841e-01 8.830e-01 8.813e-01 8.786e-01 8.745e-01 8.681e-01 8.584e-01 8.438e-01 8.226e-01 7.926e-01 7.523e-01 7.006e-01 6.379e-01 5.662e-01 4.889e-01 4.100e-01 3.332e-01 2.619e-01 1.993e-01 1.478e-01 1.077e-01 7.724e-02 5.413e-02 3.705e-02 2.505e-02 1.691e-02 1.136e-02 7.542e-03 4.954e-03 3.239e-03
8.690e-01 8.690e-01 8.690e-01 8.690e-01 8.690e-01 8.690e-01 8.690e-01 8.690e-01 8.689e-01 8.689e-01 8.689e-01 8.688e-01 8.687e-01 8.685e-01 8.682e-01 8.678e-01 8.671e-01 8.661e-01 8.644e-01 8.618e-01 8.577e-01 8.513e-01 8.417e-01 8.272e-01 8.062e-01 7.765e-01 7.366e-01 6.856e-01 6.237e-01 5.531e-01 4.771e-01 3.998e-01 3.249e-01 2.555e-01 1.948e-01 1.449e-01 1.061e-01 7.634e-02 5.362e-02 3.674e-02 2.485e-02 1.677e-02 1.126e-02 7.481e-03 4.917e-03 3.216e-03
8.527e-01 8.527e-01 8.527e-01 8.527e-01 8.527e-01 8.527e-01 8.527e-01 8.526e-01 8.526e-01 8.526e-01 8.526e-01 8.525e-01 8.524e-01 8.522e-01 8.519e-01 8.515e-01 8.508e-01 8.498e-01 8.481e-01 8.455e-01 8.415e-01 8.352e-01 8.256e-01 8.113e-01 7.905e-01 7.612e-01 7.217e-01 6.713e-01 6.104e-01 5.410e-01 4.665e-01 3.908e-01 3.176e-01 2.499e-01 1.908e-01 1.423e-01 1.045e-01 7.538e-02 5.304e-02 3.639e-02 2.462e-02 1.661e-02 1.116e-02 7.413e-03 4.874e-03 3.190e-03
8.372e-01 8.372e-01 8.372e-01 8.372e-01 8.372e-01 8.372e-01 8.372e-01 8.372e-01 8.372e-01 8.371e-01 8.371e-01 8.370e-01 8.369e-01 8.368e-01 8.365e-01 8.361e-01 8.354e-01 8.344e-01 8.327e-01 8.301e-01 8.261e-01 8.199e-01 8.104e-01 7.963e-01 7.757e-01 7.467e-01 7.078e-01 6.582e-01 5.983e-01 5.301e-01 4.570e-01 3.830e-01 3.113e-01 2.451e-01 1.874e-01 1.400e-01 1.030e-01 7.440e-02 5.242e-02 3.600e-02 2.437e-02 1.645e-02 1.104e-02 7.339e-03 4.827e-03 3.161e-03
8.229e-01 8.229e-01 8.229e-01 8.229e-01 8.229e-01 8.229e-01 8.229e-01 8.229e-01 8.228e-01 8.228e-01 8.228e-01 8.227e-01 8.226e-01 8.224e-01 8.222e-01 8.218e-01 8.211e-01 8.201e-01 8.184e-01 8.159e-01 8.119e-01 8.058e-01 7.964e-01 7.825e-01 7.621e-01 7.335e-01 6.952e-01 6.463e-01 5.874e-01 5.205e-01 4.489e-01 3.762e-01 3.060e-01 2.411e-01 1.844e-01 1.379e-01 1.015e-01 7.340e-02 5.178e-02 3.560e-02 2.412e-02 1.628e-02 1.093e-02 7.263e-03 4.778e-03 3.129e-03
8.100e-01 8.100e-01 8.100e-01 8.100e-01 8.100e-01 8.100e-01 8.100e-01 8.099e-01 8.099e-01 8.099e-01 8.099e-01 8.098e-01 8.097e-01 8.095e-01 8.093e-01 8.089e-01 8.082e-01 8.072e-01 8.056e-01 8.030e-01 7.991e-01 7.930e-01 7.838e-01 7.700e-01 7.499e-01 7.217e-01 6.839e-01 6.357e-01 5.778e-01 5.120e-01 4.416e-01 3.703e-01 3.012e-01 2.374e-01 1.817e-01 1.359e-01 1.000e-01 7.241e-02 5.114e-02 3.521e-02 2.387e-02 1.611e-02 1.082e-02 7.189e-03 4.729e-03 3.097e-03
7.984e-01 7.984e-01 7.984e-01 7.984e-01 7.984e-01 7.984e-01 7.983e-01 7.983e-01 7.983e-01 7.983e-01 7.983e-01 7.982e-01 7.981e-01 7.979e-01 7.977e-01 7.973e-01 7.966e-01 7.956e-01 7.940e-01 7.915e-01 7.876e-01 7.816e-01 7.725e-01 7.588e-01 7.389e-01 7.110e-01 6.737e-01 6.262e-01 5.690e-01 5.042e-01 4.349e-01 3.646e-01 2.966e-01 2.337e-01 1.789e-01 1.338e-01 9.857e-02 7.140e-02 5.049e-02 3.481e-02 2.363e-02 1.595e-02 1.071e-02 7.115e-03 4.679e-03 3.064e-03
7.877e-01 7.877e-01 7.877e-01 7.877e-01 7.877e-01 7.877e-01 7.877e-01 7.877e-01 7.877e-01 7.877e-01 7.876e-01 7.876e-01 7.875e-01 7.873e-01 7.870e-01 7.866e-01 7.860e-01 7.850e-01 7.834e-01 7.809e-01 7.771e-01 7.711e-01 7.620e-01 7.485e-01 7.288e-01 7.012e-01 6.642e-01 6.171e-01 5.606e-01 4.966e-01 4.281e-01 3.588e-01 2.917e-01 2.299e-01 1.759e-01 1.317e-01 9.704e-02 7.036e-02 4.983e-02 3.442e-02 2.338e-02 1.578e-02 1.060e-02 7.040e-03 4.629e-03 3.031e-03
7.775e-01 7.775e-01 7.775e-01 7.775e-01 7.775e-01 7.775e-01 7.775e-01 7.775e-01 7.775e-01 7.774e-01 7.774e-01 7.773e-01 7.772e-01 7.771e-01 7.768e-01 7.764e-01 7.758e-01 7.748e-01 7.732e-01 7.707e-01 7.669e-01 7.610e-01 7.520e-01 7.385e-01 7.189e-01 6.915e-01 6.548e-01 6.081e-01 5.521e-01 4.887e-01 4.210e-01 3.525e-01 2.865e-01 2.257e-01 1.727e-01 1.294e-01 9.544e-02 6.927e-02 4.914e-02 3.399e-02 2.311e-02 1.561e-02 1.048e-02 6.959e-03 4.575e-03 2.995e-03
7.668e-01 7.668e-01 7.668e-01 7.668e-01 7.668e-01 7.668e-01 7.668e-01 7.668e-01 7.667e-01 7.667e-01 7.667e-01 7.666e-01 7.665e-01 7.664e-01 7.661e-01 7.657e-01 7.651e-01 7.641e-01 7.625e-01 7.601e-01 7.562e-01 7.504e-01 7.414e-01 7.280e-01 7.086e-01 6.813e-01 6.448e-01 5.985e-01 5.430e-01 4.801e-01 4.132e-01 3.457e-01 2.807e-01 2.210e-01 1.693e-01 1.269e-01 9.370e-02 6.807e-02 4.836e-02 3.352e-02 2.281e-02 1.541e-02 1.034e-02 6.869e-03 4.516e-03 2.956e-03
7.545e-01 7.545e-01 7.545e-01 7.545e-01 7.545e-01 7.545e-01 7.545e-01 7.545e-01 7.544e-01 7.544e-01 7.544e-01 7.543e-01 7.542e-01 7.540e-01 7.538e-01 7.534e-01 7.528e-01 7.518e-01 7.502e-01 7.478e-01 7.440e-01 7.382e-01 7.293e-01 7.160e-01 6.967e-01 6.697e-01 6.335e-01 5.876e-01 5.325e-01 4.704e-01 4.043e-01 3.378e-01 2.741e-01 2.158e-01 1.654e-01 1.241e-01 9.174e-02 6.672e-02 4.747e-02 3.295e-02 2.245e-02 1.517e-02 1.018e-02 6.765e-03 4.448e-03 2.912e-03
7.397e-01 7.397e-01 7.397e-01 7.397e-01 7.397e-01 7.397e-01 7.397e-01 7.397e-01 7.397e-01 7.396e-01 7.396e-01 7.395e-01 7.394e-01 7.393e-01 7.390e-01 7.386e-01 7.380e-01 7.370e-01 7.355e-01 7.331e-01 7.293e-01 7.236e-01 7.148e-01 7.016e-01 6.825e-01 6.558e-01 6.200e-01 5.746e-01 5.203e-01 4.591e-01 3.940e-01 3.288e-01 2.665e-01 2.098e-01 1.609e-01 1.210e-01 8.952e-02 6.516e-02 4.642e-02 3.227e-02 2.202e-02 1.489e-02 1.000e-02 6.645e-03 4.369e-03 2.861e-03
7.218e-01 7.218e-01 7.218e-01 7.218e-01 7.217e-01 7.217e-01 7.217e-01 7.217e-01 7.217e-01 7.217e-01 7.216e-01 7.216e-01 7.215e-01 7.213e-01 7.211e-01 7.207e-01 7.201e-01 7.191e-01 7.176e-01 7.152e-01 7.115e-01 7.059e-01 6.972e-01 6.842e-01 6.654e-01 6.391e-01 6.039e-01 5.593e-01 5.059e-01 4.458e-01 3.822e-01 3.185e-01 2.579e-01 2.031e-01 1.559e-01 1.174e-01 8.697e-02 6.335e-02 4.518e-02 3.147e-02 2.151e-02 1.457e-02 9.788e-03 6.506e-03 4.279e-03 2.802e-03
7.000e-01 7.000e-01 7.000e-01 7.000e-01 7.000e-01 7.000e-01 7.000e-01 6.999e-01 6.999e-01 6.999e-01 6.999e-01 6.998e-01 6.997e-01 6.996e-01 6.993e-01 6.989e-01 6.983e-01 6.974e-01 6.959e-01 6.936e-01 6.900e-01 6.844e-01 6.759e-01 6.633e-01 6.448e-01 6.191e-01 5.846e-01 5.411e-01 4.890e-01 4.305e-01 3.685e-01 3.068e-01 2.482e-01 1.955e-01 1.503e-01 1.133e-01 8.402e-02 6.124e-02 4.373e-02 3.052e-02 2.091e-02 1.418e-02 9.542e-03 6.347e-03 4.176e-03 2.734e-03
6.736e-01 6.736e-01 6.736e-01 6.736e-01 6.736e-01 6.736e-01 6.736e-01 6.735e-01 6.735e-01 6.735e-01 6.735e-01 6.734e-01 6.733e-01 6.732e-01 6.729e-01 6.726e-01 6.720e-01 6.711e-01 6.696e-01 6.674e-01 6.639e-01 6.585e-01 6.502e-01 6.380e-01 6.201e-01 5.951e-01 5.618e-01 5.196e-01 4.693e-01 4.127e-01 3.529e-01 2.934e-01 2.373e-01 1.869e-01 1.439e-01 1.086e-01 8.059e-02 5.875e-02 4.201e-02 2.939e-02 2.020e-02 1.373e-02 9.256e-03 6.164e-03 4.058e-03 2.658e-03
6.418e-01 6.418e-01 6.418e-01 6.418e-01 6.418e-01 6.418e-01 6.418e-01 6.417e-01 6.417e-01 6.417e-01 6.417e-01 6.416e-01 6.415e-01 6.414e-01 6.412e-01 6.408e-01 6.403e-01 6.394e-01 6.380e-01 6.358e-01 6.325e-01 6.273e-01 6.194e-01 6.077e-01 5.906e-01 5.667e-01 5.348e-01 4.945e-01 4.464e-01 3.924e-01 3.353e-01 2.785e-01 2.250e-01 1.773e-01 1.366e-01 1.032e-01 7.660e-02 5.585e-02 3.999e-02 2.806e-02 1.935e-02 1.320e-02 8.922e-03 5.953e-03 3.924e-03 2.570e-03
6.041e-01 6.041e-01 6.041e-01 6.041e-01 6.041e-01 6.041e-01 6.041e-01 6.041e-01 6.041e-01 6.041e-01 6.040e-01 6.040e-01 6.039e-01 6.038e-01 6.036e-01 6.032e-01 6.027e-01 6.019e-01 6.006e-01 5.985e-01 5.954e-01 5.905e-01 5.831e-01 5.720e-01 5.559e-01 5.334e-01 5.034e-01 4.656e-01 4.204e-01 3.696e-01 3.157e-01 2.621e-01 2.116e-01 1.668e-01 1.286e-01 9.717e-02 7.203e-02 5.250e-02 3.764e-02 2.649e-02 1.835e-02 1.257e-02 8.524e-03 5.704e-03 3.767e-03 2.468e-03
5.608e-01 5.608e-01 5.608e-01 5.608e-01 5.608e-01 5.608e-01 5.608e-01 5.608e-01 5.608e-01 5.607e-01 5.607e-01 5.607e-01 5.606e-01 5.605e-01 5.603e-01 5.600e-01 5.595e-01 5.587e-01 5.575e-01 5.556e-01 5.527e-01 5.482e-01 5.413e-01 5.311e-01 5.163e-01 4.955e-01 4.679e-01 4.331e-01 3.916e-01 3.447e-01 2.946e-01 2.445e-01 1.974e-01 1.555e-01 1.198e-01 9.044e-02 6.690e-02 4.869e-02 3.494e-02 2.467e-02 1.716e-02 1.181e-02 8.043e-03 5.404e-03 3.579e-03 2.348e-03
5.130e-01 5.130e-01 5.130e-01 5.130e-01 5.130e-01 5.130e-01 5.130e-01 5.130e-01 5.130e-01 5.130e-01 5.129e-01 5.129e-01 5.128e-01 5.127e-01 5.125e-01 5.123e-01 5.118e-01 5.111e-01 5.100e-01 5.083e-01 5.057e-01 5.016e-01 4.954e-01 4.861e-01 4.727e-01 4.540e-01 4.292e-01 3.979e-01 3.606e-01 3.181e-01 2.725e-01 2.263e-01 1.825e-01 1.436e-01 1.105e-01 8.315e-02 6.126e-02 4.445e-02 3.189e-02 2.258e-02 1.577e-02 1.091e-02 7.468e-03 5.042e-03 3.352e-03 2.203e-03
4.633e-01 4.633e-01 4.633e-01 4.633e-01 4.633e-01 4.633e-01 4.633e-01 4.633e-01 4.632e-01 4.632e-01 4.632e-01 4.632e-01 4.631e-01 4.630e-01 4.629e-01 4.626e-01 4.622e-01 4.616e-01 4.606e-01 4.591e-01 4.567e-01 4.531e-01 4.475e-01 4.393e-01 4.273e-01 4.107e-01 3.887e-01 3.611e-01 3.281e-01 2.904e-01 2.494e-01 2.073e-01 1.671e-01 1.312e-01 1.007e-01 7.537e-02 5.519e-02 3.984e-02 2.854e-02 2.024e-02 1.419e-02 9.866e-03 6.794e-03 4.612e-03 3.079e-03 2.028e-03
4.144e-01 4.144e-01 4.144e-01 4.144e-01 4.144e-01 4.144e-01 4.144e-01 4.144e-01 4.144e-01 4.144e-01 4.144e-01 4.143e-01 4.143e-01 4.142e-01 4.141e-01 4.138e-01 4.135e-01 4.129e-01 4.121e-01 4.107e-01 4.086e-01 4.053e-01 4.004e-01 3.930e-01 3.824e-01 3.677e-01 3.483e-01 3.240e-01 2.951e-01 2.619e-01 2.254e-01 1.875e-01 1.510e-01 1.182e-01 9.026e-02 6.715e-02 4.880e-02 3.499e-02 2.497e-02 1.771e-02 1.246e-02 8.700e-03 6.025e-03 4.114e-03 2.759e-03 1.821e-03
3.672e-01 3.672e-01 3.672e-01 3.672e-01 3.671e-01 3.671e-01 3.671e-01 3.671e-01 3.671e-01 3.671e-01 3.671e-01 3.671e-01 3.670e-01 3.669e-01 3.668e-01 3.666e-01 3.663e-01 3.658e-01 3.650e-01 3.638e-01 3.619e-01 3.590e-01 3.545e-01 3.479e-01 3.384e-01 3.253e-01 3.081e-01 2.867e-01 2.612e-01 2.321e-01 1.999e-01 1.662e-01 1.336e-01 1.043e-01 7.918e-02 5.851e-02 4.218e-02 3.001e-02 2.130e-02 1.508e-02 1.062e-02 7.439e-03 5.179e-03 3.556e-03 2.396e-03 1.586e-03
3.182e-01 3.182e-01 3.182e-01 3.182e-01 3.182e-01 3.182e-01 3.182e-01 3.182e-01 3.182e-01 3.182e-01 3.182e-01 3.182e-01 3.181e-01 3.180e-01 3.179e-01 3.178e-01 3.175e-01 3.170e-01 3.163e-01 3.153e-01 3.136e-01 3.110e-01 3.071e-01 3.012e-01 2.928e-01 2.813e-01 2.662e-01 2.474e-01 2.253e-01 2.000e-01 1.721e-01 1.429e-01 1.146e-01 8.915e-02 6.741e-02 4.952e-02 3.545e-02 2.505e-02 1.767e-02 1.246e-02 8.763e-03 6.148e-03 4.296e-03 2.965e-03 2.006e-03 1.332e-03
2.633e-01 2.633e-01 2.633e-01 2.633e-01 2.633e-01 2.633e-01 2.633e-01 2.633e-01 2.633e-01 2.632e-01 2.632e-01 2.632e-01 2.632e-01 2.631e-01 2.630e-01 2.629e-01 2.626e-01 2.623e-01 2.617e-01 2.608e-01 2.593e-01 2.572e-01 2.538e-01 2.489e-01 2.418e-01 2.321e-01 2.194e-01 2.037e-01 1.853e-01 1.643e-01 1.413e-01 1.172e-01 9.390e-02 7.290e-02 5.500e-02 4.028e-02 2.873e-02 2.020e-02 1.418e-02 9.964e-03 6.989e-03 4.902e-03 3.432e-03 2.376e-03 1.613e-03 1.073e-03
2.009e-01 2.009e-01 2.009e-01 2.009e-01 2.009e-01 2.009e-01 2.009e-01 2.009e-01 2.009e-01 2.009e-01 2.009e-01 2.009e-01 2.008e-01 2.008e-01 2.007e-01 2.006e-01 2.004e-01 2.001e-01 1.997e-01 1.990e-01 1.979e-01 1.962e-01 1.936e-01 1.898e-01 1.843e-01 1.768e-01 1.671e-01 1.550e-01 1.409e-01 1.250e-01 1.075e-01 8.932e-02 7.166e-02 5.573e-02 4.212e-02 3.089e-02 2.204e-02 1.550e-02 1.088e-02 7.633e-03 5.351e-03 3.754e-03 2.632e-03 1.825e-03 1.240e-03 8.246e-04
1.350e-01 1.350e-01 1.350e-01 1.350e-01 1.350e-01 1.350e-01 1.350e-01 1.350e-01 1.350e-01 1.350e-01 1.350e-01 1.350e-01 1.350e-01 1.349e-01 1.349e-01 1.348e-01 1.347e-01 1.345e-01 1.342e-01 1.337e-01 1.330e-01 1.318e-01 1.301e-01 1.275e-01 1.238e-01 1.188e-01 1.122e-01 1.042e-01 9.484e-02 8.430e-02 7.280e-02 6.082e-02 4.913e-02 3.851e-02 2.934e-02 2.168e-02 1.558e-02 1.103e-02 7.781e-03 5.489e-03 3.866e-03 2.723e-03 1.915e-03 1.330e-03 9.031e-04 5.977e-04
7.509e-02 7.509e-02 7.509e-02 7.509e-02 7.509e-02 7.509e-02 7.509e-02 7.509e-02 7.509e-02 7.509e-02 7.508e-02 7.508e-02 7.506e-02 7.505e-02 7.502e-02 7.498e-02 7.491e-02 7.480e-02 7.464e-02 7.438e-02 7.397e-02 7.335e-02 7.240e-02 7.100e-02 6.899e-02 6.624e-02 6.268e-02 5.836e-02 5.336e-02 4.777e-02 4.168e-02 3.530e-02 2.899e-02 2.314e-02 1.794e-02 1.348e-02 9.838e-03 7.068e-03 5.058e-03 3.612e-03 2.573e-03 1.830e-03 1.295e-03 9.015e-04 6.111e-04 4.011e-04
3.254e-02 3.254e-02 3.254e-02 3.254e-02 3.254e-02 3.254e-02 3.254e-02 3.254e-02 3.254e-02 3.254e-02 3.254e-02 3.253e-02 3.253e-02 3.252e-02 3.251e-02 3.249e-02 3.247e-02 3.242e-02 3.236e-02 3.225e-02 3.209e-02 3.184e-02 3.145e-02 3.089e-02 3.008e-02 2.898e-02 2.756e-02 2.585e-02 2.391e-02 2.175e-02 1.940e-02 1.689e-02 1.433e-02 1.182e-02 9.450e-03 7.299e-03 5.465e-03 4.017e-03 2.933e-03 2.131e-03 1.541e-03 1.110e-03 7.912e-04 5.526e-04 3.734e-04 2.421e-04
1.101e-02 1.101e-02 1.101e-02 1.101e-02 1.101e-02 1.101e-02 1.101e-02 1.101e-02 1.101e-02 1.101e-02 1.101e-02 1.101e-02 1.101e-02 1.100e-02 1.100e-02 1.100e-02 1.099e-02 1.098e-02 1.096e-02 1.093e-02 1.089e-02 1.082e-02 1.071e-02 1.056e-02 1.034e-02 1.005e-02 9.669e-03 9.220e-03 8.714e-03 8.159e-03 7.542e-03 6.849e-03 6.078e-03 5.238e-03 4.354e-03 3.474e-03 2.672e-03 2.010e-03 1.495e-03 1.103e-03 8.074e-04 5.864e-04 4.202e-04 2.936e-04 1.973e-04 1.261e-04
3.251e-03 3.251e-03 3.251e-03 3.251e-03 3.251e-03 3.251e-03 3.251e-03 3.251e-03 3.251e-03 3.251e-03 3.251e-03 3.251e-03 3.251e-03 3.250e-03 3.250e-03 3.249e-03 3.248e-03 3.246e-03 3.243e-03 3.238e-03 3.231e-03 3.219e-03 3.202e-03 3.176e-03 3.139e-03 3.088e-03 3.023e-03 2.945e-03 2.855e-03 2.751e-03 2.626e-03 2.469e-03 2.268e-03 2.017e-03 1.721e-03 1.402e-03 1.096e-03 8.349e-04 6.269e-04 4.655e-04 3.422e-04 2.491e-04 1.785e-04 1.244e-04 8.302e-05 5.234e-05
8.017e-04 8.017e-04 8.017e-04 8.017e-04 8.017e-04 8.017e-04 8.017e-04 8.017e-04 8.017e-04 8.016e-04 8.016e-04 8.016e-04 8.016e-04 8.016e-04 8.015e-04 8.015e-04 8.013e-04 8.011e-04 8.008e-04 8.004e-04 7.997e-04 7.985e-04 7.968e-04 7.942e-04 7.903e-04 7.849e-04 7.774e-04 7.675e-04 7.545e-04 7.370e-04 7.126e-04 6.781e-04 6.301e-04 5.661e-04 4.871e-04 3.993e-04 3.135e-04 2.396e-04 1.803e-04 1.340e-04 9.855e-05 7.169e-05 5.129e-05 3.564e-05 2.368e-05 1.479e-05
1.139e-04 1.139e-04 1.139e-04 1.139e-04 1.139e-04 1.139e-04 1.139e-04 1.139e-04 1.139e-04 1.139e-04 1.139e-04 1.139e-04 1.139e-04 1.139e-04 1.139e-04 1.139e-04 1.138e-04 1.138e-04 1.138e-04 1.138e-04 1.137e-04 1.137e-04 1.136e-04 1.134e-04 1.131e-04 1.127e-04 1.121e-04 1.111e-04 1.097e-04 1.075e-04 1.042e-04 9.937e-05 9.249e-05 8.322e-05 7.166e-05 5.877e-05 4.618e-05 3.531e-05 2.660e-05 1.980e-05 1.456e-05 1.059e-05 7.573e-06 5.257e-06 3.485e-06 2.168e-06
5.616e-06 5.616e-06 5.616e-06 5.616e-06 5.616e-06 5.616e-06 5.616e-06 5.616e-06 5.616e-06 5.616e-06 5.616e-06 5.616e-06 5.616e-06 5.616e-06 5.616e-06 5.616e-06 5.616e-06 5.615e-06 5.615e-06 5.613e-06 5.612e-06 5.609e-06 5.604e-06 5.597e-06 5.585e-06 5.567e-06 5.539e-06 5.495e-06 5.426e-06 5.320e-06 5.159e-06 4.920e-06 4.579e-06 4.119e-06 3.546e-06 2.908e-06 2.285e-06 1.749e-06 1.320e-06 9.835e-07 7.242e-07 5.271e-07 3.770e-07 2.617e-07 1.734e-07 1.077e-07
4.889e-08 4.889e-08 4.889e-08 4.889e-08 4.889e-08 4.889e-08 4.889e-08 4.889e-08 4.889e-08 4.889e-08 4.889e-08 4.889e-08 4.889e-08 4.889e-08 4.889e-08 4.889e-08 4.889e-08 4.888e-08 4.888e-08 4.887e-08 4.885e-08 4.883e-08 4.879e-08 4.872e-08 4.862e-08 4.847e-08 4.822e-08 4.784e-08 4.724e-08 4.631e-08 4.491e-08 4.282e-08 3.985e-08 3.584e-08 3.085e-08 2.529e-08 1.988e-08 1.523e-08 1.151e-08 8.589e-09 6.331e-09 4.610e-09 3.298e-09 2.289e-09 1.516e-09 9.416e-10
