b(14N2,H2,H) (km/s)     = 0.17 3 5
Tex(14N2,14N15N,H2) (K) = 50 50 50
N(H)         (cm-2)     = 1.000e+20
[14N2]/[14N15N]         = 225
n[N(14N2)]   (cols)     = 46
n[N(H2)]     (rows)     = 46
N(14N2)
1.000e+10
1.585e+10
2.512e+10
3.981e+10
6.310e+10
1.000e+11
1.585e+11
2.512e+11
3.981e+11
6.310e+11
1.000e+12
1.585e+12
2.512e+12
3.981e+12
6.310e+12
1.000e+13
1.585e+13
2.512e+13
3.981e+13
6.310e+13
1.000e+14
1.585e+14
2.512e+14
3.981e+14
6.310e+14
1.000e+15
1.585e+15
2.512e+15
3.981e+15
6.310e+15
1.000e+16
1.585e+16
2.512e+16
3.981e+16
6.310e+16
1.000e+17
1.585e+17
2.512e+17
3.981e+17
6.310e+17
1.000e+18
1.585e+18
2.512e+18
3.981e+18
6.310e+18
1.000e+19
N(H2)
1.000e+14
1.585e+14
2.512e+14
3.981e+14
6.310e+14
1.000e+15
1.585e+15
2.512e+15
3.981e+15
6.310e+15
1.000e+16
1.585e+16
2.512e+16
3.981e+16
6.310e+16
1.000e+17
1.585e+17
2.512e+17
3.981e+17
6.310e+17
1.000e+18
1.585e+18
2.512e+18
3.981e+18
6.310e+18
1.000e+19
1.585e+19
2.512e+19
3.981e+19
6.310e+19
1.000e+20
1.585e+20
2.512e+20
3.981e+20
6.310e+20
1.000e+21
1.585e+21
2.512e+21
3.981e+21
6.310e+21
1.000e+22
1.585e+22
2.512e+22
3.981e+22
6.310e+22
1.000e+23
14N2
9.308e-01 9.307e-01 9.307e-01 9.306e-01 9.304e-01 9.302e-01 9.298e-01 9.292e-01 9.283e-01 9.268e-01 9.245e-01 9.208e-01 9.152e-01 9.067e-01 8.938e-01 8.750e-01 8.480e-01 8.106e-01 7.608e-01 6.979e-01 6.235e-01 5.421e-01 4.586e-01 3.770e-01 2.997e-01 2.289e-01 1.683e-01 1.207e-01 8.607e-02 6.182e-02 4.485e-02 3.288e-02 2.428e-02 1.793e-02 1.321e-02 9.687e-03 7.060e-03 5.108e-03 3.687e-03 2.680e-03 1.973e-03 1.467e-03 1.094e-03 8.131e-04 5.960e-04 4.251e-04
9.299e-01 9.298e-01 9.298e-01 9.297e-01 9.295e-01 9.293e-01 9.289e-01 9.283e-01 9.274e-01 9.259e-01 9.236e-01 9.199e-01 9.143e-01 9.058e-01 8.929e-01 8.741e-01 8.471e-01 8.098e-01 7.600e-01 6.971e-01 6.229e-01 5.415e-01 4.581e-01 3.766e-01 2.993e-01 2.286e-01 1.681e-01 1.205e-01 8.591e-02 6.168e-02 4.474e-02 3.280e-02 2.422e-02 1.790e-02 1.319e-02 9.676e-03 7.052e-03 5.103e-03 3.683e-03 2.677e-03 1.970e-03 1.465e-03 1.094e-03 8.126e-04 5.957e-04 4.249e-04
9.287e-01 9.287e-01 9.287e-01 9.286e-01 9.284e-01 9.282e-01 9.278e-01 9.272e-01 9.263e-01 9.248e-01 9.225e-01 9.188e-01 9.132e-01 9.047e-01 8.919e-01 8.730e-01 8.461e-01 8.088e-01 7.591e-01 6.962e-01 6.220e-01 5.407e-01 4.574e-01 3.761e-01 2.989e-01 2.283e-01 1.678e-01 1.202e-01 8.570e-02 6.151e-02 4.460e-02 3.270e-02 2.415e-02 1.786e-02 1.317e-02 9.662e-03 7.043e-03 5.096e-03 3.678e-03 2.674e-03 1.968e-03 1.464e-03 1.093e-03 8.121e-04 5.953e-04 4.247e-04
9.275e-01 9.275e-01 9.274e-01 9.273e-01 9.272e-01 9.269e-01 9.266e-01 9.260e-01 9.250e-01 9.236e-01 9.212e-01 9.176e-01 9.120e-01 9.035e-01 8.906e-01 8.718e-01 8.449e-01 8.076e-01 7.579e-01 6.952e-01 6.210e-01 5.398e-01 4.567e-01 3.754e-01 2.983e-01 2.278e-01 1.674e-01 1.199e-01 8.545e-02 6.131e-02 4.445e-02 3.258e-02 2.407e-02 1.781e-02 1.314e-02 9.646e-03 7.033e-03 5.089e-03 3.673e-03 2.670e-03 1.966e-03 1.462e-03 1.092e-03 8.115e-04 5.949e-04 4.244e-04
9.263e-01 9.262e-01 9.262e-01 9.261e-01 9.259e-01 9.257e-01 9.253e-01 9.247e-01 9.238e-01 9.223e-01 9.200e-01 9.164e-01 9.108e-01 9.022e-01 8.894e-01 8.706e-01 8.437e-01 8.064e-01 7.568e-01 6.940e-01 6.200e-01 5.389e-01 4.558e-01 3.747e-01 2.977e-01 2.273e-01 1.670e-01 1.196e-01 8.519e-02 6.110e-02 4.428e-02 3.246e-02 2.399e-02 1.776e-02 1.311e-02 9.627e-03 7.020e-03 5.081e-03 3.667e-03 2.666e-03 1.963e-03 1.460e-03 1.090e-03 8.108e-04 5.945e-04 4.242e-04
9.251e-01 9.250e-01 9.250e-01 9.249e-01 9.247e-01 9.245e-01 9.241e-01 9.235e-01 9.226e-01 9.211e-01 9.188e-01 9.152e-01 9.096e-01 9.010e-01 8.882e-01 8.694e-01 8.425e-01 8.053e-01 7.556e-01 6.929e-01 6.189e-01 5.379e-01 4.549e-01 3.739e-01 2.970e-01 2.268e-01 1.665e-01 1.192e-01 8.491e-02 6.089e-02 4.412e-02 3.234e-02 2.390e-02 1.770e-02 1.307e-02 9.606e-03 7.006e-03 5.071e-03 3.660e-03 2.661e-03 1.959e-03 1.458e-03 1.089e-03 8.100e-04 5.940e-04 4.239e-04
9.239e-01 9.239e-01 9.238e-01 9.237e-01 9.236e-01 9.233e-01 9.230e-01 9.224e-01 9.214e-01 9.200e-01 9.176e-01 9.140e-01 9.084e-01 8.999e-01 8.871e-01 8.683e-01 8.414e-01 8.042e-01 7.546e-01 6.919e-01 6.179e-01 5.369e-01 4.540e-01 3.731e-01 2.964e-01 2.262e-01 1.661e-01 1.189e-01 8.464e-02 6.068e-02 4.396e-02 3.222e-02 2.382e-02 1.765e-02 1.304e-02 9.584e-03 6.992e-03 5.061e-03 3.653e-03 2.656e-03 1.956e-03 1.456e-03 1.088e-03 8.091e-04 5.935e-04 4.235e-04
9.229e-01 9.229e-01 9.228e-01 9.228e-01 9.226e-01 9.224e-01 9.220e-01 9.214e-01 9.205e-01 9.190e-01 9.167e-01 9.130e-01 9.075e-01 8.989e-01 8.861e-01 8.673e-01 8.404e-01 8.032e-01 7.536e-01 6.910e-01 6.170e-01 5.361e-01 4.532e-01 3.724e-01 2.958e-01 2.257e-01 1.657e-01 1.186e-01 8.439e-02 6.048e-02 4.381e-02 3.211e-02 2.375e-02 1.760e-02 1.301e-02 9.562e-03 6.977e-03 5.051e-03 3.646e-03 2.651e-03 1.953e-03 1.454e-03 1.086e-03 8.081e-04 5.929e-04 4.232e-04
9.221e-01 9.220e-01 9.220e-01 9.219e-01 9.217e-01 9.215e-01 9.211e-01 9.205e-01 9.196e-01 9.181e-01 9.158e-01 9.122e-01 9.066e-01 8.981e-01 8.853e-01 8.665e-01 8.396e-01 8.024e-01 7.528e-01 6.902e-01 6.162e-01 5.353e-01 4.526e-01 3.718e-01 2.952e-01 2.252e-01 1.653e-01 1.183e-01 8.416e-02 6.031e-02 4.368e-02 3.201e-02 2.367e-02 1.755e-02 1.298e-02 9.541e-03 6.962e-03 5.041e-03 3.639e-03 2.646e-03 1.949e-03 1.451e-03 1.085e-03 8.072e-04 5.923e-04 4.228e-04
9.212e-01 9.212e-01 9.211e-01 9.210e-01 9.209e-01 9.206e-01 9.203e-01 9.197e-01 9.187e-01 9.172e-01 9.149e-01 9.113e-01 9.057e-01 8.972e-01 8.844e-01 8.656e-01 8.387e-01 8.015e-01 7.520e-01 6.894e-01 6.155e-01 5.346e-01 4.519e-01 3.712e-01 2.947e-01 2.248e-01 1.649e-01 1.180e-01 8.395e-02 6.014e-02 4.355e-02 3.192e-02 2.361e-02 1.751e-02 1.295e-02 9.521e-03 6.949e-03 5.032e-03 3.633e-03 2.642e-03 1.946e-03 1.449e-03 1.083e-03 8.062e-04 5.917e-04 4.225e-04
9.202e-01 9.202e-01 9.201e-01 9.200e-01 9.199e-01 9.196e-01 9.192e-01 9.187e-01 9.177e-01 9.162e-01 9.139e-01 9.103e-01 9.047e-01 8.962e-01 8.834e-01 8.646e-01 8.378e-01 8.006e-01 7.510e-01 6.884e-01 6.146e-01 5.338e-01 4.512e-01 3.706e-01 2.942e-01 2.244e-01 1.646e-01 1.177e-01 8.375e-02 5.999e-02 4.344e-02 3.184e-02 2.355e-02 1.747e-02 1.292e-02 9.503e-03 6.937e-03 5.023e-03 3.627e-03 2.637e-03 1.943e-03 1.447e-03 1.082e-03 8.053e-04 5.912e-04 4.221e-04
9.190e-01 9.189e-01 9.189e-01 9.188e-01 9.186e-01 9.184e-01 9.180e-01 9.174e-01 9.165e-01 9.150e-01 9.127e-01 9.091e-01 9.035e-01 8.950e-01 8.822e-01 8.634e-01 8.366e-01 7.994e-01 7.499e-01 6.873e-01 6.136e-01 5.328e-01 4.503e-01 3.698e-01 2.936e-01 2.239e-01 1.643e-01 1.175e-01 8.355e-02 5.985e-02 4.333e-02 3.176e-02 2.350e-02 1.743e-02 1.290e-02 9.487e-03 6.926e-03 5.015e-03 3.621e-03 2.633e-03 1.940e-03 1.445e-03 1.080e-03 8.045e-04 5.907e-04 4.218e-04
9.175e-01 9.174e-01 9.174e-01 9.173e-01 9.171e-01 9.169e-01 9.165e-01 9.159e-01 9.150e-01 9.135e-01 9.112e-01 9.076e-01 9.020e-01 8.935e-01 8.807e-01 8.619e-01 8.351e-01 7.979e-01 7.485e-01 6.860e-01 6.123e-01 5.317e-01 4.493e-01 3.690e-01 2.930e-01 2.234e-01 1.639e-01 1.172e-01 8.335e-02 5.970e-02 4.322e-02 3.168e-02 2.344e-02 1.739e-02 1.287e-02 9.471e-03 6.914e-03 5.007e-03 3.615e-03 2.629e-03 1.937e-03 1.443e-03 1.079e-03 8.037e-04 5.902e-04 4.215e-04
9.156e-01 9.156e-01 9.155e-01 9.154e-01 9.153e-01 9.150e-01 9.147e-01 9.141e-01 9.131e-01 9.117e-01 9.093e-01 9.057e-01 9.002e-01 8.916e-01 8.789e-01 8.601e-01 8.333e-01 7.962e-01 7.468e-01 6.844e-01 6.108e-01 5.304e-01 4.482e-01 3.681e-01 2.922e-01 2.229e-01 1.635e-01 1.169e-01 8.314e-02 5.955e-02 4.311e-02 3.160e-02 2.338e-02 1.736e-02 1.285e-02 9.454e-03 6.902e-03 4.999e-03 3.609e-03 2.624e-03 1.933e-03 1.440e-03 1.078e-03 8.028e-04 5.896e-04 4.211e-04
9.134e-01 9.134e-01 9.133e-01 9.132e-01 9.131e-01 9.128e-01 9.124e-01 9.119e-01 9.109e-01 9.094e-01 9.071e-01 9.035e-01 8.980e-01 8.895e-01 8.767e-01 8.580e-01 8.312e-01 7.941e-01 7.448e-01 6.825e-01 6.091e-01 5.288e-01 4.469e-01 3.671e-01 2.914e-01 2.223e-01 1.631e-01 1.166e-01 8.291e-02 5.937e-02 4.298e-02 3.150e-02 2.332e-02 1.731e-02 1.282e-02 9.435e-03 6.889e-03 4.989e-03 3.602e-03 2.619e-03 1.930e-03 1.438e-03 1.076e-03 8.019e-04 5.890e-04 4.207e-04
9.107e-01 9.107e-01 9.107e-01 9.106e-01 9.104e-01 9.102e-01 9.098e-01 9.092e-01 9.083e-01 9.068e-01 9.045e-01 9.009e-01 8.953e-01 8.868e-01 8.741e-01 8.554e-01 8.287e-01 7.917e-01 7.424e-01 6.803e-01 6.070e-01 5.270e-01 4.454e-01 3.658e-01 2.905e-01 2.216e-01 1.625e-01 1.162e-01 8.262e-02 5.916e-02 4.282e-02 3.140e-02 2.325e-02 1.727e-02 1.279e-02 9.414e-03 6.874e-03 4.978e-03 3.594e-03 2.613e-03 1.926e-03 1.435e-03 1.074e-03 8.008e-04 5.884e-04 4.203e-04
9.075e-01 9.075e-01 9.074e-01 9.073e-01 9.072e-01 9.069e-01 9.066e-01 9.060e-01 9.050e-01 9.036e-01 9.013e-01 8.977e-01 8.921e-01 8.836e-01 8.709e-01 8.523e-01 8.256e-01 7.887e-01 7.395e-01 6.776e-01 6.046e-01 5.249e-01 4.436e-01 3.644e-01 2.894e-01 2.207e-01 1.619e-01 1.157e-01 8.226e-02 5.889e-02 4.263e-02 3.126e-02 2.316e-02 1.721e-02 1.275e-02 9.389e-03 6.856e-03 4.965e-03 3.584e-03 2.606e-03 1.921e-03 1.432e-03 1.072e-03 7.995e-04 5.875e-04 4.197e-04
9.035e-01 9.035e-01 9.034e-01 9.033e-01 9.032e-01 9.030e-01 9.026e-01 9.020e-01 9.011e-01 8.996e-01 8.973e-01 8.937e-01 8.882e-01 8.797e-01 8.670e-01 8.484e-01 8.218e-01 7.850e-01 7.360e-01 6.742e-01 6.015e-01 5.222e-01 4.413e-01 3.626e-01 2.879e-01 2.196e-01 1.611e-01 1.151e-01 8.180e-02 5.855e-02 4.239e-02 3.109e-02 2.304e-02 1.713e-02 1.270e-02 9.357e-03 6.834e-03 4.948e-03 3.572e-03 2.597e-03 1.914e-03 1.428e-03 1.070e-03 7.977e-04 5.864e-04 4.190e-04
8.985e-01 8.985e-01 8.984e-01 8.983e-01 8.982e-01 8.979e-01 8.976e-01 8.970e-01 8.961e-01 8.946e-01 8.923e-01 8.887e-01 8.832e-01 8.748e-01 8.621e-01 8.435e-01 8.170e-01 7.803e-01 7.315e-01 6.701e-01 5.977e-01 5.189e-01 4.385e-01 3.603e-01 2.861e-01 2.182e-01 1.600e-01 1.143e-01 8.119e-02 5.811e-02 4.208e-02 3.088e-02 2.290e-02 1.704e-02 1.264e-02 9.315e-03 6.804e-03 4.927e-03 3.556e-03 2.585e-03 1.906e-03 1.422e-03 1.066e-03 7.954e-04 5.849e-04 4.180e-04
8.922e-01 8.922e-01 8.921e-01 8.920e-01 8.919e-01 8.916e-01 8.913e-01 8.907e-01 8.897e-01 8.883e-01 8.860e-01 8.824e-01 8.769e-01 8.685e-01 8.559e-01 8.374e-01 8.110e-01 7.745e-01 7.259e-01 6.648e-01 5.929e-01 5.146e-01 4.349e-01 3.573e-01 2.838e-01 2.164e-01 1.586e-01 1.132e-01 8.041e-02 5.754e-02 4.167e-02 3.059e-02 2.271e-02 1.691e-02 1.256e-02 9.261e-03 6.766e-03 4.898e-03 3.535e-03 2.570e-03 1.895e-03 1.415e-03 1.061e-03 7.924e-04 5.829e-04 4.167e-04
8.843e-01 8.843e-01 8.842e-01 8.841e-01 8.840e-01 8.838e-01 8.834e-01 8.828e-01 8.819e-01 8.804e-01 8.781e-01 8.746e-01 8.691e-01 8.607e-01 8.482e-01 8.298e-01 8.035e-01 7.672e-01 7.190e-01 6.582e-01 5.869e-01 5.093e-01 4.304e-01 3.536e-01 2.808e-01 2.140e-01 1.568e-01 1.119e-01 7.940e-02 5.680e-02 4.113e-02 3.022e-02 2.245e-02 1.674e-02 1.245e-02 9.188e-03 6.715e-03 4.861e-03 3.508e-03 2.551e-03 1.882e-03 1.406e-03 1.055e-03 7.885e-04 5.803e-04 4.150e-04
8.746e-01 8.746e-01 8.745e-01 8.744e-01 8.743e-01 8.741e-01 8.737e-01 8.731e-01 8.722e-01 8.707e-01 8.685e-01 8.649e-01 8.595e-01 8.512e-01 8.387e-01 8.204e-01 7.943e-01 7.582e-01 7.103e-01 6.501e-01 5.795e-01 5.027e-01 4.246e-01 3.488e-01 2.769e-01 2.110e-01 1.545e-01 1.102e-01 7.812e-02 5.585e-02 4.045e-02 2.974e-02 2.212e-02 1.652e-02 1.231e-02 9.092e-03 6.648e-03 4.814e-03 3.473e-03 2.526e-03 1.865e-03 1.394e-03 1.048e-03 7.836e-04 5.771e-04 4.128e-04
8.625e-01 8.625e-01 8.624e-01 8.623e-01 8.622e-01 8.619e-01 8.616e-01 8.610e-01 8.601e-01 8.586e-01 8.564e-01 8.529e-01 8.475e-01 8.392e-01 8.268e-01 8.086e-01 7.827e-01 7.470e-01 6.995e-01 6.399e-01 5.701e-01 4.942e-01 4.173e-01 3.426e-01 2.719e-01 2.071e-01 1.515e-01 1.080e-01 7.650e-02 5.466e-02 3.959e-02 2.913e-02 2.170e-02 1.624e-02 1.212e-02 8.967e-03 6.563e-03 4.753e-03 3.429e-03 2.495e-03 1.843e-03 1.380e-03 1.038e-03 7.774e-04 5.730e-04 4.101e-04
8.467e-01 8.467e-01 8.466e-01 8.465e-01 8.464e-01 8.461e-01 8.458e-01 8.452e-01 8.443e-01 8.429e-01 8.406e-01 8.372e-01 8.318e-01 8.236e-01 8.113e-01 7.933e-01 7.677e-01 7.323e-01 6.854e-01 6.266e-01 5.578e-01 4.832e-01 4.077e-01 3.345e-01 2.653e-01 2.020e-01 1.477e-01 1.052e-01 7.450e-02 5.321e-02 3.854e-02 2.838e-02 2.118e-02 1.588e-02 1.188e-02 8.809e-03 6.455e-03 4.677e-03 3.376e-03 2.457e-03 1.817e-03 1.362e-03 1.027e-03 7.698e-04 5.678e-04 4.066e-04
8.254e-01 8.254e-01 8.253e-01 8.252e-01 8.251e-01 8.249e-01 8.245e-01 8.239e-01 8.230e-01 8.216e-01 8.194e-01 8.160e-01 8.107e-01 8.026e-01 7.904e-01 7.727e-01 7.474e-01 7.126e-01 6.665e-01 6.088e-01 5.414e-01 4.685e-01 3.949e-01 3.238e-01 2.567e-01 1.954e-01 1.429e-01 1.018e-01 7.205e-02 5.146e-02 3.729e-02 2.749e-02 2.055e-02 1.544e-02 1.158e-02 8.612e-03 6.322e-03 4.585e-03 3.311e-03 2.411e-03 1.785e-03 1.341e-03 1.013e-03 7.605e-04 5.616e-04 4.024e-04
7.966e-01 7.966e-01 7.965e-01 7.964e-01 7.963e-01 7.960e-01 7.957e-01 7.951e-01 7.943e-01 7.929e-01 7.907e-01 7.873e-01 7.821e-01 7.742e-01 7.623e-01 7.449e-01 7.201e-01 6.861e-01 6.411e-01 5.849e-01 5.195e-01 4.490e-01 3.780e-01 3.097e-01 2.455e-01 1.869e-01 1.368e-01 9.754e-02 6.911e-02 4.939e-02 3.583e-02 2.644e-02 1.980e-02 1.492e-02 1.122e-02 8.369e-03 6.158e-03 4.472e-03 3.233e-03 2.357e-03 1.748e-03 1.316e-03 9.960e-04 7.492e-04 5.539e-04 3.971e-04
7.583e-01 7.583e-01 7.582e-01 7.581e-01 7.580e-01 7.578e-01 7.574e-01 7.569e-01 7.560e-01 7.547e-01 7.526e-01 7.493e-01 7.442e-01 7.364e-01 7.249e-01 7.080e-01 6.840e-01 6.510e-01 6.077e-01 5.536e-01 4.909e-01 4.236e-01 3.563e-01 2.917e-01 2.312e-01 1.763e-01 1.293e-01 9.247e-02 6.567e-02 4.700e-02 3.413e-02 2.522e-02 1.891e-02 1.428e-02 1.078e-02 8.073e-03 5.959e-03 4.337e-03 3.140e-03 2.293e-03 1.705e-03 1.286e-03 9.758e-04 7.354e-04 5.445e-04 3.907e-04
7.092e-01 7.092e-01 7.091e-01 7.090e-01 7.089e-01 7.087e-01 7.084e-01 7.078e-01 7.070e-01 7.057e-01 7.037e-01 7.005e-01 6.956e-01 6.881e-01 6.770e-01 6.608e-01 6.378e-01 6.064e-01 5.652e-01 5.140e-01 4.550e-01 3.921e-01 3.293e-01 2.696e-01 2.139e-01 1.635e-01 1.205e-01 8.653e-02 6.169e-02 4.427e-02 3.220e-02 2.383e-02 1.789e-02 1.354e-02 1.026e-02 7.717e-03 5.719e-03 4.175e-03 3.030e-03 2.218e-03 1.653e-03 1.251e-03 9.513e-04 7.186e-04 5.329e-04 3.828e-04
6.496e-01 6.495e-01 6.495e-01 6.494e-01 6.493e-01 6.491e-01 6.488e-01 6.483e-01 6.475e-01 6.462e-01 6.443e-01 6.413e-01 6.366e-01 6.295e-01 6.190e-01 6.037e-01 5.821e-01 5.526e-01 5.142e-01 4.669e-01 4.125e-01 3.549e-01 2.980e-01 2.440e-01 1.939e-01 1.488e-01 1.102e-01 7.973e-02 5.720e-02 4.121e-02 3.004e-02 2.225e-02 1.673e-02 1.269e-02 9.655e-03 7.295e-03 5.433e-03 3.983e-03 2.899e-03 2.128e-03 1.591e-03 1.208e-03 9.214e-04 6.977e-04 5.185e-04 3.730e-04
5.826e-01 5.826e-01 5.825e-01 5.824e-01 5.823e-01 5.821e-01 5.818e-01 5.814e-01 5.806e-01 5.795e-01 5.776e-01 5.748e-01 5.705e-01 5.639e-01 5.540e-01 5.398e-01 5.199e-01 4.929e-01 4.578e-01 4.149e-01 3.661e-01 3.148e-01 2.643e-01 2.165e-01 1.725e-01 1.329e-01 9.912e-02 7.231e-02 5.228e-02 3.786e-02 2.768e-02 2.052e-02 1.545e-02 1.175e-02 8.968e-03 6.809e-03 5.098e-03 3.755e-03 2.745e-03 2.022e-03 1.516e-03 1.155e-03 8.844e-04 6.718e-04 5.005e-04 3.607e-04
5.147e-01 5.147e-01 5.147e-01 5.146e-01 5.145e-01 5.143e-01 5.140e-01 5.136e-01 5.129e-01 5.118e-01 5.101e-01 5.075e-01 5.035e-01 4.974e-01 4.884e-01 4.754e-01 4.573e-01 4.329e-01 4.016e-01 3.635e-01 3.205e-01 2.756e-01 2.315e-01 1.900e-01 1.516e-01 1.172e-01 8.797e-02 6.472e-02 4.718e-02 3.438e-02 2.521e-02 1.871e-02 1.409e-02 1.074e-02 8.219e-03 6.267e-03 4.715e-03 3.490e-03 2.562e-03 1.895e-03 1.427e-03 1.091e-03 8.388e-04 6.394e-04 4.778e-04 3.452e-04
4.536e-01 4.536e-01 4.535e-01 4.535e-01 4.534e-01 4.532e-01 4.529e-01 4.525e-01 4.519e-01 4.509e-01 4.494e-01 4.470e-01 4.433e-01 4.377e-01 4.295e-01 4.177e-01 4.014e-01 3.796e-01 3.517e-01 3.182e-01 2.806e-01 2.414e-01 2.031e-01 1.668e-01 1.332e-01 1.032e-01 7.776e-02 5.757e-02 4.226e-02 3.095e-02 2.275e-02 1.689e-02 1.272e-02 9.691e-03 7.429e-03 5.679e-03 4.287e-03 3.185e-03 2.347e-03 1.743e-03 1.318e-03 1.013e-03 7.825e-04 5.990e-04 4.492e-04 3.255e-04
4.037e-01 4.036e-01 4.036e-01 4.035e-01 4.035e-01 4.033e-01 4.031e-01 4.027e-01 4.021e-01 4.012e-01 3.998e-01 3.976e-01 3.942e-01 3.891e-01 3.816e-01 3.709e-01 3.561e-01 3.365e-01 3.116e-01 2.818e-01 2.485e-01 2.140e-01 1.802e-01 1.480e-01 1.182e-01 9.154e-02 6.904e-02 5.123e-02 3.772e-02 2.769e-02 2.036e-02 1.509e-02 1.134e-02 8.629e-03 6.609e-03 5.051e-03 3.817e-03 2.841e-03 2.100e-03 1.566e-03 1.190e-03 9.195e-04 7.137e-04 5.488e-04 4.131e-04 3.004e-04
3.623e-01 3.622e-01 3.622e-01 3.621e-01 3.621e-01 3.619e-01 3.617e-01 3.614e-01 3.608e-01 3.600e-01 3.587e-01 3.566e-01 3.535e-01 3.489e-01 3.420e-01 3.322e-01 3.188e-01 3.010e-01 2.786e-01 2.519e-01 2.221e-01 1.913e-01 1.610e-01 1.322e-01 1.054e-01 8.154e-02 6.141e-02 4.551e-02 3.348e-02 2.455e-02 1.800e-02 1.330e-02 9.952e-03 7.542e-03 5.757e-03 4.386e-03 3.307e-03 2.460e-03 1.821e-03 1.362e-03 1.041e-03 8.085e-04 6.307e-04 4.871e-04 3.682e-04 2.688e-04
3.217e-01 3.217e-01 3.217e-01 3.216e-01 3.216e-01 3.214e-01 3.212e-01 3.209e-01 3.204e-01 3.197e-01 3.185e-01 3.166e-01 3.138e-01 3.096e-01 3.034e-01 2.946e-01 2.825e-01 2.666e-01 2.466e-01 2.228e-01 1.963e-01 1.689e-01 1.420e-01 1.165e-01 9.275e-02 7.159e-02 5.378e-02 3.975e-02 2.916e-02 2.130e-02 1.555e-02 1.143e-02 8.502e-03 6.405e-03 4.858e-03 3.680e-03 2.762e-03 2.048e-03 1.516e-03 1.137e-03 8.722e-04 6.806e-04 5.331e-04 4.132e-04 3.134e-04 2.298e-04
2.752e-01 2.752e-01 2.752e-01 2.752e-01 2.751e-01 2.750e-01 2.748e-01 2.745e-01 2.741e-01 2.734e-01 2.724e-01 2.708e-01 2.683e-01 2.646e-01 2.592e-01 2.515e-01 2.411e-01 2.273e-01 2.101e-01 1.896e-01 1.669e-01 1.434e-01 1.204e-01 9.856e-02 7.835e-02 6.033e-02 4.520e-02 3.330e-02 2.435e-02 1.771e-02 1.287e-02 9.394e-03 6.938e-03 5.185e-03 3.902e-03 2.933e-03 2.188e-03 1.616e-03 1.195e-03 8.975e-04 6.896e-04 5.391e-04 4.229e-04 3.282e-04 2.495e-04 1.836e-04
2.189e-01 2.189e-01 2.189e-01 2.189e-01 2.188e-01 2.187e-01 2.186e-01 2.184e-01 2.180e-01 2.175e-01 2.166e-01 2.153e-01 2.133e-01 2.102e-01 2.058e-01 1.996e-01 1.911e-01 1.801e-01 1.663e-01 1.499e-01 1.318e-01 1.130e-01 9.474e-02 7.739e-02 6.136e-02 4.713e-02 3.521e-02 2.587e-02 1.885e-02 1.366e-02 9.873e-03 7.161e-03 5.246e-03 3.886e-03 2.897e-03 2.160e-03 1.600e-03 1.179e-03 8.713e-04 6.545e-04 5.026e-04 3.921e-04 3.066e-04 2.373e-04 1.802e-04 1.329e-04
1.544e-01 1.544e-01 1.544e-01 1.544e-01 1.543e-01 1.542e-01 1.541e-01 1.540e-01 1.537e-01 1.533e-01 1.527e-01 1.517e-01 1.503e-01 1.481e-01 1.448e-01 1.403e-01 1.343e-01 1.264e-01 1.165e-01 1.050e-01 9.216e-02 7.897e-02 6.605e-02 5.383e-02 4.257e-02 3.261e-02 2.430e-02 1.781e-02 1.295e-02 9.362e-03 6.740e-03 4.861e-03 3.535e-03 2.595e-03 1.916e-03 1.415e-03 1.042e-03 7.667e-04 5.678e-04 4.271e-04 3.270e-04 2.533e-04 1.962e-04 1.504e-04 1.135e-04 8.368e-05
9.074e-02 9.074e-02 9.073e-02 9.071e-02 9.069e-02 9.065e-02 9.058e-02 9.048e-02 9.032e-02 9.007e-02 8.969e-02 8.909e-02 8.819e-02 8.684e-02 8.488e-02 8.216e-02 7.852e-02 7.384e-02 6.808e-02 6.131e-02 5.384e-02 4.612e-02 3.854e-02 3.135e-02 2.474e-02 1.891e-02 1.408e-02 1.032e-02 7.506e-03 5.428e-03 3.907e-03 2.812e-03 2.035e-03 1.483e-03 1.084e-03 7.934e-04 5.807e-04 4.267e-04 3.170e-04 2.389e-04 1.821e-04 1.395e-04 1.063e-04 8.011e-05 5.966e-05 4.372e-05
4.115e-02 4.114e-02 4.114e-02 4.113e-02 4.112e-02 4.110e-02 4.107e-02 4.102e-02 4.094e-02 4.083e-02 4.064e-02 4.036e-02 3.993e-02 3.930e-02 3.839e-02 3.713e-02 3.548e-02 3.339e-02 3.084e-02 2.787e-02 2.458e-02 2.114e-02 1.772e-02 1.444e-02 1.140e-02 8.721e-03 6.505e-03 4.786e-03 3.501e-03 2.547e-03 1.843e-03 1.331e-03 9.634e-04 6.984e-04 5.060e-04 3.660e-04 2.652e-04 1.939e-04 1.441e-04 1.086e-04 8.238e-05 6.228e-05 4.656e-05 3.434e-05 2.509e-05 1.818e-05
1.342e-02 1.342e-02 1.341e-02 1.341e-02 1.341e-02 1.340e-02 1.339e-02 1.338e-02 1.335e-02 1.331e-02 1.325e-02 1.316e-02 1.303e-02 1.282e-02 1.254e-02 1.215e-02 1.164e-02 1.102e-02 1.027e-02 9.398e-03 8.416e-03 7.353e-03 6.249e-03 5.146e-03 4.095e-03 3.153e-03 2.370e-03 1.759e-03 1.299e-03 9.542e-04 6.967e-04 5.061e-04 3.663e-04 2.638e-04 1.885e-04 1.337e-04 9.481e-05 6.816e-05 5.019e-05 3.765e-05 2.838e-05 2.124e-05 1.565e-05 1.134e-05 8.143e-06 5.826e-06
3.160e-03 3.159e-03 3.159e-03 3.159e-03 3.158e-03 3.157e-03 3.155e-03 3.152e-03 3.147e-03 3.140e-03 3.129e-03 3.112e-03 3.087e-03 3.049e-03 2.997e-03 2.926e-03 2.836e-03 2.726e-03 2.593e-03 2.434e-03 2.244e-03 2.019e-03 1.762e-03 1.483e-03 1.199e-03 9.344e-04 7.085e-04 5.291e-04 3.924e-04 2.890e-04 2.111e-04 1.529e-04 1.097e-04 7.772e-05 5.413e-05 3.710e-05 2.529e-05 1.751e-05 1.256e-05 9.278e-06 6.924e-06 5.141e-06 3.760e-06 2.700e-06 1.915e-06 1.351e-06
5.654e-04 5.654e-04 5.654e-04 5.653e-04 5.652e-04 5.651e-04 5.650e-04 5.647e-04 5.643e-04 5.637e-04 5.627e-04 5.611e-04 5.588e-04 5.554e-04 5.505e-04 5.437e-04 5.348e-04 5.231e-04 5.079e-04 4.876e-04 4.603e-04 4.241e-04 3.782e-04 3.238e-04 2.650e-04 2.080e-04 1.579e-04 1.176e-04 8.661e-05 6.326e-05 4.574e-05 3.273e-05 2.313e-05 1.606e-05 1.088e-05 7.181e-06 4.673e-06 3.083e-06 2.126e-06 1.530e-06 1.123e-06 8.258e-07 5.994e-07 4.263e-07 2.973e-07 2.049e-07
6.024e-05 6.024e-05 6.024e-05 6.023e-05 6.023e-05 6.023e-05 6.022e-05 6.021e-05 6.019e-05 6.016e-05 6.012e-05 6.005e-05 5.994e-05 5.977e-05 5.952e-05 5.913e-05 5.857e-05 5.773e-05 5.648e-05 5.465e-05 5.200e-05 4.829e-05 4.338e-05 3.737e-05 3.072e-05 2.413e-05 1.826e-05 1.349e-05 9.845e-06 7.115e-06 5.092e-06 3.606e-06 2.522e-06 1.731e-06 1.155e-06 7.481e-07 4.745e-07 3.040e-07 2.039e-07 1.438e-07 1.042e-07 7.596e-08 5.475e-08 3.855e-08 2.642e-08 1.779e-08
2.116e-06 2.116e-06 2.116e-06 2.116e-06 2.116e-06 2.116e-06 2.116e-06 2.116e-06 2.115e-06 2.114e-06 2.113e-06 2.111e-06 2.109e-06 2.104e-06 2.097e-06 2.086e-06 2.069e-06 2.043e-06 2.002e-06 1.941e-06 1.850e-06 1.723e-06 1.552e-06 1.341e-06 1.105e-06 8.682e-07 6.546e-07 4.801e-07 3.470e-07 2.483e-07 1.761e-07 1.239e-07 8.623e-08 5.902e-08 3.938e-08 2.553e-08 1.623e-08 1.041e-08 6.974e-09 4.902e-09 3.545e-09 2.583e-09 1.862e-09 1.309e-09 8.931e-10 5.977e-10
1.135e-08 1.135e-08 1.135e-08 1.135e-08 1.135e-08 1.135e-08 1.134e-08 1.134e-08 1.134e-08 1.134e-08 1.133e-08 1.132e-08 1.131e-08 1.129e-08 1.125e-08 1.120e-08 1.111e-08 1.098e-08 1.077e-08 1.046e-08 9.994e-09 9.336e-09 8.450e-09 7.341e-09 6.075e-09 4.778e-09 3.588e-09 2.607e-09 1.862e-09 1.317e-09 9.246e-10 6.457e-10 4.486e-10 3.084e-10 2.080e-10 1.374e-10 8.978e-11 5.935e-11 4.072e-11 2.908e-11 2.128e-11 1.568e-11 1.142e-11 8.123e-12 5.600e-12 3.781e-12
14N15N
8.701e-01 8.701e-01 8.701e-01 8.701e-01 8.701e-01 8.701e-01 8.701e-01 8.701e-01 8.700e-01 8.700e-01 8.700e-01 8.699e-01 8.698e-01 8.696e-01 8.693e-01 8.688e-01 8.680e-01 8.668e-01 8.649e-01 8.619e-01 8.574e-01 8.506e-01 8.404e-01 8.258e-01 8.055e-01 7.782e-01 7.429e-01 6.994e-01 6.475e-01 5.880e-01 5.210e-01 4.470e-01 3.686e-01 2.915e-01 2.221e-01 1.644e-01 1.188e-01 8.421e-02 5.873e-02 4.040e-02 2.736e-02 1.827e-02 1.207e-02 7.923e-03 5.164e-03 3.344e-03
8.664e-01 8.664e-01 8.664e-01 8.664e-01 8.664e-01 8.664e-01 8.664e-01 8.664e-01 8.663e-01 8.663e-01 8.663e-01 8.662e-01 8.661e-01 8.659e-01 8.656e-01 8.651e-01 8.643e-01 8.631e-01 8.612e-01 8.583e-01 8.538e-01 8.470e-01 8.369e-01 8.224e-01 8.021e-01 7.748e-01 7.397e-01 6.962e-01 6.445e-01 5.851e-01 5.184e-01 4.447e-01 3.667e-01 2.900e-01 2.211e-01 1.638e-01 1.185e-01 8.400e-02 5.859e-02 4.030e-02 2.729e-02 1.822e-02 1.204e-02 7.904e-03 5.152e-03 3.336e-03
8.623e-01 8.623e-01 8.623e-01 8.623e-01 8.623e-01 8.622e-01 8.622e-01 8.622e-01 8.622e-01 8.622e-01 8.621e-01 8.621e-01 8.619e-01 8.617e-01 8.614e-01 8.610e-01 8.602e-01 8.590e-01 8.571e-01 8.543e-01 8.498e-01 8.431e-01 8.330e-01 8.186e-01 7.983e-01 7.711e-01 7.360e-01 6.926e-01 6.411e-01 5.819e-01 5.155e-01 4.422e-01 3.646e-01 2.885e-01 2.201e-01 1.632e-01 1.182e-01 8.383e-02 5.847e-02 4.022e-02 2.724e-02 1.818e-02 1.202e-02 7.886e-03 5.140e-03 3.328e-03
8.577e-01 8.577e-01 8.577e-01 8.577e-01 8.577e-01 8.577e-01 8.576e-01 8.576e-01 8.576e-01 8.576e-01 8.575e-01 8.575e-01 8.573e-01 8.571e-01 8.568e-01 8.564e-01 8.556e-01 8.544e-01 8.526e-01 8.497e-01 8.453e-01 8.386e-01 8.286e-01 8.142e-01 7.940e-01 7.669e-01 7.319e-01 6.886e-01 6.373e-01 5.784e-01 5.123e-01 4.394e-01 3.624e-01 2.869e-01 2.191e-01 1.626e-01 1.179e-01 8.365e-02 5.836e-02 4.014e-02 2.718e-02 1.815e-02 1.199e-02 7.870e-03 5.128e-03 3.320e-03
8.530e-01 8.530e-01 8.530e-01 8.530e-01 8.529e-01 8.529e-01 8.529e-01 8.529e-01 8.529e-01 8.529e-01 8.528e-01 8.528e-01 8.526e-01 8.524e-01 8.521e-01 8.517e-01 8.509e-01 8.498e-01 8.479e-01 8.451e-01 8.407e-01 8.340e-01 8.241e-01 8.097e-01 7.896e-01 7.625e-01 7.276e-01 6.845e-01 6.333e-01 5.747e-01 5.090e-01 4.366e-01 3.601e-01 2.852e-01 2.180e-01 1.620e-01 1.175e-01 8.346e-02 5.824e-02 4.005e-02 2.713e-02 1.811e-02 1.197e-02 7.852e-03 5.115e-03 3.311e-03
8.486e-01 8.486e-01 8.486e-01 8.486e-01 8.486e-01 8.486e-01 8.486e-01 8.486e-01 8.485e-01 8.485e-01 8.485e-01 8.484e-01 8.483e-01 8.481e-01 8.478e-01 8.473e-01 8.466e-01 8.454e-01 8.436e-01 8.407e-01 8.364e-01 8.297e-01 8.198e-01 8.055e-01 7.854e-01 7.584e-01 7.236e-01 6.806e-01 6.297e-01 5.713e-01 5.060e-01 4.340e-01 3.581e-01 2.837e-01 2.170e-01 1.614e-01 1.172e-01 8.327e-02 5.810e-02 3.996e-02 2.707e-02 1.807e-02 1.194e-02 7.831e-03 5.101e-03 3.301e-03
8.447e-01 8.447e-01 8.447e-01 8.447e-01 8.447e-01 8.447e-01 8.447e-01 8.447e-01 8.447e-01 8.447e-01 8.446e-01 8.445e-01 8.444e-01 8.442e-01 8.439e-01 8.435e-01 8.427e-01 8.416e-01 8.397e-01 8.369e-01 8.325e-01 8.259e-01 8.160e-01 8.017e-01 7.817e-01 7.548e-01 7.201e-01 6.772e-01 6.265e-01 5.684e-01 5.034e-01 4.319e-01 3.564e-01 2.825e-01 2.161e-01 1.608e-01 1.169e-01 8.306e-02 5.796e-02 3.987e-02 2.700e-02 1.802e-02 1.191e-02 7.809e-03 5.085e-03 3.290e-03
8.413e-01 8.413e-01 8.413e-01 8.413e-01 8.412e-01 8.412e-01 8.412e-01 8.412e-01 8.412e-01 8.412e-01 8.411e-01 8.411e-01 8.409e-01 8.407e-01 8.405e-01 8.400e-01 8.392e-01 8.381e-01 8.363e-01 8.334e-01 8.291e-01 8.225e-01 8.126e-01 7.983e-01 7.784e-01 7.515e-01 7.170e-01 6.743e-01 6.237e-01 5.659e-01 5.013e-01 4.301e-01 3.550e-01 2.814e-01 2.153e-01 1.603e-01 1.165e-01 8.283e-02 5.781e-02 3.976e-02 2.692e-02 1.797e-02 1.187e-02 7.783e-03 5.068e-03 3.279e-03
8.381e-01 8.381e-01 8.381e-01 8.381e-01 8.381e-01 8.381e-01 8.381e-01 8.381e-01 8.381e-01 8.381e-01 8.380e-01 8.379e-01 8.378e-01 8.376e-01 8.373e-01 8.369e-01 8.361e-01 8.350e-01 8.332e-01 8.303e-01 8.260e-01 8.194e-01 8.096e-01 7.954e-01 7.754e-01 7.487e-01 7.142e-01 6.717e-01 6.213e-01 5.638e-01 4.994e-01 4.286e-01 3.538e-01 2.804e-01 2.146e-01 1.598e-01 1.162e-01 8.259e-02 5.764e-02 3.964e-02 2.684e-02 1.791e-02 1.183e-02 7.757e-03 5.050e-03 3.267e-03
8.355e-01 8.355e-01 8.355e-01 8.355e-01 8.355e-01 8.355e-01 8.355e-01 8.355e-01 8.355e-01 8.354e-01 8.354e-01 8.353e-01 8.352e-01 8.350e-01 8.347e-01 8.343e-01 8.335e-01 8.324e-01 8.306e-01 8.278e-01 8.234e-01 8.168e-01 8.071e-01 7.929e-01 7.730e-01 7.464e-01 7.120e-01 6.696e-01 6.194e-01 5.620e-01 4.978e-01 4.273e-01 3.527e-01 2.796e-01 2.140e-01 1.593e-01 1.159e-01 8.237e-02 5.748e-02 3.952e-02 2.676e-02 1.785e-02 1.179e-02 7.731e-03 5.033e-03 3.255e-03
8.333e-01 8.333e-01 8.333e-01 8.333e-01 8.333e-01 8.333e-01 8.333e-01 8.333e-01 8.333e-01 8.332e-01 8.332e-01 8.331e-01 8.330e-01 8.328e-01 8.325e-01 8.321e-01 8.313e-01 8.302e-01 8.284e-01 8.256e-01 8.213e-01 8.147e-01 8.050e-01 7.908e-01 7.711e-01 7.445e-01 7.102e-01 6.679e-01 6.178e-01 5.606e-01 4.966e-01 4.262e-01 3.518e-01 2.789e-01 2.134e-01 1.589e-01 1.156e-01 8.217e-02 5.734e-02 3.941e-02 2.668e-02 1.780e-02 1.175e-02 7.707e-03 5.017e-03 3.244e-03
8.312e-01 8.312e-01 8.312e-01 8.312e-01 8.312e-01 8.312e-01 8.312e-01 8.312e-01 8.311e-01 8.311e-01 8.311e-01 8.310e-01 8.309e-01 8.307e-01 8.304e-01 8.299e-01 8.292e-01 8.281e-01 8.263e-01 8.235e-01 8.192e-01 8.127e-01 8.030e-01 7.889e-01 7.692e-01 7.427e-01 7.085e-01 6.663e-01 6.163e-01 5.592e-01 4.954e-01 4.251e-01 3.509e-01 2.782e-01 2.129e-01 1.585e-01 1.153e-01 8.199e-02 5.721e-02 3.931e-02 2.660e-02 1.774e-02 1.172e-02 7.685e-03 5.003e-03 3.235e-03
8.288e-01 8.288e-01 8.288e-01 8.288e-01 8.288e-01 8.288e-01 8.288e-01 8.288e-01 8.287e-01 8.287e-01 8.287e-01 8.286e-01 8.285e-01 8.283e-01 8.280e-01 8.275e-01 8.268e-01 8.257e-01 8.239e-01 8.211e-01 8.169e-01 8.104e-01 8.007e-01 7.867e-01 7.671e-01 7.407e-01 7.066e-01 6.645e-01 6.147e-01 5.577e-01 4.940e-01 4.239e-01 3.499e-01 2.774e-01 2.123e-01 1.581e-01 1.151e-01 8.182e-02 5.708e-02 3.921e-02 2.653e-02 1.769e-02 1.169e-02 7.664e-03 4.989e-03 3.225e-03
8.259e-01 8.259e-01 8.259e-01 8.259e-01 8.259e-01 8.259e-01 8.259e-01 8.259e-01 8.259e-01 8.258e-01 8.258e-01 8.257e-01 8.256e-01 8.254e-01 8.251e-01 8.247e-01 8.240e-01 8.228e-01 8.211e-01 8.183e-01 8.141e-01 8.076e-01 7.980e-01 7.841e-01 7.645e-01 7.382e-01 7.043e-01 6.623e-01 6.126e-01 5.558e-01 4.922e-01 4.224e-01 3.487e-01 2.765e-01 2.117e-01 1.577e-01 1.148e-01 8.163e-02 5.695e-02 3.911e-02 2.646e-02 1.764e-02 1.165e-02 7.643e-03 4.975e-03 3.216e-03
8.224e-01 8.224e-01 8.224e-01 8.224e-01 8.224e-01 8.223e-01 8.223e-01 8.223e-01 8.223e-01 8.223e-01 8.222e-01 8.222e-01 8.220e-01 8.219e-01 8.216e-01 8.211e-01 8.204e-01 8.193e-01 8.175e-01 8.148e-01 8.106e-01 8.042e-01 7.946e-01 7.808e-01 7.613e-01 7.351e-01 7.013e-01 6.595e-01 6.099e-01 5.533e-01 4.901e-01 4.206e-01 3.472e-01 2.754e-01 2.109e-01 1.572e-01 1.145e-01 8.142e-02 5.680e-02 3.901e-02 2.638e-02 1.759e-02 1.162e-02 7.621e-03 4.961e-03 3.207e-03
8.180e-01 8.180e-01 8.180e-01 8.180e-01 8.180e-01 8.180e-01 8.179e-01 8.179e-01 8.179e-01 8.179e-01 8.178e-01 8.178e-01 8.177e-01 8.175e-01 8.172e-01 8.167e-01 8.160e-01 8.149e-01 8.132e-01 8.105e-01 8.063e-01 7.999e-01 7.904e-01 7.766e-01 7.573e-01 7.312e-01 6.975e-01 6.559e-01 6.065e-01 5.502e-01 4.873e-01 4.182e-01 3.454e-01 2.740e-01 2.100e-01 1.566e-01 1.140e-01 8.116e-02 5.662e-02 3.888e-02 2.629e-02 1.753e-02 1.158e-02 7.597e-03 4.945e-03 3.196e-03
8.125e-01 8.125e-01 8.125e-01 8.125e-01 8.125e-01 8.125e-01 8.125e-01 8.125e-01 8.125e-01 8.125e-01 8.124e-01 8.123e-01 8.122e-01 8.121e-01 8.118e-01 8.113e-01 8.106e-01 8.095e-01 8.078e-01 8.051e-01 8.009e-01 7.946e-01 7.852e-01 7.715e-01 7.523e-01 7.263e-01 6.928e-01 6.514e-01 6.023e-01 5.463e-01 4.839e-01 4.153e-01 3.430e-01 2.722e-01 2.087e-01 1.557e-01 1.135e-01 8.082e-02 5.639e-02 3.872e-02 2.618e-02 1.746e-02 1.154e-02 7.568e-03 4.927e-03 3.185e-03
8.058e-01 8.058e-01 8.058e-01 8.058e-01 8.058e-01 8.058e-01 8.058e-01 8.058e-01 8.057e-01 8.057e-01 8.057e-01 8.056e-01 8.055e-01 8.053e-01 8.050e-01 8.046e-01 8.039e-01 8.028e-01 8.011e-01 7.984e-01 7.943e-01 7.880e-01 7.786e-01 7.651e-01 7.460e-01 7.202e-01 6.869e-01 6.457e-01 5.970e-01 5.414e-01 4.795e-01 4.116e-01 3.400e-01 2.699e-01 2.071e-01 1.546e-01 1.128e-01 8.036e-02 5.608e-02 3.851e-02 2.604e-02 1.737e-02 1.148e-02 7.531e-03 4.904e-03 3.170e-03
7.972e-01 7.972e-01 7.972e-01 7.972e-01 7.972e-01 7.972e-01 7.972e-01 7.972e-01 7.972e-01 7.972e-01 7.971e-01 7.970e-01 7.969e-01 7.968e-01 7.965e-01 7.960e-01 7.954e-01 7.943e-01 7.926e-01 7.899e-01 7.858e-01 7.796e-01 7.704e-01 7.569e-01 7.379e-01 7.124e-01 6.793e-01 6.385e-01 5.902e-01 5.352e-01 4.739e-01 4.068e-01 3.361e-01 2.669e-01 2.049e-01 1.532e-01 1.119e-01 7.974e-02 5.566e-02 3.823e-02 2.585e-02 1.725e-02 1.140e-02 7.484e-03 4.875e-03 3.152e-03
7.862e-01 7.862e-01 7.862e-01 7.862e-01 7.861e-01 7.861e-01 7.861e-01 7.861e-01 7.861e-01 7.861e-01 7.860e-01 7.860e-01 7.859e-01 7.857e-01 7.854e-01 7.850e-01 7.843e-01 7.832e-01 7.816e-01 7.789e-01 7.749e-01 7.688e-01 7.596e-01 7.463e-01 7.276e-01 7.023e-01 6.695e-01 6.291e-01 5.814e-01 5.271e-01 4.667e-01 4.006e-01 3.310e-01 2.630e-01 2.021e-01 1.513e-01 1.106e-01 7.892e-02 5.512e-02 3.786e-02 2.561e-02 1.709e-02 1.130e-02 7.422e-03 4.838e-03 3.129e-03
7.719e-01 7.719e-01 7.719e-01 7.719e-01 7.719e-01 7.718e-01 7.718e-01 7.718e-01 7.718e-01 7.718e-01 7.717e-01 7.717e-01 7.716e-01 7.714e-01 7.711e-01 7.707e-01 7.700e-01 7.690e-01 7.673e-01 7.648e-01 7.608e-01 7.548e-01 7.457e-01 7.326e-01 7.142e-01 6.892e-01 6.569e-01 6.170e-01 5.700e-01 5.166e-01 4.573e-01 3.926e-01 3.245e-01 2.581e-01 1.986e-01 1.489e-01 1.090e-01 7.788e-02 5.442e-02 3.740e-02 2.530e-02 1.689e-02 1.118e-02 7.345e-03 4.790e-03 3.100e-03
7.539e-01 7.539e-01 7.539e-01 7.539e-01 7.539e-01 7.539e-01 7.539e-01 7.539e-01 7.539e-01 7.538e-01 7.538e-01 7.537e-01 7.536e-01 7.534e-01 7.532e-01 7.528e-01 7.521e-01 7.511e-01 7.495e-01 7.469e-01 7.431e-01 7.371e-01 7.283e-01 7.154e-01 6.973e-01 6.727e-01 6.410e-01 6.018e-01 5.557e-01 5.034e-01 4.456e-01 3.825e-01 3.164e-01 2.518e-01 1.941e-01 1.459e-01 1.071e-01 7.656e-02 5.355e-02 3.682e-02 2.493e-02 1.665e-02 1.102e-02 7.248e-03 4.730e-03 3.062e-03
7.321e-01 7.321e-01 7.321e-01 7.321e-01 7.321e-01 7.321e-01 7.321e-01 7.321e-01 7.321e-01 7.321e-01 7.320e-01 7.320e-01 7.319e-01 7.317e-01 7.314e-01 7.310e-01 7.304e-01 7.294e-01 7.278e-01 7.254e-01 7.216e-01 7.158e-01 7.072e-01 6.946e-01 6.768e-01 6.528e-01 6.217e-01 5.834e-01 5.383e-01 4.874e-01 4.313e-01 3.703e-01 3.064e-01 2.442e-01 1.887e-01 1.422e-01 1.046e-01 7.492e-02 5.247e-02 3.612e-02 2.447e-02 1.636e-02 1.084e-02 7.130e-03 4.655e-03 3.016e-03
7.067e-01 7.067e-01 7.067e-01 7.067e-01 7.067e-01 7.067e-01 7.067e-01 7.066e-01 7.066e-01 7.066e-01 7.066e-01 7.065e-01 7.064e-01 7.062e-01 7.060e-01 7.056e-01 7.050e-01 7.040e-01 7.025e-01 7.001e-01 6.964e-01 6.908e-01 6.824e-01 6.701e-01 6.528e-01 6.294e-01 5.992e-01 5.619e-01 5.180e-01 4.687e-01 4.145e-01 3.558e-01 2.946e-01 2.351e-01 1.821e-01 1.376e-01 1.015e-01 7.286e-02 5.114e-02 3.526e-02 2.391e-02 1.600e-02 1.061e-02 6.985e-03 4.563e-03 2.957e-03
6.775e-01 6.775e-01 6.775e-01 6.775e-01 6.775e-01 6.775e-01 6.775e-01 6.775e-01 6.774e-01 6.774e-01 6.774e-01 6.773e-01 6.772e-01 6.771e-01 6.768e-01 6.764e-01 6.758e-01 6.749e-01 6.734e-01 6.711e-01 6.675e-01 6.621e-01 6.540e-01 6.421e-01 6.254e-01 6.027e-01 5.734e-01 5.373e-01 4.949e-01 4.473e-01 3.953e-01 3.393e-01 2.810e-01 2.246e-01 1.743e-01 1.321e-01 9.766e-02 7.035e-02 4.952e-02 3.422e-02 2.324e-02 1.557e-02 1.034e-02 6.809e-03 4.450e-03 2.885e-03
6.444e-01 6.444e-01 6.444e-01 6.444e-01 6.444e-01 6.443e-01 6.443e-01 6.443e-01 6.443e-01 6.443e-01 6.443e-01 6.442e-01 6.441e-01 6.440e-01 6.437e-01 6.434e-01 6.428e-01 6.419e-01 6.404e-01 6.382e-01 6.348e-01 6.296e-01 6.217e-01 6.103e-01 5.943e-01 5.725e-01 5.443e-01 5.096e-01 4.689e-01 4.234e-01 3.739e-01 3.207e-01 2.657e-01 2.126e-01 1.653e-01 1.256e-01 9.315e-02 6.733e-02 4.758e-02 3.298e-02 2.245e-02 1.506e-02 1.001e-02 6.598e-03 4.315e-03 2.798e-03
6.074e-01 6.074e-01 6.074e-01 6.074e-01 6.074e-01 6.074e-01 6.074e-01 6.074e-01 6.074e-01 6.073e-01 6.073e-01 6.073e-01 6.072e-01 6.070e-01 6.068e-01 6.065e-01 6.059e-01 6.050e-01 6.037e-01 6.016e-01 5.983e-01 5.933e-01 5.858e-01 5.749e-01 5.596e-01 5.388e-01 5.119e-01 4.788e-01 4.401e-01 3.969e-01 3.501e-01 3.002e-01 2.488e-01 1.993e-01 1.553e-01 1.182e-01 8.791e-02 6.378e-02 4.527e-02 3.150e-02 2.150e-02 1.445e-02 9.619e-03 6.348e-03 4.154e-03 2.694e-03
5.678e-01 5.678e-01 5.678e-01 5.678e-01 5.678e-01 5.678e-01 5.678e-01 5.678e-01 5.678e-01 5.677e-01 5.677e-01 5.676e-01 5.676e-01 5.674e-01 5.672e-01 5.669e-01 5.664e-01 5.655e-01 5.642e-01 5.622e-01 5.591e-01 5.544e-01 5.473e-01 5.370e-01 5.224e-01 5.027e-01 4.772e-01 4.459e-01 4.094e-01 3.687e-01 3.249e-01 2.784e-01 2.306e-01 1.849e-01 1.442e-01 1.100e-01 8.197e-02 5.968e-02 4.255e-02 2.973e-02 2.036e-02 1.373e-02 9.157e-03 6.053e-03 3.964e-03 2.571e-03
5.275e-01 5.275e-01 5.275e-01 5.275e-01 5.275e-01 5.275e-01 5.275e-01 5.275e-01 5.275e-01 5.275e-01 5.275e-01 5.274e-01 5.273e-01 5.272e-01 5.270e-01 5.267e-01 5.262e-01 5.254e-01 5.242e-01 5.223e-01 5.194e-01 5.149e-01 5.083e-01 4.985e-01 4.848e-01 4.663e-01 4.425e-01 4.131e-01 3.789e-01 3.409e-01 2.999e-01 2.566e-01 2.123e-01 1.701e-01 1.327e-01 1.012e-01 7.543e-02 5.505e-02 3.940e-02 2.764e-02 1.901e-02 1.287e-02 8.611e-03 5.706e-03 3.743e-03 2.427e-03
4.883e-01 4.883e-01 4.883e-01 4.883e-01 4.883e-01 4.883e-01 4.883e-01 4.883e-01 4.883e-01 4.883e-01 4.883e-01 4.882e-01 4.881e-01 4.880e-01 4.878e-01 4.875e-01 4.871e-01 4.864e-01 4.852e-01 4.835e-01 4.807e-01 4.766e-01 4.704e-01 4.613e-01 4.486e-01 4.314e-01 4.092e-01 3.820e-01 3.502e-01 3.147e-01 2.764e-01 2.359e-01 1.947e-01 1.555e-01 1.209e-01 9.194e-02 6.845e-02 4.997e-02 3.585e-02 2.525e-02 1.744e-02 1.186e-02 7.973e-03 5.304e-03 3.487e-03 2.263e-03
4.504e-01 4.504e-01 4.504e-01 4.504e-01 4.504e-01 4.504e-01 4.504e-01 4.504e-01 4.504e-01 4.504e-01 4.504e-01 4.503e-01 4.503e-01 4.501e-01 4.500e-01 4.497e-01 4.493e-01 4.486e-01 4.476e-01 4.459e-01 4.434e-01 4.396e-01 4.338e-01 4.255e-01 4.137e-01 3.979e-01 3.776e-01 3.526e-01 3.232e-01 2.903e-01 2.545e-01 2.165e-01 1.779e-01 1.413e-01 1.093e-01 8.263e-02 6.126e-02 4.462e-02 3.202e-02 2.261e-02 1.568e-02 1.073e-02 7.251e-03 4.847e-03 3.198e-03 2.078e-03
4.134e-01 4.133e-01 4.133e-01 4.133e-01 4.133e-01 4.133e-01 4.133e-01 4.133e-01 4.133e-01 4.133e-01 4.133e-01 4.132e-01 4.132e-01 4.131e-01 4.129e-01 4.127e-01 4.123e-01 4.117e-01 4.107e-01 4.092e-01 4.069e-01 4.033e-01 3.981e-01 3.904e-01 3.797e-01 3.652e-01 3.466e-01 3.238e-01 2.969e-01 2.664e-01 2.331e-01 1.976e-01 1.615e-01 1.275e-01 9.786e-02 7.347e-02 5.410e-02 3.922e-02 2.808e-02 1.984e-02 1.381e-02 9.496e-03 6.460e-03 4.342e-03 2.876e-03 1.873e-03
3.769e-01 3.769e-01 3.769e-01 3.769e-01 3.769e-01 3.769e-01 3.769e-01 3.769e-01 3.769e-01 3.768e-01 3.768e-01 3.768e-01 3.767e-01 3.766e-01 3.765e-01 3.763e-01 3.759e-01 3.753e-01 3.744e-01 3.731e-01 3.709e-01 3.677e-01 3.628e-01 3.558e-01 3.459e-01 3.327e-01 3.157e-01 2.949e-01 2.702e-01 2.422e-01 2.114e-01 1.785e-01 1.452e-01 1.139e-01 8.670e-02 6.454e-02 4.714e-02 3.394e-02 2.419e-02 1.706e-02 1.190e-02 8.217e-03 5.622e-03 3.799e-03 2.526e-03 1.647e-03
3.400e-01 3.400e-01 3.400e-01 3.400e-01 3.400e-01 3.400e-01 3.400e-01 3.400e-01 3.400e-01 3.400e-01 3.400e-01 3.399e-01 3.399e-01 3.398e-01 3.397e-01 3.395e-01 3.391e-01 3.386e-01 3.378e-01 3.365e-01 3.345e-01 3.316e-01 3.271e-01 3.206e-01 3.116e-01 2.995e-01 2.840e-01 2.650e-01 2.425e-01 2.169e-01 1.888e-01 1.588e-01 1.285e-01 1.001e-01 7.565e-02 5.584e-02 4.044e-02 2.889e-02 2.047e-02 1.438e-02 1.002e-02 6.937e-03 4.766e-03 3.234e-03 2.156e-03 1.408e-03
2.998e-01 2.998e-01 2.998e-01 2.998e-01 2.998e-01 2.998e-01 2.998e-01 2.998e-01 2.998e-01 2.998e-01 2.998e-01 2.998e-01 2.997e-01 2.996e-01 2.995e-01 2.993e-01 2.990e-01 2.986e-01 2.978e-01 2.967e-01 2.949e-01 2.922e-01 2.882e-01 2.824e-01 2.743e-01 2.635e-01 2.495e-01 2.325e-01 2.124e-01 1.895e-01 1.645e-01 1.379e-01 1.111e-01 8.609e-02 6.463e-02 4.736e-02 3.405e-02 2.415e-02 1.701e-02 1.189e-02 8.263e-03 5.717e-03 3.932e-03 2.672e-03 1.783e-03 1.164e-03
2.527e-01 2.527e-01 2.527e-01 2.527e-01 2.527e-01 2.527e-01 2.527e-01 2.527e-01 2.527e-01 2.527e-01 2.527e-01 2.527e-01 2.526e-01 2.525e-01 2.524e-01 2.523e-01 2.520e-01 2.516e-01 2.510e-01 2.500e-01 2.485e-01 2.462e-01 2.428e-01 2.379e-01 2.310e-01 2.217e-01 2.098e-01 1.952e-01 1.781e-01 1.587e-01 1.375e-01 1.151e-01 9.249e-02 7.147e-02 5.347e-02 3.904e-02 2.796e-02 1.975e-02 1.384e-02 9.640e-03 6.672e-03 4.605e-03 3.163e-03 2.146e-03 1.429e-03 9.302e-04
1.969e-01 1.969e-01 1.969e-01 1.969e-01 1.969e-01 1.969e-01 1.969e-01 1.968e-01 1.968e-01 1.968e-01 1.968e-01 1.968e-01 1.968e-01 1.967e-01 1.966e-01 1.965e-01 1.963e-01 1.960e-01 1.955e-01 1.948e-01 1.936e-01 1.918e-01 1.891e-01 1.853e-01 1.799e-01 1.726e-01 1.633e-01 1.519e-01 1.385e-01 1.234e-01 1.070e-01 8.957e-02 7.211e-02 5.584e-02 4.188e-02 3.066e-02 2.199e-02 1.554e-02 1.089e-02 7.576e-03 5.236e-03 3.607e-03 2.473e-03 1.674e-03 1.109e-03 7.179e-04
1.350e-01 1.350e-01 1.350e-01 1.350e-01 1.350e-01 1.350e-01 1.350e-01 1.350e-01 1.350e-01 1.350e-01 1.350e-01 1.350e-01 1.349e-01 1.349e-01 1.349e-01 1.348e-01 1.346e-01 1.344e-01 1.341e-01 1.336e-01 1.328e-01 1.316e-01 1.298e-01 1.272e-01 1.235e-01 1.185e-01 1.122e-01 1.044e-01 9.525e-02 8.500e-02 7.389e-02 6.220e-02 5.045e-02 3.944e-02 2.991e-02 2.214e-02 1.604e-02 1.142e-02 8.054e-03 5.628e-03 3.903e-03 2.695e-03 1.848e-03 1.249e-03 8.242e-04 5.292e-04
7.643e-02 7.643e-02 7.643e-02 7.643e-02 7.643e-02 7.643e-02 7.643e-02 7.643e-02 7.642e-02 7.642e-02 7.642e-02 7.641e-02 7.640e-02 7.638e-02 7.635e-02 7.630e-02 7.623e-02 7.612e-02 7.594e-02 7.566e-02 7.523e-02 7.457e-02 7.358e-02 7.215e-02 7.012e-02 6.739e-02 6.387e-02 5.954e-02 5.448e-02 4.885e-02 4.280e-02 3.647e-02 3.008e-02 2.402e-02 1.865e-02 1.412e-02 1.044e-02 7.565e-03 5.405e-03 3.819e-03 2.673e-03 1.858e-03 1.280e-03 8.657e-04 5.693e-04 3.624e-04
3.339e-02 3.339e-02 3.339e-02 3.339e-02 3.339e-02 3.339e-02 3.339e-02 3.339e-02 3.339e-02 3.339e-02 3.339e-02 3.339e-02 3.338e-02 3.337e-02 3.336e-02 3.334e-02 3.332e-02 3.327e-02 3.320e-02 3.309e-02 3.292e-02 3.266e-02 3.227e-02 3.169e-02 3.088e-02 2.977e-02 2.833e-02 2.656e-02 2.449e-02 2.222e-02 1.982e-02 1.731e-02 1.475e-02 1.224e-02 9.899e-03 7.784e-03 5.939e-03 4.410e-03 3.211e-03 2.305e-03 1.634e-03 1.147e-03 7.948e-04 5.385e-04 3.529e-04 2.223e-04
1.113e-02 1.113e-02 1.113e-02 1.113e-02 1.113e-02 1.113e-02 1.113e-02 1.113e-02 1.113e-02 1.113e-02 1.113e-02 1.113e-02 1.113e-02 1.113e-02 1.112e-02 1.112e-02 1.111e-02 1.110e-02 1.108e-02 1.105e-02 1.101e-02 1.094e-02 1.084e-02 1.069e-02 1.048e-02 1.018e-02 9.795e-03 9.310e-03 8.749e-03 8.139e-03 7.502e-03 6.831e-03 6.114e-03 5.348e-03 4.546e-03 3.730e-03 2.941e-03 2.237e-03 1.658e-03 1.206e-03 8.642e-04 6.112e-04 4.251e-04 2.879e-04 1.876e-04 1.166e-04
3.157e-03 3.157e-03 3.157e-03 3.157e-03 3.157e-03 3.157e-03 3.157e-03 3.157e-03 3.156e-03 3.156e-03 3.156e-03 3.156e-03 3.156e-03 3.156e-03 3.155e-03 3.155e-03 3.154e-03 3.152e-03 3.149e-03 3.145e-03 3.139e-03 3.129e-03 3.113e-03 3.090e-03 3.056e-03 3.008e-03 2.943e-03 2.861e-03 2.763e-03 2.654e-03 2.535e-03 2.399e-03 2.234e-03 2.030e-03 1.783e-03 1.500e-03 1.204e-03 9.265e-04 6.922e-04 5.066e-04 3.645e-04 2.583e-04 1.796e-04 1.212e-04 7.840e-05 4.816e-05
7.466e-04 7.466e-04 7.466e-04 7.466e-04 7.466e-04 7.466e-04 7.466e-04 7.466e-04 7.466e-04 7.466e-04 7.466e-04 7.466e-04 7.466e-04 7.466e-04 7.465e-04 7.465e-04 7.464e-04 7.462e-04 7.460e-04 7.456e-04 7.451e-04 7.442e-04 7.428e-04 7.407e-04 7.376e-04 7.329e-04 7.264e-04 7.174e-04 7.057e-04 6.907e-04 6.712e-04 6.449e-04 6.085e-04 5.591e-04 4.952e-04 4.191e-04 3.375e-04 2.602e-04 1.946e-04 1.425e-04 1.025e-04 7.262e-05 5.040e-05 3.391e-05 2.182e-05 1.330e-05
1.010e-04 1.010e-04 1.010e-04 1.010e-04 1.010e-04 1.010e-04 1.010e-04 1.010e-04 1.010e-04 1.010e-04 1.010e-04 1.010e-04 1.010e-04 1.010e-04 1.010e-04 1.010e-04 1.010e-04 1.010e-04 1.010e-04 1.009e-04 1.009e-04 1.008e-04 1.008e-04 1.006e-04 1.005e-04 1.002e-04 9.970e-05 9.900e-05 9.796e-05 9.641e-05 9.410e-05 9.068e-05 8.575e-05 7.888e-05 6.991e-05 5.916e-05 4.761e-05 3.668e-05 2.743e-05 2.009e-05 1.447e-05 1.025e-05 7.107e-06 4.777e-06 3.071e-06 1.868e-06
4.624e-06 4.624e-06 4.624e-06 4.624e-06 4.624e-06 4.624e-06 4.624e-06 4.624e-06 4.624e-06 4.624e-06 4.624e-06 4.624e-06 4.624e-06 4.624e-06 4.624e-06 4.624e-06 4.624e-06 4.623e-06 4.623e-06 4.622e-06 4.621e-06 4.619e-06 4.616e-06 4.612e-06 4.604e-06 4.593e-06 4.575e-06 4.547e-06 4.503e-06 4.434e-06 4.330e-06 4.174e-06 3.947e-06 3.631e-06 3.217e-06 2.720e-06 2.188e-06 1.686e-06 1.262e-06 9.256e-07 6.676e-07 4.737e-07 3.290e-07 2.215e-07 1.427e-07 8.700e-08
3.579e-08 3.579e-08 3.579e-08 3.579e-08 3.579e-08 3.579e-08 3.579e-08 3.579e-08 3.579e-08 3.579e-08 3.579e-08 3.579e-08 3.579e-08 3.579e-08 3.579e-08 3.579e-08 3.579e-08 3.579e-08 3.579e-08 3.578e-08 3.577e-08 3.576e-08 3.573e-08 3.570e-08 3.564e-08 3.556e-08 3.542e-08 3.520e-08 3.486e-08 3.433e-08 3.353e-08 3.232e-08 3.056e-08 2.811e-08 2.491e-08 2.106e-08 1.695e-08 1.307e-08 9.800e-09 7.205e-09 5.209e-09 3.704e-09 2.580e-09 1.742e-09 1.127e-09 6.917e-10
