# Collapse Model Output 
 
# Orich/ev_output/ev_3960027.dat in GNUPLOT format produced by evolve_output.pl 
 
X                 Y                 Z                 R                 DENSITY           TEMP              AV                TIME              CO                N2                CH4               NH3               H2S               HCP               H2O               C2H2              HCN               CS                SiC2              HCl               HF                C2H4              SiO               SiS               SiN               SiC               OH                CN                SiOH+             HCO+              CH                CH2               CH3               NH                NH2               SO                SO2               HS                HCNH+             NH4+              H2CO              H2CS              CH3CN             SiC               SiN               C                 N                 H                 O                 S                 Si                Cl                F                 P                 C+                N+                H+                O+                S+                Si+               Cl+               P+              
#  (CM)              (CM)              (CM)              (CM)              (CM-3)            (K)               (MAG)             (YR)              (wrt              Hnuc)           
 
5.17160e+12  1.57092e+14  2.89930e+13  1.59829e+14  6.85500e+06  5.34700e+02  1.45800e+00  2.44200e+03  1.493e-04  2.013e-05  3.255e-21  6.566e-12  1.793e-14  2.430e-18  2.643e-06  6.915e-22  1.067e-08  3.604e-12  8.462e-23  3.474e-09  4.545e-09  1.852e-29  1.160e-05  4.562e-09  1.083e-12  5.048e-19  1.956e-08  1.363e-11  1.812e-09  5.158e-13  2.381e-16  2.168e-17  1.017e-20  1.198e-13  9.846e-15  1.692e-06  1.216e-06  1.752e-12  1.092e-15  2.933e-16  6.689e-17  1.942e-16  1.613e-17  5.048e-19  1.083e-12  2.509e-10  1.317e-07  5.573e-06  1.045e-04  9.727e-06  1.405e-06  1.526e-09  3.487e-10  1.766e-08  4.885e-15  6.631e-29  2.051e-18  7.332e-18  4.079e-09  9.554e-08  5.569e-16  1.604e-11
-1.06240e+12  1.85357e+14  4.09469e+13  1.89829e+14  3.04100e+06  3.79800e+02  1.09600e+00  2.44300e+03  1.493e-04  2.013e-05  3.249e-21  6.454e-12  1.807e-14  2.426e-18  2.625e-06  8.666e-22  1.062e-08  4.763e-12  1.839e-22  3.433e-09  4.421e-09  2.593e-29  1.153e-05  4.545e-09  4.267e-12  3.309e-18  2.044e-08  4.391e-11  2.071e-09  2.776e-12  1.097e-15  2.653e-17  5.807e-20  3.959e-14  2.636e-14  1.675e-06  1.208e-06  2.149e-12  5.170e-15  2.595e-16  7.556e-17  1.941e-16  1.602e-17  3.309e-18  4.267e-12  4.044e-10  1.320e-07  5.581e-06  1.046e-04  9.744e-06  1.453e-06  1.566e-09  4.772e-10  1.763e-08  4.473e-14  1.072e-28  2.939e-17  8.166e-17  1.111e-08  1.178e-07  5.460e-15  4.552e-11
-4.67172e+12  2.08222e+14  5.18702e+13  2.14636e+14  1.65500e+06  2.94500e+02  8.83600e-01  2.44500e+03  1.493e-04  2.013e-05  3.257e-21  6.325e-12  1.818e-14  2.423e-18  2.603e-06  1.414e-21  1.054e-08  7.183e-12  3.632e-22  3.372e-09  4.263e-09  4.597e-29  1.140e-05  4.519e-09  1.013e-11  1.690e-17  2.971e-08  1.054e-10  2.319e-09  6.878e-12  3.590e-15  4.894e-17  1.820e-19  4.194e-14  5.741e-14  1.644e-06  1.195e-06  3.642e-12  9.891e-15  2.038e-16  9.640e-17  1.951e-16  1.586e-17  1.690e-17  1.013e-11  9.789e-10  1.325e-07  5.604e-06  1.048e-04  9.773e-06  1.540e-06  1.627e-09  6.411e-10  1.759e-08  2.934e-13  2.956e-28  1.931e-16  5.415e-16  2.627e-08  1.602e-07  2.434e-14  1.041e-10
-5.02965e+12  2.24452e+14  6.08187e+13  2.32601e+14  1.03300e+06  2.43400e+02  7.49500e-01  2.44600e+03  1.493e-04  2.013e-05  3.299e-21  6.175e-12  1.808e-14  2.424e-18  2.576e-06  3.072e-21  1.043e-08  1.138e-11  6.663e-22  3.294e-09  4.081e-09  8.335e-29  1.122e-05  4.483e-09  1.850e-11  6.941e-17  4.414e-08  1.958e-10  2.428e-09  1.069e-11  9.809e-15  1.135e-16  4.080e-19  6.015e-14  1.013e-13  1.601e-06  1.176e-06  5.323e-12  1.177e-14  1.472e-16  1.384e-16  1.986e-16  1.567e-17  6.941e-17  1.850e-11  2.303e-09  1.332e-07  5.639e-06  1.050e-04  9.810e-06  1.659e-06  1.704e-09  8.299e-10  1.751e-08  1.373e-12  8.245e-28  6.936e-16  2.237e-15  4.994e-08  2.211e-07  6.943e-14  1.908e-10
-2.44663e+12  2.31734e+14  6.61878e+13  2.41014e+14  7.32500e+05  2.17400e+02  6.93000e-01  2.44800e+03  1.493e-04  2.013e-05  3.368e-21  6.011e-12  1.780e-14  2.429e-18  2.547e-06  7.222e-21  1.030e-08  1.736e-11  1.188e-21  3.210e-09  3.885e-09  1.295e-28  1.102e-05  4.439e-09  2.781e-11  2.085e-16  6.046e-08  2.993e-10  2.372e-09  1.153e-11  2.159e-14  2.262e-16  6.795e-19  8.323e-14  1.497e-13  1.553e-06  1.155e-06  6.829e-12  1.016e-14  1.039e-16  2.052e-16  2.056e-16  1.547e-17  2.085e-16  2.781e-11  4.177e-09  1.342e-07  5.680e-06  1.053e-04  9.851e-06  1.790e-06  1.788e-09  1.031e-09  1.743e-08  3.926e-12  1.693e-27  1.462e-15  5.589e-15  7.782e-08  2.934e-07  1.277e-13  2.898e-10
8.31282e+09  2.29204e+14  6.72061e+13  2.38854e+14  6.74000e+05  1.24100e+03  6.23800e-01  2.45000e+03  1.493e-04  2.013e-05  8.735e-21  5.852e-12  6.732e-14  2.695e-18  2.522e-06  7.792e-20  1.014e-08  2.392e-11  3.505e-21  3.176e-09  4.015e-09  6.600e-28  1.079e-05  4.411e-09  3.399e-11  5.300e-16  5.016e-07  3.843e-10  3.693e-09  4.462e-11  8.945e-13  1.394e-13  6.766e-17  5.459e-12  2.137e-13  1.503e-06  1.132e-06  2.144e-09  2.289e-14  1.540e-16  5.563e-16  2.472e-16  1.639e-17  5.300e-16  3.399e-11  7.553e-09  1.353e-07  6.209e-06  1.052e-04  9.886e-06  1.927e-06  1.821e-09  9.021e-10  1.733e-08  1.174e-11  1.148e-25  7.650e-15  2.041e-14  1.109e-07  3.915e-07  1.881e-13  4.127e-10
-1.36942e+13  2.41362e+14  7.62162e+13  2.53480e+14  1.17400e+06  5.20700e+03  5.61000e-01  2.45100e+03  1.492e-04  2.012e-05  5.745e-13  3.200e-11  3.991e-09  6.142e-17  1.456e-05  2.847e-14  8.131e-09  3.772e-10  5.138e-17  2.878e-09  4.340e-09  9.391e-18  1.090e-05  4.384e-09  3.897e-11  1.777e-12  4.301e-05  1.186e-09  1.173e-08  3.688e-10  2.390e-09  5.786e-10  3.331e-11  1.267e-08  3.671e-10  2.481e-06  1.488e-06  3.103e-06  1.519e-13  7.312e-15  9.562e-12  7.419e-13  1.252e-16  1.777e-12  3.897e-11  3.167e-08  1.183e-07  8.550e-05  4.513e-05  5.379e-06  1.674e-06  2.119e-09  5.726e-10  1.729e-08  3.033e-11  6.188e-22  1.832e-12  6.921e-13  9.206e-08  4.584e-07  2.909e-13  3.927e-10
-3.94967e+13  2.68238e+14  8.80344e+13  2.85064e+14  1.71200e+06  5.24000e+03  5.07700e-01  2.45300e+03  1.491e-04  2.010e-05  1.496e-12  6.784e-11  2.955e-09  3.493e-16  1.812e-05  2.794e-13  6.973e-09  1.323e-09  1.482e-15  2.044e-09  4.479e-09  2.184e-16  1.110e-05  4.356e-09  4.242e-11  1.253e-11  3.671e-05  1.461e-09  1.478e-08  4.650e-10  4.512e-09  1.054e-09  9.814e-11  1.241e-08  7.027e-10  3.032e-06  2.240e-06  2.908e-06  1.963e-13  1.722e-14  1.799e-11  5.205e-12  5.552e-16  1.253e-11  4.242e-11  5.194e-08  1.096e-07  9.636e-05  4.303e-05  4.286e-06  1.376e-06  2.953e-09  4.246e-10  1.736e-08  4.793e-11  5.035e-22  2.700e-12  1.094e-12  6.507e-08  4.899e-07  4.291e-13  3.039e-10
-6.44289e+13  2.93510e+14  9.60263e+13  3.15468e+14  1.70300e+06  4.01300e+03  4.87300e-01  2.45400e+03  1.489e-04  2.010e-05  1.411e-12  5.928e-11  1.881e-09  7.248e-16  1.968e-05  5.554e-13  6.347e-09  1.716e-09  6.204e-15  1.794e-09  4.476e-09  2.799e-16  1.114e-05  4.329e-09  4.587e-11  2.494e-11  3.137e-05  1.465e-09  1.551e-08  4.495e-10  2.927e-09  7.654e-10  9.246e-11  6.896e-09  6.017e-10  3.321e-06  2.947e-06  1.699e-06  1.661e-13  1.503e-14  2.465e-11  1.123e-11  1.058e-15  2.494e-11  4.587e-11  4.663e-08  1.015e-07  1.014e-04  4.270e-05  4.506e-06  1.275e-06  3.204e-09  4.228e-10  1.741e-08  4.847e-11  2.565e-22  2.683e-12  1.188e-12  5.470e-08  4.941e-07  6.120e-13  2.625e-10
-8.82504e+13  3.19676e+14  1.04604e+14  3.47740e+14  1.59800e+06  3.38400e+03  4.74300e-01  2.45600e+03  1.487e-04  2.010e-05  9.921e-13  4.905e-11  1.014e-09  9.559e-16  2.058e-05  6.692e-13  5.963e-09  1.647e-09  1.195e-14  1.661e-09  4.435e-09  2.213e-16  1.110e-05  4.304e-09  4.971e-11  2.884e-11  2.740e-05  1.361e-09  1.572e-08  4.539e-10  1.689e-09  4.275e-10  6.073e-11  3.835e-09  4.485e-10  3.394e-06  3.519e-06  9.785e-07  1.518e-13  1.123e-14  2.100e-11  1.546e-11  1.350e-15  2.884e-11  4.971e-11  4.383e-08  9.654e-08  1.055e-04  4.258e-05  4.587e-06  1.267e-06  3.336e-09  4.636e-10  1.743e-08  4.645e-11  1.364e-22  2.462e-12  1.178e-12  5.393e-08  4.963e-07  7.790e-13  2.528e-10
-1.11239e+14  3.45904e+14  1.12473e+14  3.80360e+14  1.58500e+06  3.04000e+03  4.50400e-01  2.45800e+03  1.486e-04  2.010e-05  6.294e-13  4.038e-11  5.147e-10  1.065e-15  2.108e-05  6.933e-13  5.657e-09  1.487e-09  1.727e-14  1.564e-09  4.383e-09  1.580e-16  1.103e-05  4.277e-09  5.322e-11  2.739e-11  2.431e-05  1.254e-09  1.568e-08  4.626e-10  1.045e-09  2.398e-10  3.530e-11  2.249e-09  3.229e-10  3.359e-06  3.985e-06  5.735e-07  1.437e-13  8.259e-15  1.467e-11  1.781e-11  1.480e-15  2.739e-11  5.322e-11  4.410e-08  9.379e-08  1.091e-04  4.263e-05  4.567e-06  1.300e-06  3.433e-09  5.171e-10  1.742e-08  4.722e-11  7.691e-23  2.428e-12  1.236e-12  5.684e-08  5.019e-07  9.326e-13  2.540e-10
-1.35616e+14  3.75527e+14  1.19076e+14  4.16643e+14  1.51600e+06  2.73300e+03  4.17800e-01  2.45900e+03  1.484e-04  2.010e-05  4.071e-13  3.408e-11  2.704e-10  1.112e-15  2.137e-05  6.722e-13  5.417e-09  1.365e-09  2.171e-14  1.483e-09  4.321e-09  1.136e-16  1.091e-05  4.248e-09  5.745e-11  2.412e-11  2.169e-05  1.159e-09  1.552e-08  4.923e-10  6.875e-10  1.420e-10  1.995e-11  1.370e-09  2.338e-10  3.288e-06  4.332e-06  3.420e-07  1.408e-13  6.227e-15  1.041e-11  1.883e-11  1.518e-15  2.412e-11  5.745e-11  4.860e-08  9.353e-08  1.123e-04  4.292e-05  4.526e-06  1.371e-06  3.514e-09  5.800e-10  1.740e-08  5.589e-11  4.991e-23  2.758e-12  1.496e-12  6.297e-08  5.176e-07  1.174e-12  2.698e-10
-1.60733e+14  4.07927e+14  1.26358e+14  4.56296e+14  1.36900e+06  2.40200e+03  4.08600e-01  2.46100e+03  1.483e-04  2.009e-05  2.936e-13  3.012e-11  1.510e-10  1.133e-15  2.154e-05  6.338e-13  5.245e-09  1.306e-09  2.530e-14  1.412e-09  4.249e-09  8.638e-17  1.077e-05  4.218e-09  6.229e-11  2.081e-11  1.935e-05  1.079e-09  1.532e-08  4.906e-10  4.395e-10  8.373e-11  1.146e-11  8.518e-10  1.753e-10  3.222e-06  4.562e-06  2.059e-07  1.301e-13  4.774e-15  8.034e-12  1.911e-11  1.507e-15  2.081e-11  6.229e-11  5.471e-08  9.500e-08  1.151e-04  4.339e-05  4.497e-06  1.466e-06  3.584e-09  6.543e-10  1.737e-08  6.717e-11  3.448e-23  3.173e-12  1.843e-12  7.020e-08  5.417e-07  1.420e-12  2.896e-10
-1.84061e+14  4.40635e+14  1.34721e+14  4.96172e+14  1.21300e+06  2.09600e+03  4.00600e-01  2.46200e+03  1.481e-04  2.009e-05  2.363e-13  2.759e-11  8.912e-11  1.138e-15  2.158e-05  5.893e-13  5.109e-09  1.297e-09  2.823e-14  1.348e-09  4.164e-09  6.919e-17  1.061e-05  4.186e-09  6.789e-11  1.792e-11  1.732e-05  1.028e-09  1.510e-08  4.834e-10  2.681e-10  4.739e-11  6.753e-12  5.490e-10  1.368e-10  3.162e-06  4.695e-06  1.256e-07  1.183e-13  3.779e-15  6.493e-12  1.901e-11  1.468e-15  1.792e-11  6.789e-11  6.229e-08  9.782e-08  1.175e-04  4.401e-05  4.500e-06  1.579e-06  3.648e-09  7.406e-10  1.734e-08  8.300e-11  2.544e-23  3.728e-12  2.327e-12  7.868e-08  5.751e-07  1.713e-12  3.145e-10
-2.04766e+14  4.72109e+14  1.43422e+14  5.34215e+14  1.04200e+06  1.81000e+03  3.92900e-01  2.46400e+03  1.480e-04  2.009e-05  2.083e-13  2.588e-11  5.703e-11  1.136e-15  2.147e-05  5.435e-13  4.986e-09  1.325e-09  3.067e-14  1.288e-09  4.068e-09  5.789e-17  1.043e-05  4.154e-09  7.460e-11  1.562e-11  1.565e-05  1.011e-09  1.485e-08  4.750e-10  1.546e-10  2.551e-11  4.148e-12  3.748e-10  1.114e-10  3.105e-06  4.750e-06  7.864e-08  1.066e-13  3.067e-15  5.508e-12  1.872e-11  1.412e-15  1.562e-11  7.460e-11  7.145e-08  1.018e-07  1.196e-04  4.476e-05  4.543e-06  1.707e-06  3.708e-09  8.389e-10  1.730e-08  1.061e-10  2.051e-23  4.488e-12  3.021e-12  8.900e-08  6.189e-07  2.090e-12  3.480e-10
-2.23773e+14  5.02657e+14  1.52402e+14  5.70933e+14  8.73700e+05  1.57900e+03  3.81000e-01  2.46500e+03  1.479e-04  2.009e-05  1.931e-13  2.455e-11  3.980e-11  1.130e-15  2.125e-05  4.986e-13  4.860e-09  1.377e-09  3.275e-14  1.230e-09  3.963e-09  4.992e-17  1.022e-05  4.121e-09  8.276e-11  1.388e-11  1.436e-05  1.029e-09  1.455e-08  4.778e-10  8.932e-11  1.359e-11  2.694e-12  2.748e-10  9.413e-11  3.043e-06  4.740e-06  5.152e-08  9.724e-14  2.537e-15  4.821e-12  1.833e-11  1.348e-15  1.388e-11  8.276e-11  8.300e-08  1.069e-07  1.213e-04  4.565e-05  4.629e-06  1.850e-06  3.766e-09  9.461e-10  1.724e-08  1.430e-10  1.844e-23  5.654e-12  4.095e-12  1.023e-07  6.769e-07  2.608e-12  3.954e-10
-2.41948e+14  5.32279e+14  1.61258e+14  6.06518e+14  7.47600e+05  1.42800e+03  3.77100e-01  2.46700e+03  1.478e-04  2.008e-05  1.828e-13  2.339e-11  2.954e-11  1.120e-15  2.095e-05  4.565e-13  4.734e-09  1.449e-09  3.455e-14  1.175e-09  3.853e-09  4.380e-17  1.000e-05  4.087e-09  9.139e-11  1.256e-11  1.336e-05  1.065e-09  1.426e-08  4.647e-10  5.445e-11  7.512e-12  1.833e-12  2.136e-10  8.157e-11  2.981e-06  4.691e-06  3.527e-08  8.539e-14  2.098e-15  4.270e-12  1.791e-11  1.282e-15  1.256e-11  9.139e-11  9.537e-08  1.126e-07  1.229e-04  4.663e-05  4.744e-06  1.994e-06  3.820e-09  1.059e-09  1.718e-08  1.869e-10  1.710e-23  7.038e-12  5.389e-12  1.170e-07  7.460e-07  3.120e-12  4.460e-10
-2.59752e+14  5.61285e+14  1.69404e+14  6.41256e+14  6.58300e+05  1.32400e+03  3.70500e-01  2.46900e+03  1.478e-04  2.008e-05  1.747e-13  2.233e-11  2.284e-11  1.110e-15  2.062e-05  4.171e-13  4.607e-09  1.533e-09  3.616e-14  1.122e-09  3.738e-09  3.881e-17  9.783e-06  4.053e-09  1.002e-10  1.153e-11  1.255e-05  1.113e-09  1.397e-08  4.482e-10  3.515e-11  4.368e-12  1.290e-12  1.731e-10  7.187e-11  2.918e-06  4.616e-06  2.497e-08  7.391e-14  1.738e-15  3.812e-12  1.748e-11  1.215e-15  1.153e-11  1.002e-10  1.089e-07  1.189e-07  1.243e-04  4.768e-05  4.878e-06  2.137e-06  3.872e-09  1.176e-09  1.712e-08  2.406e-10  1.629e-23  8.678e-12  6.953e-12  1.332e-07  8.255e-07  3.654e-12  4.988e-10
-2.77094e+14  5.89364e+14  1.76748e+14  6.74812e+14  5.87100e+05  1.23900e+03  3.63700e-01  2.47000e+03  1.477e-04  2.008e-05  1.679e-13  2.132e-11  1.823e-11  1.098e-15  2.026e-05  3.804e-13  4.480e-09  1.626e-09  3.761e-14  1.071e-09  3.618e-09  3.460e-17  9.557e-06  4.017e-09  1.090e-10  1.071e-11  1.188e-05  1.168e-09  1.367e-08  4.275e-10  2.381e-11  2.665e-12  9.318e-13  1.450e-10  6.411e-11  2.854e-06  4.522e-06  1.816e-08  6.326e-14  1.442e-15  3.433e-12  1.703e-11  1.150e-15  1.071e-11  1.090e-10  1.236e-07  1.256e-07  1.255e-04  4.880e-05  5.027e-06  2.276e-06  3.922e-09  1.299e-09  1.706e-08  3.057e-10  1.588e-23  1.058e-11  8.826e-12  1.509e-07  9.145e-07  4.221e-12  5.536e-10
-2.93911e+14  6.17444e+14  1.83474e+14  7.08014e+14  5.20500e+05  1.15900e+03  3.63500e-01  2.47200e+03  1.477e-04  2.007e-05  1.620e-13  2.037e-11  1.499e-11  1.086e-15  1.988e-05  3.468e-13  4.354e-09  1.724e-09  3.891e-14  1.023e-09  3.494e-09  3.105e-17  9.332e-06  3.981e-09  1.177e-10  1.007e-11  1.133e-05  1.228e-09  1.338e-08  3.990e-10  1.676e-11  1.693e-12  6.914e-13  1.251e-10  5.786e-11  2.791e-06  4.416e-06  1.357e-08  5.325e-14  1.198e-15  3.126e-12  1.659e-11  1.087e-15  1.007e-11  1.177e-10  1.383e-07  1.326e-07  1.267e-04  4.994e-05  5.185e-06  2.408e-06  3.970e-09  1.425e-09  1.700e-08  3.791e-10  1.572e-23  1.260e-11  1.092e-11  1.694e-07  1.010e-06  4.789e-12  6.090e-10
-3.10111e+14  6.44598e+14  1.89831e+14  7.40075e+14  4.54600e+05  1.08000e+03  3.59600e-01  2.47300e+03  1.476e-04  2.007e-05  1.567e-13  1.947e-11  1.266e-11  1.074e-15  1.950e-05  3.159e-13  4.229e-09  1.819e-09  4.008e-14  9.764e-10  3.369e-09  2.802e-17  9.103e-06  3.945e-09  1.267e-10  9.594e-12  1.089e-05  1.294e-09  1.309e-08  3.797e-10  1.228e-11  1.117e-12  5.277e-13  1.107e-10  5.280e-11  2.726e-06  4.300e-06  1.042e-08  4.581e-14  1.006e-15  2.878e-12  1.616e-11  1.026e-15  9.594e-12  1.267e-10  1.539e-07  1.398e-07  1.278e-04  5.112e-05  5.350e-06  2.537e-06  4.016e-09  1.552e-09  1.693e-08  4.747e-10  1.619e-23  1.495e-11  1.353e-11  1.900e-07  1.116e-06  5.485e-12  6.725e-10
-3.25848e+14  6.71443e+14  1.96002e+14  7.71641e+14  3.92100e+05  1.00500e+03  3.51200e-01  2.47500e+03  1.476e-04  2.007e-05  1.516e-13  1.860e-11  1.091e-11  1.061e-15  1.910e-05  2.874e-13  4.103e-09  1.908e-09  4.114e-14  9.307e-10  3.244e-09  2.539e-17  8.865e-06  3.908e-09  1.365e-10  9.261e-12  1.054e-05  1.365e-09  1.279e-08  3.689e-10  9.417e-12  7.646e-13  4.144e-13  1.001e-10  4.868e-11  2.659e-06  4.173e-06  8.229e-09  4.036e-14  8.522e-16  2.674e-12  1.572e-11  9.670e-16  9.261e-12  1.365e-10  1.716e-07  1.475e-07  1.288e-04  5.234e-05  5.524e-06  2.662e-06  4.060e-09  1.680e-09  1.685e-08  6.061e-10  1.730e-23  1.791e-11  1.696e-11  2.138e-07  1.233e-06  6.392e-12  7.494e-10
-3.40967e+14  6.97980e+14  2.02081e+14  8.02666e+14  3.36600e+05  9.35800e+02  3.42800e-01  2.47700e+03  1.476e-04  2.006e-05  1.468e-13  1.777e-11  9.554e-12  1.048e-15  1.870e-05  2.612e-13  3.978e-09  1.992e-09  4.210e-14  8.861e-10  3.120e-09  2.308e-17  8.620e-06  3.872e-09  1.470e-10  9.044e-12  1.028e-05  1.442e-09  1.248e-08  3.591e-10  7.595e-12  5.447e-13  3.340e-13  9.223e-11  4.528e-11  2.588e-06  4.040e-06  6.665e-09  3.571e-14  7.236e-16  2.499e-12  1.529e-11  9.097e-16  9.044e-12  1.470e-10  1.912e-07  1.557e-07  1.298e-04  5.360e-05  5.703e-06  2.784e-06  4.104e-09  1.807e-09  1.676e-08  7.780e-10  1.882e-23  2.155e-11  2.134e-11  2.411e-07  1.362e-06  7.495e-12  8.392e-10
-3.55470e+14  7.23591e+14  2.07975e+14  8.32584e+14  2.89900e+05  8.75100e+02  3.37100e-01  2.47800e+03  1.475e-04  2.006e-05  1.422e-13  1.698e-11  8.460e-12  1.035e-15  1.830e-05  2.372e-13  3.853e-09  2.069e-09  4.298e-14  8.430e-10  2.998e-09  2.104e-17  8.371e-06  3.836e-09  1.580e-10  8.914e-12  1.007e-05  1.522e-09  1.217e-08  3.466e-10  6.426e-12  4.038e-13  2.754e-13  8.619e-11  4.244e-11  2.515e-06  3.903e-06  5.521e-09  3.136e-14  6.149e-16  2.347e-12  1.487e-11  8.548e-16  8.914e-12  1.580e-10  2.123e-07  1.643e-07  1.307e-04  5.488e-05  5.885e-06  2.899e-06  4.146e-09  1.932e-09  1.666e-08  9.895e-10  2.056e-23  2.580e-11  2.662e-11  2.714e-07  1.502e-06  8.737e-12  9.384e-10
-3.69664e+14  7.48585e+14  2.13560e+14  8.61765e+14  2.51600e+05  8.23100e+02  3.36300e-01  2.48000e+03  1.475e-04  2.006e-05  1.378e-13  1.622e-11  7.555e-12  1.022e-15  1.791e-05  2.155e-13  3.732e-09  2.141e-09  4.378e-14  8.016e-10  2.878e-09  1.923e-17  8.124e-06  3.800e-09  1.691e-10  8.842e-12  9.907e-06  1.602e-09  1.187e-08  3.297e-10  5.660e-12  3.110e-13  2.313e-13  8.143e-11  4.003e-11  2.441e-06  3.765e-06  4.661e-09  2.719e-14  5.230e-16  2.210e-12  1.446e-11  8.029e-16  8.842e-12  1.691e-10  2.337e-07  1.729e-07  1.315e-04  5.616e-05  6.065e-06  3.005e-06  4.186e-09  2.055e-09  1.656e-08  1.232e-09  2.230e-23  3.050e-11  3.259e-11  3.038e-07  1.651e-06  1.003e-11  1.042e-09
-3.83550e+14  7.72962e+14  2.18775e+14  8.90193e+14  2.20400e+05  7.78800e+02  3.31100e-01  2.48100e+03  1.475e-04  2.005e-05  1.334e-13  1.549e-11  6.781e-12  1.008e-15  1.752e-05  1.957e-13  3.613e-09  2.206e-09  4.451e-14  7.618e-10  2.760e-09  1.760e-17  7.876e-06  3.765e-09  1.804e-10  8.818e-12  9.782e-06  1.682e-09  1.157e-08  3.174e-10  5.146e-12  2.479e-13  1.974e-13  7.760e-11  3.794e-11  2.367e-06  3.628e-06  3.998e-09  2.388e-14  4.479e-16  2.085e-12  1.405e-11  7.533e-16  8.818e-12  1.804e-10  2.564e-07  1.818e-07  1.323e-04  5.744e-05  6.244e-06  3.102e-06  4.224e-09  2.175e-09  1.645e-08  1.525e-09  2.427e-23  3.573e-11  3.950e-11  3.390e-07  1.809e-06  1.147e-11  1.153e-09
-3.97127e+14  7.97031e+14  2.23496e+14  9.18105e+14  1.95100e+05  7.41100e+02  3.28900e-01  2.48300e+03  1.475e-04  2.005e-05  1.292e-13  1.479e-11  6.110e-12  9.949e-16  1.713e-05  1.778e-13  3.496e-09  2.264e-09  4.519e-14  7.237e-10  2.645e-09  1.613e-17  7.631e-06  3.729e-09  1.917e-10  8.826e-12  9.683e-06  1.762e-09  1.128e-08  3.035e-10  4.792e-12  2.037e-13  1.706e-13  7.444e-11  3.610e-11  2.293e-06  3.492e-06  3.474e-09  2.084e-14  3.841e-16  1.969e-12  1.366e-11  7.065e-16  8.826e-12  1.917e-10  2.795e-07  1.907e-07  1.331e-04  5.872e-05  6.418e-06  3.190e-06  4.261e-09  2.292e-09  1.634e-08  1.860e-09  2.628e-23  4.155e-11  4.731e-11  3.764e-07  1.974e-06  1.298e-11  1.269e-09
-4.10395e+14  8.20173e+14  2.27723e+14  9.44969e+14  1.75100e+05  7.11400e+02  3.23100e-01  2.48500e+03  1.475e-04  2.005e-05  1.251e-13  1.412e-11  5.516e-12  9.815e-16  1.675e-05  1.613e-13  3.382e-09  2.317e-09  4.580e-14  6.870e-10  2.533e-09  1.478e-17  7.387e-06  3.693e-09  2.030e-10  8.856e-12  9.605e-06  1.842e-09  1.100e-08  2.930e-10  4.540e-12  1.719e-13  1.489e-13  7.177e-11  3.446e-11  2.218e-06  3.357e-06  3.051e-09  1.836e-14  3.312e-16  1.859e-12  1.327e-11  6.619e-16  8.856e-12  2.030e-10  3.042e-07  2.000e-07  1.339e-04  6.000e-05  6.589e-06  3.269e-06  4.296e-09  2.407e-09  1.623e-08  2.254e-09  2.840e-23  4.807e-11  5.620e-11  4.165e-07  2.148e-06  1.462e-11  1.389e-09
-4.23664e+14  8.43316e+14  2.31549e+14  9.71744e+14  1.62000e+05  7.02100e+02  3.20100e-01  2.48600e+03  1.475e-04  2.004e-05  1.211e-13  1.347e-11  4.982e-12  9.682e-16  1.637e-05  1.463e-13  3.270e-09  2.367e-09  4.636e-14  6.520e-10  2.425e-09  1.356e-17  7.147e-06  3.656e-09  2.139e-10  8.889e-12  9.536e-06  1.919e-09  1.072e-08  2.829e-10  4.352e-12  1.497e-13  1.307e-13  6.943e-11  3.295e-11  2.144e-06  3.225e-06  2.697e-09  1.606e-14  2.859e-16  1.755e-12  1.289e-11  6.197e-16  8.889e-12  2.139e-10  3.295e-07  2.095e-07  1.346e-04  6.127e-05  6.754e-06  3.337e-06  4.329e-09  2.518e-09  1.611e-08  2.685e-09  3.045e-23  5.580e-11  6.612e-11  4.581e-07  2.328e-06  1.623e-11  1.510e-09
-4.36932e+14  8.66150e+14  2.35375e+14  9.98262e+14  1.58400e+05  7.48200e+02  3.17800e-01  2.48800e+03  1.474e-04  2.004e-05  1.171e-13  1.285e-11  4.489e-12  9.550e-16  1.600e-05  1.327e-13  3.161e-09  2.417e-09  4.685e-14  6.189e-10  2.322e-09  1.242e-17  6.915e-06  3.619e-09  2.237e-10  8.903e-12  9.465e-06  1.991e-09  1.047e-08  2.801e-10  4.202e-12  1.387e-13  1.145e-13  6.734e-11  3.150e-11  2.073e-06  3.098e-06  2.390e-09  1.416e-14  2.490e-16  1.653e-12  1.252e-11  5.799e-16  8.903e-12  2.237e-10  3.554e-07  2.191e-07  1.354e-04  6.252e-05  6.913e-06  3.392e-06  4.361e-09  2.623e-09  1.601e-08  3.133e-09  3.235e-23  6.612e-11  7.709e-11  4.999e-07  2.514e-06  1.764e-11  1.623e-09
-4.51435e+14  8.90527e+14  2.40158e+14  1.02689e+15  1.65300e+05  8.55800e+02  3.09200e-01  2.48900e+03  1.474e-04  2.003e-05  1.132e-13  1.224e-11  4.010e-12  9.418e-16  1.563e-05  1.201e-13  3.054e-09  2.472e-09  4.724e-14  5.876e-10  2.226e-09  1.134e-17  6.689e-06  3.581e-09  2.318e-10  8.872e-12  9.380e-06  2.057e-09  1.023e-08  2.863e-10  4.120e-12  1.420e-13  9.925e-14  6.540e-11  3.005e-11  2.005e-06  2.973e-06  2.112e-09  1.273e-14  2.187e-16  1.548e-12  1.215e-11  5.419e-16  8.872e-12  2.318e-10  3.836e-07  2.295e-07  1.361e-04  6.377e-05  7.066e-06  3.435e-06  4.391e-09  2.721e-09  1.591e-08  3.598e-09  3.394e-23  8.019e-11  8.935e-11  5.416e-07  2.707e-06  1.877e-11  1.726e-09
-4.67480e+14  9.16755e+14  2.46823e+14  1.05825e+15  1.77900e+05  9.58000e+02  2.99500e-01  2.49100e+03  1.474e-04  2.003e-05  1.092e-13  1.163e-11  3.542e-12  9.285e-16  1.526e-05  1.085e-13  2.950e-09  2.539e-09  4.754e-14  5.585e-10  2.133e-09  1.030e-17  6.471e-06  3.539e-09  2.379e-10  8.783e-12  9.271e-06  2.114e-09  9.988e-09  2.833e-10  4.277e-12  1.571e-13  8.471e-14  6.356e-11  2.856e-11  1.939e-06  2.850e-06  1.863e-09  1.113e-14  1.892e-16  1.437e-12  1.179e-11  5.054e-16  8.783e-12  2.379e-10  4.142e-07  2.405e-07  1.369e-04  6.503e-05  7.215e-06  3.465e-06  4.420e-09  2.817e-09  1.583e-08  4.050e-09  3.448e-23  9.620e-11  1.023e-10  5.822e-07  2.905e-06  1.952e-11  1.811e-09
-4.84760e+14  9.44834e+14  2.55710e+14  1.09229e+15  1.89400e+05  1.01300e+03  2.95900e-01  2.49300e+03  1.474e-04  2.002e-05  1.053e-13  1.103e-11  3.105e-12  9.154e-16  1.489e-05  9.783e-14  2.848e-09  2.617e-09  4.774e-14  5.317e-10  2.039e-09  9.326e-18  6.265e-06  3.495e-09  2.420e-10  8.635e-12  9.137e-06  2.164e-09  9.746e-09  2.668e-10  4.731e-12  1.784e-13  7.125e-14  6.176e-11  2.705e-11  1.878e-06  2.733e-06  1.645e-09  9.344e-15  1.613e-16  1.327e-12  1.144e-11  4.711e-16  8.635e-12  2.420e-10  4.452e-07  2.519e-07  1.377e-04  6.627e-05  7.358e-06  3.485e-06  4.446e-09  2.912e-09  1.577e-08  4.450e-09  3.391e-23  1.110e-10  1.144e-10  6.198e-07  3.101e-06  1.988e-11  1.876e-09
-5.03274e+14  9.74766e+14  2.66479e+14  1.12892e+15  1.95500e+05  1.03000e+03  2.94400e-01  2.49400e+03  1.474e-04  2.002e-05  1.014e-13  1.045e-11  2.713e-12  9.025e-16  1.453e-05  8.817e-14  2.751e-09  2.703e-09  4.784e-14  5.067e-10  1.944e-09  8.428e-18  6.071e-06  3.448e-09  2.447e-10  8.447e-12  8.986e-06  2.207e-09  9.506e-09  2.479e-10  5.259e-12  2.011e-13  5.935e-14  6.001e-11  2.557e-11  1.820e-06  2.620e-06  1.457e-09  7.842e-15  1.377e-16  1.222e-12  1.109e-11  4.390e-16  8.447e-12  2.447e-10  4.759e-07  2.633e-07  1.385e-04  6.749e-05  7.496e-06  3.498e-06  4.471e-09  3.009e-09  1.572e-08  4.829e-09  3.317e-23  1.233e-10  1.252e-10  6.550e-07  3.292e-06  2.004e-11  1.927e-09
-5.22405e+14  1.00562e+15  2.78544e+14  1.16695e+15  1.96000e+05  1.02600e+03  2.90300e-01  2.49600e+03  1.474e-04  2.001e-05  9.767e-14  9.882e-12  2.368e-12  8.897e-16  1.417e-05  7.933e-14  2.655e-09  2.791e-09  4.787e-14  4.829e-10  1.850e-09  7.608e-18  5.883e-06  3.400e-09  2.465e-10  8.241e-12  8.826e-06  2.246e-09  9.269e-09  2.338e-10  5.655e-12  2.199e-13  4.922e-14  5.830e-11  2.414e-11  1.763e-06  2.510e-06  1.294e-09  6.754e-15  1.186e-16  1.125e-12  1.076e-11  4.087e-16  8.241e-12  2.465e-10  5.072e-07  2.750e-07  1.393e-04  6.870e-05  7.629e-06  3.506e-06  4.495e-09  3.106e-09  1.568e-08  5.261e-09  3.308e-23  1.341e-10  1.360e-10  6.900e-07  3.482e-06  2.026e-11  1.976e-09
-5.41845e+14  1.03679e+15  2.91566e+14  1.20563e+15  1.92000e+05  1.01200e+03  2.85400e-01  2.49700e+03  1.474e-04  2.001e-05  9.401e-14  9.337e-12  2.067e-12  8.768e-16  1.381e-05  7.127e-14  2.562e-09  2.877e-09  4.783e-14  4.601e-10  1.757e-09  6.866e-18  5.701e-06  3.350e-09  2.481e-10  8.036e-12  8.668e-06  2.283e-09  9.031e-09  2.239e-10  5.851e-12  2.311e-13  4.084e-14  5.667e-11  2.280e-11  1.707e-06  2.404e-06  1.151e-09  5.941e-15  1.030e-16  1.035e-12  1.043e-11  3.801e-16  8.036e-12  2.481e-10  5.398e-07  2.869e-07  1.401e-04  6.990e-05  7.757e-06  3.508e-06  4.517e-09  3.201e-09  1.563e-08  5.791e-09  3.373e-23  1.449e-10  1.480e-10  7.264e-07  3.672e-06  2.068e-11  2.029e-09
-5.61593e+14  1.06795e+15  3.05297e+14  1.24464e+15  1.85000e+05  9.90900e+02  2.83800e-01  2.49900e+03  1.473e-04  2.000e-05  9.049e-14  8.818e-12  1.809e-12  8.641e-16  1.346e-05  6.397e-14  2.472e-09  2.958e-09  4.773e-14  4.382e-10  1.668e-09  6.200e-18  5.523e-06  3.300e-09  2.496e-10  7.838e-12  8.514e-06  2.319e-09  8.793e-09  2.156e-10  5.855e-12  2.334e-13  3.401e-14  5.510e-11  2.155e-11  1.651e-06  2.301e-06  1.027e-09  5.254e-15  8.964e-17  9.546e-13  1.011e-11  3.534e-16  7.838e-12  2.496e-10  5.727e-07  2.990e-07  1.408e-04  7.109e-05  7.879e-06  3.506e-06  4.539e-09  3.292e-09  1.558e-08  6.403e-09  3.477e-23  1.568e-10  1.616e-10  7.642e-07  3.861e-06  2.126e-11  2.088e-09
-5.81033e+14  1.09850e+15  3.19676e+14  1.28316e+15  1.76200e+05  9.65100e+02  2.83900e-01  2.50100e+03  1.473e-04  2.000e-05  8.711e-14  8.326e-12  1.589e-12  8.516e-16  1.311e-05  5.741e-14  2.384e-09  3.031e-09  4.760e-14  4.172e-10  1.583e-09  5.607e-18  5.350e-06  3.251e-09  2.512e-10  7.652e-12  8.366e-06  2.354e-09  8.559e-09  2.087e-10  5.708e-12  2.275e-13  2.849e-14  5.361e-11  2.041e-11  1.596e-06  2.201e-06  9.194e-10  4.675e-15  7.829e-17  8.822e-13  9.805e-12  3.286e-16  7.652e-12  2.512e-10  6.052e-07  3.110e-07  1.416e-04  7.226e-05  7.995e-06  3.500e-06  4.559e-09  3.379e-09  1.552e-08  7.093e-09  3.601e-23  1.697e-10  1.768e-10  8.035e-07  4.050e-06  2.198e-11  2.154e-09
-6.00781e+14  1.12874e+15  3.34179e+14  1.32162e+15  1.66700e+05  9.37400e+02  2.74900e-01  2.50200e+03  1.473e-04  1.999e-05  8.382e-14  7.855e-12  1.397e-12  8.389e-16  1.277e-05  5.141e-14  2.297e-09  3.095e-09  4.745e-14  3.966e-10  1.501e-09  5.071e-18  5.177e-06  3.201e-09  2.532e-10  7.485e-12  8.231e-06  2.389e-09  8.322e-09  2.072e-10  5.477e-12  2.157e-13  2.405e-14  5.219e-11  1.934e-11  1.540e-06  2.104e-06  8.250e-10  4.295e-15  6.899e-17  8.162e-13  9.501e-12  3.050e-16  7.485e-12  2.532e-10  6.409e-07  3.237e-07  1.424e-04  7.343e-05  8.106e-06  3.489e-06  4.579e-09  3.462e-09  1.545e-08  7.976e-09  3.789e-23  1.844e-10  1.947e-10  8.474e-07  4.244e-06  2.308e-11  2.236e-09
-6.20838e+14  1.15836e+15  3.48990e+14  1.35979e+15  1.57300e+05  9.10400e+02  2.72200e-01  2.50400e+03  1.473e-04  1.999e-05  8.063e-14  7.408e-12  1.232e-12  8.264e-16  1.243e-05  4.600e-14  2.213e-09  3.150e-09  4.728e-14  3.767e-10  1.424e-09  4.591e-18  5.007e-06  3.152e-09  2.555e-10  7.334e-12  8.104e-06  2.424e-09  8.086e-09  2.050e-10  5.218e-12  2.008e-13  2.047e-14  5.084e-11  1.837e-11  1.483e-06  2.009e-06  7.429e-10  3.900e-15  6.063e-17  7.564e-13  9.205e-12  2.829e-16  7.334e-12  2.555e-10  6.775e-07  3.366e-07  1.431e-04  7.459e-05  8.212e-06  3.473e-06  4.597e-09  3.542e-09  1.537e-08  8.972e-09  3.994e-23  2.014e-10  2.154e-10  8.940e-07  4.439e-06  2.433e-11  2.327e-09
-6.40587e+14  1.18737e+15  3.64110e+14  1.39742e+15  1.48400e+05  8.85800e+02  2.71600e-01  2.50500e+03  1.473e-04  1.998e-05  7.758e-14  6.985e-12  1.089e-12  8.140e-16  1.210e-05  4.116e-14  2.131e-09  3.197e-09  4.709e-14  3.576e-10  1.351e-09  4.163e-18  4.840e-06  3.103e-09  2.579e-10  7.195e-12  7.985e-06  2.458e-09  7.855e-09  2.029e-10  4.962e-12  1.850e-13  1.756e-14  4.957e-11  1.747e-11  1.428e-06  1.918e-06  6.718e-10  3.537e-15  5.333e-17  7.022e-13  8.918e-12  2.623e-16  7.195e-12  2.579e-10  7.141e-07  3.494e-07  1.438e-04  7.573e-05  8.310e-06  3.453e-06  4.615e-09  3.616e-09  1.529e-08  1.006e-08  4.191e-23  2.204e-10  2.382e-10  9.427e-07  4.635e-06  2.566e-11  2.424e-09
-6.60644e+14  1.21607e+15  3.79230e+14  1.43495e+15  1.40500e+05  8.63800e+02  2.71200e-01  2.50700e+03  1.473e-04  1.998e-05  7.464e-14  6.587e-12  9.641e-13  8.017e-16  1.178e-05  3.683e-14  2.052e-09  3.237e-09  4.689e-14  3.393e-10  1.282e-09  3.779e-18  4.679e-06  3.055e-09  2.604e-10  7.065e-12  7.872e-06  2.490e-09  7.628e-09  2.013e-10  4.724e-12  1.695e-13  1.518e-14  4.835e-11  1.664e-11  1.373e-06  1.830e-06  6.102e-10  3.213e-15  4.700e-17  6.528e-13  8.639e-12  2.432e-16  7.065e-12  2.604e-10  7.508e-07  3.622e-07  1.445e-04  7.685e-05  8.403e-06  3.430e-06  4.632e-09  3.687e-09  1.520e-08  1.123e-08  4.383e-23  2.412e-10  2.627e-10  9.932e-07  4.830e-06  2.705e-11  2.526e-09
-6.80392e+14  1.24384e+15  3.94350e+14  1.47159e+15  1.33500e+05  8.43800e+02  2.68200e-01  2.50800e+03  1.473e-04  1.997e-05  7.180e-14  6.209e-12  8.548e-13  7.896e-16  1.147e-05  3.293e-14  1.975e-09  3.269e-09  4.667e-14  3.218e-10  1.217e-09  3.433e-18  4.520e-06  3.006e-09  2.630e-10  6.943e-12  7.764e-06  2.522e-09  7.405e-09  2.009e-10  4.511e-12  1.551e-13  1.322e-14  4.719e-11  1.586e-11  1.320e-06  1.746e-06  5.564e-10  2.944e-15  4.156e-17  6.072e-13  8.368e-12  2.254e-16  6.943e-12  2.630e-10  7.884e-07  3.753e-07  1.451e-04  7.795e-05  8.489e-06  3.402e-06  4.648e-09  3.753e-09  1.511e-08  1.253e-08  4.581e-23  2.637e-10  2.892e-10  1.046e-06  5.026e-06  2.854e-11  2.634e-09
-7.00449e+14  1.27161e+15  4.09161e+14  1.50832e+15  1.27200e+05  8.24800e+02  2.61300e-01  2.51000e+03  1.472e-04  1.996e-05  6.903e-14  5.848e-12  7.579e-13  7.774e-16  1.116e-05  2.940e-14  1.899e-09  3.293e-09  4.645e-14  3.048e-10  1.156e-09  3.119e-18  4.363e-06  2.958e-09  2.657e-10  6.830e-12  7.663e-06  2.553e-09  7.184e-09  2.021e-10  4.322e-12  1.419e-13  1.160e-14  4.609e-11  1.513e-11  1.266e-06  1.664e-06  5.093e-10  2.725e-15  3.687e-17  5.649e-13  8.103e-12  2.086e-16  6.830e-12  2.657e-10  8.287e-07  3.889e-07  1.458e-04  7.905e-05  8.569e-06  3.369e-06  4.663e-09  3.816e-09  1.501e-08  1.403e-08  4.803e-23  2.883e-10  3.184e-10  1.103e-06  5.225e-06  3.024e-11  2.751e-09
-7.20506e+14  1.29876e+15  4.23664e+14  1.54447e+15  1.21200e+05  8.05800e+02  2.60000e-01  2.51200e+03  1.472e-04  1.996e-05  6.635e-14  5.507e-12  6.727e-13  7.654e-16  1.085e-05  2.624e-14  1.826e-09  3.311e-09  4.621e-14  2.887e-10  1.098e-09  2.836e-18  4.210e-06  2.909e-09  2.684e-10  6.721e-12  7.565e-06  2.583e-09  6.968e-09  2.021e-10  4.157e-12  1.300e-13  1.024e-14  4.502e-11  1.445e-11  1.214e-06  1.585e-06  4.679e-10  2.491e-15  3.259e-17  5.260e-13  7.845e-12  1.929e-16  6.721e-12  2.684e-10  8.694e-07  4.025e-07  1.465e-04  8.012e-05  8.642e-06  3.334e-06  4.678e-09  3.876e-09  1.491e-08  1.562e-08  5.021e-23  3.151e-10  3.500e-10  1.161e-06  5.424e-06  3.195e-11  2.871e-09
-7.40254e+14  1.32592e+15  4.37858e+14  1.58043e+15  1.15400e+05  7.86200e+02  2.57000e-01  2.51300e+03  1.472e-04  1.995e-05  6.377e-14  5.184e-12  5.974e-13  7.534e-16  1.055e-05  2.340e-14  1.755e-09  3.323e-09  4.597e-14  2.732e-10  1.043e-09  2.580e-18  4.061e-06  2.861e-09  2.711e-10  6.617e-12  7.470e-06  2.612e-09  6.755e-09  2.028e-10  4.010e-12  1.192e-13  9.113e-15  4.400e-11  1.381e-11  1.163e-06  1.509e-06  4.316e-10  2.290e-15  2.889e-17  4.899e-13  7.594e-12  1.784e-16  6.617e-12  2.711e-10  9.110e-07  4.164e-07  1.471e-04  8.119e-05  8.710e-06  3.294e-06  4.692e-09  3.932e-09  1.480e-08  1.737e-08  5.236e-23  3.437e-10  3.838e-10  1.222e-06  5.622e-06  3.375e-11  2.996e-09
-7.60002e+14  1.35276e+15  4.52052e+14  1.61614e+15  1.09800e+05  7.65900e+02  2.50900e-01  2.51500e+03  1.472e-04  1.995e-05  6.124e-14  4.877e-12  5.304e-13  7.415e-16  1.026e-05  2.085e-14  1.685e-09  3.329e-09  4.572e-14  2.583e-10  9.911e-10  2.347e-18  3.914e-06  2.813e-09  2.739e-10  6.520e-12  7.380e-06  2.641e-09  6.546e-09  2.046e-10  3.881e-12  1.093e-13  8.167e-15  4.302e-11  1.321e-11  1.112e-06  1.435e-06  3.995e-10  2.125e-15  2.569e-17  4.563e-13  7.348e-12  1.647e-16  6.520e-12  2.739e-10  9.552e-07  4.308e-07  1.477e-04  8.224e-05  8.770e-06  3.251e-06  4.704e-09  3.985e-09  1.469e-08  1.935e-08  5.475e-23  3.742e-10  4.204e-10  1.286e-06  5.822e-06  3.573e-11  3.130e-09
-7.79751e+14  1.37930e+15  4.65629e+14  1.65145e+15  1.04200e+05  7.45100e+02  2.43700e-01  2.51600e+03  1.472e-04  1.994e-05  5.878e-14  4.585e-12  4.707e-13  7.296e-16  9.971e-06  1.854e-14  1.617e-09  3.327e-09  4.547e-14  2.439e-10  9.420e-10  2.135e-18  3.768e-06  2.765e-09  2.768e-10  6.430e-12  7.295e-06  2.669e-09  6.339e-09  2.073e-10  3.769e-12  1.004e-13  7.376e-15  4.207e-11  1.264e-11  1.062e-06  1.364e-06  3.711e-10  1.979e-15  2.289e-17  4.249e-13  7.108e-12  1.518e-16  6.430e-12  2.768e-10  1.003e-06  4.458e-07  1.483e-04  8.330e-05  8.824e-06  3.205e-06  4.717e-09  4.036e-09  1.457e-08  2.161e-08  5.748e-23  4.072e-10  4.606e-10  1.354e-06  6.024e-06  3.794e-11  3.272e-09
-7.99190e+14  1.40583e+15  4.79206e+14  1.68663e+15  9.88100e+04  7.24100e+02  2.41200e-01  2.51800e+03  1.472e-04  1.993e-05  5.641e-14  4.309e-12  4.178e-13  7.178e-16  9.688e-06  1.649e-14  1.551e-09  3.320e-09  4.522e-14  2.302e-10  8.956e-10  1.944e-18  3.627e-06  2.717e-09  2.798e-10  6.344e-12  7.213e-06  2.696e-09  6.136e-09  2.093e-10  3.672e-12  9.225e-14  6.710e-15  4.116e-11  1.211e-11  1.014e-06  1.295e-06  3.459e-10  1.827e-15  2.033e-17  3.958e-13  6.874e-12  1.398e-16  6.344e-12  2.798e-10  1.051e-06  4.611e-07  1.489e-04  8.433e-05  8.872e-06  3.155e-06  4.728e-09  4.083e-09  1.445e-08  2.408e-08  6.030e-23  4.428e-10  5.042e-10  1.424e-06  6.225e-06  4.023e-11  3.419e-09
-8.18630e+14  1.43237e+15  4.92166e+14  1.72165e+15  9.34700e+04  7.03100e+02  2.38600e-01  2.52000e+03  1.472e-04  1.993e-05  5.411e-14  4.049e-12  3.711e-13  7.061e-16  9.413e-06  1.465e-14  1.487e-09  3.308e-09  4.497e-14  2.171e-10  8.517e-10  1.771e-18  3.489e-06  2.670e-09  2.827e-10  6.263e-12  7.135e-06  2.722e-09  5.938e-09  2.117e-10  3.585e-12  8.487e-14  6.150e-15  4.028e-11  1.161e-11  9.663e-07  1.229e-06  3.236e-10  1.691e-15  1.810e-17  3.688e-13  6.647e-12  1.287e-16  6.263e-12  2.827e-10  1.100e-06  4.766e-07  1.495e-04  8.535e-05  8.913e-06  3.103e-06  4.739e-09  4.128e-09  1.432e-08  2.677e-08  6.315e-23  4.808e-10  5.508e-10  1.497e-06  6.425e-06  4.261e-11  3.571e-09
-8.37761e+14  1.45860e+15  5.05125e+14  1.75628e+15  8.82200e+04  6.82400e+02  2.35900e-01  2.52100e+03  1.471e-04  1.992e-05  5.190e-14  3.804e-12  3.296e-13  6.945e-16  9.143e-06  1.301e-14  1.426e-09  3.290e-09  4.472e-14  2.047e-10  8.104e-10  1.614e-18  3.354e-06  2.623e-09  2.858e-10  6.187e-12  7.059e-06  2.747e-09  5.745e-09  2.144e-10  3.509e-12  7.818e-14  5.678e-15  3.943e-11  1.114e-11  9.204e-07  1.166e-06  3.039e-10  1.569e-15  1.615e-17  3.436e-13  6.426e-12  1.184e-16  6.187e-12  2.858e-10  1.150e-06  4.922e-07  1.500e-04  8.635e-05  8.947e-06  3.049e-06  4.749e-09  4.170e-09  1.419e-08  2.972e-08  6.613e-23  5.212e-10  6.005e-10  1.573e-06  6.623e-06  4.512e-11  3.729e-09
-8.56893e+14  1.48514e+15  5.18085e+14  1.79118e+15  8.31200e+04  6.62100e+02  2.30000e-01  2.52300e+03  1.471e-04  1.991e-05  4.975e-14  3.572e-12  2.926e-13  6.829e-16  8.879e-06  1.155e-14  1.366e-09  3.267e-09  4.448e-14  1.927e-10  7.715e-10  1.471e-18  3.222e-06  2.576e-09  2.889e-10  6.117e-12  6.989e-06  2.772e-09  5.556e-09  2.182e-10  3.441e-12  7.214e-14  5.281e-15  3.861e-11  1.070e-11  8.754e-07  1.106e-06  2.862e-10  1.470e-15  1.448e-17  3.201e-13  6.211e-12  1.088e-16  6.117e-12  2.889e-10  1.203e-06  5.085e-07  1.506e-04  8.734e-05  8.974e-06  2.991e-06  4.758e-09  4.210e-09  1.405e-08  3.305e-08  6.946e-23  5.640e-10  6.539e-10  1.652e-06  6.823e-06  4.787e-11  3.895e-09
-8.76024e+14  1.51136e+15  5.30428e+14  1.82565e+15  7.81900e+04  6.42400e+02  2.29000e-01  2.52400e+03  1.471e-04  1.990e-05  4.769e-14  3.355e-12  2.598e-13  6.715e-16  8.623e-06  1.025e-14  1.308e-09  3.239e-09  4.424e-14  1.814e-10  7.350e-10  1.342e-18  3.094e-06  2.531e-09  2.921e-10  6.051e-12  6.921e-06  2.795e-09  5.373e-09  2.215e-10  3.380e-12  6.671e-14  4.945e-15  3.782e-11  1.028e-11  8.321e-07  1.048e-06  2.705e-10  1.366e-15  1.295e-17  2.983e-13  6.002e-12  9.993e-17  6.051e-12  2.921e-10  1.257e-06  5.248e-07  1.511e-04  8.831e-05  8.994e-06  2.932e-06  4.766e-09  4.248e-09  1.391e-08  3.665e-08  7.298e-23  6.096e-10  7.108e-10  1.734e-06  7.020e-06  5.070e-11  4.065e-09
-8.94846e+14  1.53790e+15  5.42771e+14  1.86024e+15  7.34700e+04  6.23300e+02  2.27700e-01  2.52600e+03  1.471e-04  1.990e-05  4.570e-14  3.151e-12  2.308e-13  6.602e-16  8.374e-06  9.098e-15  1.252e-09  3.207e-09  4.401e-14  1.707e-10  7.006e-10  1.226e-18  2.970e-06  2.486e-09  2.952e-10  5.990e-12  6.856e-06  2.817e-09  5.195e-09  2.251e-10  3.323e-12  6.180e-14  4.659e-15  3.706e-11  9.884e-12  7.904e-07  9.925e-07  2.564e-10  1.273e-15  1.162e-17  2.780e-13  5.800e-12  9.176e-17  5.990e-12  2.952e-10  1.310e-06  5.411e-07  1.516e-04  8.926e-05  9.008e-06  2.872e-06  4.774e-09  4.283e-09  1.377e-08  4.055e-08  7.656e-23  6.577e-10  7.709e-10  1.817e-06  7.214e-06  5.363e-11  4.240e-09
-9.13361e+14  1.56413e+15  5.54805e+14  1.89434e+15  6.89900e+04  6.05000e+02  2.23400e-01  2.52800e+03  1.470e-04  1.989e-05  4.379e-14  2.959e-12  2.049e-13  6.490e-16  8.130e-06  8.070e-15  1.198e-09  3.170e-09  4.378e-14  1.605e-10  6.684e-10  1.119e-18  2.849e-06  2.441e-09  2.984e-10  5.934e-12  6.795e-06  2.839e-09  5.021e-09  2.294e-10  3.271e-12  5.739e-14  4.417e-15  3.633e-11  9.510e-12  7.498e-07  9.396e-07  2.437e-10  1.195e-15  1.047e-17  2.590e-13  5.603e-12  8.417e-17  5.934e-12  2.984e-10  1.366e-06  5.579e-07  1.521e-04  9.020e-05  9.015e-06  2.809e-06  4.781e-09  4.316e-09  1.361e-08  4.486e-08  8.041e-23  7.083e-10  8.345e-10  1.904e-06  7.408e-06  5.678e-11  4.422e-09
-9.32183e+14  1.59067e+15  5.66530e+14  1.92877e+15  6.47700e+04  5.87600e+02  2.17400e-01  2.52900e+03  1.470e-04  1.988e-05  4.192e-14  2.777e-12  1.817e-13  6.378e-16  7.891e-06  7.150e-15  1.146e-09  3.129e-09  4.356e-14  1.508e-10  6.381e-10  1.022e-18  2.730e-06  2.398e-09  3.017e-10  5.883e-12  6.737e-06  2.860e-09  4.851e-09  2.346e-10  3.222e-12  5.343e-14  4.213e-15  3.562e-11  9.156e-12  7.104e-07  8.886e-07  2.322e-10  1.128e-15  9.462e-18  2.411e-13  5.411e-12  7.710e-17  5.883e-12  3.017e-10  1.425e-06  5.753e-07  1.526e-04  9.113e-05  9.016e-06  2.744e-06  4.787e-09  4.347e-09  1.346e-08  4.968e-08  8.469e-23  7.618e-10  9.022e-10  1.995e-06  7.601e-06  6.021e-11  4.613e-09
-9.50389e+14  1.61720e+15  5.77947e+14  1.96281e+15  6.08400e+04  5.71100e+02  2.15600e-01  2.53100e+03  1.470e-04  1.987e-05  4.013e-14  2.607e-12  1.611e-13  6.268e-16  7.659e-06  6.336e-15  1.095e-09  3.084e-09  4.334e-14  1.416e-10  6.097e-10  9.344e-19  2.615e-06  2.355e-09  3.049e-10  5.835e-12  6.682e-06  2.879e-09  4.686e-09  2.394e-10  3.175e-12  4.988e-14  4.038e-15  3.494e-11  8.820e-12  6.726e-07  8.402e-07  2.218e-10  1.057e-15  8.533e-18  2.245e-13  5.225e-12  7.059e-17  5.835e-12  3.049e-10  1.484e-06  5.929e-07  1.531e-04  9.204e-05  9.010e-06  2.678e-06  4.793e-09  4.376e-09  1.330e-08  5.490e-08  8.925e-23  8.184e-10  9.741e-10  2.087e-06  7.792e-06  6.376e-11  4.807e-09
-9.68903e+14  1.64405e+15  5.89364e+14  1.99725e+15  5.72100e+04  5.55700e+02  2.13400e-01  2.53200e+03  1.470e-04  1.986e-05  3.841e-14  2.448e-12  1.429e-13  6.159e-16  7.434e-06  5.613e-15  1.046e-09  3.036e-09  4.312e-14  1.329e-10  5.830e-10  8.543e-19  2.504e-06  2.312e-09  3.081e-10  5.789e-12  6.628e-06  2.898e-09  4.526e-09  2.443e-10  3.130e-12  4.668e-14  3.886e-15  3.429e-11  8.501e-12  6.363e-07  7.941e-07  2.123e-10  9.911e-16  7.711e-18  2.090e-13  5.045e-12  6.459e-17  5.789e-12  3.081e-10  1.545e-06  6.107e-07  1.536e-04  9.293e-05  8.998e-06  2.611e-06  4.798e-09  4.403e-09  1.313e-08  6.054e-08  9.394e-23  8.782e-10  1.050e-09  2.182e-06  7.980e-06  6.744e-11  5.006e-09
-9.87108e+14  1.67059e+15  6.00164e+14  2.03112e+15  5.38900e+04  5.41300e+02  2.11000e-01  2.53400e+03  1.469e-04  1.986e-05  3.676e-14  2.298e-12  1.266e-13  6.051e-16  7.214e-06  4.973e-15  9.997e-10  2.986e-09  4.291e-14  1.247e-10  5.580e-10  7.813e-19  2.397e-06  2.271e-09  3.112e-10  5.746e-12  6.576e-06  2.915e-09  4.371e-09  2.494e-10  3.085e-12  4.382e-14  3.754e-15  3.366e-11  8.197e-12  6.016e-07  7.501e-07  2.035e-10  9.306e-16  6.980e-18  1.945e-13  4.870e-12  5.907e-17  5.746e-12  3.112e-10  1.606e-06  6.287e-07  1.540e-04  9.380e-05  8.980e-06  2.543e-06  4.802e-09  4.429e-09  1.297e-08  6.662e-08  9.877e-23  9.412e-10  1.129e-09  2.279e-06  8.164e-06  7.125e-11  5.208e-09
-1.00531e+15  1.69743e+15  6.11273e+14  2.06533e+15  5.08900e+04  5.28100e+02  2.04800e-01  2.53600e+03  1.469e-04  1.985e-05  3.515e-14  2.156e-12  1.121e-13  5.943e-16  6.999e-06  4.400e-15  9.543e-10  2.932e-09  4.270e-14  1.169e-10  5.344e-10  7.144e-19  2.292e-06  2.230e-09  3.143e-10  5.705e-12  6.527e-06  2.931e-09  4.220e-09  2.553e-10  3.040e-12  4.125e-14  3.640e-15  3.304e-11  7.906e-12  5.681e-07  7.080e-07  1.955e-10  8.805e-16  6.350e-18  1.809e-13  4.700e-12  5.393e-17  5.705e-12  3.143e-10  1.671e-06  6.475e-07  1.545e-04  9.467e-05  8.955e-06  2.474e-06  4.806e-09  4.453e-09  1.279e-08  7.334e-08  1.039e-22  1.008e-09  1.213e-09  2.380e-06  8.348e-06  7.534e-11  5.418e-09
-1.02321e+15  1.72428e+15  6.21764e+14  2.09921e+15  4.82100e+04  5.16000e+02  2.03300e-01  2.53700e+03  1.468e-04  1.984e-05  3.361e-14  2.024e-12  9.914e-14  5.837e-16  6.790e-06  3.894e-15  9.107e-10  2.877e-09  4.249e-14  1.096e-10  5.122e-10  6.534e-19  2.191e-06  2.190e-09  3.172e-10  5.664e-12  6.478e-06  2.946e-09  4.073e-09  2.608e-10  2.997e-12  3.895e-14  3.538e-15  3.245e-11  7.627e-12  5.362e-07  6.680e-07  1.880e-10  8.255e-16  5.751e-18  1.682e-13  4.534e-12  4.922e-17  5.664e-12  3.172e-10  1.736e-06  6.664e-07  1.549e-04  9.552e-05  8.926e-06  2.405e-06  4.809e-09  4.476e-09  1.262e-08  8.051e-08  1.093e-22  1.078e-09  1.301e-09  2.482e-06  8.527e-06  7.950e-11  5.630e-09
-1.04142e+15  1.75112e+15  6.32564e+14  2.13333e+15  4.58400e+04  5.05400e+02  2.01300e-01  2.53900e+03  1.468e-04  1.983e-05  3.213e-14  1.899e-12  8.768e-14  5.732e-16  6.587e-06  3.445e-15  8.688e-10  2.820e-09  4.228e-14  1.027e-10  4.914e-10  5.977e-19  2.094e-06  2.151e-09  3.199e-10  5.623e-12  6.429e-06  2.960e-09  3.931e-09  2.663e-10  2.953e-12  3.689e-14  3.446e-15  3.188e-11  7.360e-12  5.059e-07  6.301e-07  1.811e-10  7.746e-16  5.217e-18  1.563e-13  4.375e-12  4.490e-17  5.623e-12  3.199e-10  1.803e-06  6.855e-07  1.553e-04  9.635e-05  8.891e-06  2.336e-06  4.812e-09  4.497e-09  1.245e-08  8.816e-08  1.148e-22  1.152e-09  1.393e-09  2.585e-06  8.703e-06  8.374e-11  5.843e-09
-1.05931e+15  1.77797e+15  6.43055e+14  2.16722e+15  4.37700e+04  4.96000e+02  1.98000e-01  2.54000e+03  1.468e-04  1.982e-05  3.070e-14  1.781e-12  7.748e-14  5.629e-16  6.389e-06  3.047e-15  8.285e-10  2.762e-09  4.206e-14  9.617e-11  4.717e-10  5.468e-19  2.001e-06  2.111e-09  3.225e-10  5.582e-12  6.380e-06  2.972e-09  3.793e-09  2.720e-10  2.909e-12  3.504e-14  3.362e-15  3.132e-11  7.104e-12  4.771e-07  5.939e-07  1.747e-10  7.283e-16  4.740e-18  1.453e-13  4.219e-12  4.093e-17  5.582e-12  3.225e-10  1.871e-06  7.051e-07  1.557e-04  9.717e-05  8.852e-06  2.267e-06  4.814e-09  4.517e-09  1.227e-08  9.636e-08  1.204e-22  1.230e-09  1.489e-09  2.690e-06  8.875e-06  8.810e-11  6.058e-09
-1.07752e+15  1.80481e+15  6.53238e+14  2.20116e+15  4.19900e+04  4.88200e+02  1.93800e-01  2.54200e+03  1.467e-04  1.981e-05  2.933e-14  1.671e-12  6.839e-14  5.526e-16  6.195e-06  2.693e-15  7.897e-10  2.703e-09  4.184e-14  9.002e-11  4.532e-10  5.000e-19  1.910e-06  2.073e-09  3.249e-10  5.540e-12  6.331e-06  2.983e-09  3.659e-09  2.779e-10  2.865e-12  3.338e-14  3.284e-15  3.078e-11  6.856e-12  4.496e-07  5.595e-07  1.686e-10  6.857e-16  4.311e-18  1.349e-13  4.069e-12  3.726e-17  5.540e-12  3.249e-10  1.941e-06  7.251e-07  1.561e-04  9.798e-05  8.807e-06  2.198e-06  4.816e-09  4.536e-09  1.209e-08  1.052e-07  1.261e-22  1.313e-09  1.590e-09  2.797e-06  9.043e-06  9.260e-11  6.276e-09
-1.09542e+15  1.83197e+15  6.63729e+14  2.23530e+15  4.04800e+04  4.81800e+02  1.93000e-01  2.54400e+03  1.467e-04  1.980e-05  2.801e-14  1.567e-12  6.036e-14  5.425e-16  6.007e-06  2.380e-15  7.525e-10  2.643e-09  4.162e-14  8.425e-11  4.357e-10  4.573e-19  1.824e-06  2.034e-09  3.270e-10  5.495e-12  6.280e-06  2.993e-09  3.530e-09  2.834e-10  2.821e-12  3.189e-14  3.209e-15  3.026e-11  6.617e-12  4.237e-07  5.270e-07  1.630e-10  6.414e-16  3.906e-18  1.252e-13  3.923e-12  3.391e-17  5.495e-12  3.270e-10  2.011e-06  7.452e-07  1.565e-04  9.877e-05  8.759e-06  2.131e-06  4.817e-09  4.554e-09  1.192e-08  1.144e-07  1.319e-22  1.401e-09  1.694e-09  2.904e-06  9.207e-06  9.706e-11  6.493e-09
-1.11331e+15  1.85912e+15  6.74221e+14  2.26944e+15  3.92200e+04  4.76700e+02  1.93100e-01  2.54500e+03  1.466e-04  1.979e-05  2.675e-14  1.469e-12  5.327e-14  5.325e-16  5.824e-06  2.104e-15  7.171e-10  2.584e-09  4.138e-14  7.885e-11  4.192e-10  4.184e-19  1.742e-06  1.996e-09  3.288e-10  5.447e-12  6.228e-06  3.001e-09  3.405e-09  2.887e-10  2.777e-12  3.056e-14  3.135e-15  2.975e-11  6.386e-12  3.993e-07  4.963e-07  1.576e-10  5.991e-16  3.536e-18  1.163e-13  3.783e-12  3.087e-17  5.447e-12  3.288e-10  2.080e-06  7.653e-07  1.569e-04  9.954e-05  8.708e-06  2.065e-06  4.818e-09  4.571e-09  1.174e-08  1.240e-07  1.376e-22  1.494e-09  1.803e-09  3.011e-06  9.364e-06  1.015e-10  6.708e-09
-1.13152e+15  1.88627e+15  6.84712e+14  2.30374e+15  3.81800e+04  4.72900e+02  1.91300e-01  2.54700e+03  1.466e-04  1.978e-05  2.554e-14  1.377e-12  4.699e-14  5.227e-16  5.647e-06  1.860e-15  6.831e-10  2.525e-09  4.115e-14  7.378e-11  4.037e-10  3.828e-19  1.663e-06  1.959e-09  3.303e-10  5.396e-12  6.175e-06  3.007e-09  3.284e-09  2.939e-10  2.733e-12  2.937e-14  3.063e-15  2.925e-11  6.163e-12  3.764e-07  4.673e-07  1.526e-10  5.613e-16  3.208e-18  1.080e-13  3.647e-12  2.808e-17  5.396e-12  3.303e-10  2.150e-06  7.855e-07  1.573e-04  1.003e-04  8.653e-06  2.000e-06  4.819e-09  4.587e-09  1.157e-08  1.341e-07  1.431e-22  1.593e-09  1.915e-09  3.118e-06  9.517e-06  1.058e-10  6.921e-09
-1.14972e+15  1.91374e+15  6.95203e+14  2.33828e+15  3.73200e+04  4.70000e+02  1.86900e-01  2.54800e+03  1.465e-04  1.977e-05  2.437e-14  1.291e-12  4.140e-14  5.130e-16  5.473e-06  1.643e-15  6.504e-10  2.465e-09  4.090e-14  6.900e-11  3.890e-10  3.500e-19  1.588e-06  1.921e-09  3.316e-10  5.342e-12  6.119e-06  3.013e-09  3.167e-09  2.994e-10  2.688e-12  2.830e-14  2.992e-15  2.877e-11  5.946e-12  3.546e-07  4.397e-07  1.478e-10  5.281e-16  2.918e-18  1.002e-13  3.515e-12  2.551e-17  5.342e-12  3.316e-10  2.222e-06  8.063e-07  1.577e-04  1.010e-04  8.595e-06  1.935e-06  4.819e-09  4.602e-09  1.140e-08  1.449e-07  1.486e-22  1.698e-09  2.032e-09  3.226e-06  9.666e-06  1.103e-10  7.135e-09
