# Collapse Model Output 
 
# Orich/ev_output/ev_4108961.dat in GNUPLOT format produced by evolve_output.pl 
 
X                 Y                 Z                 R                 DENSITY           TEMP              AV                TIME              CO                N2                CH4               NH3               H2S               HCP               H2O               C2H2              HCN               CS                SiC2              HCl               HF                C2H4              SiO               SiS               SiN               SiC               OH                CN                SiOH+             HCO+              CH                CH2               CH3               NH                NH2               SO                SO2               HS                HCNH+             NH4+              H2CO              H2CS              CH3CN             SiC               SiN               C                 N                 H                 O                 S                 Si                Cl                F                 P                 C+                N+                H+                O+                S+                Si+               Cl+               P+              
#  (CM)              (CM)              (CM)              (CM)              (CM-3)            (K)               (MAG)             (YR)              (wrt              Hnuc)           
 
5.77639e+13  5.14691e+13  -6.52004e+13  1.01177e+14  1.56900e+07  3.77400e+03  1.35400e+00  2.53400e+03  1.478e-04  2.005e-05  3.871e-11  3.930e-09  1.357e-09  3.973e-14  6.611e-05  5.153e-13  4.261e-10  2.360e-12  2.748e-14  4.428e-09  4.996e-09  6.593e-14  1.351e-06  3.282e-07  4.901e-12  2.725e-12  6.120e-06  5.297e-12  1.196e-09  4.507e-12  3.250e-11  1.658e-10  1.707e-10  3.787e-09  3.441e-09  1.181e-07  1.204e-05  1.341e-07  1.122e-13  1.568e-12  1.050e-11  7.901e-11  2.425e-14  2.725e-12  4.901e-12  9.765e-11  6.011e-09  9.317e-06  5.887e-07  2.094e-08  9.808e-09  5.720e-10  8.455e-13  1.780e-08  3.255e-16  6.972e-27  3.979e-18  7.894e-18  6.713e-12  2.972e-10  3.528e-16  2.365e-12
6.26393e+13  7.93328e+13  -7.86231e+13  1.28058e+14  1.70900e+07  3.69400e+03  1.04800e+00  2.53600e+03  1.478e-04  2.005e-05  3.767e-11  3.840e-09  1.302e-09  3.989e-14  6.612e-05  5.183e-13  4.265e-10  3.065e-12  2.770e-14  4.407e-09  4.995e-09  6.508e-14  1.357e-06  3.280e-07  5.036e-12  2.788e-12  6.110e-06  5.580e-12  1.675e-09  1.335e-11  4.087e-11  1.852e-10  1.723e-10  3.729e-09  3.424e-09  1.522e-07  1.200e-05  1.327e-07  1.813e-13  2.253e-12  1.138e-11  7.881e-11  2.409e-14  2.788e-12  5.036e-12  1.682e-10  6.444e-09  9.605e-06  6.219e-07  2.441e-08  1.339e-08  5.926e-10  1.277e-12  1.779e-08  1.382e-15  1.326e-26  1.323e-17  2.550e-17  1.537e-11  5.085e-10  1.145e-15  4.906e-12
6.29478e+13  1.10683e+14  -8.67693e+13  1.54085e+14  1.63400e+07  3.59900e+03  9.25900e-01  2.53700e+03  1.478e-04  2.005e-05  3.753e-11  3.666e-09  1.229e-09  4.055e-14  6.608e-05  5.318e-13  4.285e-10  4.793e-12  2.810e-14  4.377e-09  4.994e-09  6.369e-14  1.369e-06  3.278e-07  5.298e-12  2.906e-12  6.143e-06  6.036e-12  2.268e-09  2.209e-11  5.823e-11  2.355e-10  1.837e-10  3.682e-09  3.378e-09  1.988e-07  1.195e-05  1.324e-07  2.924e-13  2.943e-12  1.382e-11  7.856e-11  2.389e-14  2.906e-12  5.298e-12  2.949e-10  7.139e-09  1.006e-05  6.726e-07  3.040e-08  1.838e-08  6.231e-10  1.766e-12  1.777e-08  3.734e-15  2.129e-26  2.845e-17  5.766e-17  2.892e-11  7.034e-10  2.060e-15  7.033e-12
6.44907e+13  1.50180e+14  -9.19532e+13  1.87533e+14  1.36100e+07  3.02400e+03  8.24300e-01  2.53900e+03  1.477e-04  2.005e-05  3.396e-11  3.376e-09  9.703e-10  4.196e-14  6.674e-05  5.557e-13  4.322e-10  8.713e-12  2.872e-14  4.286e-09  4.992e-09  6.070e-14  1.386e-06  3.276e-07  5.693e-12  3.085e-12  5.376e-06  7.135e-12  2.971e-09  3.602e-11  7.404e-11  2.571e-10  1.842e-10  3.097e-09  3.203e-09  2.771e-07  1.187e-05  1.178e-07  4.226e-13  3.427e-12  1.886e-11  7.829e-11  2.366e-14  3.085e-12  5.693e-12  6.009e-10  8.576e-09  1.143e-05  7.991e-07  4.836e-08  2.658e-08  7.140e-10  2.753e-12  1.774e-08  1.166e-14  3.578e-26  5.629e-17  1.349e-16  6.672e-11  1.007e-09  4.358e-15  1.023e-11
6.68049e+13  1.96311e+14  -9.73531e+13  2.29082e+14  9.28800e+06  2.30500e+03  7.02400e-01  2.54000e+03  1.476e-04  2.005e-05  3.116e-11  3.215e-09  7.246e-10  4.375e-14  6.720e-05  5.792e-13  4.368e-10  1.851e-11  2.970e-14  4.172e-09  4.987e-09  5.739e-14  1.411e-06  3.272e-07  6.273e-12  3.348e-12  4.674e-06  1.130e-11  4.125e-09  7.290e-11  8.384e-11  2.357e-10  1.681e-10  2.579e-09  2.983e-09  4.133e-07  1.173e-05  9.846e-08  6.024e-13  4.048e-12  2.654e-11  7.780e-11  2.331e-14  3.348e-12  6.273e-12  1.766e-09  1.104e-08  1.291e-05  1.110e-06  7.239e-08  4.116e-08  8.273e-10  5.115e-12  1.769e-08  6.521e-14  8.216e-26  1.656e-16  4.478e-16  1.774e-10  1.778e-09  1.232e-14  1.833e-11
7.21123e+13  2.44879e+14  -1.02074e+14  2.74928e+14  6.41600e+06  1.77800e+03  5.78900e-01  2.54200e+03  1.476e-04  2.004e-05  2.964e-11  3.116e-09  5.744e-10  4.560e-14  6.701e-05  6.002e-13  4.386e-10  4.290e-11  3.105e-14  4.043e-09  4.980e-09  5.415e-14  1.443e-06  3.267e-07  7.073e-12  3.699e-12  4.595e-06  2.605e-11  5.708e-09  1.453e-10  8.455e-11  1.933e-10  1.491e-10  2.262e-09  2.815e-09  6.068e-07  1.152e-05  8.227e-08  8.188e-13  4.627e-12  3.415e-11  7.698e-11  2.278e-14  3.699e-12  7.073e-12  5.052e-09  1.497e-08  1.416e-05  1.580e-06  1.055e-07  6.336e-08  9.560e-10  9.468e-12  1.762e-08  3.576e-13  2.157e-25  6.447e-16  1.548e-15  4.427e-10  3.235e-09  3.410e-14  3.272e-11
7.89933e+13  2.93571e+14  -1.06209e+14  3.22032e+14  4.70400e+06  1.45400e+03  5.29500e-01  2.54400e+03  1.476e-04  2.004e-05  2.868e-11  3.033e-09  4.907e-10  4.718e-14  6.647e-05  6.203e-13  4.381e-10  8.686e-11  3.265e-14  3.912e-09  4.971e-09  5.107e-14  1.478e-06  3.261e-07  7.999e-12  4.088e-12  4.848e-06  5.154e-11  7.212e-09  2.100e-10  7.895e-11  1.491e-10  1.321e-10  2.044e-09  2.691e-09  8.104e-07  1.128e-05  6.962e-08  9.425e-13  4.718e-12  4.076e-11  7.601e-11  2.214e-14  4.088e-12  7.999e-12  9.553e-09  1.975e-08  1.529e-05  2.128e-06  1.506e-07  8.880e-08  1.087e-09  1.522e-11  1.755e-08  9.927e-13  4.593e-25  1.636e-15  3.556e-15  8.757e-10  5.040e-09  6.457e-14  4.628e-11
8.58744e+13  3.41276e+14  -1.09943e+14  3.68688e+14  3.52500e+06  1.24900e+03  5.17100e-01  2.54500e+03  1.476e-04  2.004e-05  2.795e-11  2.957e-09  4.418e-10  4.824e-14  6.578e-05  6.352e-13  4.358e-10  1.456e-10  3.438e-14  3.783e-09  4.961e-09  4.824e-14  1.515e-06  3.255e-07  8.965e-12  4.482e-12  5.245e-06  8.317e-11  8.507e-09  2.640e-10  7.220e-11  1.128e-10  1.180e-10  1.884e-09  2.594e-09  1.001e-06  1.104e-05  5.990e-08  9.545e-13  4.534e-12  4.597e-11  7.500e-11  2.145e-14  4.482e-12  8.965e-12  1.405e-08  2.472e-08  1.635e-05  2.700e-06  2.067e-07  1.149e-07  1.215e-09  2.207e-11  1.748e-08  1.906e-12  8.343e-25  3.135e-15  6.433e-15  1.482e-09  7.192e-09  1.011e-13  5.925e-11
9.23235e+13  3.87253e+14  -1.12967e+14  4.13823e+14  2.61000e+06  1.09700e+03  5.07900e-01  2.54700e+03  1.476e-04  2.004e-05  2.732e-11  2.884e-09  4.118e-10  4.882e-14  6.500e-05  6.409e-13  4.315e-10  2.112e-10  3.621e-14  3.656e-09  4.949e-09  4.564e-14  1.551e-06  3.248e-07  9.955e-12  4.883e-12  5.729e-06  1.168e-10  9.728e-09  3.345e-10  6.643e-11  8.614e-11  1.068e-10  1.767e-09  2.520e-09  1.180e-06  1.080e-05  5.254e-08  9.136e-13  4.286e-12  4.980e-11  7.392e-11  2.071e-14  4.883e-12  9.955e-12  1.880e-08  2.982e-08  1.739e-05  3.294e-06  2.741e-07  1.416e-07  1.341e-09  3.037e-11  1.742e-08  3.362e-12  1.454e-24  5.670e-15  1.115e-14  2.334e-09  1.007e-08  1.556e-13  7.654e-11
9.82480e+13  4.31686e+14  -1.14911e+14  4.57395e+14  1.94600e+06  9.82700e+02  4.92300e-01  2.54800e+03  1.475e-04  2.004e-05  2.673e-11  2.811e-09  3.915e-10  4.909e-14  6.416e-05  6.379e-13  4.255e-10  2.808e-10  3.813e-14  3.530e-09  4.936e-09  4.319e-14  1.587e-06  3.241e-07  1.098e-11  5.303e-12  6.279e-06  1.508e-10  1.097e-08  4.340e-10  6.188e-11  6.714e-11  9.794e-11  1.684e-09  2.461e-09  1.351e-06  1.055e-05  4.689e-08  8.570e-13  4.023e-12  5.244e-11  7.277e-11  1.994e-14  5.303e-12  1.098e-11  2.435e-08  3.522e-08  1.843e-05  3.918e-06  3.547e-07  1.697e-07  1.467e-09  4.048e-11  1.736e-08  5.867e-12  2.500e-24  1.029e-14  1.929e-14  3.550e-09  1.398e-08  2.406e-13  1.001e-10
