#N(CO)      #THETA1    
0.000E+00   1.000E+00 
1.000E+12   9.990E-01 
1.650E+12   9.981E-01 
2.995E+12   9.961E-01 
5.979E+12   9.912E-01 
1.313E+13   9.815E-01 
3.172E+13   9.601E-01 
8.429E+13   9.113E-01 
2.464E+14   8.094E-01 
7.923E+14   6.284E-01 
1.670E+15   4.808E-01 
2.595E+15   3.889E-01 
4.435E+15   2.827E-01 
6.008E+15   2.293E-01 
8.952E+15   1.695E-01 
1.334E+16   1.224E-01 
1.661E+16   1.017E-01 
2.274E+16   7.764E-02 
3.115E+16   5.931E-02 
4.266E+16   4.516E-02 
5.843E+16   3.506E-02 
8.002E+16   2.728E-02 
1.096E+17   2.143E-02 
1.501E+17   1.700E-02 
2.055E+17   1.360E-02 
2.815E+17   1.094E-02 
4.241E+17   8.273E-03 
6.389E+17   6.283E-03 
9.625E+17   4.773E-03 
1.450E+18   3.611E-03 
2.184E+18   2.704E-03 
3.291E+18   1.986E-03 
4.124E+18   1.657E-03 
5.685E+18   1.258E-03 
7.838E+18   9.332E-04 
1.080E+19   6.745E-04 
1.285E+19   5.596E-04 
1.681E+19   4.123E-04 
2.199E+19   2.982E-04 
2.538E+19   2.490E-04 
3.222E+19   1.827E-04 
4.091E+19   1.324E-04 
5.193E+19   9.473E-05 
5.893E+19   7.891E-05
7.356E+19   5.668E-05
8.269E+19   4.732E-05
9.246E+19   3.967E-05
1.031E+20   3.327E-05
1.148E+20   2.733E-05
1.277E+20   2.331E-05
1.419E+20   1.944E-05
1.578E+20   1.619E-05
