# Collapse Model Output 
 
# Crich/ev_output/ev_3951753.dat in GNUPLOT format produced by evolve_output.pl 
 
X                 Y                 Z                 R                 DENSITY           TEMP              AV                TIME              CO                N2                CH4               NH3               H2S               HCP               H2O               C2H2              HCN               CS                SiC2              HCl               HF                C2H4              SiO               SiS               CN                C2H               C4H               C6H               HC3N              HC5N              HC7N              HCO+              CH                CH2               CH3               NH                NH2               SO                SO2               HS                HCNH+             NH4+              H2CO              H2CS              CH3CN             SiC               SiN               C                 N                 H                 O                 S                 Si                Cl                F                 P                 C+                N+                H+                O+                S+                Si+               Cl+               P+              
#  (CM)              (CM)              (CM)              (CM)              (CM-3)            (K)               (MAG)             (YR)              (wrt              Hnuc)           
 
4.12864e+12  -4.07309e+13  -1.01982e+14  1.09892e+14  7.45100e+06  5.49600e+02  1.62700e+00  2.43700e+03  4.006e-04  2.000e-05  2.614e-07  1.387e-08  4.751e-09  2.511e-09  2.974e-06  3.817e-09  1.547e-05  2.378e-06  1.075e-05  1.625e-07  6.697e-09  3.618e-13  2.231e-07  2.283e-06  2.307e-10  3.852e-13  6.539e-09  4.706e-07  1.338e-08  8.052e-09  4.302e-09  2.374e-12  2.458e-13  1.527e-09  1.464e-09  8.653e-11  7.022e-11  1.701e-09  2.147e-12  6.733e-08  7.722e-11  5.809e-11  8.805e-12  7.691e-08  7.825e-10  2.778e-07  2.345e-09  7.406e-09  2.643e-10  4.342e-06  4.641e-10  1.736e-06  7.291e-07  9.647e-12  4.168e-15  3.046e-09  1.597e-14  -3.879e-35  8.382e-19  4.243e-28  1.013e-10  3.865e-09  3.671e-22  2.295e-12
-3.31710e+13  -4.18109e+13  -1.30493e+14  1.40986e+14  5.71500e+06  5.84400e+02  1.09200e+00  2.43800e+03  4.006e-04  2.000e-05  2.601e-07  1.380e-08  4.745e-09  2.504e-09  2.973e-06  4.257e-09  1.547e-05  2.372e-06  1.074e-05  1.625e-07  6.697e-09  3.853e-13  2.222e-07  2.281e-06  8.616e-10  1.170e-12  6.435e-09  4.715e-07  1.316e-08  8.007e-09  4.292e-09  8.381e-12  3.955e-13  2.206e-09  1.734e-09  9.992e-11  1.049e-10  1.689e-09  2.143e-12  7.194e-08  1.618e-10  6.014e-11  8.772e-12  7.647e-08  7.782e-10  2.780e-07  2.350e-09  1.599e-08  4.187e-10  4.511e-06  1.390e-09  1.742e-06  7.365e-07  2.222e-11  8.868e-15  3.055e-09  2.447e-13  1.378e-40  1.150e-17  1.373e-26  6.416e-10  9.331e-09  9.379e-21  7.215e-12
-6.72061e+13  -4.67789e+13  -1.39781e+14  1.61999e+14  9.85600e+06  1.78600e+03  7.46200e-01  2.44000e+03  4.006e-04  2.000e-05  3.142e-07  1.509e-08  1.843e-06  2.489e-09  2.980e-06  5.374e-09  1.549e-05  2.351e-06  1.072e-05  1.625e-07  6.765e-09  4.082e-13  2.201e-07  2.279e-06  2.245e-11  6.666e-14  6.172e-09  4.671e-07  1.297e-08  7.954e-09  4.229e-09  1.507e-11  7.910e-13  7.915e-11  3.547e-10  4.306e-12  4.959e-12  1.621e-09  2.110e-12  4.014e-08  3.939e-09  7.329e-11  6.531e-12  7.541e-08  7.676e-10  2.783e-07  2.363e-09  1.445e-10  4.628e-11  8.662e-06  5.276e-12  3.334e-10  7.554e-07  2.477e-12  1.110e-14  3.084e-09  1.028e-16  7.609e-44  3.263e-20  2.010e-27  8.850e-15  1.853e-08  2.413e-21  1.559e-11
-8.42390e+13  -6.21455e+13  -1.41509e+14  1.76020e+14  1.91300e+07  3.11400e+03  7.37900e-01  2.44200e+03  4.006e-04  2.000e-05  3.592e-07  1.620e-08  2.807e-06  2.476e-09  2.985e-06  6.583e-09  1.550e-05  2.331e-06  1.071e-05  1.625e-07  7.146e-09  4.181e-13  2.255e-07  2.277e-06  5.337e-11  1.634e-14  5.467e-09  4.283e-07  1.465e-08  8.065e-09  4.170e-09  1.033e-11  3.333e-13  1.045e-11  5.566e-10  5.809e-13  4.819e-12  1.320e-09  2.083e-12  1.094e-07  5.100e-09  5.928e-11  2.787e-14  7.435e-08  7.626e-10  2.797e-07  2.422e-09  5.612e-12  5.081e-13  3.816e-05  3.063e-13  6.876e-11  7.756e-07  7.517e-12  2.091e-14  3.122e-09  7.049e-19  5.094e-32  2.075e-21  8.772e-29  9.443e-17  1.911e-08  3.901e-21  1.203e-11
-9.43909e+13  -8.57510e+13  -1.47279e+14  1.94818e+14  1.58400e+07  2.75300e+03  7.18500e-01  2.44300e+03  4.006e-04  2.000e-05  3.992e-07  1.725e-08  3.166e-06  2.463e-09  2.992e-06  8.009e-09  1.550e-05  2.310e-06  1.069e-05  1.625e-07  7.656e-09  4.321e-13  2.258e-07  2.275e-06  5.114e-11  2.537e-14  4.998e-09  3.595e-07  1.796e-08  8.251e-09  4.107e-09  1.222e-11  3.736e-13  1.469e-11  6.648e-10  8.224e-13  5.822e-12  1.073e-09  2.052e-12  1.415e-07  6.447e-09  4.315e-11  7.857e-17  7.327e-08  7.526e-10  2.811e-07  2.487e-09  9.707e-12  1.140e-12  4.067e-05  6.361e-13  6.643e-11  7.991e-07  8.198e-12  2.125e-14  3.160e-09  1.907e-18  5.712e-48  5.390e-21  7.746e-30  1.773e-16  2.403e-08  5.555e-21  1.303e-11
-1.06086e+14  -1.12319e+14  -1.54099e+14  2.18211e+14  1.19900e+07  2.41000e+03  6.80100e-01  2.44500e+03  4.006e-04  2.000e-05  4.401e-07  1.833e-08  3.247e-06  2.448e-09  3.000e-06  9.782e-09  1.550e-05  2.287e-06  1.067e-05  1.625e-07  7.958e-09  4.439e-13  2.246e-07  2.273e-06  4.498e-11  4.804e-14  4.685e-09  2.928e-07  2.172e-08  8.374e-09  4.041e-09  1.617e-11  5.700e-13  2.912e-11  7.544e-10  1.691e-12  6.894e-12  9.507e-10  2.016e-12  1.658e-07  7.571e-09  3.779e-11  5.458e-17  7.212e-08  7.363e-10  2.820e-07  2.528e-09  2.450e-11  4.054e-12  4.012e-05  1.682e-12  1.266e-10  8.239e-07  8.396e-12  2.172e-14  3.200e-09  9.153e-18  2.125e-46  1.887e-20  1.353e-30  8.334e-16  3.155e-08  8.760e-21  1.700e-11
-1.20002e+14  -1.40923e+14  -1.63479e+14  2.46952e+14  9.12000e+06  2.13700e+03  6.03300e-01  2.44600e+03  4.005e-04  1.999e-05  4.907e-07  1.986e-08  3.267e-06  2.431e-09  3.013e-06  1.224e-08  1.551e-05  2.259e-06  1.064e-05  1.625e-07  8.116e-09  4.646e-13  2.225e-07  2.270e-06  4.545e-11  1.071e-13  4.435e-09  2.327e-07  2.577e-08  8.427e-09  3.967e-09  2.285e-11  1.042e-12  6.914e-11  9.424e-10  4.774e-12  9.964e-12  8.709e-10  1.973e-12  2.012e-07  8.760e-09  3.489e-11  1.909e-16  7.083e-08  7.163e-10  2.825e-07  2.559e-09  7.509e-11  2.002e-11  4.005e-05  5.354e-12  3.108e-10  8.513e-07  8.847e-12  2.487e-14  3.245e-09  6.067e-17  2.253e-44  9.097e-20  2.222e-30  5.726e-15  4.300e-08  1.650e-20  2.457e-11
-1.32900e+14  -1.68385e+14  -1.75884e+14  2.77401e+14  6.97100e+06  1.82300e+03  5.72300e-01  2.44800e+03  4.005e-04  1.999e-05  5.456e-07  2.152e-08  3.229e-06  2.412e-09  3.030e-06  1.527e-08  1.551e-05  2.229e-06  1.061e-05  1.625e-07  8.186e-09  5.052e-13  2.203e-07  2.267e-06  5.769e-11  2.515e-13  4.230e-09  1.828e-07  3.006e-08  8.429e-09  3.890e-09  2.893e-11  1.755e-12  1.722e-10  1.410e-09  1.347e-11  1.852e-11  8.121e-10  1.927e-12  2.806e-07  8.920e-09  3.155e-11  8.603e-16  6.950e-08  6.965e-10  2.830e-07  2.590e-09  2.768e-10  1.300e-10  4.039e-05  1.635e-11  1.092e-09  8.803e-07  9.782e-12  3.068e-14  3.294e-09  4.692e-16  3.757e-42  5.977e-19  1.720e-29  6.309e-14  5.543e-08  2.702e-20  3.266e-11
-1.45058e+14  -1.94182e+14  -1.86992e+14  3.06128e+14  5.02200e+06  1.52600e+03  5.33600e-01  2.45000e+03  4.005e-04  1.999e-05  6.047e-07  2.255e-08  3.085e-06  2.392e-09  3.051e-06  1.901e-08  1.552e-05  2.196e-06  1.058e-05  1.625e-07  8.213e-09  6.189e-13  2.175e-07  2.263e-06  1.197e-10  6.785e-13  4.054e-09  1.478e-07  3.384e-08  8.384e-09  3.810e-09  3.886e-11  3.419e-12  5.555e-10  3.238e-09  4.020e-11  4.370e-11  7.597e-10  1.878e-12  4.592e-07  8.998e-09  2.959e-11  6.374e-15  6.811e-08  6.797e-10  2.834e-07  2.623e-09  1.512e-09  1.164e-09  4.108e-05  6.377e-11  5.479e-09  9.099e-07  1.184e-11  4.197e-14  3.345e-09  6.573e-15  1.362e-39  9.008e-18  6.473e-28  1.338e-12  7.116e-08  5.300e-20  4.431e-11
-1.56567e+14  -2.18096e+14  -1.95293e+14  3.31991e+14  3.87100e+06  1.35200e+03  5.06800e-01  2.45100e+03  4.005e-04  1.999e-05  6.624e-07  2.297e-08  2.894e-06  2.371e-09  3.076e-06  2.342e-08  1.554e-05  2.162e-06  1.055e-05  1.625e-07  8.224e-09  8.916e-13  2.146e-07  2.260e-06  2.386e-10  1.438e-12  3.898e-09  1.236e-07  3.723e-08  8.315e-09  3.730e-09  4.895e-11  5.690e-12  1.367e-09  7.612e-09  4.693e-11  5.490e-11  7.105e-10  1.827e-12  6.766e-07  8.708e-09  2.735e-11  3.379e-14  6.668e-08  6.733e-10  2.838e-07  2.662e-09  5.632e-09  3.058e-09  4.198e-05  1.748e-10  1.857e-08  9.405e-07  1.468e-11  5.585e-14  3.398e-09  5.067e-14  1.511e-38  7.770e-17  1.392e-26  1.297e-11  8.861e-08  9.487e-20  5.767e-11
-1.67984e+14  -2.39665e+14  -2.01680e+14  3.55433e+14  3.06200e+06  1.21300e+03  4.86800e-01  2.45300e+03  4.005e-04  1.999e-05  7.060e-07  2.303e-08  2.660e-06  2.350e-09  3.104e-06  2.844e-08  1.555e-05  2.127e-06  1.052e-05  1.625e-07  8.226e-09  1.450e-12  2.115e-07  2.256e-06  4.578e-10  2.811e-12  3.767e-09  1.079e-07  4.011e-08  8.231e-09  3.652e-09  5.961e-11  8.593e-12  3.024e-09  1.702e-08  4.511e-11  6.851e-11  6.669e-10  1.775e-12  9.144e-07  8.167e-09  2.527e-11  1.407e-13  6.525e-08  6.885e-10  2.843e-07  2.704e-09  1.873e-08  5.449e-09  4.295e-05  4.315e-10  5.583e-08  9.717e-07  1.906e-11  7.289e-14  3.453e-09  3.307e-13  6.114e-38  4.783e-16  2.000e-25  8.943e-11  1.072e-07  1.688e-19  7.265e-11
-1.79247e+14  -2.58611e+14  -2.06062e+14  3.76125e+14  2.42100e+06  1.09300e+03  4.89200e-01  2.45400e+03  4.004e-04  1.999e-05  7.289e-07  2.292e-08  2.412e-06  2.329e-09  3.131e-06  3.377e-08  1.557e-05  2.094e-06  1.048e-05  1.625e-07  8.225e-09  2.372e-12  2.085e-07  2.252e-06  8.313e-10  5.106e-12  3.669e-09  9.883e-08  4.241e-08  8.143e-09  3.581e-09  6.979e-11  9.488e-12  5.010e-09  2.651e-08  5.511e-11  1.075e-10  6.349e-10  1.726e-12  1.116e-06  7.391e-09  2.326e-11  4.393e-13  6.388e-08  7.367e-10  2.848e-07  2.748e-09  4.507e-08  7.788e-09  4.385e-05  9.331e-10  1.398e-07  1.003e-06  2.584e-11  9.237e-14  3.505e-09  1.467e-12  1.936e-37  1.598e-15  1.376e-24  3.579e-10  1.254e-07  2.865e-19  8.792e-11
-1.89923e+14  -2.75242e+14  -2.07913e+14  3.93773e+14  1.93400e+06  9.90600e+02  4.85400e-01  2.45600e+03  4.004e-04  1.999e-05  7.355e-07  2.270e-08  2.178e-06  2.308e-09  3.158e-06  3.942e-08  1.558e-05  2.061e-06  1.045e-05  1.624e-07  8.222e-09  3.722e-12  2.054e-07  2.248e-06  1.504e-09  9.085e-12  3.603e-09  9.476e-08  4.400e-08  8.049e-09  3.517e-09  8.212e-11  8.869e-12  7.252e-09  3.597e-08  9.334e-11  1.878e-10  6.211e-10  1.678e-12  1.253e-06  6.708e-09  2.225e-11  1.206e-12  6.260e-08  8.293e-10  2.854e-07  2.790e-09  8.157e-08  1.014e-08  4.472e-05  2.071e-09  2.717e-07  1.034e-06  3.703e-11  1.154e-13  3.557e-09  4.954e-12  7.075e-37  3.502e-15  6.392e-24  9.704e-10  1.438e-07  5.219e-19  1.050e-10
-1.99612e+14  -2.90239e+14  -2.07049e+14  4.08599e+14  1.56400e+06  9.01000e+02  4.94800e-01  2.45800e+03  4.004e-04  1.999e-05  7.316e-07  2.242e-08  1.978e-06  2.288e-09  3.181e-06  4.513e-08  1.560e-05  2.031e-06  1.041e-05  1.624e-07  8.217e-09  5.398e-12  2.025e-07  2.244e-06  2.586e-09  1.516e-11  3.570e-09  9.385e-08  4.504e-08  7.956e-09  3.464e-09  9.359e-11  8.938e-12  1.082e-08  4.466e-08  1.559e-10  3.047e-10  6.334e-10  1.634e-12  1.324e-06  6.043e-09  2.128e-11  2.790e-12  6.144e-08  9.665e-10  2.860e-07  2.830e-09  1.196e-07  1.231e-08  4.554e-05  4.216e-09  4.333e-07  1.065e-06  5.437e-11  1.409e-13  3.605e-09  1.276e-11  2.131e-36  5.222e-15  1.858e-23  1.958e-09  1.612e-07  9.128e-19  1.223e-10
-2.08222e+14  -3.04155e+14  -2.03932e+14  4.21254e+14  1.27700e+06  8.21500e+02  4.98400e-01  2.45900e+03  4.004e-04  1.999e-05  7.222e-07  2.208e-08  1.812e-06  2.268e-09  3.200e-06  5.094e-08  1.562e-05  2.002e-06  1.038e-05  1.624e-07  8.213e-09  7.261e-12  1.996e-07  2.240e-06  4.465e-09  2.504e-11  3.563e-09  9.519e-08  4.552e-08  7.861e-09  3.426e-09  1.074e-10  1.214e-11  1.717e-08  5.180e-08  2.390e-10  4.642e-10  6.825e-10  1.593e-12  1.346e-06  5.513e-09  2.093e-11  5.798e-12  6.039e-08  1.143e-09  2.867e-07  2.867e-09  1.578e-07  1.442e-08  4.637e-05  8.745e-09  6.064e-07  1.096e-06  8.335e-11  1.705e-13  3.651e-09  2.931e-11  5.510e-36  6.251e-15  4.438e-23  3.339e-09  1.782e-07  1.689e-18  1.410e-10
-2.15936e+14  -3.17516e+14  -1.99242e+14  4.32599e+14  1.05300e+06  7.52800e+02  4.86000e-01  2.46100e+03  4.003e-04  1.998e-05  7.096e-07  2.168e-08  1.671e-06  2.247e-09  3.216e-06  5.707e-08  1.563e-05  1.973e-06  1.035e-05  1.623e-07  8.209e-09  9.275e-12  1.965e-07  2.235e-06  7.861e-09  4.174e-11  3.575e-09  9.844e-08  4.539e-08  7.761e-09  3.407e-09  1.264e-10  2.035e-11  2.678e-08  5.722e-08  3.386e-10  6.714e-10  7.846e-10  1.555e-12  1.343e-06  5.198e-09  2.144e-11  1.120e-11  5.940e-08  1.363e-09  2.874e-07  2.900e-09  1.990e-07  1.673e-08  4.725e-05  1.788e-08  7.792e-07  1.127e-06  1.334e-10  2.066e-13  3.697e-09  6.373e-11  1.324e-35  7.517e-15  1.063e-22  5.216e-09  1.968e-07  3.446e-18  1.628e-10
-2.22940e+14  -3.30168e+14  -1.93565e+14  4.42922e+14  8.99300e+05  7.10600e+02  4.63200e-01  2.46200e+03  4.003e-04  1.998e-05  6.955e-07  2.124e-08  1.545e-06  2.225e-09  3.231e-06  6.369e-08  1.565e-05  1.944e-06  1.031e-05  1.623e-07  8.205e-09  1.154e-11  1.932e-07  2.230e-06  1.229e-08  6.341e-11  3.600e-09  1.031e-07  4.476e-08  7.656e-09  3.407e-09  1.490e-10  3.269e-11  3.838e-08  6.185e-08  4.489e-10  9.064e-10  9.526e-10  1.521e-12  1.330e-06  5.042e-09  2.236e-11  2.001e-11  5.845e-08  1.643e-09  2.883e-07  2.929e-09  2.455e-07  1.946e-08  4.823e-05  3.095e-08  9.470e-07  1.159e-06  1.961e-10  2.440e-13  3.743e-09  1.181e-10  2.938e-35  1.021e-14  2.500e-22  7.666e-09  2.175e-07  6.497e-18  1.884e-10
-2.29513e+14  -3.42819e+14  -1.88381e+14  4.53528e+14  9.04500e+05  8.53900e+02  4.30900e-01  2.46400e+03  4.003e-04  1.998e-05  6.866e-07  2.110e-08  1.416e-06  2.203e-09  3.287e-06  7.111e-08  1.569e-05  1.913e-06  1.027e-05  1.623e-07  8.206e-09  1.493e-11  1.897e-07  2.224e-06  6.463e-09  4.307e-11  3.614e-09  1.081e-07  4.406e-08  7.551e-09  3.360e-09  1.653e-10  2.349e-11  3.359e-08  8.199e-08  5.042e-10  8.931e-10  1.050e-09  1.483e-12  1.369e-06  5.107e-09  2.399e-11  2.759e-11  5.760e-08  2.065e-09  2.891e-07  2.957e-09  2.937e-07  2.285e-08  4.946e-05  1.567e-08  1.065e-06  1.192e-06  1.113e-10  2.274e-13  3.793e-09  8.257e-11  4.711e-35  3.312e-14  4.410e-22  1.037e-08  2.408e-07  4.171e-18  2.165e-10
-2.36455e+14  -3.57939e+14  -1.88103e+14  4.68416e+14  1.07500e+06  1.21800e+03  4.00800e-01  2.46500e+03  4.002e-04  1.998e-05  8.857e-07  2.228e-08  1.633e-06  2.179e-09  3.355e-06  7.942e-08  1.573e-05  1.879e-06  1.022e-05  1.624e-07  8.210e-09  2.024e-11  1.860e-07  2.218e-06  1.599e-09  1.562e-11  3.600e-09  1.099e-07  4.391e-08  7.459e-09  3.280e-09  1.695e-10  6.054e-11  2.107e-08  1.312e-07  2.221e-10  2.868e-10  9.906e-10  1.434e-12  1.949e-06  6.197e-09  2.560e-11  2.694e-11  5.678e-08  2.567e-09  2.901e-07  2.993e-09  1.310e-07  2.652e-08  5.295e-05  2.077e-09  3.068e-07  1.228e-06  4.117e-11  1.826e-13  3.848e-09  8.671e-12  2.413e-35  8.509e-14  1.762e-22  4.559e-09  2.633e-07  1.465e-18  2.407e-10
-2.44447e+14  -3.77378e+14  -1.94953e+14  4.90077e+14  1.20700e+06  1.46400e+03  3.93400e-01  2.46700e+03  4.002e-04  1.998e-05  1.226e-06  2.710e-08  2.589e-06  2.159e-09  3.414e-06  8.828e-08  1.576e-05  1.841e-06  1.018e-05  1.624e-07  8.217e-09  2.398e-11  1.828e-07  2.214e-06  7.758e-10  9.193e-12  3.574e-09  1.060e-07  4.438e-08  7.381e-09  3.196e-09  1.684e-10  2.715e-11  5.302e-09  2.671e-08  6.427e-10  5.595e-10  9.130e-10  1.385e-12  1.311e-06  7.360e-09  2.801e-11  2.299e-11  5.542e-08  2.761e-09  2.913e-07  3.040e-09  1.546e-08  2.515e-08  5.684e-05  7.874e-10  3.567e-08  1.265e-06  2.845e-11  1.723e-13  3.909e-09  5.022e-13  5.609e-35  4.226e-15  7.127e-24  1.238e-10  2.857e-07  9.286e-19  2.525e-10
-2.53365e+14  -3.99904e+14  -2.06031e+14  5.16300e+14  1.23500e+06  1.53800e+03  3.84200e-01  2.46900e+03  4.001e-04  1.997e-05  1.352e-06  3.593e-08  3.037e-06  2.141e-09  3.475e-06  9.771e-08  1.580e-05  1.803e-06  1.014e-05  1.624e-07  8.227e-09  2.398e-11  1.798e-07  2.209e-06  6.628e-10  8.621e-12  3.555e-09  9.990e-08  4.519e-08  7.305e-09  3.112e-09  1.683e-10  2.604e-11  4.416e-09  2.079e-08  7.490e-10  6.643e-10  8.354e-10  1.335e-12  9.210e-07  7.707e-09  3.435e-11  1.880e-11  5.400e-08  2.707e-09  2.919e-07  3.102e-09  1.082e-08  2.080e-08  5.956e-05  6.534e-10  2.259e-08  1.299e-06  2.694e-11  1.803e-13  3.973e-09  3.055e-13  4.438e-35  1.044e-15  4.076e-24  3.367e-11  3.110e-07  8.915e-19  2.586e-10
-2.62375e+14  -4.23664e+14  -2.18188e+14  5.44002e+14  1.17100e+06  1.49200e+03  3.76700e-01  2.47000e+03  4.001e-04  1.997e-05  1.459e-06  4.148e-08  3.071e-06  2.124e-09  3.539e-06  1.076e-07  1.583e-05  1.764e-06  1.009e-05  1.624e-07  8.234e-09  2.344e-11  1.770e-07  2.204e-06  7.872e-10  1.073e-11  3.561e-09  9.422e-08  4.607e-08  7.225e-09  3.030e-09  1.729e-10  2.965e-11  5.553e-09  2.666e-08  6.082e-10  5.661e-10  7.639e-10  1.287e-12  9.263e-07  7.601e-09  3.811e-11  1.565e-11  5.260e-08  2.637e-09  2.925e-07  3.185e-09  1.485e-08  2.060e-08  6.189e-05  8.372e-10  2.945e-08  1.332e-06  2.970e-11  1.988e-13  4.037e-09  4.958e-13  3.789e-35  1.629e-15  4.819e-24  5.488e-11  3.384e-07  1.068e-18  2.656e-10
-2.70676e+14  -4.46806e+14  -2.29729e+14  5.70681e+14  1.04400e+06  1.39800e+03  3.64200e-01  2.47200e+03  4.000e-04  1.997e-05  1.548e-06  4.382e-08  2.945e-06  2.106e-09  3.608e-06  1.182e-07  1.587e-05  1.725e-06  1.004e-05  1.624e-07  8.238e-09  2.332e-11  1.741e-07  2.200e-06  1.131e-09  1.574e-11  3.592e-09  9.084e-08  4.661e-08  7.136e-09  2.949e-09  1.867e-10  3.833e-11  8.811e-09  4.275e-08  4.656e-10  4.862e-10  7.006e-10  1.240e-12  1.074e-06  7.250e-09  3.997e-11  1.366e-11  5.121e-08  2.591e-09  2.932e-07  3.280e-09  2.923e-08  2.407e-08  6.412e-05  1.400e-09  5.360e-08  1.363e-06  3.615e-11  2.270e-13  4.097e-09  1.394e-12  4.573e-35  4.279e-15  1.015e-23  1.578e-10  3.695e-07  1.533e-18  2.784e-10
-2.78112e+14  -4.68406e+14  -2.39757e+14  5.95176e+14  8.95900e+05  1.29800e+03  3.60700e-01  2.47300e+03  3.999e-04  1.996e-05  1.612e-06  4.455e-08  2.755e-06  2.088e-09  3.678e-06  1.292e-07  1.590e-05  1.687e-06  9.997e-06  1.624e-07  8.239e-09  2.404e-11  1.713e-07  2.195e-06  1.718e-09  2.398e-11  3.647e-09  8.994e-08  4.670e-08  7.039e-09  2.873e-09  2.041e-10  4.695e-11  1.385e-08  6.512e-08  3.712e-10  4.887e-10  6.496e-10  1.194e-12  1.259e-06  6.793e-09  4.047e-11  1.275e-11  4.987e-08  2.592e-09  2.941e-07  3.377e-09  5.915e-08  2.908e-08  6.622e-05  2.412e-09  1.038e-07  1.391e-06  4.633e-11  2.618e-13  4.153e-09  4.243e-12  6.276e-35  1.092e-14  3.137e-23  4.567e-10  4.027e-07  2.322e-18  2.969e-10
-2.84962e+14  -4.88771e+14  -2.48150e+14  6.17802e+14  7.65600e+05  1.21200e+03  3.57800e-01  2.47500e+03  3.999e-04  1.996e-05  1.654e-06  4.457e-08  2.544e-06  2.069e-09  3.748e-06  1.405e-07  1.593e-05  1.650e-06  9.950e-06  1.624e-07  8.239e-09  2.586e-11  1.684e-07  2.190e-06  2.571e-09  3.586e-11  3.723e-09  9.112e-08  4.633e-08  6.938e-09  2.801e-09  2.243e-10  5.244e-11  1.986e-08  9.052e-08  3.532e-10  5.880e-10  6.138e-10  1.150e-12  1.436e-06  6.343e-09  4.083e-11  1.302e-11  4.861e-08  2.660e-09  2.951e-07  3.471e-09  1.050e-07  3.467e-08  6.823e-05  4.074e-09  1.807e-07  1.418e-06  6.024e-11  3.003e-13  4.204e-09  1.126e-11  1.004e-34  2.348e-14  9.957e-23  1.095e-09  4.369e-07  3.574e-18  3.204e-10
-2.91566e+14  -5.08520e+14  -2.55432e+14  6.39413e+14  6.63600e+05  1.14400e+03  3.57300e-01  2.47700e+03  3.998e-04  1.996e-05  1.676e-06  4.428e-08  2.335e-06  2.051e-09  3.816e-06  1.521e-07  1.597e-05  1.615e-06  9.902e-06  1.623e-07  8.238e-09  2.889e-11  1.656e-07  2.185e-06  3.652e-09  5.096e-11  3.816e-09  9.365e-08  4.563e-08  6.836e-09  2.734e-09  2.435e-10  5.535e-11  2.646e-08  1.177e-07  3.904e-10  7.472e-10  5.957e-10  1.109e-12  1.588e-06  5.902e-09  4.085e-11  1.472e-11  4.743e-08  2.809e-09  2.963e-07  3.561e-09  1.625e-07  4.039e-08  7.016e-05  6.384e-09  2.791e-07  1.444e-06  7.712e-11  3.399e-13  4.253e-09  2.481e-11  1.747e-34  4.251e-14  2.658e-22  2.196e-09  4.707e-07  5.288e-18  3.475e-10
-2.98231e+14  -5.27651e+14  -2.62128e+14  6.60355e+14  5.84000e+05  1.08700e+03  3.53300e-01  2.47800e+03  3.997e-04  1.995e-05  1.682e-06  4.383e-08  2.134e-06  2.032e-09  3.885e-06  1.640e-07  1.600e-05  1.581e-06  9.854e-06  1.623e-07  8.236e-09  3.305e-11  1.627e-07  2.179e-06  5.040e-09  7.041e-11  3.923e-09  9.718e-08  4.464e-08  6.733e-09  2.671e-09  2.634e-10  5.807e-11  3.425e-08  1.455e-07  4.692e-10  9.579e-10  5.983e-10  1.069e-12  1.710e-06  5.504e-09  4.111e-11  1.838e-11  4.637e-08  3.045e-09  2.978e-07  3.646e-09  2.316e-07  4.629e-08  7.204e-05  9.824e-09  3.970e-07  1.471e-06  9.783e-11  3.812e-13  4.298e-09  4.924e-11  3.174e-34  6.791e-14  6.290e-22  3.892e-09  5.043e-07  7.747e-18  3.781e-10
-3.05112e+14  -5.46473e+14  -2.68454e+14  6.81024e+14  5.19300e+05  1.03700e+03  3.51500e-01  2.48000e+03  3.996e-04  1.995e-05  1.676e-06  4.327e-08  1.946e-06  2.012e-09  3.952e-06  1.761e-07  1.604e-05  1.548e-06  9.806e-06  1.623e-07  8.235e-09  3.824e-11  1.600e-07  2.174e-06  6.766e-09  9.459e-11  4.044e-09  1.013e-07  4.346e-08  6.630e-09  2.614e-09  2.822e-10  6.110e-11  4.344e-08  1.730e-07  5.829e-10  1.213e-09  6.244e-10  1.031e-12  1.800e-06  5.127e-09  4.114e-11  2.462e-11  4.544e-08  3.372e-09  2.994e-07  3.727e-09  3.089e-07  5.225e-08  7.387e-05  1.451e-08  5.314e-07  1.499e-06  1.229e-10  4.238e-13  4.341e-09  8.905e-11  5.698e-34  9.625e-14  1.280e-21  6.250e-09  5.367e-07  1.102e-17  4.110e-10
-3.12271e+14  -5.64988e+14  -2.74440e+14  7.01457e+14  4.64500e+05  9.90200e+02  3.45000e-01  2.48100e+03  3.996e-04  1.995e-05  1.659e-06  4.260e-08  1.769e-06  1.993e-09  4.020e-06  1.885e-07  1.607e-05  1.516e-06  9.757e-06  1.622e-07  8.233e-09  4.426e-11  1.572e-07  2.168e-06  9.106e-09  1.271e-10  4.176e-09  1.060e-07  4.209e-08  6.527e-09  2.562e-09  3.041e-10  6.664e-11  5.507e-08  1.995e-07  7.333e-10  1.522e-09  6.800e-10  9.961e-13  1.862e-06  4.807e-09  4.163e-11  3.461e-11  4.463e-08  3.792e-09  3.013e-07  3.803e-09  3.962e-07  5.849e-08  7.568e-05  2.189e-08  6.808e-07  1.527e-06  1.555e-10  4.697e-13  4.381e-09  1.557e-10  1.023e-33  1.254e-13  2.458e-21  9.405e-09  5.693e-07  1.600e-17  4.472e-10
-3.19368e+14  -5.83193e+14  -2.79902e+14  7.21426e+14  4.16800e+05  9.46300e+02  3.40400e-01  2.48300e+03  3.995e-04  1.994e-05  1.632e-06  4.185e-08  1.607e-06  1.973e-09  4.087e-06  2.011e-07  1.610e-05  1.485e-06  9.708e-06  1.622e-07  8.232e-09  5.093e-11  1.544e-07  2.163e-06  1.217e-08  1.688e-10  4.317e-09  1.111e-07  4.057e-08  6.423e-09  2.516e-09  3.270e-10  7.604e-11  6.962e-08  2.244e-07  9.180e-10  1.882e-09  7.702e-10  9.642e-13  1.896e-06  4.530e-09  4.198e-11  4.965e-11  4.397e-08  4.308e-09  3.034e-07  3.873e-09  4.903e-07  6.494e-08  7.747e-05  3.226e-08  8.407e-07  1.555e-06  1.973e-10  5.189e-13  4.420e-09  2.604e-10  1.787e-33  1.499e-13  4.245e-21  1.337e-08  6.015e-07  2.305e-17  4.860e-10
-3.26773e+14  -6.01399e+14  -2.84654e+14  7.41275e+14  3.74300e+05  9.04100e+02  3.35800e-01  2.48500e+03  3.994e-04  1.994e-05  1.600e-06  4.102e-08  1.459e-06  1.953e-09  4.150e-06  2.141e-07  1.614e-05  1.455e-06  9.658e-06  1.621e-07  8.231e-09  5.802e-11  1.517e-07  2.156e-06  1.627e-08  2.240e-10  4.466e-09  1.164e-07  3.895e-08  6.319e-09  2.477e-09  3.528e-10  9.163e-11  8.780e-08  2.469e-07  1.135e-09  2.293e-09  9.005e-10  9.364e-13  1.908e-06  4.286e-09  4.234e-11  7.129e-11  4.343e-08  4.917e-09  3.056e-07  3.937e-09  5.899e-07  7.160e-08  7.925e-05  4.691e-08  1.007e-06  1.584e-06  2.520e-10  5.723e-13  4.456e-09  4.226e-10  3.039e-33  1.664e-13  6.745e-21  1.817e-08  6.337e-07  3.339e-17  5.276e-10
-3.34179e+14  -6.18987e+14  -2.88542e+14  7.60314e+14  3.35900e+05  8.63600e+02  3.33500e-01  2.48600e+03  3.993e-04  1.994e-05  1.562e-06  4.012e-08  1.325e-06  1.933e-09  4.209e-06  2.272e-07  1.617e-05  1.426e-06  9.608e-06  1.620e-07  8.230e-09  6.527e-11  1.490e-07  2.150e-06  2.171e-08  2.957e-10  4.621e-09  1.220e-07  3.727e-08  6.216e-09  2.447e-09  3.815e-10  1.156e-10  1.098e-07  2.663e-07  1.379e-09  2.750e-09  1.075e-09  9.142e-13  1.903e-06  4.063e-09  4.250e-11  1.010e-10  4.302e-08  5.610e-09  3.080e-07  3.996e-09  6.923e-07  7.837e-08  8.102e-05  6.628e-08  1.175e-06  1.614e-06  3.237e-10  6.302e-13  4.490e-09  6.626e-10  4.996e-33  1.729e-13  9.815e-21  2.371e-08  6.656e-07  4.823e-17  5.715e-10
-3.41585e+14  -6.35958e+14  -2.91504e+14  7.78523e+14  3.01900e+05  8.26200e+02  3.29300e-01  2.48800e+03  3.993e-04  1.993e-05  1.522e-06  3.915e-08  1.204e-06  1.912e-09  4.263e-06  2.406e-07  1.620e-05  1.398e-06  9.557e-06  1.619e-07  8.229e-09  7.245e-11  1.463e-07  2.143e-06  2.896e-08  3.898e-10  4.779e-09  1.277e-07  3.554e-08  6.113e-09  2.427e-09  4.162e-10  1.505e-10  1.358e-07  2.825e-07  1.646e-09  3.247e-09  1.297e-09  8.991e-13  1.884e-06  3.876e-09  4.282e-11  1.404e-10  4.269e-08  6.382e-09  3.105e-07  4.049e-09  7.984e-07  8.539e-08  8.278e-05  9.216e-08  1.341e-06  1.643e-06  4.174e-10  6.930e-13  4.522e-09  1.011e-09  8.021e-33  1.733e-13  1.372e-20  3.003e-08  6.981e-07  7.037e-17  6.181e-10
-3.48373e+14  -6.52929e+14  -2.93541e+14  7.96145e+14  2.75600e+05  8.01800e+02  3.26200e-01  2.48900e+03  3.992e-04  1.993e-05  1.481e-06  3.818e-08  1.094e-06  1.891e-09  4.316e-06  2.542e-07  1.623e-05  1.371e-06  9.506e-06  1.618e-07  8.228e-09  7.958e-11  1.436e-07  2.136e-06  3.596e-08  4.853e-10  4.937e-09  1.335e-07  3.382e-08  6.010e-09  2.413e-09  4.518e-10  1.909e-10  1.632e-07  2.970e-07  1.924e-09  3.750e-09  1.564e-09  8.931e-13  1.859e-06  3.715e-09  4.293e-11  1.903e-10  4.246e-08  7.238e-09  3.132e-07  4.097e-09  9.064e-07  9.260e-08  8.456e-05  1.199e-07  1.501e-06  1.673e-06  5.074e-10  7.500e-13  4.552e-09  1.408e-09  1.226e-32  1.768e-13  1.861e-20  3.693e-08  7.305e-07  9.488e-17  6.666e-10
-3.55161e+14  -6.69592e+14  -2.95176e+14  8.13401e+14  2.65600e+05  8.33500e+02  3.19400e-01  2.49100e+03  3.991e-04  1.993e-05  1.443e-06  3.735e-08  9.940e-07  1.870e-09  4.399e-06  2.684e-07  1.628e-05  1.345e-06  9.454e-06  1.618e-07  8.228e-09  8.744e-11  1.410e-07  2.129e-06  3.272e-08  4.781e-10  5.080e-09  1.390e-07  3.221e-08  5.911e-09  2.391e-09  4.767e-10  2.005e-10  1.813e-07  3.196e-07  2.176e-09  4.122e-09  1.834e-09  8.956e-13  1.837e-06  3.620e-09  4.394e-11  2.471e-10  4.234e-08  8.246e-09  3.161e-07  4.141e-09  1.016e-06  1.002e-07  8.648e-05  1.255e-07  1.647e-06  1.703e-06  4.665e-10  7.567e-13  4.582e-09  1.470e-09  1.701e-32  2.504e-13  2.809e-20  4.419e-08  7.627e-07  9.304e-17  7.160e-10
-3.61641e+14  -6.86563e+14  -2.98046e+14  8.31255e+14  2.79400e+05  9.60200e+02  3.16900e-01  2.49300e+03  3.990e-04  1.992e-05  1.426e-06  3.726e-08  9.097e-07  1.850e-09  4.561e-06  2.829e-07  1.633e-05  1.320e-06  9.402e-06  1.620e-07  8.229e-09  9.782e-11  1.386e-07  2.121e-06  1.836e-08  3.226e-10  5.194e-09  1.434e-07  3.095e-08  5.821e-09  2.346e-09  4.649e-10  1.822e-10  1.602e-07  3.815e-07  2.225e-09  3.974e-09  1.957e-09  8.979e-13  1.875e-06  3.602e-09  4.528e-11  2.872e-10  4.253e-08  9.489e-09  3.193e-07  4.188e-09  1.103e-06  1.079e-07  8.878e-05  6.469e-08  1.716e-06  1.736e-06  2.857e-10  6.873e-13  4.611e-09  8.931e-10  1.883e-32  7.727e-13  4.532e-20  4.988e-08  7.912e-07  5.470e-17  7.616e-10
-3.68430e+14  -7.05386e+14  -3.04032e+14  8.51907e+14  3.08600e+05  1.08900e+03  3.13900e-01  2.49400e+03  3.989e-04  1.992e-05  1.479e-06  3.823e-08  8.676e-07  1.831e-09  4.707e-06  2.976e-07  1.638e-05  1.298e-06  9.351e-06  1.622e-07  8.230e-09  1.106e-10  1.365e-07  2.113e-06  1.057e-08  2.164e-10  5.309e-09  1.454e-07  3.011e-08  5.743e-09  2.289e-09  4.335e-10  2.613e-10  1.337e-07  4.738e-07  1.884e-09  3.214e-09  1.896e-09  8.847e-13  2.089e-06  3.699e-09  4.525e-11  2.956e-10  4.313e-08  1.078e-08  3.231e-07  4.244e-09  1.091e-06  1.156e-07  9.169e-05  2.546e-08  1.570e-06  1.775e-06  1.841e-10  6.271e-13  4.643e-09  4.986e-10  1.639e-32  1.649e-12  3.989e-20  4.992e-08  8.117e-07  3.229e-17  7.999e-10
-3.75218e+14  -7.25443e+14  -3.13505e+14  8.74838e+14  3.33300e+05  1.14900e+03  3.10200e-01  2.49600e+03  3.988e-04  1.991e-05  1.616e-06  3.940e-08  8.742e-07  1.814e-09  4.820e-06  3.126e-07  1.642e-05  1.276e-06  9.299e-06  1.622e-07  8.231e-09  1.239e-10  1.349e-07  2.105e-06  8.170e-09  1.818e-10  5.453e-09  1.449e-07  2.960e-08  5.675e-09  2.231e-09  4.075e-10  3.285e-10  1.319e-07  5.508e-07  1.493e-09  2.453e-09  1.792e-09  8.640e-13  2.383e-06  3.870e-09  4.432e-11  2.934e-10  4.392e-08  1.193e-08  3.280e-07  4.311e-09  9.866e-07  1.231e-07  9.510e-05  1.788e-08  1.298e-06  1.818e-06  1.515e-10  6.049e-13  4.677e-09  3.473e-10  1.365e-32  1.861e-12  3.230e-20  4.444e-08  8.249e-07  2.498e-17  8.301e-10
-3.82315e+14  -7.46734e+14  -3.25230e+14  8.99751e+14  3.43200e+05  1.15600e+03  3.01900e-01  2.49700e+03  3.987e-04  1.991e-05  1.784e-06  4.010e-08  8.984e-07  1.798e-09  4.931e-06  3.282e-07  1.645e-05  1.253e-06  9.246e-06  1.622e-07  8.231e-09  1.369e-10  1.334e-07  2.097e-06  7.939e-09  1.841e-10  5.630e-09  1.431e-07  2.923e-08  5.608e-09  2.173e-09  4.002e-10  3.169e-10  1.264e-07  5.966e-07  1.273e-09  2.039e-09  1.701e-09  8.422e-13  2.590e-06  3.973e-09  4.385e-11  2.921e-10  4.460e-08  1.291e-08  3.338e-07  4.385e-09  8.945e-07  1.309e-07  9.856e-05  1.783e-08  1.099e-06  1.860e-06  1.482e-10  6.094e-13  4.713e-09  3.067e-10  1.297e-32  1.635e-12  2.841e-20  3.835e-08  8.374e-07  2.452e-17  8.553e-10
-3.89721e+14  -7.68951e+14  -3.38807e+14  9.26260e+14  3.39400e+05  1.13600e+03  3.00400e-01  2.49900e+03  3.986e-04  1.990e-05  1.930e-06  4.033e-08  9.095e-07  1.784e-09  5.039e-06  3.442e-07  1.649e-05  1.230e-06  9.194e-06  1.622e-07  8.231e-09  1.491e-10  1.321e-07  2.090e-06  8.586e-09  2.035e-10  5.839e-09  1.407e-07  2.892e-08  5.540e-09  2.118e-09  4.016e-10  2.783e-10  1.204e-07  6.155e-07  1.179e-09  1.905e-09  1.634e-09  8.217e-13  2.691e-06  3.913e-09  4.286e-11  2.945e-10  4.512e-08  1.373e-08  3.402e-07  4.463e-09  8.564e-07  1.386e-07  1.017e-04  1.998e-08  1.020e-06  1.898e-06  1.575e-10  6.291e-13  4.748e-09  3.170e-10  1.369e-32  1.344e-12  2.605e-20  3.423e-08  8.522e-07  2.651e-17  8.767e-10
-3.97127e+14  -7.91168e+14  -3.52693e+14  9.52916e+14  3.26700e+05  1.10400e+03  3.00200e-01  2.50100e+03  3.985e-04  1.990e-05  2.031e-06  4.024e-08  8.963e-07  1.771e-09  5.144e-06  3.603e-07  1.653e-05  1.207e-06  9.142e-06  1.622e-07  8.231e-09  1.599e-10  1.310e-07  2.083e-06  9.901e-09  2.372e-10  6.069e-09  1.386e-07  2.859e-08  5.471e-09  2.066e-09  4.093e-10  2.449e-10  1.193e-07  6.248e-07  1.163e-09  1.942e-09  1.595e-09  8.030e-13  2.722e-06  3.752e-09  4.195e-11  3.021e-10  4.554e-08  1.442e-08  3.468e-07  4.542e-09  8.692e-07  1.463e-07  1.046e-04  2.419e-08  1.031e-06  1.932e-06  1.759e-10  6.597e-13  4.781e-09  3.708e-10  1.569e-32  1.128e-12  2.625e-20  3.263e-08  8.712e-07  3.078e-17  8.967e-10
-4.05149e+14  -8.14002e+14  -3.66887e+14  9.80485e+14  3.09600e+05  1.06700e+03  2.96100e-01  2.50200e+03  3.984e-04  1.989e-05  2.088e-06  3.990e-08  8.607e-07  1.758e-09  5.248e-06  3.767e-07  1.656e-05  1.185e-06  9.089e-06  1.621e-07  8.232e-09  1.694e-10  1.299e-07  2.076e-06  1.196e-08  2.878e-10  6.310e-09  1.372e-07  2.816e-08  5.397e-09  2.019e-09  4.245e-10  2.247e-10  1.245e-07  6.350e-07  1.209e-09  2.095e-09  1.589e-09  7.870e-13  2.713e-06  3.580e-09  4.153e-11  3.171e-10  4.592e-08  1.504e-08  3.535e-07  4.619e-09  9.236e-07  1.544e-07  1.073e-04  3.156e-08  1.102e-06  1.961e-06  2.037e-10  7.001e-13  4.812e-09  4.777e-10  1.940e-32  9.956e-13  2.984e-20  3.339e-08  8.956e-07  3.826e-17  9.187e-10
-4.12864e+14  -8.36527e+14  -3.80773e+14  1.00758e+15  2.90300e+05  1.02800e+03  2.93900e-01  2.50400e+03  3.982e-04  1.989e-05  2.108e-06  3.939e-08  8.101e-07  1.745e-09  5.350e-06  3.935e-07  1.659e-05  1.163e-06  9.037e-06  1.621e-07  8.232e-09  1.779e-10  1.289e-07  2.069e-06  1.472e-08  3.542e-10  6.558e-09  1.366e-07  2.766e-08  5.321e-09  1.975e-09  4.424e-10  2.168e-10  1.355e-07  6.487e-07  1.308e-09  2.329e-09  1.621e-09  7.745e-13  2.678e-06  3.406e-09  4.095e-11  3.414e-10  4.634e-08  1.564e-08  3.603e-07  4.693e-09  1.006e-06  1.626e-07  1.098e-04  4.170e-08  1.212e-06  1.986e-06  2.404e-10  7.479e-13  4.841e-09  6.429e-10  2.507e-32  9.047e-13  3.536e-20  3.608e-08  9.238e-07  4.857e-17  9.435e-10
-4.20886e+14  -8.58744e+14  -3.94350e+14  1.03446e+15  2.70300e+05  9.88900e+02  2.94600e-01  2.50500e+03  3.981e-04  1.988e-05  2.103e-06  3.875e-08  7.518e-07  1.732e-09  5.447e-06  4.104e-07  1.662e-05  1.142e-06  8.984e-06  1.620e-07  8.233e-09  1.857e-10  1.279e-07  2.062e-06  1.821e-08  4.368e-10  6.809e-09  1.367e-07  2.709e-08  5.243e-09  1.937e-09  4.620e-10  2.212e-10  1.519e-07  6.648e-07  1.452e-09  2.626e-09  1.690e-09  7.664e-13  2.623e-06  3.226e-09  4.012e-11  3.763e-10  4.684e-08  1.627e-08  3.671e-07  4.763e-09  1.104e-06  1.708e-07  1.122e-04  5.457e-08  1.346e-06  2.008e-06  2.864e-10  8.011e-13  4.867e-09  8.764e-10  3.316e-32  8.309e-13  4.202e-20  4.029e-08  9.542e-07  6.197e-17  9.710e-10
-4.28909e+14  -8.80961e+14  -4.07001e+14  1.06099e+15  2.50500e+05  9.50300e+02  2.95900e-01  2.50700e+03  3.980e-04  1.988e-05  2.078e-06  3.802e-08  6.911e-07  1.718e-09  5.537e-06  4.273e-07  1.665e-05  1.123e-06  8.932e-06  1.620e-07  8.234e-09  1.926e-10  1.269e-07  2.054e-06  2.272e-08  5.408e-10  7.061e-09  1.374e-07  2.648e-08  5.165e-09  1.904e-09  4.858e-10  2.395e-10  1.737e-07  6.816e-07  1.636e-09  2.975e-09  1.799e-09  7.637e-13  2.555e-06  3.062e-09  3.930e-11  4.235e-10  4.742e-08  1.692e-08  3.740e-07  4.828e-09  1.213e-06  1.790e-07  1.145e-04  7.132e-08  1.493e-06  2.029e-06  3.451e-10  8.602e-13  4.890e-09  1.204e-09  4.448e-32  7.604e-13  4.983e-20  4.580e-08  9.860e-07  8.017e-17  1.001e-09
-4.36932e+14  -9.02869e+14  -4.19035e+14  1.08705e+15  2.30900e+05  9.12200e+02  2.93400e-01  2.50800e+03  3.979e-04  1.988e-05  2.040e-06  3.719e-08  6.308e-07  1.704e-09  5.620e-06  4.444e-07  1.668e-05  1.103e-06  8.880e-06  1.619e-07  8.235e-09  1.986e-10  1.259e-07  2.047e-06  2.894e-08  6.814e-10  7.306e-09  1.388e-07  2.577e-08  5.086e-09  1.878e-09  5.193e-10  2.757e-10  2.018e-07  6.972e-07  1.857e-09  3.377e-09  1.950e-09  7.677e-13  2.478e-06  2.935e-09  3.887e-11  4.861e-10  4.806e-08  1.761e-08  3.810e-07  4.888e-09  1.331e-06  1.875e-07  1.168e-04  9.519e-08  1.648e-06  2.048e-06  4.240e-10  9.277e-13  4.910e-09  1.685e-09  6.089e-32  6.895e-13  6.011e-20  5.262e-08  1.020e-06  1.079e-16  1.036e-09
-4.44646e+14  -9.24160e+14  -4.30143e+14  1.11212e+15  2.11700e+05  8.74900e+02  2.92000e-01  2.51000e+03  3.978e-04  1.987e-05  1.993e-06  3.628e-08  5.733e-07  1.689e-09  5.695e-06  4.617e-07  1.671e-05  1.085e-06  8.827e-06  1.617e-07  8.236e-09  2.037e-10  1.249e-07  2.039e-06  3.712e-08  8.622e-10  7.541e-09  1.408e-07  2.500e-08  5.005e-09  1.859e-09  5.613e-10  3.326e-10  2.361e-07  7.104e-07  2.108e-09  3.824e-09  2.149e-09  7.806e-13  2.394e-06  2.830e-09  3.835e-11  5.669e-10  4.874e-08  1.834e-08  3.880e-07  4.941e-09  1.456e-06  1.961e-07  1.190e-04  1.260e-07  1.804e-06  2.065e-06  5.266e-10  1.003e-12  4.927e-09  2.350e-09  8.357e-32  6.119e-13  7.118e-20  6.059e-08  1.057e-06  1.470e-16  1.075e-09
-4.52052e+14  -9.45143e+14  -4.40326e+14  1.13646e+15  1.93400e+05  8.39100e+02  2.91200e-01  2.51200e+03  3.977e-04  1.987e-05  1.940e-06  3.532e-08  5.199e-07  1.674e-09  5.761e-06  4.793e-07  1.673e-05  1.066e-06  8.775e-06  1.616e-07  8.236e-09  2.078e-10  1.239e-07  2.031e-06  4.782e-08  1.093e-09  7.763e-09  1.433e-07  2.417e-08  4.924e-09  1.848e-09  6.128e-10  4.135e-10  2.759e-07  7.204e-07  2.383e-09  4.305e-09  2.393e-09  8.045e-13  2.307e-06  2.739e-09  3.778e-11  6.673e-10  4.942e-08  1.911e-08  3.951e-07  4.988e-09  1.584e-06  2.049e-07  1.211e-04  1.645e-07  1.958e-06  2.080e-06  6.596e-10  1.086e-12  4.942e-09  3.242e-09  1.144e-31  5.314e-13  8.290e-20  6.954e-08  1.095e-06  2.022e-16  1.118e-09
-4.59457e+14  -9.65817e+14  -4.49892e+14  1.16030e+15  1.76200e+05  8.05200e+02  2.89700e-01  2.51300e+03  3.976e-04  1.986e-05  1.883e-06  3.431e-08  4.709e-07  1.658e-09  5.817e-06  4.970e-07  1.675e-05  1.049e-06  8.722e-06  1.614e-07  8.237e-09  2.110e-10  1.228e-07  2.023e-06  6.180e-08  1.389e-09  7.970e-09  1.463e-07  2.328e-08  4.842e-09  1.846e-09  6.759e-10  5.224e-10  3.204e-07  7.269e-07  2.676e-09  4.813e-09  2.679e-09  8.417e-13  2.221e-06  2.665e-09  3.725e-11  7.883e-10  5.007e-08  1.990e-08  4.022e-07  5.028e-09  1.716e-06  2.139e-07  1.233e-04  2.117e-07  2.106e-06  2.094e-06  8.316e-10  1.177e-12  4.954e-09  4.410e-09  1.562e-31  4.553e-13  9.692e-20  7.942e-08  1.135e-06  2.815e-16  1.165e-09
-4.66554e+14  -9.85874e+14  -4.58532e+14  1.18316e+15  1.60500e+05  7.73900e+02  2.89800e-01  2.51500e+03  3.975e-04  1.986e-05  1.826e-06  3.328e-08  4.265e-07  1.641e-09  5.862e-06  5.149e-07  1.677e-05  1.031e-06  8.669e-06  1.611e-07  8.237e-09  2.132e-10  1.216e-07  2.015e-06  7.922e-08  1.751e-09  8.162e-09  1.496e-07  2.238e-08  4.759e-09  1.854e-09  7.484e-10  6.608e-10  3.681e-07  7.302e-07  2.980e-09  5.334e-09  3.002e-09  8.950e-13  2.136e-06  2.598e-09  3.654e-11  9.293e-10  5.067e-08  2.071e-08  4.093e-07  5.062e-09  1.849e-06  2.230e-07  1.254e-04  2.664e-07  2.248e-06  2.108e-06  1.046e-09  1.275e-12  4.963e-09  5.843e-09  2.106e-31  3.879e-13  1.151e-19  9.001e-08  1.177e-06  3.884e-16  1.215e-09
-4.73652e+14  -1.00562e+15  -4.66863e+14  1.20565e+15  1.46600e+05  7.45600e+02  2.86500e-01  2.51600e+03  3.974e-04  1.985e-05  1.768e-06  3.224e-08  3.861e-07  1.624e-09  5.898e-06  5.330e-07  1.679e-05  1.014e-06  8.616e-06  1.609e-07  8.238e-09  2.144e-10  1.204e-07  2.007e-06  1.013e-07  2.203e-09  8.336e-09  1.533e-07  2.144e-08  4.677e-09  1.873e-09  8.337e-10  8.327e-10  4.183e-07  7.309e-07  3.294e-09  5.864e-09  3.354e-09  9.670e-13  2.054e-06  2.551e-09  3.602e-11  1.090e-09  5.120e-08  2.153e-08  4.164e-07  5.089e-09  1.986e-06  2.326e-07  1.276e-04  3.309e-07  2.382e-06  2.120e-06  1.312e-09  1.380e-12  4.970e-09  7.618e-09  2.833e-31  3.357e-13  1.439e-19  1.015e-07  1.220e-06  5.408e-16  1.269e-09
-4.80440e+14  -1.02537e+15  -4.74269e+14  1.22766e+15  1.34700e+05  7.20900e+02  2.82300e-01  2.51800e+03  3.972e-04  1.985e-05  1.710e-06  3.118e-08  3.495e-07  1.607e-09  5.925e-06  5.516e-07  1.680e-05  9.970e-07  8.563e-06  1.605e-07  8.238e-09  2.148e-10  1.192e-07  1.998e-06  1.273e-07  2.735e-09  8.492e-09  1.572e-07  2.050e-08  4.593e-09  1.903e-09  9.294e-10  1.036e-09  4.699e-07  7.297e-07  3.616e-09  6.393e-09  3.732e-09  1.061e-12  1.975e-06  2.516e-09  3.545e-11  1.269e-09  5.164e-08  2.237e-08  4.235e-07  5.110e-09  2.129e-06  2.426e-07  1.297e-04  4.046e-07  2.509e-06  2.132e-06  1.624e-09  1.490e-12  4.975e-09  9.702e-09  3.771e-31  2.986e-13  1.901e-19  1.137e-07  1.265e-06  7.409e-16  1.327e-09
-4.86920e+14  -1.04450e+15  -4.81366e+14  1.24891e+15  1.25000e+05  7.00700e+02  2.77100e-01  2.52000e+03  3.971e-04  1.984e-05  1.652e-06  3.013e-08  3.160e-07  1.589e-09  5.947e-06  5.707e-07  1.680e-05  9.800e-07  8.509e-06  1.602e-07  8.238e-09  2.144e-10  1.179e-07  1.990e-06  1.557e-07  3.324e-09  8.632e-09  1.613e-07  1.957e-08  4.510e-09  1.943e-09  1.032e-09  1.264e-09  5.219e-07  7.272e-07  3.943e-09  6.914e-09  4.130e-09  1.180e-12  1.898e-06  2.489e-09  3.481e-11  1.467e-09  5.201e-08  2.322e-08  4.307e-07  5.126e-09  2.277e-06  2.532e-07  1.319e-04  4.867e-07  2.629e-06  2.143e-06  1.961e-09  1.598e-12  4.978e-09  1.204e-08  4.954e-31  2.754e-13  2.627e-19  1.267e-07  1.311e-06  9.843e-16  1.388e-09
-4.93400e+14  -1.06363e+15  -4.88154e+14  1.27006e+15  1.17600e+05  6.86900e+02  2.74600e-01  2.52100e+03  3.970e-04  1.984e-05  1.596e-06  2.910e-08  2.858e-07  1.570e-09  5.967e-06  5.903e-07  1.681e-05  9.634e-07  8.455e-06  1.598e-07  8.238e-09  2.137e-10  1.166e-07  1.981e-06  1.804e-07  3.866e-09  8.766e-09  1.652e-07  1.869e-08  4.429e-09  1.991e-09  1.132e-09  1.489e-09  5.732e-07  7.240e-07  4.271e-09  7.411e-09  4.549e-09  1.325e-12  1.825e-06  2.454e-09  3.389e-11  1.685e-09  5.232e-08  2.411e-08  4.379e-07  5.138e-09  2.429e-06  2.641e-07  1.341e-04  5.720e-07  2.743e-06  2.156e-06  2.255e-09  1.695e-12  4.979e-09  1.439e-08  6.324e-31  2.622e-13  3.670e-19  1.398e-07  1.356e-06  1.215e-15  1.452e-09
-4.99571e+14  -1.08276e+15  -4.95251e+14  1.29121e+15  1.12600e+05  6.81900e+02  2.72800e-01  2.52300e+03  3.969e-04  1.983e-05  1.541e-06  2.810e-08  2.583e-07  1.552e-09  5.993e-06  6.105e-07  1.683e-05  9.473e-07  8.401e-06  1.596e-07  8.237e-09  2.129e-10  1.154e-07  1.971e-06  1.951e-07  4.257e-09  8.897e-09  1.690e-07  1.789e-08  4.350e-09  2.041e-09  1.223e-09  1.673e-09  6.228e-07  7.209e-07  4.597e-09  7.874e-09  4.984e-09  1.499e-12  1.754e-06  2.412e-09  3.295e-11  1.923e-09  5.262e-08  2.506e-08  4.454e-07  5.148e-09  2.582e-06  2.754e-07  1.363e-04  6.558e-07  2.852e-06  2.172e-06  2.429e-09  1.765e-12  4.978e-09  1.650e-08  7.831e-31  2.573e-13  5.052e-19  1.529e-07  1.399e-06  1.376e-15  1.515e-09
-5.05743e+14  -1.10159e+15  -5.02348e+14  1.31211e+15  1.10000e+05  6.86900e+02  2.68700e-01  2.52400e+03  3.968e-04  1.983e-05  1.487e-06  2.714e-08  2.333e-07  1.534e-09  6.029e-06  6.312e-07  1.687e-05  9.318e-07  8.346e-06  1.596e-07  8.237e-09  2.122e-10  1.142e-07  1.962e-06  1.967e-07  4.443e-09  9.024e-09  1.723e-07  1.718e-08  4.273e-09  2.087e-09  1.299e-09  1.787e-09  6.700e-07  7.187e-07  4.919e-09  8.294e-09  5.424e-09  1.698e-12  1.685e-06  2.376e-09  3.228e-11  2.181e-09  5.292e-08  2.608e-08  4.530e-07  5.155e-09  2.739e-06  2.870e-07  1.386e-04  7.354e-07  2.956e-06  2.189e-06  2.441e-09  1.806e-12  4.977e-09  1.822e-08  9.451e-31  2.623e-13  6.765e-19  1.658e-07  1.439e-06  1.439e-15  1.579e-09
-5.12222e+14  -1.12072e+15  -5.09754e+14  1.33350e+15  1.09400e+05  6.99800e+02  2.67600e-01  2.52600e+03  3.966e-04  1.982e-05  1.436e-06  2.624e-08  2.106e-07  1.516e-09  6.084e-06  6.526e-07  1.691e-05  9.172e-07  8.291e-06  1.598e-07  8.237e-09  2.120e-10  1.132e-07  1.952e-06  1.846e-07  4.382e-09  9.156e-09  1.752e-07  1.656e-08  4.201e-09  2.122e-09  1.349e-09  1.825e-09  7.136e-07  7.184e-07  5.232e-09  8.657e-09  5.865e-09  1.918e-12  1.619e-06  2.336e-09  3.146e-11  2.458e-09  5.327e-08  2.723e-08  4.610e-07  5.163e-09  2.895e-06  2.987e-07  1.410e-04  8.010e-07  3.056e-06  2.211e-06  2.294e-09  1.814e-12  4.976e-09  1.919e-08  1.099e-30  2.797e-13  8.627e-19  1.780e-07  1.476e-06  1.366e-15  1.642e-09
-5.18702e+14  -1.14016e+15  -5.18394e+14  1.35563e+15  1.10100e+05  7.16000e+02  2.67100e-01  2.52800e+03  3.965e-04  1.981e-05  1.386e-06  2.541e-08  1.901e-07  1.498e-09  6.160e-06  6.742e-07  1.696e-05  9.036e-07  8.237e-06  1.600e-07  8.236e-09  2.127e-10  1.123e-07  1.942e-06  1.679e-07  4.212e-09  9.299e-09  1.773e-07  1.605e-08  4.134e-09  2.146e-09  1.368e-09  1.825e-09  7.525e-07  7.210e-07  5.531e-09  8.957e-09  6.290e-09  2.157e-12  1.554e-06  2.287e-09  3.057e-11  2.751e-09  5.369e-08  2.853e-08  4.693e-07  5.172e-09  3.050e-06  3.104e-07  1.434e-04  8.473e-07  3.152e-06  2.236e-06  2.095e-09  1.806e-12  4.975e-09  1.946e-08  1.245e-30  3.157e-13  1.052e-18  1.891e-07  1.507e-06  1.241e-15  1.702e-09
-5.25182e+14  -1.15991e+15  -5.27651e+14  1.37826e+15  1.11300e+05  7.29900e+02  2.66300e-01  2.52900e+03  3.964e-04  1.981e-05  1.339e-06  2.464e-08  1.716e-07  1.480e-09  6.255e-06  6.959e-07  1.701e-05  8.911e-07  8.183e-06  1.601e-07  8.236e-09  2.140e-10  1.117e-07  1.932e-06  1.544e-07  4.073e-09  9.457e-09  1.788e-07  1.564e-08  4.070e-09  2.160e-09  1.368e-09  1.829e-09  7.865e-07  7.267e-07  5.816e-09  9.198e-09  6.679e-09  2.412e-12  1.492e-06  2.233e-09  2.961e-11  3.053e-09  5.419e-08  2.993e-08  4.779e-07  5.182e-09  3.203e-06  3.220e-07  1.460e-04  8.753e-07  3.243e-06  2.264e-06  1.933e-09  1.800e-12  4.975e-09  1.943e-08  1.393e-30  3.690e-13  1.244e-18  1.993e-07  1.535e-06  1.137e-15  1.760e-09
-5.31662e+14  -1.18027e+15  -5.38142e+14  1.40189e+15  1.12200e+05  7.38300e+02  2.66200e-01  2.53100e+03  3.963e-04  1.980e-05  1.293e-06  2.393e-08  1.548e-07  1.463e-09  6.362e-06  7.174e-07  1.705e-05  8.795e-07  8.129e-06  1.602e-07  8.237e-09  2.156e-10  1.112e-07  1.922e-06  1.466e-07  4.024e-09  9.636e-09  1.798e-07  1.531e-08  4.011e-09  2.167e-09  1.363e-09  1.859e-09  8.162e-07  7.345e-07  6.086e-09  9.390e-09  7.016e-09  2.680e-12  1.431e-06  2.175e-09  2.855e-11  3.355e-09  5.477e-08  3.140e-08  4.869e-07  5.194e-09  3.353e-06  3.335e-07  1.485e-04  8.902e-07  3.331e-06  2.295e-06  1.840e-09  1.804e-12  4.974e-09  1.948e-08  1.551e-30  4.248e-13  1.443e-18  2.085e-07  1.559e-06  1.075e-15  1.814e-09
-5.38451e+14  -1.20064e+15  -5.49559e+14  1.42600e+15  1.12200e+05  7.40600e+02  2.64400e-01  2.53200e+03  3.961e-04  1.980e-05  1.249e-06  2.325e-08  1.397e-07  1.446e-09  6.473e-06  7.389e-07  1.708e-05  8.687e-07  8.075e-06  1.602e-07  8.237e-09  2.169e-10  1.108e-07  1.912e-06  1.455e-07  4.111e-09  9.831e-09  1.803e-07  1.503e-08  3.954e-09  2.172e-09  1.371e-09  1.927e-09  8.434e-07  7.432e-07  6.346e-09  9.552e-09  7.288e-09  2.957e-12  1.373e-06  2.127e-09  2.760e-11  3.651e-09  5.540e-08  3.287e-08  4.960e-07  5.207e-09  3.502e-06  3.452e-07  1.511e-04  9.024e-07  3.415e-06  2.327e-06  1.825e-09  1.824e-12  4.974e-09  2.002e-08  1.742e-30  4.669e-13  1.665e-18  2.172e-07  1.582e-06  1.073e-15  1.867e-09
-5.45548e+14  -1.22100e+15  -5.61902e+14  1.45059e+15  1.11300e+05  7.37900e+02  2.61400e-01  2.53400e+03  3.960e-04  1.979e-05  1.207e-06  2.259e-08  1.259e-07  1.429e-09  6.580e-06  7.603e-07  1.711e-05  8.584e-07  8.021e-06  1.602e-07  8.237e-09  2.175e-10  1.106e-07  1.901e-06  1.503e-07  4.327e-09  1.004e-08  1.806e-07  1.477e-08  3.898e-09  2.176e-09  1.403e-09  2.033e-09  8.695e-07  7.511e-07  6.598e-09  9.696e-09  7.496e-09  3.238e-12  1.316e-06  2.093e-09  2.674e-11  3.937e-09  5.607e-08  3.428e-08  5.054e-07  5.220e-09  3.653e-06  3.571e-07  1.537e-04  9.204e-07  3.496e-06  2.357e-06  1.876e-09  1.859e-12  4.974e-09  2.116e-08  1.979e-30  4.855e-13  1.927e-18  2.259e-07  1.605e-06  1.126e-15  1.918e-09
-5.52645e+14  -1.24168e+15  -5.74862e+14  1.47568e+15  1.09400e+05  7.31500e+02  2.58700e-01  2.53600e+03  3.959e-04  1.979e-05  1.165e-06  2.193e-08  1.135e-07  1.413e-09  6.679e-06  7.818e-07  1.713e-05  8.485e-07  7.967e-06  1.601e-07  8.238e-09  2.173e-10  1.104e-07  1.891e-06  1.593e-07  4.650e-09  1.025e-08  1.809e-07  1.453e-08  3.843e-09  2.183e-09  1.459e-09  2.173e-09  8.958e-07  7.574e-07  6.844e-09  9.832e-09  7.649e-09  3.521e-12  1.261e-06  2.068e-09  2.589e-11  4.213e-09  5.673e-08  3.561e-08  5.150e-07  5.232e-09  3.805e-06  3.694e-07  1.563e-04  9.480e-07  3.574e-06  2.387e-06  1.978e-09  1.906e-12  4.973e-09  2.284e-08  2.263e-30  4.803e-13  2.242e-18  2.348e-07  1.629e-06  1.221e-15  1.970e-09
-5.59742e+14  -1.26266e+15  -5.88439e+14  1.50129e+15  1.06800e+05  7.22900e+02  2.56000e-01  2.53700e+03  3.958e-04  1.978e-05  1.124e-06  2.128e-08  1.022e-07  1.396e-09  6.767e-06  8.034e-07  1.715e-05  8.390e-07  7.913e-06  1.599e-07  8.238e-09  2.162e-10  1.103e-07  1.880e-06  1.723e-07  5.073e-09  1.047e-08  1.811e-07  1.430e-08  3.787e-09  2.194e-09  1.536e-09  2.347e-09  9.228e-07  7.615e-07  7.087e-09  9.966e-09  7.758e-09  3.804e-12  1.207e-06  2.051e-09  2.507e-11  4.481e-09  5.737e-08  3.686e-08  5.246e-07  5.243e-09  3.960e-06  3.819e-07  1.590e-04  9.871e-07  3.648e-06  2.414e-06  2.126e-09  1.965e-12  4.972e-09  2.502e-08  2.606e-30  4.584e-13  2.628e-18  2.439e-07  1.656e-06  1.358e-15  2.021e-09
-5.67148e+14  -1.28333e+15  -6.02016e+14  1.52677e+15  1.03800e+05  7.12800e+02  2.50800e-01  2.53900e+03  3.956e-04  1.977e-05  1.084e-06  2.062e-08  9.186e-08  1.379e-09  6.843e-06  8.253e-07  1.716e-05  8.294e-07  7.859e-06  1.597e-07  8.238e-09  2.142e-10  1.102e-07  1.869e-06  1.902e-07  5.629e-09  1.068e-08  1.816e-07  1.405e-08  3.732e-09  2.208e-09  1.635e-09  2.557e-09  9.510e-07  7.634e-07  7.328e-09  1.010e-08  7.830e-09  4.087e-12  1.155e-06  2.046e-09  2.438e-11  4.742e-09  5.796e-08  3.800e-08  5.344e-07  5.252e-09  4.122e-06  3.950e-07  1.616e-04  1.041e-06  3.720e-06  2.439e-06  2.325e-09  2.035e-12  4.969e-09  2.782e-08  3.035e-30  4.292e-13  3.127e-18  2.539e-07  1.685e-06  1.561e-15  2.074e-09
-5.74245e+14  -1.30401e+15  -6.15901e+14  1.55226e+15  1.00500e+05  7.01900e+02  2.47300e-01  2.54000e+03  3.955e-04  1.977e-05  1.044e-06  1.996e-08  8.253e-08  1.361e-09  6.909e-06  8.474e-07  1.717e-05  8.199e-07  7.804e-06  1.595e-07  8.238e-09  2.113e-10  1.101e-07  1.858e-06  2.108e-07  6.263e-09  1.089e-08  1.821e-07  1.380e-08  3.676e-09  2.228e-09  1.751e-09  2.797e-09  9.801e-07  7.632e-07  7.566e-09  1.024e-08  7.881e-09  4.373e-12  1.105e-06  2.042e-09  2.360e-11  5.001e-09  5.847e-08  3.905e-08  5.442e-07  5.259e-09  4.288e-06  4.087e-07  1.642e-04  1.108e-06  3.789e-06  2.461e-06  2.557e-09  2.113e-12  4.966e-09  3.103e-08  3.535e-30  3.965e-13  3.745e-18  2.643e-07  1.718e-06  1.797e-15  2.127e-09
-5.81650e+14  -1.32468e+15  -6.29787e+14  1.57789e+15  9.71100e+04  6.90500e+02  2.45200e-01  2.54200e+03  3.953e-04  1.976e-05  1.006e-06  1.930e-08  7.411e-08  1.344e-09  6.965e-06  8.698e-07  1.718e-05  8.106e-07  7.750e-06  1.592e-07  8.238e-09  2.078e-10  1.100e-07  1.847e-06  2.341e-07  6.976e-09  1.109e-08  1.827e-07  1.355e-08  3.620e-09  2.254e-09  1.876e-09  3.068e-09  1.010e-06  7.611e-07  7.800e-09  1.037e-08  7.921e-09  4.662e-12  1.056e-06  2.032e-09  2.274e-11  5.260e-09  5.892e-08  4.001e-08  5.540e-07  5.265e-09  4.456e-06  4.227e-07  1.669e-04  1.185e-06  3.855e-06  2.482e-06  2.822e-09  2.198e-12  4.961e-09  3.456e-08  4.112e-30  3.639e-13  4.502e-18  2.751e-07  1.751e-06  2.071e-15  2.182e-09
-5.89056e+14  -1.34536e+15  -6.43672e+14  1.60352e+15  9.36300e+04  6.78800e+02  2.41200e-01  2.54400e+03  3.952e-04  1.975e-05  9.683e-07  1.864e-08  6.649e-08  1.327e-09  7.011e-06  8.923e-07  1.718e-05  8.012e-07  7.695e-06  1.588e-07  8.237e-09  2.036e-10  1.099e-07  1.835e-06  2.625e-07  7.835e-09  1.129e-08  1.835e-07  1.330e-08  3.563e-09  2.286e-09  2.014e-09  3.379e-09  1.040e-06  7.572e-07  8.032e-09  1.050e-08  7.951e-09  4.956e-12  1.010e-06  2.025e-09  2.196e-11  5.518e-09  5.928e-08  4.086e-08  5.639e-07  5.268e-09  4.631e-06  4.373e-07  1.696e-04  1.275e-06  3.918e-06  2.501e-06  3.141e-09  2.292e-12  4.955e-09  3.862e-08  4.810e-30  3.352e-13  5.458e-18  2.865e-07  1.788e-06  2.429e-15  2.238e-09
-5.96461e+14  -1.36572e+15  -6.57558e+14  1.62891e+15  9.01100e+04  6.66600e+02  2.40000e-01  2.54500e+03  3.950e-04  1.975e-05  9.319e-07  1.798e-08  5.965e-08  1.309e-09  7.047e-06  9.150e-07  1.718e-05  7.919e-07  7.640e-06  1.585e-07  8.237e-09  1.988e-10  1.098e-07  1.824e-06  2.939e-07  8.778e-09  1.148e-08  1.843e-07  1.306e-08  3.507e-09  2.325e-09  2.160e-09  3.729e-09  1.070e-06  7.519e-07  8.260e-09  1.062e-08  7.980e-09  5.257e-12  9.650e-07  2.011e-09  2.106e-11  5.778e-09  5.956e-08  4.161e-08  5.738e-07  5.270e-09  4.807e-06  4.523e-07  1.722e-04  1.373e-06  3.978e-06  2.520e-06  3.500e-09  2.392e-12  4.948e-09  4.296e-08  5.599e-30  3.094e-13  6.624e-18  2.980e-07  1.825e-06  2.826e-15  2.295e-09
-6.03867e+14  -1.38639e+15  -6.71135e+14  1.65444e+15  8.65600e+04  6.54000e+02  2.35500e-01  2.54700e+03  3.949e-04  1.974e-05  8.962e-07  1.733e-08  5.345e-08  1.292e-09  7.073e-06  9.378e-07  1.717e-05  7.824e-07  7.585e-06  1.580e-07  8.236e-09  1.935e-10  1.097e-07  1.812e-06  3.331e-07  9.949e-09  1.166e-08  1.853e-07  1.281e-08  3.451e-09  2.372e-09  2.318e-09  4.135e-09  1.101e-06  7.454e-07  8.485e-09  1.075e-08  8.003e-09  5.565e-12  9.220e-07  2.003e-09  2.029e-11  6.037e-09  5.974e-08  4.224e-08  5.838e-07  5.269e-09  4.990e-06  4.680e-07  1.749e-04  1.484e-06  4.036e-06  2.536e-06  3.940e-09  2.506e-12  4.939e-09  4.797e-08  6.572e-30  2.891e-13  8.111e-18  3.102e-07  1.864e-06  3.372e-15  2.354e-09
-6.11581e+14  -1.40707e+15  -6.84712e+14  1.68009e+15  8.30000e+04  6.41100e+02  2.34900e-01  2.54800e+03  3.947e-04  1.973e-05  8.618e-07  1.669e-08  4.790e-08  1.274e-09  7.090e-06  9.607e-07  1.716e-05  7.730e-07  7.530e-06  1.575e-07  8.235e-09  1.879e-10  1.096e-07  1.801e-06  3.759e-07  1.122e-08  1.184e-08  1.865e-07  1.257e-08  3.395e-09  2.428e-09  2.482e-09  4.590e-09  1.131e-06  7.378e-07  8.705e-09  1.086e-08  8.030e-09  5.884e-12  8.811e-07  1.988e-09  1.939e-11  6.298e-09  5.984e-08  4.279e-08  5.937e-07  5.267e-09  5.175e-06  4.840e-07  1.776e-04  1.602e-06  4.091e-06  2.552e-06  4.431e-09  2.625e-12  4.929e-09  5.324e-08  7.662e-30  2.723e-13  9.920e-18  3.225e-07  1.904e-06  3.964e-15  2.413e-09
