# Collapse Model Output 
 
# Crich/ev_output/ev_4084139.dat in GNUPLOT format produced by evolve_output.pl 
 
X                 Y                 Z                 R                 DENSITY           TEMP              AV                TIME              CO                N2                CH4               NH3               H2S               HCP               H2O               C2H2              HCN               CS                SiC2              HCl               HF                C2H4              SiO               SiS               CN                C2H               C4H               C6H               HC3N              HC5N              HC7N              HCO+              CH                CH2               CH3               NH                NH2               SO                SO2               HS                HCNH+             NH4+              H2CO              H2CS              CH3CN             SiC               SiN               C                 N                 H                 O                 S                 Si                Cl                F                 P                 C+                N+                H+                O+                S+                Si+               Cl+               P+              
#  (CM)              (CM)              (CM)              (CM)              (CM-3)            (K)               (MAG)             (YR)              (wrt              Hnuc)           
 
-8.40539e+13  -6.40278e+13  1.84462e+13  1.07261e+14  8.76900e+06  5.84400e+02  1.78300e+00  2.51800e+03  4.003e-04  2.000e-05  5.650e-07  2.093e-08  1.928e-08  3.670e-09  3.158e-06  1.239e-06  1.686e-05  2.350e-06  1.092e-05  1.625e-07  8.329e-09  1.265e-11  2.811e-07  2.555e-06  9.939e-11  4.035e-12  1.820e-08  7.717e-07  1.228e-08  8.511e-09  4.175e-09  1.543e-12  1.182e-13  1.075e-09  3.835e-09  1.087e-10  4.673e-11  1.589e-09  1.708e-12  1.143e-07  2.101e-10  1.138e-10  1.058e-11  9.428e-08  5.016e-10  1.644e-07  6.005e-10  4.000e-09  1.288e-10  3.584e-06  2.276e-10  9.297e-07  2.274e-08  5.202e-12  2.693e-16  1.972e-09  3.954e-15  7.827e-41  1.991e-19  2.181e-28  2.844e-11  1.442e-10  9.012e-23  5.416e-13
-1.07536e+14  -4.49275e+13  2.49354e+13  1.19181e+14  5.32000e+06  4.95500e+02  1.30700e+00  2.52000e+03  4.003e-04  2.000e-05  5.635e-07  2.085e-08  1.911e-08  3.662e-09  3.157e-06  1.235e-06  1.686e-05  2.346e-06  1.092e-05  1.625e-07  8.328e-09  1.257e-11  2.799e-07  2.554e-06  1.112e-09  3.120e-11  1.839e-08  7.755e-07  1.219e-08  8.481e-09  4.215e-09  5.573e-12  5.260e-13  2.098e-09  3.936e-09  1.242e-10  1.009e-10  1.587e-09  1.714e-12  1.105e-07  3.991e-10  1.184e-10  1.062e-11  9.391e-08  5.001e-10  1.645e-07  6.005e-10  1.062e-08  1.880e-10  3.705e-06  1.426e-09  9.420e-07  2.924e-08  3.400e-11  8.748e-16  1.978e-09  8.757e-14  2.475e-41  2.348e-18  6.358e-27  1.785e-10  3.329e-10  6.510e-21  2.110e-12
-1.15497e+14  -2.69503e+12  1.81777e+13  1.16950e+14  1.56300e+07  1.62800e+04  8.58600e-01  2.52100e+03  2.813e-09  1.889e-08  6.804e-23  1.083e-24  2.359e-20  6.075e-17  8.621e-18  2.304e-15  3.778e-13  2.733e-10  1.153e-09  3.282e-14  7.161e-09  8.370e-16  5.572e-06  2.511e-06  1.196e-08  2.701e-11  3.408e-10  1.667e-09  1.314e-08  9.575e-09  5.809e-09  5.196e-13  4.845e-11  6.470e-17  1.544e-16  3.710e-11  8.587e-19  1.311e-13  4.092e-20  3.052e-10  8.961e-13  2.049e-19  4.600e-19  9.241e-08  5.146e-10  5.043e-10  2.917e-11  4.708e-04  6.039e-05  1.000e+00  3.982e-04  5.674e-06  5.443e-06  1.625e-07  1.004e-09  1.047e-08  3.556e-08  1.927e-18  1.348e-12  4.301e-16  4.832e-09  4.639e-07  3.387e-17  7.599e-11
-1.32530e+14  -2.03932e+13  1.27284e+13  1.34692e+14  1.04100e+07  1.05300e+04  7.17200e-01  2.52300e+03  3.867e-08  4.793e-08  6.396e-22  9.340e-25  5.942e-20  3.077e-21  6.853e-17  9.156e-15  3.588e-13  3.925e-10  2.319e-09  8.082e-14  4.508e-09  3.027e-15  5.466e-06  2.420e-06  1.303e-08  1.076e-10  1.652e-09  9.400e-09  1.203e-08  1.302e-08  5.474e-09  1.065e-12  1.552e-10  2.022e-16  4.070e-16  6.665e-11  4.490e-18  1.181e-13  9.319e-20  1.805e-10  2.927e-17  5.040e-27  2.290e-18  9.006e-08  4.830e-10  1.050e-09  6.090e-11  4.771e-04  6.033e-05  1.000e+00  3.983e-04  5.762e-06  4.913e-06  1.625e-07  3.693e-09  1.049e-08  9.298e-08  3.294e-18  4.076e-12  1.348e-15  9.911e-09  1.213e-06  1.590e-16  2.020e-10
-1.65639e+14  -5.64062e+13  1.28148e+13  1.75449e+14  4.42400e+06  6.20600e+03  6.30200e-01  2.52400e+03  2.991e-06  1.097e-07  1.166e-20  4.460e-21  1.018e-17  2.382e-18  7.167e-14  1.923e-13  4.025e-12  2.184e-09  6.848e-09  2.138e-12  3.181e-09  1.397e-14  5.333e-06  2.289e-06  1.990e-08  3.738e-10  4.015e-09  2.866e-08  1.064e-08  1.696e-08  5.021e-09  2.779e-12  2.652e-09  3.653e-14  1.801e-15  7.733e-10  1.393e-15  8.194e-13  1.651e-17  7.180e-10  3.030e-17  8.541e-23  1.158e-16  8.703e-08  4.404e-10  3.241e-09  1.919e-10  4.740e-04  6.020e-05  1.000e+00  3.955e-04  5.882e-06  4.376e-06  1.625e-07  5.078e-09  1.027e-08  2.908e-07  7.271e-18  3.439e-11  1.173e-14  2.180e-08  2.040e-06  1.280e-15  4.880e-10
-2.10258e+14  -9.78160e+13  1.48267e+13  2.32371e+14  2.16700e+06  3.85500e+03  5.67800e-01  2.52600e+03  9.806e-06  2.353e-07  2.266e-17  3.577e-15  4.485e-14  5.046e-15  3.413e-09  2.635e-10  2.723e-09  3.090e-08  1.565e-08  3.440e-10  7.584e-09  3.611e-14  5.219e-06  2.123e-06  1.070e-07  3.537e-09  7.464e-09  6.696e-08  9.118e-09  2.067e-08  4.489e-09  9.454e-11  1.431e-07  2.661e-10  3.659e-13  3.438e-08  9.577e-12  7.552e-11  1.895e-13  1.662e-08  1.932e-14  1.364e-15  2.411e-13  8.362e-08  3.912e-10  9.700e-09  6.497e-10  4.644e-04  5.981e-05  9.976e-01  3.875e-04  5.988e-06  3.877e-06  1.622e-07  3.816e-10  9.948e-09  6.385e-07  6.929e-19  4.975e-09  1.706e-12  4.054e-08  2.834e-06  1.515e-14  8.545e-10
-2.60709e+14  -1.40244e+14  1.96342e+13  2.96687e+14  1.30100e+06  2.91400e+03  5.11300e-01  2.52800e+03  1.810e-05  3.489e-07  3.695e-16  1.537e-14  7.782e-14  1.323e-14  3.854e-08  1.667e-09  1.084e-08  2.736e-08  2.662e-08  8.827e-10  7.633e-09  5.980e-14  5.110e-06  1.933e-06  1.347e-07  5.771e-09  1.179e-08  1.260e-07  7.591e-09  2.417e-08  3.924e-09  2.087e-10  1.399e-07  5.887e-10  2.221e-12  2.806e-08  1.725e-11  2.626e-10  1.193e-12  1.221e-08  3.470e-13  4.225e-15  8.223e-13  7.974e-08  3.382e-10  1.688e-08  1.128e-09  4.514e-04  5.950e-05  9.935e-01  3.775e-04  6.160e-06  3.410e-06  1.616e-07  2.475e-10  9.548e-09  1.114e-06  1.453e-19  1.701e-08  5.737e-12  7.057e-08  3.615e-06  7.317e-14  1.291e-09
-3.11653e+14  -1.79710e+14  2.20965e+13  3.60433e+14  1.20300e+06  3.13300e+03  4.60100e-01  2.52900e+03  3.087e-05  5.282e-07  2.468e-15  8.001e-14  2.717e-13  2.459e-14  7.338e-08  3.063e-09  2.554e-08  4.945e-08  3.593e-08  1.342e-09  7.627e-09  7.416e-14  5.033e-06  1.710e-06  2.257e-07  8.258e-09  1.921e-08  2.241e-07  6.094e-09  2.972e-08  3.343e-09  3.352e-10  2.660e-07  1.768e-09  9.857e-12  5.911e-08  5.836e-11  3.486e-10  2.965e-12  2.689e-08  2.070e-12  2.198e-14  7.976e-13  7.524e-08  2.812e-10  2.308e-08  1.629e-09  4.299e-04  5.899e-05  9.902e-01  3.633e-04  6.311e-06  2.958e-06  1.611e-07  1.951e-10  9.044e-09  1.484e-06  1.769e-19  3.526e-08  1.144e-11  1.097e-07  4.391e-06  9.881e-14  1.834e-09
-3.57321e+14  -2.18929e+14  2.27877e+13  4.19676e+14  1.35800e+06  3.46700e+03  4.31000e-01  2.53100e+03  4.823e-05  8.644e-07  4.393e-15  1.657e-13  5.376e-13  3.854e-14  6.674e-08  3.509e-09  3.906e-08  8.999e-08  4.089e-08  1.452e-09  7.636e-09  7.566e-14  4.993e-06  1.468e-06  3.451e-07  1.037e-08  3.563e-08  4.426e-07  4.774e-09  4.297e-08  2.911e-09  3.377e-10  3.720e-07  2.808e-09  1.648e-11  9.604e-08  1.088e-10  3.275e-10  4.037e-12  4.749e-08  3.704e-12  4.153e-14  5.577e-13  7.027e-08  2.250e-10  2.617e-08  2.002e-09  3.933e-04  5.815e-05  9.895e-01  3.458e-04  6.456e-06  2.546e-06  1.610e-07  1.940e-10  8.508e-09  1.535e-06  2.458e-19  4.049e-08  1.247e-11  1.507e-07  5.123e-06  8.577e-14  2.414e-09
-3.99904e+14  -2.59289e+14  2.53118e+13  4.77279e+14  1.37000e+06  3.34000e+03  4.09700e-01  2.53200e+03  6.681e-05  1.276e-06  6.586e-15  2.274e-13  6.502e-13  5.733e-14  9.573e-08  4.720e-09  5.771e-08  9.343e-08  4.363e-08  1.722e-09  7.719e-09  8.637e-14  4.972e-06  1.259e-06  4.186e-07  1.116e-08  6.930e-08  9.013e-07  3.824e-09  7.223e-08  3.031e-09  3.826e-10  3.329e-07  2.935e-09  2.067e-11  9.657e-08  1.275e-10  3.919e-10  5.649e-12  4.884e-08  4.756e-12  3.663e-14  4.810e-13  6.563e-08  1.802e-10  2.657e-08  2.212e-09  3.352e-04  5.717e-05  9.875e-01  3.267e-04  6.633e-06  2.310e-06  1.608e-07  1.761e-10  8.127e-09  1.328e-06  1.252e-19  3.209e-08  9.357e-12  1.823e-07  5.627e-06  8.213e-14  2.834e-09
-4.40326e+14  -3.00730e+14  3.05204e+13  5.34095e+14  1.22400e+06  2.98300e+03  3.91000e-01  2.53400e+03  8.459e-05  1.684e-06  8.473e-15  2.497e-13  5.962e-13  8.360e-14  1.833e-07  8.196e-09  9.621e-08  7.303e-08  4.706e-08  2.170e-09  7.844e-09  1.195e-13  4.983e-06  1.117e-06  4.960e-07  1.258e-08  1.249e-07  1.619e-06  3.268e-09  1.244e-07  4.433e-09  4.829e-10  2.124e-07  2.238e-09  2.066e-11  7.331e-08  1.138e-10  5.654e-10  1.014e-11  3.721e-08  5.944e-12  2.236e-14  4.347e-13  6.190e-08  1.505e-10  2.594e-08  2.444e-09  2.528e-04  5.611e-05  9.840e-01  3.079e-04  6.789e-06  2.192e-06  1.603e-07  1.474e-10  7.989e-09  9.533e-07  3.521e-20  2.028e-08  5.594e-12  2.038e-07  5.905e-06  9.147e-14  2.999e-09
-4.79514e+14  -3.42510e+14  3.69356e+13  5.90433e+14  1.08200e+06  2.66200e+03  3.72900e-01  2.53600e+03  9.978e-05  2.089e-06  6.800e-15  2.132e-13  4.546e-13  1.127e-13  3.260e-07  1.674e-08  1.577e-07  5.270e-08  5.233e-08  2.581e-09  7.974e-09  1.899e-13  5.032e-06  1.033e-06  5.801e-07  1.658e-08  1.956e-07  2.292e-06  2.989e-09  2.012e-07  8.668e-09  5.227e-10  1.000e-07  1.182e-09  1.365e-11  4.881e-08  8.217e-11  8.435e-10  2.037e-11  2.578e-08  5.631e-12  1.098e-14  3.211e-13  5.914e-08  1.326e-10  2.522e-08  2.929e-09  1.571e-04  5.491e-05  9.807e-01  2.917e-04  6.897e-06  2.240e-06  1.599e-07  1.234e-10  8.066e-09  5.208e-07  8.715e-21  9.665e-09  2.533e-12  2.131e-07  5.903e-06  1.086e-13  2.938e-09
-5.17468e+14  -3.82624e+14  4.31995e+13  6.45012e+14  9.89300e+05  2.37500e+03  3.62000e-01  2.53700e+03  1.106e-04  2.477e-06  3.376e-15  1.462e-13  2.949e-13  1.368e-13  5.553e-07  3.595e-08  2.282e-07  3.695e-08  5.973e-08  2.931e-09  8.083e-09  3.223e-13  5.116e-06  9.897e-07  5.908e-07  2.245e-08  2.432e-07  2.242e-06  2.868e-09  2.891e-07  1.797e-08  4.585e-10  3.274e-08  4.116e-10  5.854e-12  2.877e-08  4.890e-11  1.325e-09  4.265e-11  1.648e-08  3.766e-12  4.843e-15  1.846e-13  5.706e-08  1.224e-10  2.528e-08  4.061e-09  7.509e-05  5.368e-05  9.776e-01  2.799e-04  6.966e-06  2.380e-06  1.596e-07  1.060e-10  8.282e-09  2.126e-07  2.153e-21  3.684e-09  9.277e-13  2.135e-07  5.720e-06  1.363e-13  2.726e-09
-5.53879e+14  -4.20269e+14  4.95251e+13  6.97037e+14  9.07000e+05  2.07300e+03  3.53800e-01  2.53900e+03  1.165e-04  2.793e-06  1.163e-15  6.892e-14  1.403e-13  1.526e-13  9.954e-07  7.053e-08  2.925e-07  2.680e-08  6.728e-08  3.200e-09  8.146e-09  5.346e-13  5.222e-06  9.655e-07  4.860e-07  2.459e-08  2.179e-07  1.383e-06  2.832e-09  3.563e-07  3.149e-08  3.712e-10  6.830e-09  8.644e-11  1.808e-12  1.297e-08  2.014e-11  2.430e-09  9.251e-11  8.652e-09  2.025e-12  1.798e-15  9.617e-14  5.534e-08  1.157e-10  2.605e-08  6.223e-09  2.841e-05  5.263e-05  9.749e-01  2.728e-04  7.010e-06  2.550e-06  1.593e-07  9.624e-11  8.539e-09  7.293e-08  5.392e-22  1.276e-09  3.130e-13  2.112e-07  5.455e-06  1.838e-13  2.461e-09
-5.89673e+14  -4.55446e+14  5.69925e+13  7.47257e+14  8.15300e+05  1.79100e+03  3.42500e-01  2.54000e+03  1.192e-04  3.016e-06  7.317e-16  2.341e-14  5.108e-14  1.606e-13  1.880e-06  1.154e-07  3.572e-07  2.138e-08  7.197e-08  3.381e-09  8.173e-09  7.975e-13  5.328e-06  9.490e-07  3.383e-07  1.985e-08  1.515e-07  6.383e-07  2.810e-09  3.896e-07  4.365e-08  3.124e-10  1.107e-09  1.423e-11  1.054e-12  4.573e-09  5.879e-12  5.181e-09  1.997e-10  3.912e-09  1.118e-12  5.814e-16  5.902e-14  5.375e-08  1.102e-10  2.661e-08  8.968e-09  1.013e-05  5.181e-05  9.726e-01  2.686e-04  7.034e-06  2.718e-06  1.591e-07  9.196e-11  8.768e-09  2.524e-08  1.407e-22  4.464e-10  1.075e-13  2.118e-07  5.190e-06  2.507e-13  2.211e-09
-6.23924e+14  -4.89388e+14  6.60952e+13  7.95708e+14  7.17500e+05  1.56700e+03  3.31400e-01  2.54200e+03  1.206e-04  3.173e-06  9.810e-16  7.187e-15  1.722e-14  1.630e-13  3.491e-06  1.575e-07  4.276e-07  1.874e-08  7.391e-08  3.495e-09  8.183e-09  1.063e-12  5.416e-06  9.354e-07  2.181e-07  1.333e-08  9.988e-08  3.054e-07  2.737e-09  4.014e-07  5.144e-08  2.794e-10  1.942e-10  3.272e-12  1.345e-12  1.502e-09  1.516e-12  1.141e-08  4.059e-10  1.760e-09  7.800e-13  1.893e-16  4.915e-14  5.222e-08  1.045e-10  2.664e-08  1.124e-08  4.082e-06  5.116e-05  9.707e-01  2.654e-04  7.040e-06  2.872e-06  1.590e-07  9.035e-11  8.943e-09  1.010e-08  4.086e-23  1.731e-10  4.102e-14  2.179e-07  4.963e-06  3.231e-13  2.000e-09
-6.57249e+14  -5.22714e+14  7.66791e+13  8.43259e+14  6.28000e+05  1.40700e+03  3.23700e-01  2.54400e+03  1.213e-04  3.295e-06  1.380e-15  2.527e-15  6.474e-15  1.628e-13  5.869e-06  1.906e-07  4.914e-07  1.753e-08  7.481e-08  3.571e-09  8.187e-09  1.305e-12  5.479e-06  9.231e-07  1.408e-07  9.227e-09  7.142e-08  1.861e-07  2.605e-09  4.041e-07  5.575e-08  2.627e-10  4.824e-11  1.579e-12  1.829e-12  5.546e-10  4.406e-13  2.277e-08  7.380e-10  8.851e-10  7.148e-13  7.262e-17  5.191e-14  5.072e-08  9.880e-11  2.646e-08  1.253e-08  2.039e-06  5.062e-05  9.690e-01  2.620e-04  7.033e-06  3.011e-06  1.589e-07  8.954e-11  9.067e-09  4.981e-09  1.443e-23  7.992e-11  1.864e-14  2.287e-07  4.783e-06  3.887e-13  1.827e-09
-6.89340e+14  -5.55731e+14  8.82195e+13  8.89837e+14  5.54800e+05  1.29500e+03  3.17900e-01  2.54500e+03  1.218e-04  3.400e-06  1.800e-15  1.108e-15  2.868e-15  1.617e-13  8.536e-06  2.160e-07  5.439e-07  1.706e-08  7.568e-08  3.629e-09  8.190e-09  1.516e-12  5.518e-06  9.113e-07  9.609e-08  7.339e-09  5.682e-08  1.455e-07  2.434e-09  4.030e-07  5.800e-08  2.559e-10  1.855e-11  1.193e-12  2.326e-12  2.448e-10  1.576e-13  3.829e-08  1.197e-09  5.058e-10  7.827e-13  3.397e-17  6.154e-14  4.926e-08  9.320e-11  2.631e-08  1.299e-08  1.276e-06  5.016e-05  9.676e-01  2.587e-04  7.016e-06  3.136e-06  1.588e-07  8.892e-11  9.150e-09  3.063e-09  6.279e-24  4.539e-11  1.044e-14  2.428e-07  4.641e-06  4.470e-13  1.684e-09
-7.20506e+14  -5.88130e+14  1.00315e+14  9.35462e+14  4.96000e+05  1.21000e+03  3.15000e-01  2.54700e+03  1.222e-04  3.495e-06  2.209e-15  5.910e-16  1.457e-15  1.605e-13  1.121e-05  2.359e-07  5.881e-07  1.699e-08  7.685e-08  3.672e-09  8.192e-09  1.693e-12  5.538e-06  8.999e-07  7.018e-08  6.680e-09  4.895e-08  1.327e-07  2.246e-09  4.004e-07  5.905e-08  2.567e-10  1.028e-11  1.034e-12  2.801e-12  1.257e-10  6.725e-14  5.602e-08  1.770e-09  3.158e-10  9.259e-13  1.844e-17  7.610e-14  4.783e-08  8.783e-11  2.629e-08  1.294e-08  9.547e-07  4.976e-05  9.664e-01  2.556e-04  6.994e-06  3.250e-06  1.588e-07  8.855e-11  9.201e-09  2.266e-09  3.212e-24  3.092e-11  7.042e-15  2.589e-07  4.530e-06  4.974e-13  1.565e-09
-7.51362e+14  -6.20530e+14  1.12812e+14  9.80984e+14  4.46900e+05  1.13900e+03  3.08800e-01  2.54800e+03  1.226e-04  3.582e-06  2.618e-15  3.769e-16  8.345e-16  1.592e-13  1.378e-05  2.522e-07  6.264e-07  1.715e-08  7.847e-08  3.700e-09  8.193e-09  1.834e-12  5.541e-06  8.888e-07  5.496e-08  6.770e-09  4.436e-08  1.313e-07  2.054e-09  3.968e-07  5.938e-08  2.656e-10  7.307e-12  9.310e-13  3.270e-12  7.289e-11  3.300e-14  7.480e-08  2.427e-09  2.072e-10  1.132e-12  1.130e-17  9.607e-14  4.643e-08  8.267e-11  2.643e-08  1.262e-08  8.056e-07  4.942e-05  9.654e-01  2.527e-04  6.968e-06  3.352e-06  1.588e-07  8.872e-11  9.226e-09  1.946e-09  1.892e-24  2.449e-11  5.552e-15  2.773e-07  4.448e-06  5.552e-13  1.468e-09
