# Collapse Model Output 
 
# Crich/ev_output/ev_4125509.dat in GNUPLOT format produced by evolve_output.pl 
 
X                 Y                 Z                 R                 DENSITY           TEMP              AV                TIME              CO                N2                CH4               NH3               H2S               HCP               H2O               C2H2              HCN               CS                SiC2              HCl               HF                C2H4              SiO               SiS               CN                C2H               C4H               C6H               HC3N              HC5N              HC7N              HCO+              CH                CH2               CH3               NH                NH2               SO                SO2               HS                HCNH+             NH4+              H2CO              H2CS              CH3CN             SiC               SiN               C                 N                 H                 O                 S                 Si                Cl                F                 P                 C+                N+                H+                O+                S+                Si+               Cl+               P+              
#  (CM)              (CM)              (CM)              (CM)              (CM-3)            (K)               (MAG)             (YR)              (wrt              Hnuc)           
 
-2.60771e+13  1.52216e+14  4.94943e+13  1.62171e+14  8.54500e+06  5.82800e+02  1.43200e+00  2.54400e+03  4.006e-04  1.999e-05  9.700e-08  1.706e-09  1.056e-08  1.090e-09  2.541e-06  1.697e-08  1.454e-05  1.927e-06  9.148e-06  1.625e-07  8.085e-09  3.014e-14  6.751e-07  1.867e-06  2.756e-10  4.595e-12  1.078e-09  2.396e-08  3.130e-07  3.140e-09  3.325e-09  3.015e-12  1.839e-13  8.679e-10  8.874e-10  1.296e-11  8.665e-12  2.756e-09  2.827e-12  1.117e-07  3.269e-11  1.155e-12  6.536e-12  3.859e-08  5.477e-10  3.692e-07  9.132e-09  4.578e-09  6.946e-10  6.348e-06  1.029e-09  1.629e-06  2.243e-06  9.920e-12  3.110e-14  5.716e-09  1.584e-14  -3.694e-37  1.216e-18  9.626e-28  1.380e-10  2.348e-08  7.177e-22  4.160e-12
-5.19320e+13  1.84462e+14  7.23283e+13  2.04828e+14  3.36300e+06  3.99800e+02  1.05000e+00  2.54500e+03  4.006e-04  1.999e-05  9.653e-08  1.689e-09  1.041e-08  1.087e-09  2.536e-06  2.337e-08  1.455e-05  1.920e-06  9.141e-06  1.622e-07  8.103e-09  3.798e-14  6.716e-07  1.866e-06  9.829e-09  7.771e-11  1.082e-09  2.715e-08  3.063e-07  3.120e-09  3.519e-09  1.239e-11  3.371e-12  1.701e-09  8.842e-10  1.514e-11  1.742e-11  2.770e-09  2.895e-12  1.071e-07  8.990e-11  9.881e-13  6.568e-12  3.832e-08  5.452e-10  3.695e-07  9.126e-09  1.085e-08  1.042e-09  6.541e-06  6.334e-09  1.648e-06  2.235e-06  2.605e-10  9.849e-14  5.719e-09  3.339e-13  2.557e-40  1.712e-17  6.768e-26  8.636e-10  4.413e-08  2.210e-19  1.494e-11
-7.54448e+13  2.13282e+14  9.37737e+13  2.44897e+14  2.09400e+06  4.20400e+02  8.18500e-01  2.54700e+03  4.006e-04  1.999e-05  9.570e-08  1.665e-09  1.015e-08  1.081e-09  2.530e-06  3.538e-08  1.458e-05  1.907e-06  9.128e-06  1.620e-07  8.118e-09  5.549e-14  6.646e-07  1.863e-06  2.187e-08  1.766e-10  1.097e-09  3.268e-08  2.941e-07  3.088e-09  3.781e-09  2.948e-11  7.635e-12  3.499e-09  9.661e-10  1.907e-11  3.123e-11  2.784e-09  2.981e-12  1.039e-07  1.683e-10  9.661e-13  6.709e-12  3.789e-08  5.440e-10  3.700e-07  9.105e-09  2.373e-08  1.811e-09  6.927e-06  1.642e-08  1.677e-06  2.224e-06  4.734e-10  1.670e-13  5.722e-09  2.485e-12  2.458e-39  8.428e-17  1.129e-24  2.484e-09  8.020e-08  1.626e-18  3.660e-11
-9.54400e+13  2.37042e+14  1.09974e+14  2.78194e+14  2.08700e+06  6.07600e+02  6.97700e-01  2.54800e+03  4.006e-04  1.999e-05  9.458e-08  1.639e-09  9.850e-09  1.074e-09  2.542e-06  5.075e-08  1.464e-05  1.891e-06  9.111e-06  1.624e-07  8.122e-09  9.210e-14  6.557e-07  1.860e-06  5.665e-09  8.008e-11  1.130e-09  3.951e-08  2.790e-07  3.050e-09  3.795e-09  4.231e-11  2.795e-12  5.769e-09  1.439e-09  2.406e-11  4.293e-11  2.760e-09  2.981e-12  1.057e-07  2.317e-10  9.827e-13  7.052e-12  3.738e-08  5.541e-10  3.707e-07  9.074e-09  4.069e-08  2.966e-09  7.517e-06  2.012e-08  1.710e-06  2.220e-06  9.922e-11  1.491e-13  5.729e-09  5.799e-12  9.983e-39  2.507e-16  4.797e-24  4.121e-09  1.182e-07  5.541e-19  6.260e-11
