# Collapse Model Output 
 
# ev_output/ev_16357.dat in GNUPLOT format produced by evolve_output.pl 
 
X               Y               Z              DENSITY         TEMP            AV              TIME            He          CO          N2          CH4         NH3         H2S         HCP         H2O         C2H2        HCN         CS          SiC2        HCl         HF          C2H4        SiO         SiS         Mg          Na          Fe          C2H         C4H         C6H         HC3N        HC5N        HC7N        
#(PC)            (PC)            (PC)           (CM-3)          (K)             (MAG)           (YR)	       (wrt Hnuc)     
 
-5.40800e-06    -5.75700e-06    -3.50200e-06    6.30300e-01     2.42800e+03     3.96400e+02     6.37100e-01     8.500e-02      4.000e-04      2.000e-05      1.750e-06      3.000e-08      2.000e-09      1.250e-08      1.275e-06      2.190e-05      2.045e-05      5.300e-06      9.350e-06      1.625e-07      8.500e-09      3.425e-08      2.510e-06      2.990e-06      5.000e-09      2.000e-09      3.000e-09      1.943e-26      4.438e-57      2.943e-85      1.074e-33      2.141e-62      4.476e-93      
-7.12900e-06    -7.59700e-06    -4.62400e-06    5.38000e-01     1.66200e+03     3.38400e+02     7.96300e-01     8.500e-02      4.000e-04      2.000e-05      1.750e-06      3.000e-08      2.000e-09      1.250e-08      1.275e-06      2.190e-05      2.045e-05      5.300e-06      9.350e-06      1.625e-07      8.500e-09      3.425e-08      2.510e-06      2.990e-06      5.000e-09      2.000e-09      3.000e-09      2.014e-26      5.639e-57      5.421e-85      1.320e-33      2.620e-62      1.044e-91      
-8.87700e-06    -9.46700e-06    -5.76800e-06    3.72500e-01     1.23400e+03     2.34300e+02     9.55600e-01     8.500e-02      4.000e-04      2.000e-05      1.750e-06      3.000e-08      2.000e-09      1.250e-08      1.275e-06      2.190e-05      2.045e-05      5.300e-06      9.350e-06      1.625e-07      8.500e-09      3.425e-08      2.510e-06      2.990e-06      5.000e-09      2.000e-09      3.000e-09      2.018e-26      6.789e-57      7.410e-85      1.522e-33      3.074e-62      2.001e-91      
-1.06400e-05    -1.13500e-05    -6.92300e-06    2.86100e-01     9.67600e+02     1.80000e+02     1.11500e+00     8.500e-02      4.000e-04      2.000e-05      1.750e-06      3.000e-08      2.000e-09      1.250e-08      1.275e-06      2.190e-05      2.045e-05      5.300e-06      9.350e-06      1.625e-07      8.500e-09      3.425e-08      2.510e-06      2.990e-06      5.000e-09      2.000e-09      3.000e-09      2.018e-26      7.935e-57      9.116e-85      1.696e-33      3.514e-62      2.960e-91      
-1.24100e-05    -1.32500e-05    -8.08900e-06    2.31600e-01     7.87900e+02     1.45700e+02     1.27400e+00     8.500e-02      4.000e-04      2.000e-05      1.750e-06      3.000e-08      2.000e-09      1.250e-08      1.275e-06      2.190e-05      2.045e-05      5.300e-06      9.350e-06      1.625e-07      8.500e-09      3.425e-08      2.510e-06      2.990e-06      5.000e-09      2.000e-09      3.000e-09      2.018e-26      9.087e-57      1.060e-84      1.853e-33      3.938e-62      3.904e-91      
-1.41900e-05    -1.51600e-05    -9.26100e-06    1.90600e-01     6.59900e+02     1.19900e+02     1.43300e+00     8.500e-02      4.000e-04      2.000e-05      1.750e-06      3.000e-08      2.000e-09      1.250e-08      1.275e-06      2.190e-05      2.045e-05      5.300e-06      9.350e-06      1.625e-07      8.500e-09      3.425e-08      2.510e-06      2.990e-06      5.000e-09      2.000e-09      3.000e-09      2.018e-26      1.022e-56      1.189e-84      1.993e-33      4.340e-62      4.807e-91      
-1.59800e-05    -1.70700e-05    -1.04400e-05    1.49800e-01     5.64700e+02     9.42200e+01     1.59300e+00     8.500e-02      4.000e-04      2.000e-05      1.750e-06      3.000e-08      2.000e-09      1.250e-08      1.275e-06      2.190e-05      2.045e-05      5.300e-06      9.350e-06      1.625e-07      8.500e-09      3.425e-08      2.510e-06      2.990e-06      5.000e-09      2.000e-09      3.000e-09      2.018e-26      1.127e-56      1.295e-84      2.112e-33      4.698e-62      5.629e-91      
