# Collapse Model Output 
 
# ev_output/ev_10905.dat in GNUPLOT format produced by evolve_output.pl 
 
X               Y               Z              DENSITY         TEMP            AV              TIME            He          CO          N2          CH4         NH3         H2S         HCP         H2O         C2H2        HCN         CS          SiC2        HCl         HF          C2H4        SiO         SiS         Mg          Na          Fe          C2H         C4H         C6H         HC3N        HC5N        HC7N        
#(PC)            (PC)            (PC)           (CM-3)          (K)             (MAG)           (YR)	       (wrt Hnuc)     
 
1.60100e-06     -6.59700e-06    -7.81900e-06    5.52600e-01     1.89500e+03     3.47500e+02     4.77800e-01     8.500e-02      4.000e-04      2.000e-05      1.750e-06      3.000e-08      2.000e-09      1.250e-08      1.275e-06      2.190e-05      2.045e-05      5.300e-06      9.350e-06      1.625e-07      8.500e-09      3.425e-08      2.510e-06      2.990e-06      5.000e-09      2.000e-09      3.000e-09      3.655e-30      6.219e-66      1.741e-97      8.843e-38      1.970e-70      7.493e+00      
2.03300e-06     -8.38400e-06    -9.92100e-06    3.73800e-01     1.36900e+03     2.35100e+02     6.37100e-01     8.500e-02      4.000e-04      2.000e-05      1.750e-06      3.000e-08      2.000e-09      1.250e-08      1.275e-06      2.190e-05      2.045e-05      5.300e-06      9.350e-06      1.625e-07      8.500e-09      3.425e-08      2.510e-06      2.990e-06      5.000e-09      2.000e-09      3.000e-09      3.744e-30      8.365e-66      2.133e-97      1.139e-37      2.511e-70      1.352e+00      
2.46900e-06     -1.01900e-05    -1.20500e-05    2.69700e-01     1.05200e+03     1.69600e+02     7.96300e-01     8.500e-02      4.000e-04      2.000e-05      1.750e-06      3.000e-08      2.000e-09      1.250e-08      1.275e-06      2.190e-05      2.045e-05      5.300e-06      9.350e-06      1.625e-07      8.500e-09      3.425e-08      2.510e-06      2.990e-06      5.000e-09      2.000e-09      3.000e-09      3.751e-30      1.042e-65      2.477e-97      1.351e-37      3.060e-70      2.692e+00      
2.90900e-06     -1.20200e-05    -1.41900e-05    2.04000e-01     8.42300e+02     1.28300e+02     9.55600e-01     8.500e-02      4.000e-04      2.000e-05      1.750e-06      3.000e-08      2.000e-09      1.250e-08      1.275e-06      2.190e-05      2.045e-05      5.300e-06      9.350e-06      1.625e-07      8.500e-09      3.425e-08      2.510e-06      2.990e-06      5.000e-09      2.000e-09      3.000e-09      3.752e-30      1.239e-65      2.770e-97      1.530e-37      3.581e-70      4.001e+00      
3.35200e-06     -1.38500e-05    -1.63400e-05    1.60200e-01     6.93800e+02     1.00700e+02     1.11500e+00     8.500e-02      4.000e-04      2.000e-05      1.750e-06      3.000e-08      2.000e-09      1.250e-08      1.275e-06      2.190e-05      2.045e-05      5.300e-06      9.350e-06      1.625e-07      8.500e-09      3.425e-08      2.510e-06      2.990e-06      5.000e-09      2.000e-09      3.000e-09      3.752e-30      1.428e-65      3.017e-97      1.685e-37      4.067e-70      5.220e+00      
3.79800e-06     -1.56900e-05    -1.85000e-05    1.29300e-01     5.83500e+02     8.13200e+01     1.27400e+00     8.500e-02      4.000e-04      2.000e-05      1.750e-06      3.000e-08      2.000e-09      1.250e-08      1.275e-06      2.190e-05      2.045e-05      5.300e-06      9.350e-06      1.625e-07      8.500e-09      3.425e-08      2.510e-06      2.990e-06      5.000e-09      2.000e-09      3.000e-09      3.752e-30      1.611e-65      3.233e-97      1.820e-37      4.527e-70      6.409e+00      
4.24600e-06     -1.75400e-05    -2.06600e-05    1.06700e-01     4.98900e+02     6.71200e+01     1.43300e+00     8.500e-02      4.000e-04      2.000e-05      1.750e-06      3.000e-08      2.000e-09      1.250e-08      1.275e-06      2.190e-05      2.045e-05      5.300e-06      9.350e-06      1.625e-07      8.500e-09      3.425e-08      2.510e-06      2.990e-06      5.000e-09      2.000e-09      3.000e-09      3.752e-30      1.786e-65      3.429e-97      1.941e-37      4.979e-70      7.644e+00      
4.69600e-06     -1.94000e-05    -2.28300e-05    8.96800e-02     4.32200e+02     5.64100e+01     1.59300e+00     8.500e-02      4.000e-04      2.000e-05      1.750e-06      3.000e-08      2.000e-09      1.250e-08      1.275e-06      2.190e-05      2.045e-05      5.300e-06      9.350e-06      1.625e-07      8.500e-09      3.425e-08      2.510e-06      2.990e-06      5.000e-09      2.000e-09      3.000e-09      3.752e-30      1.956e-65      3.603e-97      2.049e-37      5.408e-70      8.855e+00      
