# Collapse Model Output 
 
# ev_output/ev_17608.dat in GNUPLOT format produced by evolve_output.pl 
 
X               Y               Z              DENSITY         TEMP            AV              TIME            He          CO          N2          CH4         NH3         H2S         HCP         H2O         C2H2        HCN         CS          SiC2        HCl         HF          C2H4        SiO         SiS         Mg          Na          Fe          C2H         C4H         C6H         HC3N        HC5N        HC7N        
#(PC)            (PC)            (PC)           (CM-3)          (K)             (MAG)           (YR)	       (wrt Hnuc)     
 
-3.77900e-06    -6.57800e-06    2.57400e-06     6.20300e-01     2.68100e+03     3.90100e+02     6.37100e-01     8.500e-02      4.000e-04      2.000e-05      1.750e-06      3.000e-08      2.000e-09      1.250e-08      1.275e-06      2.190e-05      2.045e-05      5.300e-06      9.350e-06      1.625e-07      8.500e-09      3.425e-08      2.510e-06      2.990e-06      5.000e-09      2.000e-09      3.000e-09      5.806e-25      2.843e-54      3.007e-81      2.868e-32      8.429e-60      2.472e-89      
-5.07300e-06    -8.82800e-06    3.45900e-06     5.64200e-01     1.79700e+03     3.54900e+02     7.96300e-01     8.500e-02      4.000e-04      2.000e-05      1.750e-06      3.000e-08      2.000e-09      1.250e-08      1.275e-06      2.190e-05      2.045e-05      5.300e-06      9.350e-06      1.625e-07      8.500e-09      3.425e-08      2.510e-06      2.990e-06      5.000e-09      2.000e-09      3.000e-09      6.031e-25      3.878e-54      8.893e-81      3.704e-32      1.255e-59      1.429e-87      
-6.39200e-06    -1.11200e-05    4.36500e-06     4.07100e-01     1.31500e+03     2.56000e+02     9.55600e-01     8.500e-02      4.000e-04      2.000e-05      1.750e-06      3.000e-08      2.000e-09      1.250e-08      1.275e-06      2.190e-05      2.045e-05      5.300e-06      9.350e-06      1.625e-07      8.500e-09      3.425e-08      2.510e-06      2.990e-06      5.000e-09      2.000e-09      3.000e-09      6.042e-25      4.929e-54      1.397e-80      4.421e-32      1.677e-59      3.016e-87      
-7.72400e-06    -1.34300e-05    5.28200e-06     3.04600e-01     1.02000e+03     1.91600e+02     1.11500e+00     8.500e-02      4.000e-04      2.000e-05      1.750e-06      3.000e-08      2.000e-09      1.250e-08      1.275e-06      2.190e-05      2.045e-05      5.300e-06      9.350e-06      1.625e-07      8.500e-09      3.425e-08      2.510e-06      2.990e-06      5.000e-09      2.000e-09      3.000e-09      6.043e-25      5.962e-54      1.830e-80      5.031e-32      2.086e-59      4.730e-87      
-9.06600e-06    -1.57600e-05    6.20400e-06     2.38000e-01     8.22600e+02     1.49700e+02     1.27400e+00     8.500e-02      4.000e-04      2.000e-05      1.750e-06      3.000e-08      2.000e-09      1.250e-08      1.275e-06      2.190e-05      2.045e-05      5.300e-06      9.350e-06      1.625e-07      8.500e-09      3.425e-08      2.510e-06      2.990e-06      5.000e-09      2.000e-09      3.000e-09      6.043e-25      6.976e-54      2.199e-80      5.560e-32      2.474e-59      6.484e-87      
-1.04100e-05    -1.81000e-05    7.13100e-06     1.91900e-01     6.83500e+02     1.20700e+02     1.43300e+00     8.500e-02      4.000e-04      2.000e-05      1.750e-06      3.000e-08      2.000e-09      1.250e-08      1.275e-06      2.190e-05      2.045e-05      5.300e-06      9.350e-06      1.625e-07      8.500e-09      3.425e-08      2.510e-06      2.990e-06      5.000e-09      2.000e-09      3.000e-09      6.043e-25      7.965e-54      2.514e-80      6.027e-32      2.837e-59      8.164e-87      
-1.17700e-05    -2.04400e-05    8.06200e-06     1.57600e-01     5.80800e+02     9.91000e+01     1.59300e+00     8.500e-02      4.000e-04      2.000e-05      1.750e-06      3.000e-08      2.000e-09      1.250e-08      1.275e-06      2.190e-05      2.045e-05      5.300e-06      9.350e-06      1.625e-07      8.500e-09      3.425e-08      2.510e-06      2.990e-06      5.000e-09      2.000e-09      3.000e-09      6.043e-25      8.925e-54      2.788e-80      6.442e-32      3.180e-59      9.829e-87      
-1.31200e-05    -2.27900e-05    8.99500e-06     1.31700e-01     5.02200e+02     8.28600e+01     1.75200e+00     8.500e-02      4.000e-04      2.000e-05      1.750e-06      3.000e-08      2.000e-09      1.250e-08      1.275e-06      2.190e-05      2.045e-05      5.300e-06      9.350e-06      1.625e-07      8.500e-09      3.425e-08      2.510e-06      2.990e-06      5.000e-09      2.000e-09      3.000e-09      6.043e-25      9.852e-54      3.028e-80      6.814e-32      3.501e-59      1.147e-86      
-1.44800e-05    -2.51500e-05    9.93100e-06     1.12000e-01     4.40300e+02     7.04700e+01     1.91100e+00     8.500e-02      4.000e-04      2.000e-05      1.750e-06      3.000e-08      2.000e-09      1.250e-08      1.275e-06      2.190e-05      2.045e-05      5.300e-06      9.350e-06      1.625e-07      8.500e-09      3.425e-08      2.510e-06      2.990e-06      5.000e-09      2.000e-09      3.000e-09      6.043e-25      1.075e-53      3.248e-80      7.150e-32      3.815e-59      1.318e-86      
-1.58400e-05    -2.75100e-05    1.08700e-05     9.64800e-02     3.90600e+02     6.06800e+01     2.07100e+00     8.500e-02      4.000e-04      2.000e-05      1.750e-06      3.000e-08      2.000e-09      1.250e-08      1.275e-06      2.190e-05      2.045e-05      5.300e-06      9.350e-06      1.625e-07      8.500e-09      3.425e-08      2.510e-06      2.990e-06      5.000e-09      2.000e-09      3.000e-09      6.043e-25      1.161e-53      3.444e-80      7.457e-32      4.110e-59      1.485e-86      
-1.72100e-05    -2.98700e-05    1.18100e-05     8.45200e-02     3.50000e+02     5.31600e+01     2.23000e+00     8.500e-02      4.000e-04      2.000e-05      1.750e-06      3.000e-08      2.000e-09      1.250e-08      1.275e-06      2.190e-05      2.045e-05      5.300e-06      9.350e-06      1.625e-07      8.500e-09      3.425e-08      2.510e-06      2.990e-06      5.000e-09      2.000e-09      3.000e-09      6.043e-25      1.245e-53      3.619e-80      7.740e-32      4.389e-59      1.647e-86      
-1.85700e-05    -3.22300e-05    1.27500e-05     7.41900e-02     3.16100e+02     4.66600e+01     2.38900e+00     8.500e-02      4.000e-04      2.000e-05      1.750e-06      3.000e-08      2.000e-09      1.250e-08      1.275e-06      2.190e-05      2.045e-05      5.300e-06      9.350e-06      1.625e-07      8.500e-09      3.425e-08      2.510e-06      2.990e-06      5.000e-09      2.000e-09      3.000e-09      6.043e-25      1.326e-53      3.770e-80      8.000e-32      4.642e-59      1.791e-86      
-1.99300e-05    -3.46000e-05    1.37000e-05     6.57500e-02     2.87400e+02     4.13500e+01     2.54800e+00     8.500e-02      4.000e-04      2.000e-05      1.750e-06      3.000e-08      2.000e-09      1.250e-08      1.275e-06      2.190e-05      2.045e-05      5.300e-06      9.350e-06      1.625e-07      8.500e-09      3.425e-08      2.510e-06      2.990e-06      5.000e-09      2.000e-09      3.000e-09      6.043e-25      1.404e-53      3.906e-80      8.241e-32      4.878e-59      1.927e-86      
-2.13000e-05    -3.69600e-05    1.46400e-05     5.87000e-02     2.62900e+02     3.69200e+01     2.70800e+00     8.500e-02      4.000e-04      2.000e-05      1.750e-06      3.000e-08      2.000e-09      1.250e-08      1.275e-06      2.190e-05      2.045e-05      5.300e-06      9.350e-06      1.625e-07      8.500e-09      3.425e-08      2.510e-06      2.990e-06      5.000e-09      2.000e-09      3.000e-09      6.043e-25      1.611e-53      4.246e-80      8.464e-32      5.101e-59      2.058e-86      
-2.26600e-05    -3.93300e-05    1.55900e-05     5.25200e-02     2.41800e+02     3.30300e+01     2.86700e+00     8.500e-02      4.000e-04      2.000e-05      1.750e-06      3.000e-08      2.000e-09      1.250e-08      1.275e-06      2.190e-05      2.045e-05      5.300e-06      9.350e-06      1.625e-07      8.500e-09      3.425e-08      2.510e-06      2.990e-06      5.000e-09      2.000e-09      3.000e-09      6.043e-25      1.002e-50      1.575e-77      8.672e-32      5.313e-59      2.212e-86      
-2.40300e-05    -4.17000e-05    1.65400e-05     4.74900e-02     2.23400e+02     2.98700e+01     3.02600e+00     8.500e-02      4.000e-04      2.000e-05      1.750e-06      3.000e-08      2.000e-09      1.250e-08      1.275e-06      2.190e-05      2.045e-05      5.300e-06      9.350e-06      1.625e-07      8.500e-09      3.425e-08      2.510e-06      2.990e-06      5.000e-09      2.000e-09      3.000e-09      6.043e-25      3.682e-47      5.543e-74      8.867e-32      5.516e-59      6.769e-84      
-2.54000e-05    -4.40600e-05    1.74800e-05     4.31800e-02     2.07200e+02     2.71600e+01     3.18500e+00     8.500e-02      4.000e-04      2.000e-05      1.750e-06      3.000e-08      2.000e-09      1.250e-08      1.275e-06      2.190e-05      2.045e-05      5.300e-06      9.350e-06      1.625e-07      8.500e-09      3.425e-08      2.510e-06      2.990e-06      5.000e-09      2.000e-09      3.000e-09      6.043e-25      1.558e-44      2.276e-71      9.049e-32      5.709e-59      4.777e-81      
-2.67600e-05    -4.64300e-05    1.84300e-05     3.99200e-02     1.92900e+02     2.51100e+01     3.34500e+00     8.500e-02      4.000e-04      2.000e-05      1.750e-06      3.000e-08      2.000e-09      1.250e-08      1.275e-06      2.190e-05      2.045e-05      5.300e-06      9.350e-06      1.625e-07      8.500e-09      3.425e-08      2.510e-06      2.990e-06      5.000e-09      2.000e-09      3.000e-09      6.043e-25      2.943e-42      4.125e-69      9.223e-32      5.896e-59      1.234e-78      
-2.81300e-05    -4.87900e-05    1.93800e-05     3.65800e-02     1.80100e+02     2.30000e+01     3.50400e+00     8.500e-02      4.000e-04      2.000e-05      1.750e-06      3.000e-08      2.000e-09      1.250e-08      1.275e-06      2.190e-05      2.045e-05      5.300e-06      9.350e-06      1.625e-07      8.500e-09      3.425e-08      2.510e-06      2.990e-06      5.000e-09      2.000e-09      3.000e-09      6.043e-25      4.787e-40      1.072e-66      9.387e-32      6.077e-59      6.005e-76      
-2.94900e-05    -5.11600e-05    2.03400e-05     3.36400e-02     1.68700e+02     2.11600e+01     3.66300e+00     8.500e-02      4.000e-04      2.000e-05      1.750e-06      3.000e-08      2.000e-09      1.250e-08      1.275e-06      2.190e-05      2.045e-05      5.300e-06      9.350e-06      1.625e-07      8.500e-09      3.425e-08      2.510e-06      2.990e-06      5.000e-09      2.000e-09      3.000e-09      6.046e-25      3.083e-38      4.429e-64      9.542e-32      6.248e-59      2.418e-74      
-3.08600e-05    -5.35300e-05    2.12900e-05     3.10600e-02     1.58400e+02     1.95400e+01     3.82200e+00     8.500e-02      4.000e-04      2.000e-05      1.750e-06      3.000e-08      2.000e-09      1.250e-08      1.275e-06      2.190e-05      2.045e-05      5.300e-06      9.350e-06      1.625e-07      8.500e-09      3.425e-08      2.510e-06      2.990e-06      5.000e-09      2.000e-09      3.000e-09      6.157e-25      8.846e-37      5.911e-62      9.689e-32      6.411e-59      2.295e-73      
-3.22300e-05    -5.58900e-05    2.22400e-05     2.87900e-02     1.49100e+02     1.81100e+01     3.98200e+00     8.500e-02      4.000e-04      2.000e-05      1.750e-06      3.000e-08      2.000e-09      1.250e-08      1.275e-06      2.190e-05      2.045e-05      5.300e-06      9.350e-06      1.625e-07      8.500e-09      3.425e-08      2.510e-06      2.990e-06      5.000e-09      2.000e-09      3.000e-09      9.109e-25      3.005e-35      8.522e-59      9.829e-32      6.574e-59      2.559e-71      
-3.35900e-05    -5.82600e-05    2.31900e-05     2.67700e-02     1.40700e+02     1.68400e+01     4.14100e+00     8.500e-02      4.000e-04      2.000e-05      1.750e-06      3.000e-08      2.000e-09      1.250e-08      1.275e-06      2.190e-05      2.045e-05      5.300e-06      9.350e-06      1.625e-07      8.500e-09      3.425e-08      2.510e-06      2.990e-06      5.000e-09      2.000e-09      3.000e-09      6.442e-24      1.503e-34      2.944e-58      9.961e-32      6.725e-59      3.238e-71      
-3.49600e-05    -6.06300e-05    2.41400e-05     2.49600e-02     1.33000e+02     1.57000e+01     4.30000e+00     8.500e-02      4.000e-04      2.000e-05      1.750e-06      3.000e-08      2.000e-09      1.250e-08      1.275e-06      2.190e-05      2.045e-05      5.300e-06      9.350e-06      1.625e-07      8.500e-09      3.425e-08      2.510e-06      2.990e-06      5.000e-09      2.000e-09      3.000e-09      8.222e-23      1.798e-33      4.333e-57      1.009e-31      6.907e-59      5.102e-71      
-3.63200e-05    -6.29900e-05    2.51000e-05     2.35500e-02     1.25900e+02     1.48100e+01     4.46000e+00     8.500e-02      4.000e-04      2.000e-05      1.750e-06      3.000e-08      2.000e-09      1.250e-08      1.275e-06      2.190e-05      2.045e-05      5.300e-06      9.350e-06      1.625e-07      8.500e-09      3.425e-08      2.510e-06      2.990e-06      5.000e-09      2.000e-09      3.000e-09      6.650e-22      1.549e-32      1.402e-55      1.025e-31      7.540e-59      2.354e-70      
-3.76900e-05    -6.53600e-05    2.60500e-05     2.20600e-02     1.19500e+02     1.38700e+01     4.61900e+00     8.500e-02      4.000e-04      2.000e-05      1.750e-06      3.000e-08      2.000e-09      1.250e-08      1.275e-06      2.190e-05      2.045e-05      5.300e-06      9.350e-06      1.625e-07      8.500e-09      3.425e-08      2.510e-06      2.990e-06      5.000e-09      2.000e-09      3.000e-09      5.706e-21      1.319e-31      6.477e-54      1.087e-31      2.603e-58      7.710e-69      
-3.90500e-05    -6.77200e-05    2.70000e-05     2.07100e-02     1.13600e+02     1.30300e+01     4.77800e+00     8.500e-02      4.000e-04      2.000e-05      1.750e-06      3.000e-08      2.000e-09      1.250e-08      1.275e-06      2.190e-05      2.045e-05      5.300e-06      9.350e-06      1.625e-07      8.500e-09      3.425e-08      2.510e-06      2.990e-06      5.000e-09      2.000e-09      3.000e-09      4.107e-20      1.181e-30      5.932e-52      1.728e-31      3.532e-56      2.706e-66      
-4.04100e-05    -7.00900e-05    2.79600e-05     1.94900e-02     1.08200e+02     1.22600e+01     4.93700e+00     8.500e-02      4.000e-04      2.000e-05      1.750e-06      3.000e-08      2.000e-09      1.250e-08      1.275e-06      2.190e-05      2.045e-05      5.300e-06      9.350e-06      1.625e-07      8.500e-09      3.425e-08      2.510e-06      2.990e-06      5.000e-09      2.000e-09      3.000e-09      2.484e-19      7.863e-30      1.651e-50      7.144e-31      9.318e-55      5.377e-65      
-4.17800e-05    -7.24500e-05    2.89100e-05     1.82400e-02     1.03200e+02     1.14700e+01     5.09700e+00     8.500e-02      4.000e-04      2.000e-05      1.750e-06      3.000e-08      2.000e-09      1.250e-08      1.275e-06      2.190e-05      2.045e-05      5.300e-06      9.350e-06      1.625e-07      8.500e-09      3.425e-08      2.510e-06      2.990e-06      5.000e-09      2.000e-09      3.000e-09      1.501e-18      4.392e-29      3.480e-49      4.660e-30      5.576e-53      3.425e-63      
-4.31400e-05    -7.48200e-05    2.98600e-05     1.73600e-02     9.85300e+01     1.09200e+01     5.25600e+00     8.500e-02      4.000e-04      2.000e-05      1.750e-06      3.000e-08      2.000e-09      1.250e-08      1.275e-06      2.190e-05      2.045e-05      5.300e-06      9.350e-06      1.625e-07      8.500e-09      3.425e-08      2.510e-06      2.990e-06      5.000e-09      2.000e-09      3.000e-09      5.990e-18      1.568e-28      2.365e-48      1.953e-29      6.317e-52      4.011e-62      
-4.45100e-05    -7.71900e-05    3.08200e-05     1.63100e-02     9.42300e+01     1.02600e+01     5.41500e+00     8.500e-02      4.000e-04      2.000e-05      1.750e-06      3.000e-08      2.000e-09      1.250e-08      1.275e-06      2.190e-05      2.045e-05      5.300e-06      9.350e-06      1.625e-07      8.500e-09      3.425e-08      2.510e-06      2.990e-06      5.000e-09      2.000e-09      3.000e-09      2.652e-17      6.241e-28      2.248e-47      9.902e-29      1.176e-50      6.624e-61      
-4.58700e-05    -7.95500e-05    3.17700e-05     1.55800e-02     9.02400e+01     9.80000e+00     5.57400e+00     8.500e-02      4.000e-04      2.000e-05      1.750e-06      3.000e-08      2.000e-09      1.250e-08      1.275e-06      2.190e-05      2.045e-05      5.300e-06      9.350e-06      1.625e-07      8.500e-09      3.425e-08      2.510e-06      2.990e-06      5.000e-09      2.000e-09      3.000e-09      8.553e-17      2.183e-27      1.794e-46      4.171e-28      1.708e-49      9.374e-60      
-4.72400e-05    -8.19200e-05    3.27200e-05     1.47600e-02     8.65300e+01     9.28200e+00     5.73400e+00     8.500e-02      4.000e-04      2.000e-05      1.750e-06      3.000e-08      2.000e-09      1.250e-08      1.275e-06      2.190e-05      2.045e-05      5.300e-06      9.350e-06      1.625e-07      8.500e-09      3.425e-08      2.510e-06      2.990e-06      5.000e-09      2.000e-09      3.000e-09      2.798e-16      7.051e-27      1.461e-45      1.628e-27      2.159e-48      1.210e-58      
-4.86000e-05    -8.42800e-05    3.36800e-05     1.40800e-02     8.30700e+01     8.85700e+00     5.89300e+00     8.500e-02      4.000e-04      2.000e-05      1.750e-06      3.000e-08      2.000e-09      1.250e-08      1.275e-06      2.190e-05      2.045e-05      5.300e-06      9.350e-06      1.625e-07      8.500e-09      3.425e-08      2.510e-06      2.990e-06      5.000e-09      2.000e-09      3.000e-09      7.960e-16      2.086e-26      9.803e-45      5.709e-27      2.238e-47      1.291e-57      
-4.99600e-05    -8.66500e-05    3.46300e-05     1.34200e-02     7.98400e+01     8.43900e+00     6.05200e+00     8.500e-02      4.000e-04      2.000e-05      1.750e-06      3.000e-08      2.000e-09      1.250e-08      1.275e-06      2.190e-05      2.045e-05      5.300e-06      9.350e-06      1.625e-07      8.500e-09      3.425e-08      2.510e-06      2.990e-06      5.000e-09      2.000e-09      3.000e-09      2.146e-15      5.713e-26      5.953e-44      1.836e-26      1.982e-46      1.182e-56      
-5.13300e-05    -8.90100e-05    3.55900e-05     1.27600e-02     7.68200e+01     8.02700e+00     6.21200e+00     8.500e-02      4.000e-04      2.000e-05      1.750e-06      3.000e-08      2.000e-09      1.250e-08      1.275e-06      2.190e-05      2.045e-05      5.300e-06      9.350e-06      1.625e-07      8.500e-09      3.425e-08      2.510e-06      2.990e-06      5.000e-09      2.000e-09      3.000e-09      5.629e-15      1.489e-25      3.362e-43      5.611e-26      1.634e-45      9.963e-56      
-5.26900e-05    -9.13800e-05    3.65400e-05     1.21900e-02     7.40000e+01     7.66700e+00     6.37100e+00     8.500e-02      4.000e-04      2.000e-05      1.750e-06      3.000e-08      2.000e-09      1.250e-08      1.275e-06      2.190e-05      2.045e-05      5.300e-06      9.350e-06      1.625e-07      8.500e-09      3.425e-08      2.510e-06      2.990e-06      5.000e-09      2.000e-09      3.000e-09      1.360e-14      3.670e-25      1.645e-42      1.605e-25      1.136e-44      7.046e-55      
-5.40500e-05    -9.37400e-05    3.74900e-05     1.16600e-02     7.13400e+01     7.33300e+00     6.53000e+00     8.500e-02      4.000e-04      2.000e-05      1.750e-06      3.000e-08      2.000e-09      1.250e-08      1.275e-06      2.190e-05      2.045e-05      5.300e-06      9.350e-06      1.625e-07      8.500e-09      3.425e-08      2.510e-06      2.990e-06      5.000e-09      2.000e-09      3.000e-09      3.078e-14      8.532e-25      7.364e-42      4.279e-25      7.137e-44      4.520e-54      
-5.54200e-05    -9.61100e-05    3.84500e-05     1.11600e-02     6.88500e+01     7.02100e+00     6.68900e+00     8.500e-02      4.000e-04      2.000e-05      1.750e-06      3.000e-08      2.000e-09      1.250e-08      1.275e-06      2.190e-05      2.045e-05      5.300e-06      9.350e-06      1.625e-07      8.500e-09      3.425e-08      2.510e-06      2.990e-06      5.000e-09      2.000e-09      3.000e-09      6.600e-14      1.861e-24      2.939e-41      1.058e-24      3.793e-43      2.448e-53      
-5.67800e-05    -9.84700e-05    3.94000e-05     1.07000e-02     6.65100e+01     6.72900e+00     6.84900e+00     8.500e-02      4.000e-04      2.000e-05      1.750e-06      3.000e-08      2.000e-09      1.250e-08      1.275e-06      2.190e-05      2.045e-05      5.300e-06      9.350e-06      1.625e-07      8.500e-09      3.425e-08      2.510e-06      2.990e-06      5.000e-09      2.000e-09      3.000e-09      1.349e-13      3.865e-24      1.083e-40      2.478e-24      1.852e-42      1.216e-52      
-5.81500e-05    -1.00800e-04    4.03500e-05     1.03000e-02     6.43100e+01     6.47700e+00     7.00800e+00     8.500e-02      4.000e-04      2.000e-05      1.750e-06      3.000e-08      2.000e-09      1.250e-08      1.275e-06      2.190e-05      2.045e-05      5.300e-06      9.350e-06      1.625e-07      8.500e-09      3.425e-08      2.510e-06      2.990e-06      5.000e-09      2.000e-09      3.000e-09      2.580e-13      7.634e-24      3.602e-40      5.461e-24      8.111e-42      5.416e-52      
-5.95100e-05    -1.03200e-04    4.13100e-05     9.89100e-03     6.22300e+01     6.22100e+00     7.16700e+00     8.500e-02      4.000e-04      2.000e-05      1.750e-06      3.000e-08      2.000e-09      1.250e-08      1.275e-06      2.190e-05      2.045e-05      5.300e-06      9.350e-06      1.625e-07      8.500e-09      3.425e-08      2.510e-06      2.990e-06      5.000e-09      2.000e-09      3.000e-09      4.798e-13      1.441e-23      1.134e-39      1.144e-23      3.236e-41      2.201e-51      
-6.08700e-05    -1.05600e-04    4.22600e-05     9.50900e-03     6.02600e+01     5.98100e+00     7.32600e+00     8.500e-02      4.000e-04      2.000e-05      1.750e-06      3.000e-08      2.000e-09      1.250e-08      1.275e-06      2.190e-05      2.045e-05      5.300e-06      9.350e-06      1.625e-07      8.500e-09      3.425e-08      2.510e-06      2.990e-06      5.000e-09      2.000e-09      3.000e-09      8.649e-13      2.625e-23      3.347e-39      2.303e-23      1.199e-40      8.275e-51      
-6.22400e-05    -1.07900e-04    4.32200e-05     9.15000e-03     5.84000e+01     5.75500e+00     7.48600e+00     8.500e-02      4.000e-04      2.000e-05      1.750e-06      3.000e-08      2.000e-09      1.250e-08      1.275e-06      2.190e-05      2.045e-05      5.300e-06      9.350e-06      1.625e-07      8.500e-09      3.425e-08      2.510e-06      2.990e-06      5.000e-09      2.000e-09      3.000e-09      1.513e-12      4.628e-23      9.314e-39      4.474e-23      4.167e-40      2.904e-50      
-6.36000e-05    -1.10300e-04    4.41700e-05     8.81200e-03     5.66400e+01     5.54200e+00     7.64500e+00     8.500e-02      4.000e-04      2.000e-05      1.750e-06      3.000e-08      2.000e-09      1.250e-08      1.275e-06      2.190e-05      2.045e-05      5.300e-06      9.350e-06      1.625e-07      8.500e-09      3.425e-08      2.510e-06      2.990e-06      5.000e-09      2.000e-09      3.000e-09      2.570e-12      7.923e-23      2.457e-38      8.409e-23      1.366e-39      9.578e-50      
-6.49600e-05    -1.12700e-04    4.51200e-05     8.49300e-03     5.49700e+01     5.34200e+00     7.80400e+00     8.500e-02      4.000e-04      2.000e-05      1.750e-06      3.000e-08      2.000e-09      1.250e-08      1.275e-06      2.190e-05      2.045e-05      5.300e-06      9.350e-06      1.625e-07      8.500e-09      3.425e-08      2.510e-06      2.990e-06      5.000e-09      2.000e-09      3.000e-09      4.244e-12      1.318e-22      6.169e-38      1.530e-22      4.237e-39      2.985e-49      
-6.63300e-05    -1.15000e-04    4.60800e-05     8.19300e-03     5.33900e+01     5.15300e+00     7.96300e+00     8.500e-02      4.000e-04      2.000e-05      1.750e-06      3.000e-08      2.000e-09      1.250e-08      1.275e-06      2.190e-05      2.045e-05      5.300e-06      9.350e-06      1.625e-07      8.500e-09      3.425e-08      2.510e-06      2.990e-06      5.000e-09      2.000e-09      3.000e-09      6.831e-12      2.137e-22      1.473e-37      2.701e-22      1.228e-38      8.671e-49      
-6.76900e-05    -1.17400e-04    4.70300e-05     7.91000e-03     5.18800e+01     4.97500e+00     8.12300e+00     8.500e-02      4.000e-04      2.000e-05      1.750e-06      3.000e-08      2.000e-09      1.250e-08      1.275e-06      2.190e-05      2.045e-05      5.300e-06      9.350e-06      1.625e-07      8.500e-09      3.425e-08      2.510e-06      2.990e-06      5.000e-09      2.000e-09      3.000e-09      1.073e-11      3.377e-22      3.364e-37      4.633e-22      3.383e-38      2.388e-48      
-6.90600e-05    -1.19800e-04    4.79900e-05     7.64100e-03     5.04500e+01     4.80600e+00     8.28200e+00     8.500e-02      4.000e-04      2.000e-05      1.750e-06      3.000e-08      2.000e-09      1.250e-08      1.275e-06      2.190e-05      2.045e-05      5.300e-06      9.350e-06      1.625e-07      8.500e-09      3.425e-08      2.510e-06      2.990e-06      5.000e-09      2.000e-09      3.000e-09      1.647e-11      5.215e-22      7.363e-37      7.742e-22      8.806e-38      6.208e-48      
-7.04200e-05    -1.22100e-04    4.89400e-05     7.38700e-03     4.90800e+01     4.64600e+00     8.44100e+00     8.500e-02      4.000e-04      2.000e-05      1.750e-06      3.000e-08      2.000e-09      1.250e-08      1.275e-06      2.190e-05      2.045e-05      5.300e-06      9.350e-06      1.625e-07      8.500e-09      3.425e-08      2.510e-06      2.990e-06      5.000e-09      2.000e-09      3.000e-09      2.477e-11      7.878e-22      1.575e-36      1.262e-21      2.288e-37      1.609e-47      
-7.17900e-05    -1.24500e-04    4.99000e-05     7.14800e-03     4.77800e+01     4.49600e+00     8.60100e+00     8.500e-02      4.000e-04      2.000e-05      1.750e-06      3.000e-08      2.000e-09      1.250e-08      1.275e-06      2.190e-05      2.045e-05      5.300e-06      9.350e-06      1.625e-07      8.500e-09      3.425e-08      2.510e-06      2.990e-06      5.000e-09      2.000e-09      3.000e-09      3.649e-11      1.166e-21      3.182e-36      2.008e-21      5.326e-37      3.734e-47      
-7.31500e-05    -1.26900e-04    5.08500e-05     6.91900e-03     4.65400e+01     4.35100e+00     8.76000e+00     8.500e-02      4.000e-04      2.000e-05      1.750e-06      3.000e-08      2.000e-09      1.250e-08      1.275e-06      2.190e-05      2.045e-05      5.300e-06      9.350e-06      1.625e-07      8.500e-09      3.425e-08      2.510e-06      2.990e-06      5.000e-09      2.000e-09      3.000e-09      5.285e-11      1.693e-21      6.235e-36      3.128e-21      1.206e-36      8.398e-47      
-7.45100e-05    -1.29200e-04    5.18100e-05     6.70200e-03     4.53600e+01     4.21500e+00     8.91900e+00     8.500e-02      4.000e-04      2.000e-05      1.750e-06      3.000e-08      2.000e-09      1.250e-08      1.275e-06      2.190e-05      2.045e-05      5.300e-06      9.350e-06      1.625e-07      8.500e-09      3.425e-08      2.510e-06      2.990e-06      5.000e-09      2.000e-09      3.000e-09      7.522e-11      2.415e-21      1.187e-35      4.775e-21      2.654e-36      1.832e-46      
-7.58800e-05    -1.31600e-04    5.27600e-05     6.52500e-03     4.42200e+01     4.10400e+00     9.07800e+00     8.500e-02      4.000e-04      2.000e-05      1.750e-06      3.000e-08      2.000e-09      1.250e-08      1.275e-06      2.190e-05      2.045e-05      5.300e-06      9.350e-06      1.625e-07      8.500e-09      3.425e-08      2.510e-06      2.990e-06      5.000e-09      2.000e-09      3.000e-09      1.041e-10      3.385e-21      2.169e-35      7.141e-21      5.645e-36      3.861e-46      
-7.72400e-05    -1.34000e-04    5.37200e-05     6.32700e-03     4.31400e+01     3.97900e+00     9.23800e+00     8.500e-02      4.000e-04      2.000e-05      1.750e-06      3.000e-08      2.000e-09      1.250e-08      1.275e-06      2.190e-05      2.045e-05      5.300e-06      9.350e-06      1.625e-07      8.500e-09      3.425e-08      2.510e-06      2.990e-06      5.000e-09      2.000e-09      3.000e-09      1.426e-10      4.659e-21      3.889e-35      1.046e-20      1.157e-35      7.846e-46      
-7.86100e-05    -1.36300e-04    5.46700e-05     6.13800e-03     4.21000e+01     3.86100e+00     9.39700e+00     8.500e-02      4.000e-04      2.000e-05      1.750e-06      3.000e-08      2.000e-09      1.250e-08      1.275e-06      2.190e-05      2.045e-05      5.300e-06      9.350e-06      1.625e-07      8.500e-09      3.425e-08      2.510e-06      2.990e-06      5.000e-09      2.000e-09      3.000e-09      1.931e-10      6.314e-21      6.821e-35      1.505e-20      2.303e-35      1.547e-45      
-7.99700e-05    -1.38700e-04    5.56300e-05     5.95900e-03     4.11100e+01     3.74800e+00     9.55600e+00     8.500e-02      4.000e-04      2.000e-05      1.750e-06      3.000e-08      2.000e-09      1.250e-08      1.275e-06      2.190e-05      2.045e-05      5.300e-06      9.350e-06      1.625e-07      8.500e-09      3.425e-08      2.510e-06      2.990e-06      5.000e-09      2.000e-09      3.000e-09      2.586e-10      8.439e-21      1.171e-34      2.132e-20      4.462e-35      2.967e-45      
-8.13400e-05    -1.41100e-04    5.65800e-05     5.78800e-03     4.01600e+01     3.64000e+00     9.71500e+00     8.500e-02      4.000e-04      2.000e-05      1.750e-06      3.000e-08      2.000e-09      1.250e-08      1.275e-06      2.190e-05      2.045e-05      5.300e-06      9.350e-06      1.625e-07      8.500e-09      3.425e-08      2.510e-06      2.990e-06      5.000e-09      2.000e-09      3.000e-09      3.425e-10      1.114e-20      1.965e-34      2.981e-20      8.396e-35      5.522e-45      
-8.27000e-05    -1.43400e-04    5.75400e-05     5.68400e-03     3.92400e+01     3.57500e+00     9.87500e+00     8.500e-02      4.000e-04      2.000e-05      1.750e-06      3.000e-08      2.000e-09      1.250e-08      1.275e-06      2.190e-05      2.045e-05      5.300e-06      9.350e-06      1.625e-07      8.500e-09      3.425e-08      2.510e-06      2.990e-06      5.000e-09      2.000e-09      3.000e-09      4.400e-10      1.453e-20      3.163e-34      4.107e-20      1.537e-34      9.989e-45      
-8.40700e-05    -1.45800e-04    5.84900e-05     5.52500e-03     3.83700e+01     3.47500e+00     1.00300e+01     8.500e-02      4.000e-04      2.000e-05      1.750e-06      3.000e-08      2.000e-09      1.250e-08      1.275e-06      2.190e-05      2.045e-05      5.300e-06      9.350e-06      1.625e-07      8.500e-09      3.425e-08      2.510e-06      2.990e-06      5.000e-09      2.000e-09      3.000e-09      5.627e-10      1.867e-20      5.038e-34      5.562e-20      2.728e-34      1.751e-44      
-8.54400e-05    -1.48200e-04    5.94500e-05     5.37400e-03     3.75200e+01     3.38000e+00     1.01900e+01     8.500e-02      4.000e-04      2.000e-05      1.750e-06      3.000e-08      2.000e-09      1.250e-08      1.275e-06      2.190e-05      2.045e-05      5.300e-06      9.350e-06      1.625e-07      8.500e-09      3.425e-08      2.510e-06      2.990e-06      5.000e-09      2.000e-09      3.000e-09      7.153e-10      2.371e-20      7.907e-34      7.430e-20      4.716e-34      2.992e-44      
-8.68000e-05    -1.50600e-04    6.04000e-05     5.22900e-03     3.67100e+01     3.28900e+00     1.03500e+01     8.500e-02      4.000e-04      2.000e-05      1.750e-06      3.000e-08      2.000e-09      1.250e-08      1.275e-06      2.190e-05      2.045e-05      5.300e-06      9.350e-06      1.625e-07      8.500e-09      3.425e-08      2.510e-06      2.990e-06      5.000e-09      2.000e-09      3.000e-09      9.035e-10      2.980e-20      1.223e-33      9.813e-20      7.995e-34      5.008e-44      
-8.81700e-05    -1.52900e-04    6.13600e-05     5.03900e-03     3.59300e+01     3.16900e+00     1.05100e+01     8.500e-02      4.000e-04      2.000e-05      1.750e-06      3.000e-08      2.000e-09      1.250e-08      1.275e-06      2.190e-05      2.045e-05      5.300e-06      9.350e-06      1.625e-07      8.500e-09      3.425e-08      2.510e-06      2.990e-06      5.000e-09      2.000e-09      3.000e-09      1.151e-09      3.709e-20      1.889e-33      1.284e-19      1.331e-33      8.219e-44      
-8.95300e-05    -1.55300e-04    6.23200e-05     4.90900e-03     3.51800e+01     3.08700e+00     1.06700e+01     8.500e-02      4.000e-04      2.000e-05      1.750e-06      3.000e-08      2.000e-09      1.250e-08      1.275e-06      2.190e-05      2.045e-05      5.300e-06      9.350e-06      1.625e-07      8.500e-09      3.425e-08      2.510e-06      2.990e-06      5.000e-09      2.000e-09      3.000e-09      1.451e-09      4.591e-20      2.859e-33      1.671e-19      2.192e-33      1.331e-43      
-9.09000e-05    -1.57700e-04    6.32700e-05     4.78200e-03     3.44600e+01     3.00800e+00     1.08300e+01     8.500e-02      4.000e-04      2.000e-05      1.750e-06      3.000e-08      2.000e-09      1.250e-08      1.275e-06      2.190e-05      2.045e-05      5.300e-06      9.350e-06      1.625e-07      8.500e-09      3.424e-08      2.510e-06      2.990e-06      5.000e-09      2.000e-09      3.000e-09      1.810e-09      5.644e-20      4.253e-33      2.161e-19      3.566e-33      2.122e-43      
-9.22600e-05    -1.60000e-04    6.42300e-05     4.66300e-03     3.37600e+01     2.93300e+00     1.09900e+01     8.500e-02      4.000e-04      2.000e-05      1.750e-06      3.000e-08      2.000e-09      1.250e-08      1.275e-06      2.190e-05      2.045e-05      5.300e-06      9.350e-06      1.625e-07      8.500e-09      3.424e-08      2.510e-06      2.990e-06      5.000e-09      2.000e-09      3.000e-09      2.237e-09      6.890e-20      6.226e-33      2.772e-19      5.707e-33      3.324e-43      
-9.36300e-05    -1.62400e-04    6.51800e-05     4.54700e-03     3.30900e+01     2.86000e+00     1.11500e+01     8.500e-02      4.000e-04      2.000e-05      1.750e-06      3.000e-08      2.000e-09      1.250e-08      1.275e-06      2.190e-05      2.045e-05      5.300e-06      9.350e-06      1.624e-07      8.500e-09      3.424e-08      2.510e-06      2.990e-06      5.000e-09      2.000e-09      3.000e-09      2.741e-09      8.352e-20      9.000e-33      3.527e-19      9.023e-33      5.132e-43      
-9.50000e-05    -1.64800e-04    6.61400e-05     4.50800e-03     3.24400e+01     2.83500e+00     1.13100e+01     8.500e-02      4.000e-04      2.000e-05      1.750e-06      3.000e-08      2.000e-09      1.250e-08      1.275e-06      2.190e-05      2.045e-05      5.300e-06      9.350e-06      1.624e-07      8.500e-09      3.424e-08      2.510e-06      2.990e-06      5.000e-09      2.000e-09      3.000e-09      3.276e-09      1.006e-19      1.265e-32      4.454e-19      1.403e-32      7.790e-43      
-9.63600e-05    -1.67100e-04    6.71000e-05     4.36900e-03     3.18100e+01     2.74800e+00     1.14700e+01     8.500e-02      4.000e-04      2.000e-05      1.750e-06      3.000e-08      2.000e-09      1.250e-08      1.275e-06      2.190e-05      2.045e-05      5.300e-06      9.350e-06      1.624e-07      8.500e-09      3.424e-08      2.510e-06      2.990e-06      5.000e-09      2.000e-09      3.000e-09      3.929e-09      1.201e-19      1.774e-32      5.555e-19      2.132e-32      1.156e-42      
-9.77300e-05    -1.69500e-04    6.80500e-05     4.22700e-03     3.12100e+01     2.65800e+00     1.16300e+01     8.500e-02      4.000e-04      2.000e-05      1.750e-06      3.000e-08      2.000e-09      1.250e-08      1.275e-06      2.190e-05      2.045e-05      5.300e-06      9.350e-06      1.624e-07      8.500e-09      3.424e-08      2.510e-06      2.990e-06      5.000e-09      2.000e-09      3.000e-09      4.732e-09      1.421e-19      2.484e-32      6.869e-19      3.191e-32      1.690e-42      
-9.90900e-05    -1.71900e-04    6.90100e-05     4.12700e-03     3.06200e+01     2.59600e+00     1.17900e+01     8.500e-02      4.000e-04      2.000e-05      1.750e-06      2.999e-08      2.000e-09      1.250e-08      1.275e-06      2.189e-05      2.045e-05      5.300e-06      9.350e-06      1.624e-07      8.500e-09      3.424e-08      2.510e-06      2.990e-06      5.000e-09      2.000e-09      3.000e-09      5.658e-09      1.674e-19      3.436e-32      8.447e-19      4.729e-32      2.445e-42      
-1.00500e-04    -1.74200e-04    6.99700e-05     4.06900e-03     3.00600e+01     2.55900e+00     1.19500e+01     8.500e-02      4.000e-04      2.000e-05      1.750e-06      2.999e-08      1.999e-09      1.250e-08      1.275e-06      2.189e-05      2.045e-05      5.300e-06      9.350e-06      1.624e-07      8.500e-09      3.423e-08      2.509e-06      2.990e-06      5.000e-09      2.000e-09      3.000e-09      6.667e-09      1.962e-19      4.675e-32      1.033e-18      6.944e-32      3.502e-42      
-1.01800e-04    -1.76600e-04    7.09200e-05     3.94100e-03     2.95100e+01     2.47900e+00     1.21000e+01     8.500e-02      4.000e-04      2.000e-05      1.750e-06      2.999e-08      1.999e-09      1.250e-08      1.275e-06      2.189e-05      2.045e-05      5.300e-06      9.350e-06      1.624e-07      8.500e-09      3.423e-08      2.509e-06      2.990e-06      5.000e-09      2.000e-09      3.000e-09      7.879e-09      2.283e-19      6.342e-32      1.254e-18      1.004e-31      4.938e-42      
-1.03200e-04    -1.79000e-04    7.18800e-05     3.85300e-03     2.89800e+01     2.42300e+00     1.22600e+01     8.500e-02      4.000e-04      2.000e-05      1.750e-06      2.999e-08      1.999e-09      1.250e-08      1.275e-06      2.189e-05      2.045e-05      5.299e-06      9.350e-06      1.623e-07      8.500e-09      3.423e-08      2.509e-06      2.990e-06      5.000e-09      2.000e-09      3.000e-09      9.257e-09      2.645e-19      8.522e-32      1.513e-18      1.438e-31      6.892e-42      
-1.04600e-04    -1.81400e-04    7.28400e-05     3.76800e-03     2.84600e+01     2.37000e+00     1.24200e+01     8.500e-02      4.000e-04      2.000e-05      1.750e-06      2.999e-08      1.999e-09      1.250e-08      1.275e-06      2.189e-05      2.045e-05      5.299e-06      9.350e-06      1.623e-07      8.500e-09      3.422e-08      2.509e-06      2.990e-06      5.000e-09      2.000e-09      3.000e-09      1.081e-08      3.049e-19      1.135e-31      1.816e-18      2.039e-31      9.516e-42      
-1.05900e-04    -1.83700e-04    7.38000e-05     3.68500e-03     2.79700e+01     2.31800e+00     1.25800e+01     8.500e-02      4.000e-04      2.000e-05      1.750e-06      2.999e-08      1.999e-09      1.250e-08      1.275e-06      2.189e-05      2.045e-05      5.299e-06      9.350e-06      1.623e-07      8.500e-09      3.422e-08      2.509e-06      2.990e-06      5.000e-09      2.000e-09      3.000e-09      1.257e-08      3.498e-19      1.499e-31      2.168e-18      2.861e-31      1.300e-41      
-1.07300e-04    -1.86100e-04    7.47500e-05     3.60600e-03     2.74800e+01     2.26800e+00     1.27400e+01     8.500e-02      4.000e-04      2.000e-05      1.750e-06      2.999e-08      1.999e-09      1.250e-08      1.275e-06      2.189e-05      2.045e-05      5.299e-06      9.350e-06      1.623e-07      8.500e-09      3.421e-08      2.509e-06      2.990e-06      5.000e-09      2.000e-09      3.000e-09      1.454e-08      3.995e-19      1.963e-31      2.574e-18      3.974e-31      1.758e-41      
-1.08700e-04    -1.88500e-04    7.57100e-05     3.58300e-03     2.70100e+01     2.25300e+00     1.29000e+01     8.500e-02      4.000e-04      2.000e-05      1.750e-06      2.999e-08      1.999e-09      1.250e-08      1.275e-06      2.188e-05      2.045e-05      5.299e-06      9.349e-06      1.622e-07      8.500e-09      3.421e-08      2.509e-06      2.990e-06      5.000e-09      2.000e-09      3.000e-09      1.658e-08      4.548e-19      2.538e-31      3.044e-18      5.482e-31      2.359e-41      
-1.10000e-04    -1.90900e-04    7.66700e-05     3.50800e-03     2.65600e+01     2.20600e+00     1.30600e+01     8.500e-02      4.000e-04      2.000e-05      1.750e-06      2.998e-08      1.998e-09      1.250e-08      1.275e-06      2.188e-05      2.045e-05      5.299e-06      9.349e-06      1.622e-07      8.499e-09      3.421e-08      2.509e-06      2.990e-06      5.000e-09      2.000e-09      3.000e-09      1.884e-08      5.148e-19      3.261e-31      3.576e-18      7.461e-31      3.125e-41      
-1.11400e-04    -1.93200e-04    7.76200e-05     3.43500e-03     2.61200e+01     2.16100e+00     1.32200e+01     8.500e-02      4.000e-04      2.000e-05      1.750e-06      2.998e-08      1.998e-09      1.250e-08      1.275e-06      2.188e-05      2.045e-05      5.299e-06      9.349e-06      1.622e-07      8.499e-09      3.420e-08      2.508e-06      2.990e-06      5.000e-09      2.000e-09      3.000e-09      2.136e-08      5.800e-19      4.164e-31      4.174e-18      1.004e-30      4.095e-41      
-1.12800e-04    -1.95600e-04    7.85800e-05     3.36500e-03     2.56900e+01     2.11600e+00     1.33800e+01     8.500e-02      4.000e-04      2.000e-05      1.750e-06      2.998e-08      1.998e-09      1.250e-08      1.275e-06      2.188e-05      2.045e-05      5.299e-06      9.349e-06      1.621e-07      8.499e-09      3.419e-08      2.508e-06      2.990e-06      5.000e-09      2.000e-09      3.000e-09      2.415e-08      6.506e-19      5.286e-31      4.845e-18      1.338e-30      5.314e-41      
-1.14100e-04    -1.98000e-04    7.95400e-05     3.29700e-03     2.52700e+01     2.07400e+00     1.35400e+01     8.500e-02      4.000e-04      2.000e-05      1.750e-06      2.998e-08      1.998e-09      1.249e-08      1.275e-06      2.187e-05      2.045e-05      5.298e-06      9.349e-06      1.621e-07      8.499e-09      3.419e-08      2.508e-06      2.990e-06      5.000e-09      2.000e-09      3.000e-09      2.723e-08      7.268e-19      6.672e-31      5.597e-18      1.767e-30      6.836e-41      
-1.15500e-04    -2.00300e-04    8.05000e-05     3.23000e-03     2.48600e+01     2.03200e+00     1.37000e+01     8.500e-02      4.000e-04      2.000e-05      1.749e-06      2.997e-08      1.997e-09      1.249e-08      1.274e-06      2.187e-05      2.044e-05      5.298e-06      9.349e-06      1.621e-07      8.499e-09      3.418e-08      2.508e-06      2.990e-06      5.000e-09      2.000e-09      3.000e-09      3.061e-08      8.089e-19      8.374e-31      6.437e-18      2.313e-30      8.723e-41      
-1.16900e-04    -2.02700e-04    8.14600e-05     3.16700e-03     2.44700e+01     1.99200e+00     1.38600e+01     8.500e-02      4.000e-04      2.000e-05      1.749e-06      2.997e-08      1.997e-09      1.249e-08      1.274e-06      2.187e-05      2.044e-05      5.298e-06      9.349e-06      1.620e-07      8.499e-09      3.417e-08      2.508e-06      2.990e-06      5.000e-09      2.000e-09      2.999e-09      3.432e-08      8.973e-19      1.045e-30      7.371e-18      3.006e-30      1.105e-40      
-1.18200e-04    -2.05100e-04    8.24100e-05     3.10500e-03     2.40800e+01     1.95300e+00     1.40200e+01     8.500e-02      4.000e-04      2.000e-05      1.749e-06      2.997e-08      1.997e-09      1.249e-08      1.274e-06      2.186e-05      2.044e-05      5.298e-06      9.349e-06      1.620e-07      8.499e-09      3.416e-08      2.507e-06      2.990e-06      5.000e-09      2.000e-09      2.999e-09      3.838e-08      9.920e-19      1.298e-30      8.407e-18      3.880e-30      1.390e-40      
-1.19600e-04    -2.07500e-04    8.33700e-05     3.04500e-03     2.37100e+01     1.91500e+00     1.41800e+01     8.500e-02      4.000e-04      2.000e-05      1.749e-06      2.997e-08      1.996e-09      1.249e-08      1.274e-06      2.186e-05      2.044e-05      5.297e-06      9.349e-06      1.619e-07      8.499e-09      3.415e-08      2.507e-06      2.990e-06      5.000e-09      2.000e-09      2.999e-09      4.281e-08      1.094e-18      1.604e-30      9.554e-18      4.971e-30      1.735e-40      
-1.21000e-04    -2.09800e-04    8.43300e-05     2.98700e-03     2.33500e+01     1.87900e+00     1.43300e+01     8.500e-02      4.000e-04      2.000e-05      1.749e-06      2.996e-08      1.996e-09      1.249e-08      1.274e-06      2.185e-05      2.044e-05      5.297e-06      9.348e-06      1.619e-07      8.499e-09      3.414e-08      2.507e-06      2.990e-06      5.000e-09      2.000e-09      2.999e-09      4.761e-08      1.202e-18      1.972e-30      1.082e-17      6.327e-30      2.153e-40      
-1.22300e-04    -2.12200e-04    8.52900e-05     2.93200e-03     2.29900e+01     1.84400e+00     1.44900e+01     8.500e-02      4.000e-04      2.000e-05      1.749e-06      2.996e-08      1.995e-09      1.249e-08      1.274e-06      2.185e-05      2.044e-05      5.297e-06      9.348e-06      1.618e-07      8.499e-09      3.413e-08      2.506e-06      2.990e-06      5.000e-09      2.000e-09      2.999e-09      5.282e-08      1.318e-18      2.413e-30      1.221e-17      8.003e-30      2.655e-40      
-1.23700e-04    -2.14600e-04    8.62500e-05     2.87700e-03     2.26500e+01     1.80900e+00     1.46500e+01     8.500e-02      4.000e-04      2.000e-05      1.749e-06      2.995e-08      1.995e-09      1.249e-08      1.274e-06      2.184e-05      2.044e-05      5.296e-06      9.348e-06      1.618e-07      8.498e-09      3.412e-08      2.506e-06      2.990e-06      5.000e-09      2.000e-09      2.999e-09      5.847e-08      1.442e-18      2.939e-30      1.374e-17      1.006e-29      3.254e-40      
-1.25100e-04    -2.17000e-04    8.72100e-05     2.82400e-03     2.23100e+01     1.77600e+00     1.48100e+01     8.500e-02      4.000e-04      2.000e-05      1.749e-06      2.995e-08      1.994e-09      1.249e-08      1.274e-06      2.184e-05      2.044e-05      5.296e-06      9.348e-06      1.617e-07      8.498e-09      3.411e-08      2.505e-06      2.990e-06      4.999e-09      2.000e-09      2.999e-09      6.456e-08      1.573e-18      3.564e-30      1.540e-17      1.258e-29      3.967e-40      
-1.26400e-04    -2.19300e-04    8.81600e-05     2.77300e-03     2.19800e+01     1.74400e+00     1.49700e+01     8.500e-02      4.000e-04      2.000e-05      1.749e-06      2.994e-08      1.994e-09      1.249e-08      1.274e-06      2.183e-05      2.044e-05      5.296e-06      9.348e-06      1.616e-07      8.498e-09      3.409e-08      2.505e-06      2.990e-06      4.999e-09      2.000e-09      2.999e-09      7.111e-08      1.713e-18      4.305e-30      1.723e-17      1.564e-29      4.809e-40      
-1.27800e-04    -2.21700e-04    8.91200e-05     2.72300e-03     2.16600e+01     1.71200e+00     1.51300e+01     8.500e-02      4.000e-04      2.000e-05      1.749e-06      2.994e-08      1.993e-09      1.249e-08      1.274e-06      2.182e-05      2.043e-05      5.295e-06      9.347e-06      1.616e-07      8.498e-09      3.408e-08      2.504e-06      2.990e-06      4.999e-09      2.000e-09      2.999e-09      7.815e-08      1.862e-18      5.178e-30      1.921e-17      1.934e-29      5.800e-40      
-1.29200e-04    -2.24100e-04    9.00800e-05     2.67400e-03     2.13500e+01     1.68200e+00     1.52900e+01     8.500e-02      4.000e-04      2.000e-05      1.748e-06      2.993e-08      1.992e-09      1.249e-08      1.274e-06      2.181e-05      2.043e-05      5.295e-06      9.347e-06      1.615e-07      8.498e-09      3.406e-08      2.504e-06      2.990e-06      4.999e-09      2.000e-09      2.999e-09      8.570e-08      2.019e-18      6.206e-30      2.136e-17      2.380e-29      6.961e-40      
-1.30500e-04    -2.26400e-04    9.10400e-05     2.64700e-03     2.10400e+01     1.66500e+00     1.54500e+01     8.500e-02      4.000e-04      2.000e-05      1.748e-06      2.993e-08      1.992e-09      1.248e-08      1.273e-06      2.181e-05      2.043e-05      5.294e-06      9.347e-06      1.614e-07      8.498e-09      3.405e-08      2.503e-06      2.990e-06      4.999e-09      2.000e-09      2.999e-09      9.355e-08      2.187e-18      7.407e-30      2.370e-17      2.917e-29      8.325e-40      
-1.31900e-04    -2.28800e-04    9.20000e-05     2.60100e-03     2.07400e+01     1.63600e+00     1.56100e+01     8.500e-02      4.000e-04      2.000e-05      1.748e-06      2.992e-08      1.991e-09      1.248e-08      1.273e-06      2.180e-05      2.043e-05      5.294e-06      9.347e-06      1.613e-07      8.497e-09      3.403e-08      2.503e-06      2.990e-06      4.999e-09      2.000e-09      2.999e-09      1.019e-07      2.363e-18      8.809e-30      2.622e-17      3.556e-29      9.905e-40      
-1.33300e-04    -2.31200e-04    9.29600e-05     2.55500e-03     2.04500e+01     1.60700e+00     1.57700e+01     8.500e-02      4.000e-04      2.000e-05      1.748e-06      2.992e-08      1.990e-09      1.248e-08      1.273e-06      2.179e-05      2.043e-05      5.293e-06      9.346e-06      1.613e-07      8.497e-09      3.401e-08      2.502e-06      2.990e-06      4.999e-09      2.000e-09      2.998e-09      1.109e-07      2.550e-18      1.044e-29      2.893e-17      4.313e-29      1.173e-39      
-1.34700e-04    -2.33600e-04    9.39200e-05     2.51200e-03     2.01700e+01     1.58000e+00     1.59300e+01     8.500e-02      4.000e-04      2.000e-05      1.748e-06      2.991e-08      1.989e-09      1.248e-08      1.273e-06      2.178e-05      2.042e-05      5.292e-06      9.346e-06      1.612e-07      8.497e-09      3.400e-08      2.502e-06      2.990e-06      4.999e-09      2.000e-09      2.998e-09      1.204e-07      2.748e-18      1.233e-29      3.183e-17      5.205e-29      1.383e-39      
-1.36000e-04    -2.35900e-04    9.48800e-05     2.45100e-03     2.00000e+01     1.54200e+00     1.60900e+01     8.500e-02      4.000e-04      2.000e-05      1.747e-06      2.990e-08      1.988e-09      1.248e-08      1.273e-06      2.177e-05      2.042e-05      5.292e-06      9.346e-06      1.611e-07      8.497e-09      3.397e-08      2.501e-06      2.989e-06      4.999e-09      2.000e-09      2.998e-09      1.308e-07      2.959e-18      1.452e-29      3.493e-17      6.250e-29      1.624e-39      
-1.37400e-04    -2.38300e-04    9.58400e-05     2.41000e-03     2.00000e+01     1.51600e+00     1.62500e+01     8.500e-02      4.000e-04      2.000e-05      1.747e-06      2.989e-08      1.987e-09      1.248e-08      1.273e-06      2.176e-05      2.042e-05      5.291e-06      9.345e-06      1.610e-07      8.497e-09      3.395e-08      2.500e-06      2.989e-06      4.999e-09      2.000e-09      2.998e-09      1.418e-07      3.189e-18      1.705e-29      3.827e-17      7.481e-29      1.901e-39      
-1.38800e-04    -2.40700e-04    9.67900e-05     2.37000e-03     2.00000e+01     1.49100e+00     1.64000e+01     8.500e-02      4.000e-04      2.000e-05      1.747e-06      2.989e-08      1.986e-09      1.247e-08      1.272e-06      2.174e-05      2.042e-05      5.290e-06      9.345e-06      1.609e-07      8.496e-09      3.393e-08      2.499e-06      2.989e-06      4.999e-09      2.000e-09      2.998e-09      1.535e-07      3.438e-18      1.996e-29      4.186e-17      8.928e-29      2.222e-39      
-1.40100e-04    -2.43100e-04    9.77500e-05     2.33100e-03     2.00000e+01     1.46600e+00     1.65600e+01     8.500e-02      4.000e-04      2.000e-05      1.747e-06      2.988e-08      1.985e-09      1.247e-08      1.272e-06      2.173e-05      2.041e-05      5.289e-06      9.344e-06      1.608e-07      8.496e-09      3.391e-08      2.498e-06      2.989e-06      4.999e-09      2.000e-09      2.998e-09      1.659e-07      3.708e-18      2.330e-29      4.571e-17      1.062e-28      2.591e-39      
-1.41500e-04    -2.45400e-04    9.87100e-05     2.31000e-03     2.00000e+01     1.45300e+00     1.67200e+01     8.500e-02      4.000e-04      2.000e-05      1.746e-06      2.987e-08      1.984e-09      1.247e-08      1.272e-06      2.172e-05      2.041e-05      5.288e-06      9.344e-06      1.606e-07      8.496e-09      3.388e-08      2.498e-06      2.989e-06      4.999e-09      2.000e-09      2.998e-09      1.786e-07      4.000e-18      2.714e-29      4.987e-17      1.260e-28      3.019e-39      
-1.42900e-04    -2.47800e-04    9.96700e-05     2.27200e-03     2.00000e+01     1.42900e+00     1.68800e+01     8.500e-02      4.000e-04      2.000e-05      1.746e-06      2.986e-08      1.983e-09      1.247e-08      1.272e-06      2.171e-05      2.041e-05      5.287e-06      9.344e-06      1.605e-07      8.496e-09      3.385e-08      2.497e-06      2.989e-06      4.999e-09      2.000e-09      2.997e-09      1.920e-07      4.316e-18      3.151e-29      5.430e-17      1.490e-28      3.511e-39      
-1.44200e-04    -2.50200e-04    1.00600e-04     2.23600e-03     2.00000e+01     1.40600e+00     1.70400e+01     8.500e-02      4.000e-04      2.000e-05      1.746e-06      2.985e-08      1.981e-09      1.247e-08      1.272e-06      2.169e-05      2.040e-05      5.287e-06      9.343e-06      1.604e-07      8.495e-09      3.383e-08      2.496e-06      2.989e-06      4.998e-09      2.000e-09      2.997e-09      2.062e-07      4.657e-18      3.649e-29      5.902e-17      1.755e-28      4.074e-39      
-1.45600e-04    -2.52600e-04    1.01600e-04     2.20000e-03     2.00000e+01     1.38400e+00     1.72000e+01     8.500e-02      4.000e-04      2.000e-05      1.745e-06      2.984e-08      1.980e-09      1.246e-08      1.271e-06      2.168e-05      2.040e-05      5.285e-06      9.343e-06      1.603e-07      8.495e-09      3.380e-08      2.495e-06      2.989e-06      4.998e-09      2.000e-09      2.997e-09      2.210e-07      5.024e-18      4.216e-29      6.405e-17      2.061e-28      4.721e-39      
-1.47000e-04    -2.54900e-04    1.02600e-04     2.15100e-03     2.00000e+01     1.35300e+00     1.73600e+01     8.500e-02      4.000e-04      2.000e-05      1.745e-06      2.983e-08      1.978e-09      1.246e-08      1.271e-06      2.166e-05      2.039e-05      5.284e-06      9.342e-06      1.601e-07      8.495e-09      3.377e-08      2.494e-06      2.989e-06      4.998e-09      2.000e-09      2.997e-09      2.370e-07      5.421e-18      4.857e-29      6.935e-17      2.408e-28      5.456e-39      
-1.48300e-04    -2.57300e-04    1.03500e-04     2.13200e-03     2.00000e+01     1.34100e+00     1.75200e+01     8.500e-02      4.000e-04      2.000e-05      1.745e-06      2.982e-08      1.977e-09      1.246e-08      1.271e-06      2.164e-05      2.039e-05      5.283e-06      9.341e-06      1.600e-07      8.494e-09      3.374e-08      2.492e-06      2.989e-06      4.998e-09      2.000e-09      2.997e-09      2.534e-07      5.847e-18      5.584e-29      7.502e-17      2.809e-28      6.304e-39      
-1.49700e-04    -2.59700e-04    1.04500e-04     2.09900e-03     2.00000e+01     1.32000e+00     1.76800e+01     8.500e-02      4.000e-04      2.000e-05      1.744e-06      2.980e-08      1.975e-09      1.246e-08      1.270e-06      2.163e-05      2.039e-05      5.282e-06      9.341e-06      1.599e-07      8.494e-09      3.370e-08      2.491e-06      2.989e-06      4.998e-09      2.000e-09      2.996e-09      2.706e-07      6.305e-18      6.404e-29      8.103e-17      3.266e-28      7.273e-39      
-1.51100e-04    -2.62100e-04    1.05400e-04     2.06700e-03     2.00000e+01     1.30000e+00     1.78400e+01     8.500e-02      4.000e-04      2.000e-05      1.744e-06      2.979e-08      1.974e-09      1.246e-08      1.270e-06      2.161e-05      2.038e-05      5.281e-06      9.340e-06      1.597e-07      8.493e-09      3.367e-08      2.490e-06      2.989e-06      4.998e-09      2.000e-09      2.996e-09      2.886e-07      6.796e-18      7.328e-29      8.738e-17      3.785e-28      8.381e-39      
-1.52500e-04    -2.64500e-04    1.06400e-04     2.03500e-03     2.00000e+01     1.28000e+00     1.80000e+01     8.500e-02      4.000e-04      2.000e-05      1.743e-06      2.978e-08      1.972e-09      1.245e-08      1.270e-06      2.159e-05      2.038e-05      5.279e-06      9.340e-06      1.596e-07      8.493e-09      3.363e-08      2.489e-06      2.989e-06      4.998e-09      2.000e-09      2.996e-09      3.074e-07      7.324e-18      8.367e-29      9.409e-17      4.374e-28      9.644e-39      
-1.53800e-04    -2.66800e-04    1.07400e-04     2.00500e-03     2.00000e+01     1.26100e+00     1.81600e+01     8.500e-02      4.000e-04      2.000e-05      1.743e-06      2.976e-08      1.970e-09      1.245e-08      1.270e-06      2.157e-05      2.037e-05      5.278e-06      9.339e-06      1.594e-07      8.493e-09      3.360e-08      2.487e-06      2.989e-06      4.998e-09      2.000e-09      2.996e-09      3.270e-07      7.889e-18      9.532e-29      1.012e-16      5.038e-28      1.109e-38      
-1.55200e-04    -2.69200e-04    1.08300e-04     1.97500e-03     2.00000e+01     1.24200e+00     1.83200e+01     8.500e-02      4.000e-04      2.000e-05      1.742e-06      2.975e-08      1.968e-09      1.245e-08      1.269e-06      2.155e-05      2.036e-05      5.277e-06      9.338e-06      1.593e-07      8.492e-09      3.356e-08      2.486e-06      2.989e-06      4.997e-09      2.000e-09      2.995e-09      3.475e-07      8.494e-18      1.084e-28      1.086e-16      5.788e-28      1.273e-38      
-1.56600e-04    -2.71600e-04    1.09300e-04     1.94600e-03     2.00000e+01     1.22400e+00     1.84800e+01     8.500e-02      4.000e-04      2.000e-05      1.742e-06      2.974e-08      1.966e-09      1.244e-08      1.269e-06      2.153e-05      2.036e-05      5.275e-06      9.337e-06      1.591e-07      8.492e-09      3.352e-08      2.484e-06      2.988e-06      4.997e-09      2.000e-09      2.995e-09      3.688e-07      9.141e-18      1.229e-28      1.165e-16      6.630e-28      1.460e-38      
-1.57900e-04    -2.74000e-04    1.10200e-04     1.91700e-03     2.00000e+01     1.20600e+00     1.86300e+01     8.500e-02      4.000e-04      2.000e-05      1.741e-06      2.972e-08      1.964e-09      1.244e-08      1.269e-06      2.150e-05      2.035e-05      5.274e-06      9.337e-06      1.589e-07      8.491e-09      3.348e-08      2.483e-06      2.988e-06      4.997e-09      2.000e-09      2.995e-09      3.910e-07      9.832e-18      1.392e-28      1.247e-16      7.574e-28      1.672e-38      
-1.59300e-04    -2.76300e-04    1.11200e-04     1.88900e-03     2.00000e+01     1.18800e+00     1.87900e+01     8.500e-02      4.000e-04      2.000e-05      1.741e-06      2.970e-08      1.962e-09      1.244e-08      1.268e-06      2.148e-05      2.035e-05      5.272e-06      9.336e-06      1.587e-07      8.491e-09      3.343e-08      2.481e-06      2.988e-06      4.997e-09      2.000e-09      2.994e-09      4.141e-07      1.057e-17      1.573e-28      1.334e-16      8.631e-28      1.914e-38      
-1.60700e-04    -2.78700e-04    1.12200e-04     1.86200e-03     2.00000e+01     1.17100e+00     1.89500e+01     8.500e-02      4.000e-04      2.000e-05      1.740e-06      2.969e-08      1.960e-09      1.243e-08      1.268e-06      2.145e-05      2.034e-05      5.270e-06      9.335e-06      1.586e-07      8.490e-09      3.339e-08      2.480e-06      2.988e-06      4.997e-09      2.000e-09      2.994e-09      4.381e-07      1.136e-17      1.774e-28      1.424e-16      9.809e-28      2.188e-38      
-1.62000e-04    -2.81100e-04    1.13100e-04     1.83500e-03     2.00000e+01     1.15400e+00     1.91100e+01     8.500e-02      4.000e-04      2.000e-05      1.740e-06      2.967e-08      1.957e-09      1.243e-08      1.267e-06      2.143e-05      2.033e-05      5.268e-06      9.334e-06      1.584e-07      8.490e-09      3.334e-08      2.478e-06      2.988e-06      4.997e-09      2.000e-09      2.994e-09      4.630e-07      1.219e-17      1.997e-28      1.519e-16      1.112e-27      2.498e-38      
-1.63400e-04    -2.83500e-04    1.14100e-04     1.80900e-03     2.00000e+01     1.13800e+00     1.92700e+01     8.500e-02      4.000e-04      2.000e-05      1.739e-06      2.965e-08      1.955e-09      1.243e-08      1.267e-06      2.140e-05      2.032e-05      5.267e-06      9.333e-06      1.582e-07      8.489e-09      3.329e-08      2.476e-06      2.988e-06      4.996e-09      2.000e-09      2.993e-09      4.888e-07      1.309e-17      2.244e-28      1.618e-16      1.258e-27      2.850e-38      
-1.64800e-04    -2.85800e-04    1.15000e-04     1.78400e-03     2.00000e+01     1.12200e+00     1.94300e+01     8.500e-02      4.000e-04      2.000e-05      1.738e-06      2.964e-08      1.952e-09      1.242e-08      1.267e-06      2.137e-05      2.032e-05      5.265e-06      9.332e-06      1.580e-07      8.489e-09      3.325e-08      2.474e-06      2.988e-06      4.996e-09      2.000e-09      2.993e-09      5.156e-07      1.404e-17      2.517e-28      1.722e-16      1.419e-27      3.248e-38      
-1.66100e-04    -2.88200e-04    1.16000e-04     1.75900e-03     2.00000e+01     1.10600e+00     1.95900e+01     8.500e-02      4.000e-04      2.000e-05      1.738e-06      2.962e-08      1.950e-09      1.242e-08      1.266e-06      2.135e-05      2.031e-05      5.263e-06      9.331e-06      1.578e-07      8.488e-09      3.319e-08      2.473e-06      2.988e-06      4.996e-09      2.000e-09      2.993e-09      5.433e-07      1.504e-17      2.818e-28      1.830e-16      1.598e-27      3.698e-38      
-1.67500e-04    -2.90600e-04    1.17000e-04     1.73500e-03     2.00000e+01     1.09100e+00     1.97500e+01     8.500e-02      4.000e-04      2.000e-05      1.737e-06      2.960e-08      1.947e-09      1.242e-08      1.266e-06      2.132e-05      2.030e-05      5.261e-06      9.330e-06      1.576e-07      8.488e-09      3.314e-08      2.471e-06      2.988e-06      4.996e-09      2.000e-09      2.992e-09      5.719e-07      1.611e-17      3.150e-28      1.943e-16      1.795e-27      4.206e-38      
-1.68900e-04    -2.93000e-04    1.17900e-04     1.71100e-03     2.00000e+01     1.07600e+00     1.99100e+01     8.500e-02      4.000e-04      2.000e-05      1.736e-06      2.958e-08      1.944e-09      1.241e-08      1.265e-06      2.129e-05      2.029e-05      5.258e-06      9.329e-06      1.573e-07      8.487e-09      3.309e-08      2.469e-06      2.987e-06      4.996e-09      1.999e-09      2.992e-09      6.015e-07      1.725e-17      3.516e-28      2.060e-16      2.013e-27      4.779e-38      
-1.70300e-04    -2.95300e-04    1.18900e-04     1.68700e-03     2.00000e+01     1.06100e+00     2.00700e+01     8.500e-02      4.000e-04      2.000e-05      1.735e-06      2.956e-08      1.941e-09      1.241e-08      1.265e-06      2.125e-05      2.028e-05      5.256e-06      9.328e-06      1.571e-07      8.487e-09      3.303e-08      2.467e-06      2.987e-06      4.995e-09      1.999e-09      2.991e-09      6.321e-07      1.845e-17      3.917e-28      2.182e-16      2.251e-27      5.424e-38      
-1.71600e-04    -2.97700e-04    1.19800e-04     1.66500e-03     2.00000e+01     1.04700e+00     2.02300e+01     8.500e-02      4.000e-04      2.000e-05      1.734e-06      2.954e-08      1.938e-09      1.240e-08      1.264e-06      2.122e-05      2.027e-05      5.254e-06      9.327e-06      1.569e-07      8.486e-09      3.297e-08      2.464e-06      2.987e-06      4.995e-09      1.999e-09      2.991e-09      6.636e-07      1.972e-17      4.357e-28      2.309e-16      2.513e-27      6.150e-38      
-1.73000e-04    -3.00100e-04    1.20800e-04     1.64200e-03     2.00000e+01     1.03300e+00     2.03900e+01     8.500e-02      4.000e-04      2.000e-05      1.734e-06      2.951e-08      1.935e-09      1.240e-08      1.264e-06      2.119e-05      2.026e-05      5.251e-06      9.326e-06      1.567e-07      8.485e-09      3.291e-08      2.462e-06      2.987e-06      4.995e-09      1.999e-09      2.991e-09      6.961e-07      2.107e-17      4.839e-28      2.441e-16      2.800e-27      6.967e-38      
-1.74400e-04    -3.02500e-04    1.21800e-04     1.62000e-03     2.00000e+01     1.01900e+00     2.05500e+01     8.500e-02      4.000e-04      2.000e-05      1.733e-06      2.949e-08      1.932e-09      1.240e-08      1.263e-06      2.115e-05      2.025e-05      5.249e-06      9.325e-06      1.564e-07      8.485e-09      3.285e-08      2.460e-06      2.987e-06      4.995e-09      1.999e-09      2.990e-09      7.296e-07      2.249e-17      5.366e-28      2.577e-16      3.114e-27      7.884e-38      
-1.75700e-04    -3.04900e-04    1.22700e-04     1.59900e-03     2.00000e+01     1.00600e+00     2.07100e+01     8.500e-02      4.000e-04      2.000e-05      1.732e-06      2.947e-08      1.929e-09      1.239e-08      1.262e-06      2.112e-05      2.024e-05      5.246e-06      9.324e-06      1.562e-07      8.484e-09      3.279e-08      2.458e-06      2.987e-06      4.994e-09      1.999e-09      2.990e-09      7.640e-07      2.399e-17      5.941e-28      2.719e-16      3.456e-27      8.914e-38      
-1.77100e-04    -3.07200e-04    1.23700e-04     1.57800e-03     2.00000e+01     9.92000e-01     2.08600e+01     8.500e-02      4.000e-04      2.000e-05      1.731e-06      2.944e-08      1.925e-09      1.239e-08      1.262e-06      2.108e-05      2.023e-05      5.244e-06      9.323e-06      1.559e-07      8.483e-09      3.273e-08      2.455e-06      2.987e-06      4.994e-09      1.999e-09      2.989e-09      7.995e-07      2.558e-17      6.569e-28      2.865e-16      3.829e-27      1.007e-37      
-1.78500e-04    -3.09600e-04    1.24600e-04     1.55700e-03     2.00000e+01     9.79000e-01     2.10200e+01     8.500e-02      4.000e-04      2.000e-05      1.730e-06      2.942e-08      1.922e-09      1.238e-08      1.261e-06      2.104e-05      2.022e-05      5.241e-06      9.321e-06      1.557e-07      8.483e-09      3.266e-08      2.453e-06      2.986e-06      4.994e-09      1.999e-09      2.989e-09      8.360e-07      2.725e-17      7.253e-28      3.017e-16      4.235e-27      1.137e-37      
-1.79900e-04    -3.12000e-04    1.25600e-04     1.53700e-03     2.00000e+01     9.67000e-01     2.11800e+01     8.500e-02      4.000e-04      2.000e-05      1.729e-06      2.939e-08      1.918e-09      1.238e-08      1.261e-06      2.100e-05      2.020e-05      5.238e-06      9.320e-06      1.554e-07      8.482e-09      3.259e-08      2.450e-06      2.986e-06      4.994e-09      1.999e-09      2.988e-09      8.735e-07      2.901e-17      7.997e-28      3.173e-16      4.675e-27      1.283e-37      
-1.81200e-04    -3.14400e-04    1.26600e-04     1.51800e-03     2.00000e+01     9.54000e-01     2.13400e+01     8.500e-02      4.000e-04      2.000e-05      1.728e-06      2.937e-08      1.914e-09      1.237e-08      1.260e-06      2.096e-05      2.019e-05      5.235e-06      9.319e-06      1.552e-07      8.481e-09      3.252e-08      2.447e-06      2.986e-06      4.993e-09      1.999e-09      2.988e-09      9.120e-07      3.086e-17      8.805e-28      3.335e-16      5.152e-27      1.447e-37      
-1.82600e-04    -3.16700e-04    1.27500e-04     1.49800e-03     2.00000e+01     9.42000e-01     2.15000e+01     8.500e-02      4.000e-04      2.000e-05      1.727e-06      2.934e-08      1.911e-09      1.237e-08      1.259e-06      2.092e-05      2.018e-05      5.232e-06      9.317e-06      1.549e-07      8.480e-09      3.245e-08      2.445e-06      2.986e-06      4.993e-09      1.999e-09      2.987e-09      9.515e-07      3.281e-17      9.682e-28      3.502e-16      5.669e-27      1.631e-37      
-1.84000e-04    -3.19100e-04    1.28500e-04     1.47900e-03     2.00000e+01     9.30000e-01     2.16600e+01     8.500e-02      4.000e-04      2.000e-05      1.726e-06      2.931e-08      1.907e-09      1.236e-08      1.259e-06      2.088e-05      2.017e-05      5.229e-06      9.316e-06      1.546e-07      8.480e-09      3.238e-08      2.442e-06      2.986e-06      4.993e-09      1.999e-09      2.987e-09      9.920e-07      3.486e-17      1.063e-27      3.673e-16      6.227e-27      1.839e-37      
-1.85300e-04    -3.21500e-04    1.29500e-04     1.46100e-03     2.00000e+01     9.19000e-01     2.18200e+01     8.500e-02      4.000e-04      2.000e-05      1.725e-06      2.929e-08      1.903e-09      1.236e-08      1.258e-06      2.084e-05      2.015e-05      5.226e-06      9.314e-06      1.543e-07      8.479e-09      3.231e-08      2.439e-06      2.986e-06      4.993e-09      1.999e-09      2.986e-09      1.033e-06      3.701e-17      1.166e-27      3.850e-16      6.829e-27      2.073e-37      
-1.86700e-04    -3.23900e-04    1.30400e-04     1.44300e-03     2.00000e+01     9.07000e-01     2.19800e+01     8.500e-02      4.000e-04      2.000e-05      1.723e-06      2.926e-08      1.899e-09      1.235e-08      1.257e-06      2.079e-05      2.014e-05      5.223e-06      9.313e-06      1.540e-07      8.478e-09      3.223e-08      2.436e-06      2.985e-06      4.992e-09      1.999e-09      2.986e-09      1.076e-06      3.926e-17      1.277e-27      4.032e-16      7.478e-27      2.340e-37      
-1.88100e-04    -3.26300e-04    1.31400e-04     1.42500e-03     2.00000e+01     8.96000e-01     2.21400e+01     8.500e-02      4.000e-04      2.000e-05      1.722e-06      2.923e-08      1.895e-09      1.234e-08      1.257e-06      2.075e-05      2.012e-05      5.219e-06      9.311e-06      1.538e-07      8.477e-09      3.215e-08      2.433e-06      2.985e-06      4.992e-09      1.999e-09      2.985e-09      1.119e-06      4.163e-17      1.397e-27      4.219e-16      8.176e-27      2.642e-37      
-1.89400e-04    -3.28600e-04    1.32300e-04     1.40700e-03     2.00000e+01     8.85000e-01     2.23000e+01     8.500e-02      4.000e-04      2.000e-05      1.721e-06      2.920e-08      1.890e-09      1.234e-08      1.256e-06      2.070e-05      2.011e-05      5.216e-06      9.310e-06      1.535e-07      8.476e-09      3.207e-08      2.430e-06      2.985e-06      4.992e-09      1.999e-09      2.984e-09      1.164e-06      4.410e-17      1.527e-27      4.411e-16      8.925e-27      2.989e-37      
-1.90800e-04    -3.31000e-04    1.33300e-04     1.39000e-03     2.00000e+01     8.74000e-01     2.24600e+01     8.500e-02      4.000e-04      2.000e-05      1.720e-06      2.917e-08      1.886e-09      1.233e-08      1.255e-06      2.066e-05      2.009e-05      5.212e-06      9.308e-06      1.532e-07      8.476e-09      3.199e-08      2.427e-06      2.985e-06      4.991e-09      1.999e-09      2.984e-09      1.209e-06      4.669e-17      1.667e-27      4.608e-16      9.730e-27      3.387e-37      
-1.92200e-04    -3.33400e-04    1.34300e-04     1.37300e-03     2.00000e+01     8.64000e-01     2.26200e+01     8.500e-02      4.000e-04      2.000e-05      1.718e-06      2.913e-08      1.881e-09      1.233e-08      1.254e-06      2.061e-05      2.008e-05      5.209e-06      9.306e-06      1.528e-07      8.475e-09      3.191e-08      2.424e-06      2.985e-06      4.991e-09      1.999e-09      2.983e-09      1.256e-06      4.940e-17      1.817e-27      4.811e-16      1.059e-26      3.849e-37      
-1.93600e-04    -3.35800e-04    1.35200e-04     1.35600e-03     2.00000e+01     8.53000e-01     2.27800e+01     8.500e-02      4.000e-04      2.000e-05      1.717e-06      2.910e-08      1.877e-09      1.232e-08      1.254e-06      2.056e-05      2.006e-05      5.205e-06      9.305e-06      1.525e-07      8.474e-09      3.183e-08      2.421e-06      2.984e-06      4.991e-09      1.999e-09      2.982e-09      1.303e-06      5.223e-17      1.979e-27      5.018e-16      1.151e-26      4.388e-37      
-1.94900e-04    -3.38100e-04    1.36200e-04     1.34000e-03     2.00000e+01     8.43000e-01     2.29300e+01     8.500e-02      4.000e-04      2.000e-05      1.716e-06      2.907e-08      1.872e-09      1.231e-08      1.253e-06      2.051e-05      2.005e-05      5.201e-06      9.303e-06      1.522e-07      8.473e-09      3.174e-08      2.417e-06      2.984e-06      4.990e-09      1.999e-09      2.982e-09      1.352e-06      5.519e-17      2.152e-27      5.230e-16      1.250e-26      5.024e-37      
-1.96300e-04    -3.40500e-04    1.37100e-04     1.32400e-03     2.00000e+01     8.33000e-01     2.30900e+01     8.500e-02      4.000e-04      2.000e-05      1.714e-06      2.904e-08      1.867e-09      1.231e-08      1.252e-06      2.046e-05      2.003e-05      5.197e-06      9.301e-06      1.519e-07      8.472e-09      3.165e-08      2.414e-06      2.984e-06      4.990e-09      1.999e-09      2.981e-09      1.401e-06      5.827e-17      2.339e-27      5.448e-16      1.355e-26      5.779e-37      
-1.97700e-04    -3.42900e-04    1.38100e-04     1.30900e-03     2.00000e+01     8.23000e-01     2.32500e+01     8.500e-02      4.000e-04      2.000e-05      1.713e-06      2.900e-08      1.862e-09      1.230e-08      1.251e-06      2.040e-05      2.001e-05      5.193e-06      9.299e-06      1.516e-07      8.471e-09      3.156e-08      2.410e-06      2.984e-06      4.990e-09      1.999e-09      2.980e-09      1.452e-06      6.149e-17      2.539e-27      5.670e-16      1.467e-26      6.685e-37      
-1.99000e-04    -3.45300e-04    1.39100e-04     1.29300e-03     2.00000e+01     8.13000e-01     2.34100e+01     8.500e-02      4.000e-04      2.000e-05      1.711e-06      2.897e-08      1.857e-09      1.229e-08      1.250e-06      2.035e-05      1.999e-05      5.189e-06      9.297e-06      1.512e-07      8.470e-09      3.147e-08      2.407e-06      2.984e-06      4.989e-09      1.999e-09      2.980e-09      1.503e-06      6.484e-17      2.753e-27      5.897e-16      1.587e-26      7.782e-37      
-2.00400e-04    -3.47700e-04    1.40000e-04     1.27800e-03     2.00000e+01     8.04000e-01     2.35700e+01     8.500e-02      4.000e-04      2.000e-05      1.710e-06      2.893e-08      1.852e-09      1.229e-08      1.250e-06      2.029e-05      1.998e-05      5.185e-06      9.296e-06      1.509e-07      8.469e-09      3.138e-08      2.403e-06      2.983e-06      4.989e-09      1.999e-09      2.979e-09      1.555e-06      6.834e-17      2.982e-27      6.129e-16      1.713e-26      9.121e-37      
-2.01800e-04    -3.50000e-04    1.41000e-04     1.26400e-03     2.00000e+01     7.95000e-01     2.37300e+01     8.500e-02      4.000e-04      2.000e-05      1.708e-06      2.890e-08      1.847e-09      1.228e-08      1.249e-06      2.024e-05      1.996e-05      5.181e-06      9.294e-06      1.506e-07      8.468e-09      3.129e-08      2.400e-06      2.983e-06      4.989e-09      1.999e-09      2.978e-09      1.609e-06      7.197e-17      3.227e-27      6.366e-16      1.848e-26      1.077e-36      
-2.03200e-04    -3.52400e-04    1.42000e-04     1.24900e-03     2.00000e+01     7.86000e-01     2.38900e+01     8.500e-02      4.000e-04      2.000e-05      1.707e-06      2.886e-08      1.842e-09      1.227e-08      1.248e-06      2.018e-05      1.994e-05      5.176e-06      9.292e-06      1.502e-07      8.467e-09      3.119e-08      2.396e-06      2.983e-06      4.988e-09      1.999e-09      2.978e-09      1.663e-06      7.574e-17      3.488e-27      6.607e-16      1.991e-26      1.281e-36      
-2.04500e-04    -3.54800e-04    1.42900e-04     1.23500e-03     2.00000e+01     7.77000e-01     2.40500e+01     8.500e-02      4.000e-04      2.000e-05      1.705e-06      2.882e-08      1.836e-09      1.227e-08      1.247e-06      2.012e-05      1.992e-05      5.172e-06      9.290e-06      1.499e-07      8.466e-09      3.109e-08      2.392e-06      2.983e-06      4.988e-09      1.999e-09      2.977e-09      1.718e-06      7.967e-17      3.768e-27      6.853e-16      2.143e-26      1.535e-36      
-2.05900e-04    -3.57200e-04    1.43900e-04     1.22100e-03     2.00000e+01     7.68000e-01     2.42100e+01     8.500e-02      4.000e-04      2.000e-05      1.704e-06      2.878e-08      1.831e-09      1.226e-08      1.246e-06      2.006e-05      1.990e-05      5.167e-06      9.287e-06      1.495e-07      8.465e-09      3.099e-08      2.388e-06      2.982e-06      4.987e-09      1.999e-09      2.976e-09      1.774e-06      8.374e-17      4.066e-27      7.104e-16      2.304e-26      1.854e-36      
-2.07300e-04    -3.59600e-04    1.44800e-04     1.20700e-03     2.00000e+01     7.59000e-01     2.43700e+01     8.500e-02      4.000e-04      2.000e-05      1.702e-06      2.874e-08      1.825e-09      1.225e-08      1.245e-06      2.000e-05      1.988e-05      5.163e-06      9.285e-06      1.491e-07      8.464e-09      3.089e-08      2.384e-06      2.982e-06      4.987e-09      1.999e-09      2.975e-09      1.831e-06      8.797e-17      4.383e-27      7.359e-16      2.473e-26      2.255e-36      
-2.08600e-04    -3.61900e-04    1.45800e-04     1.19400e-03     2.00000e+01     7.51000e-01     2.45300e+01     8.500e-02      4.000e-04      2.000e-05      1.700e-06      2.870e-08      1.820e-09      1.224e-08      1.244e-06      1.994e-05      1.986e-05      5.158e-06      9.283e-06      1.488e-07      8.463e-09      3.079e-08      2.380e-06      2.982e-06      4.987e-09      1.999e-09      2.974e-09      1.889e-06      9.235e-17      4.721e-27      7.619e-16      2.653e-26      2.761e-36      
-2.10000e-04    -3.64300e-04    1.46800e-04     1.18000e-03     2.00000e+01     7.42000e-01     2.46900e+01     8.500e-02      4.000e-04      2.000e-05      1.698e-06      2.866e-08      1.814e-09      1.224e-08      1.243e-06      1.988e-05      1.983e-05      5.153e-06      9.281e-06      1.484e-07      8.461e-09      3.069e-08      2.376e-06      2.981e-06      4.986e-09      1.999e-09      2.974e-09      1.948e-06      9.690e-17      5.081e-27      7.882e-16      2.842e-26      3.402e-36      
-2.11400e-04    -3.66700e-04    1.47700e-04     1.16700e-03     2.00000e+01     7.34000e-01     2.48500e+01     8.500e-02      4.000e-04      2.000e-05      1.697e-06      2.862e-08      1.808e-09      1.223e-08      1.242e-06      1.982e-05      1.981e-05      5.148e-06      9.279e-06      1.480e-07      8.460e-09      3.058e-08      2.372e-06      2.981e-06      4.986e-09      1.999e-09      2.973e-09      2.008e-06      1.016e-16      5.463e-27      8.151e-16      3.041e-26      4.214e-36      
-2.12800e-04    -3.69100e-04    1.48700e-04     1.15500e-03     2.00000e+01     7.26000e-01     2.50100e+01     8.500e-02      4.000e-04      2.000e-05      1.695e-06      2.858e-08      1.802e-09      1.222e-08      1.241e-06      1.975e-05      1.979e-05      5.143e-06      9.276e-06      1.476e-07      8.459e-09      3.048e-08      2.367e-06      2.981e-06      4.985e-09      1.998e-09      2.972e-09      2.069e-06      1.065e-16      5.869e-27      8.423e-16      3.252e-26      5.242e-36      
-2.14100e-04    -3.71400e-04    1.49700e-04     1.14200e-03     2.00000e+01     7.18000e-01     2.51600e+01     8.500e-02      4.000e-04      2.000e-05      1.693e-06      2.854e-08      1.796e-09      1.221e-08      1.240e-06      1.969e-05      1.977e-05      5.138e-06      9.274e-06      1.473e-07      8.458e-09      3.037e-08      2.363e-06      2.981e-06      4.985e-09      1.998e-09      2.971e-09      2.130e-06      1.115e-16      6.301e-27      8.699e-16      3.473e-26      6.544e-36      
-2.15500e-04    -3.73800e-04    1.50600e-04     1.13000e-03     2.00000e+01     7.11000e-01     2.53200e+01     8.500e-02      4.000e-04      2.000e-05      1.691e-06      2.850e-08      1.790e-09      1.221e-08      1.239e-06      1.962e-05      1.974e-05      5.133e-06      9.272e-06      1.469e-07      8.457e-09      3.026e-08      2.359e-06      2.980e-06      4.984e-09      1.998e-09      2.970e-09      2.193e-06      1.167e-16      6.758e-27      8.980e-16      3.705e-26      8.189e-36      
-2.16900e-04    -3.76200e-04    1.51600e-04     1.11800e-03     2.00000e+01     7.03000e-01     2.54800e+01     8.500e-02      4.000e-04      2.000e-05      1.689e-06      2.845e-08      1.783e-09      1.220e-08      1.238e-06      1.955e-05      1.972e-05      5.128e-06      9.269e-06      1.465e-07      8.456e-09      3.015e-08      2.354e-06      2.980e-06      4.984e-09      1.998e-09      2.969e-09      2.256e-06      1.221e-16      7.243e-27      9.264e-16      3.949e-26      1.027e-35      
-2.18200e-04    -3.78600e-04    1.52500e-04     1.10600e-03     2.00000e+01     6.96000e-01     2.56400e+01     8.500e-02      4.000e-04      2.000e-05      1.687e-06      2.841e-08      1.777e-09      1.219e-08      1.237e-06      1.949e-05      1.970e-05      5.122e-06      9.267e-06      1.461e-07      8.454e-09      3.004e-08      2.350e-06      2.980e-06      4.984e-09      1.998e-09      2.968e-09      2.320e-06      1.277e-16      7.756e-27      9.552e-16      4.206e-26      1.289e-35      
-2.19600e-04    -3.81000e-04    1.53500e-04     1.09400e-03     2.00000e+01     6.88000e-01     2.58000e+01     8.500e-02      4.000e-04      2.000e-05      1.685e-06      2.836e-08      1.771e-09      1.218e-08      1.236e-06      1.942e-05      1.967e-05      5.117e-06      9.264e-06      1.457e-07      8.453e-09      2.992e-08      2.345e-06      2.979e-06      4.983e-09      1.998e-09      2.967e-09      2.385e-06      1.334e-16      8.300e-27      9.843e-16      4.474e-26      1.620e-35      
-2.21000e-04    -3.83300e-04    1.54500e-04     1.08300e-03     2.00000e+01     6.81000e-01     2.59600e+01     8.500e-02      4.000e-04      2.000e-05      1.683e-06      2.832e-08      1.764e-09      1.217e-08      1.235e-06      1.935e-05      1.965e-05      5.111e-06      9.262e-06      1.453e-07      8.452e-09      2.981e-08      2.341e-06      2.979e-06      4.983e-09      1.998e-09      2.967e-09      2.451e-06      1.393e-16      8.875e-27      1.014e-15      4.756e-26      2.035e-35      
-2.22400e-04    -3.85700e-04    1.55400e-04     1.07100e-03     2.00000e+01     6.74000e-01     2.61200e+01     8.500e-02      4.000e-04      2.000e-05      1.681e-06      2.827e-08      1.757e-09      1.216e-08      1.233e-06      1.928e-05      1.962e-05      5.106e-06      9.259e-06      1.449e-07      8.450e-09      2.969e-08      2.336e-06      2.979e-06      4.982e-09      1.998e-09      2.966e-09      2.517e-06      1.454e-16      9.483e-27      1.044e-15      5.050e-26      2.555e-35      
-2.23700e-04    -3.88100e-04    1.56400e-04     1.06000e-03     2.00000e+01     6.67000e-01     2.62800e+01     8.500e-02      4.000e-04      2.000e-05      1.679e-06      2.822e-08      1.751e-09      1.215e-08      1.232e-06      1.920e-05      1.959e-05      5.100e-06      9.257e-06      1.445e-07      8.449e-09      2.958e-08      2.331e-06      2.978e-06      4.982e-09      1.998e-09      2.965e-09      2.585e-06      1.517e-16      1.013e-26      1.074e-15      5.358e-26      3.205e-35      
-2.25100e-04    -3.90500e-04    1.57400e-04     1.04900e-03     2.00000e+01     6.60000e-01     2.64400e+01     8.500e-02      4.000e-04      2.000e-05      1.677e-06      2.818e-08      1.744e-09      1.214e-08      1.231e-06      1.913e-05      1.957e-05      5.094e-06      9.254e-06      1.440e-07      8.448e-09      2.946e-08      2.326e-06      2.978e-06      4.981e-09      1.998e-09      2.964e-09      2.653e-06      1.581e-16      1.080e-26      1.104e-15      5.680e-26      4.016e-35      
-2.26500e-04    -3.92900e-04    1.58300e-04     1.03900e-03     2.00000e+01     6.53000e-01     2.66000e+01     8.500e-02      4.000e-04      2.000e-05      1.674e-06      2.813e-08      1.737e-09      1.214e-08      1.230e-06      1.906e-05      1.954e-05      5.088e-06      9.251e-06      1.436e-07      8.447e-09      2.934e-08      2.321e-06      2.978e-06      4.981e-09      1.998e-09      2.963e-09      2.721e-06      1.648e-16      1.152e-26      1.135e-15      6.016e-26      5.025e-35      
-2.27800e-04    -3.95200e-04    1.59300e-04     1.02800e-03     2.00000e+01     6.47000e-01     2.67600e+01     8.500e-02      4.000e-04      2.000e-05      1.672e-06      2.808e-08      1.730e-09      1.213e-08      1.229e-06      1.898e-05      1.951e-05      5.082e-06      9.249e-06      1.432e-07      8.445e-09      2.922e-08      2.316e-06      2.977e-06      4.980e-09      1.998e-09      2.962e-09      2.791e-06      1.716e-16      1.228e-26      1.166e-15      6.367e-26      6.275e-35      
-2.29200e-04    -3.97600e-04    1.60200e-04     1.01800e-03     2.00000e+01     6.40000e-01     2.69200e+01     8.500e-02      4.000e-04      2.000e-05      1.670e-06      2.803e-08      1.723e-09      1.212e-08      1.227e-06      1.891e-05      1.949e-05      5.076e-06      9.246e-06      1.428e-07      8.444e-09      2.909e-08      2.311e-06      2.977e-06      4.980e-09      1.998e-09      2.961e-09      2.861e-06      1.786e-16      1.307e-26      1.197e-15      6.732e-26      7.821e-35      
-2.30600e-04    -4.00000e-04    1.61200e-04     1.00700e-03     2.00000e+01     6.34000e-01     2.70800e+01     8.500e-02      4.000e-04      2.000e-05      1.668e-06      2.798e-08      1.716e-09      1.211e-08      1.226e-06      1.883e-05      1.946e-05      5.070e-06      9.243e-06      1.423e-07      8.442e-09      2.897e-08      2.306e-06      2.977e-06      4.979e-09      1.998e-09      2.960e-09      2.932e-06      1.858e-16      1.391e-26      1.229e-15      7.113e-26      9.726e-35      
-2.32000e-04    -4.02400e-04    1.62200e-04     9.97300e-04     2.00000e+01     6.27000e-01     2.72400e+01     8.500e-02      4.000e-04      2.000e-05      1.665e-06      2.793e-08      1.709e-09      1.210e-08      1.225e-06      1.876e-05      1.943e-05      5.063e-06      9.240e-06      1.419e-07      8.441e-09      2.885e-08      2.301e-06      2.976e-06      4.979e-09      1.998e-09      2.959e-09      3.004e-06      1.932e-16      1.479e-26      1.261e-15      7.509e-26      1.207e-34      
-2.33300e-04    -4.04800e-04    1.63100e-04     9.87400e-04     2.00000e+01     6.21000e-01     2.73900e+01     8.500e-02      4.000e-04      2.000e-05      1.663e-06      2.788e-08      1.701e-09      1.209e-08      1.224e-06      1.868e-05      1.940e-05      5.057e-06      9.237e-06      1.415e-07      8.440e-09      2.872e-08      2.296e-06      2.976e-06      4.978e-09      1.998e-09      2.958e-09      3.076e-06      2.008e-16      1.572e-26      1.293e-15      7.921e-26      1.495e-34      
-2.34700e-04    -4.07100e-04    1.64100e-04     9.77600e-04     2.00000e+01     6.15000e-01     2.75500e+01     8.500e-02      4.000e-04      2.000e-05      1.661e-06      2.782e-08      1.694e-09      1.208e-08      1.222e-06      1.860e-05      1.937e-05      5.050e-06      9.234e-06      1.410e-07      8.438e-09      2.859e-08      2.290e-06      2.976e-06      4.977e-09      1.998e-09      2.956e-09      3.150e-06      2.086e-16      1.670e-26      1.325e-15      8.349e-26      1.846e-34      
-2.36100e-04    -4.09500e-04    1.65100e-04     9.68000e-04     2.00000e+01     6.09000e-01     2.77100e+01     8.500e-02      4.000e-04      2.000e-05      1.658e-06      2.777e-08      1.687e-09      1.207e-08      1.221e-06      1.852e-05      1.934e-05      5.044e-06      9.231e-06      1.406e-07      8.437e-09      2.847e-08      2.285e-06      2.975e-06      4.977e-09      1.998e-09      2.955e-09      3.223e-06      2.165e-16      1.773e-26      1.358e-15      8.793e-26      2.275e-34      
-2.37400e-04    -4.11900e-04    1.66000e-04     9.58600e-04     2.00000e+01     6.03000e-01     2.78700e+01     8.500e-02      4.000e-04      2.000e-05      1.656e-06      2.772e-08      1.679e-09      1.206e-08      1.220e-06      1.844e-05      1.931e-05      5.037e-06      9.228e-06      1.401e-07      8.435e-09      2.834e-08      2.280e-06      2.975e-06      4.976e-09      1.998e-09      2.954e-09      3.298e-06      2.247e-16      1.881e-26      1.390e-15      9.255e-26      2.796e-34      
-2.38800e-04    -4.14300e-04    1.67000e-04     9.49200e-04     2.00000e+01     5.97000e-01     2.80300e+01     8.500e-02      4.000e-04      2.000e-05      1.653e-06      2.767e-08      1.672e-09      1.205e-08      1.219e-06      1.836e-05      1.928e-05      5.030e-06      9.225e-06      1.397e-07      8.434e-09      2.821e-08      2.274e-06      2.975e-06      4.976e-09      1.998e-09      2.953e-09      3.373e-06      2.331e-16      1.995e-26      1.423e-15      9.733e-26      3.428e-34      
-2.40200e-04    -4.16700e-04    1.68000e-04     9.40100e-04     2.00000e+01     5.91000e-01     2.81900e+01     8.500e-02      3.999e-04      2.000e-05      1.651e-06      2.761e-08      1.664e-09      1.204e-08      1.217e-06      1.828e-05      1.925e-05      5.024e-06      9.222e-06      1.392e-07      8.432e-09      2.808e-08      2.269e-06      2.974e-06      4.975e-09      1.998e-09      2.952e-09      3.448e-06      2.416e-16      2.114e-26      1.456e-15      1.023e-25      4.194e-34      
-2.41600e-04    -4.19000e-04    1.68900e-04     9.31000e-04     2.00000e+01     5.86000e-01     2.83500e+01     8.500e-02      3.999e-04      2.000e-05      1.648e-06      2.756e-08      1.656e-09      1.203e-08      1.216e-06      1.819e-05      1.922e-05      5.017e-06      9.219e-06      1.387e-07      8.431e-09      2.794e-08      2.263e-06      2.974e-06      4.975e-09      1.997e-09      2.951e-09      3.524e-06      2.504e-16      2.239e-26      1.489e-15      1.074e-25      5.115e-34      
-2.42900e-04    -4.21400e-04    1.69900e-04     9.22200e-04     2.00000e+01     5.80000e-01     2.85100e+01     8.500e-02      3.999e-04      2.000e-05      1.645e-06      2.750e-08      1.648e-09      1.202e-08      1.214e-06      1.811e-05      1.918e-05      5.010e-06      9.216e-06      1.383e-07      8.429e-09      2.781e-08      2.257e-06      2.973e-06      4.974e-09      1.997e-09      2.950e-09      3.601e-06      2.593e-16      2.370e-26      1.523e-15      1.127e-25      6.225e-34      
-2.44300e-04    -4.23800e-04    1.70800e-04     9.13400e-04     2.00000e+01     5.74000e-01     2.86700e+01     8.500e-02      3.999e-04      2.000e-05      1.643e-06      2.744e-08      1.641e-09      1.201e-08      1.213e-06      1.803e-05      1.915e-05      5.003e-06      9.213e-06      1.378e-07      8.427e-09      2.768e-08      2.252e-06      2.973e-06      4.974e-09      1.997e-09      2.949e-09      3.678e-06      2.685e-16      2.508e-26      1.556e-15      1.182e-25      7.558e-34      
-2.45700e-04    -4.26200e-04    1.71800e-04     9.04800e-04     2.00000e+01     5.69000e-01     2.88300e+01     8.500e-02      3.999e-04      2.000e-05      1.640e-06      2.739e-08      1.633e-09      1.200e-08      1.212e-06      1.794e-05      1.912e-05      4.995e-06      9.210e-06      1.373e-07      8.426e-09      2.754e-08      2.246e-06      2.973e-06      4.973e-09      1.997e-09      2.947e-09      3.756e-06      2.778e-16      2.652e-26      1.589e-15      1.239e-25      9.154e-34      
-2.47000e-04    -4.28600e-04    1.72800e-04     8.96300e-04     2.00000e+01     5.64000e-01     2.89900e+01     8.500e-02      3.999e-04      2.000e-05      1.637e-06      2.733e-08      1.625e-09      1.199e-08      1.210e-06      1.786e-05      1.908e-05      4.988e-06      9.206e-06      1.369e-07      8.424e-09      2.740e-08      2.240e-06      2.972e-06      4.972e-09      1.997e-09      2.946e-09      3.835e-06      2.873e-16      2.803e-26      1.623e-15      1.298e-25      1.106e-33      
-2.48400e-04    -4.30900e-04    1.73700e-04     8.87900e-04     2.00000e+01     5.58000e-01     2.91500e+01     8.500e-02      3.999e-04      2.000e-05      1.635e-06      2.727e-08      1.617e-09      1.198e-08      1.209e-06      1.777e-05      1.905e-05      4.981e-06      9.203e-06      1.364e-07      8.423e-09      2.727e-08      2.234e-06      2.972e-06      4.972e-09      1.997e-09      2.945e-09      3.914e-06      2.971e-16      2.961e-26      1.656e-15      1.358e-25      1.333e-33      
-2.49800e-04    -4.33300e-04    1.74700e-04     8.79600e-04     2.00000e+01     5.53000e-01     2.93100e+01     8.500e-02      3.999e-04      2.000e-05      1.632e-06      2.722e-08      1.609e-09      1.197e-08      1.207e-06      1.769e-05      1.902e-05      4.973e-06      9.200e-06      1.359e-07      8.421e-09      2.713e-08      2.228e-06      2.971e-06      4.971e-09      1.997e-09      2.944e-09      3.993e-06      3.070e-16      3.127e-26      1.690e-15      1.421e-25      1.603e-33      
-2.51200e-04    -4.35700e-04    1.75700e-04     8.71500e-04     2.00000e+01     5.48000e-01     2.94600e+01     8.500e-02      3.999e-04      2.000e-05      1.629e-06      2.716e-08      1.600e-09      1.195e-08      1.206e-06      1.760e-05      1.898e-05      4.966e-06      9.196e-06      1.354e-07      8.419e-09      2.699e-08      2.222e-06      2.971e-06      4.970e-09      1.997e-09      2.942e-09      4.073e-06      3.171e-16      3.300e-26      1.724e-15      1.485e-25      1.923e-33      
-2.52500e-04    -4.38100e-04    1.76600e-04     8.63500e-04     2.00000e+01     5.43000e-01     2.96200e+01     8.500e-02      3.999e-04      2.000e-05      1.626e-06      2.710e-08      1.592e-09      1.194e-08      1.204e-06      1.751e-05      1.895e-05      4.958e-06      9.193e-06      1.350e-07      8.418e-09      2.685e-08      2.216e-06      2.971e-06      4.970e-09      1.997e-09      2.941e-09      4.153e-06      3.274e-16      3.482e-26      1.757e-15      1.552e-25      2.301e-33      
-2.53900e-04    -4.40500e-04    1.77600e-04     8.55600e-04     2.00000e+01     5.38000e-01     2.97800e+01     8.500e-02      3.999e-04      2.000e-05      1.623e-06      2.704e-08      1.584e-09      1.193e-08      1.203e-06      1.742e-05      1.891e-05      4.950e-06      9.189e-06      1.345e-07      8.416e-09      2.671e-08      2.210e-06      2.970e-06      4.969e-09      1.997e-09      2.940e-09      4.234e-06      3.379e-16      3.671e-26      1.791e-15      1.620e-25      2.748e-33      
-2.55300e-04    -4.42800e-04    1.78500e-04     8.47800e-04     2.00000e+01     5.33000e-01     2.99400e+01     8.500e-02      3.999e-04      2.000e-05      1.620e-06      2.698e-08      1.576e-09      1.192e-08      1.201e-06      1.733e-05      1.887e-05      4.943e-06      9.186e-06      1.340e-07      8.414e-09      2.657e-08      2.204e-06      2.970e-06      4.969e-09      1.997e-09      2.939e-09      4.315e-06      3.486e-16      3.870e-26      1.825e-15      1.691e-25      3.274e-33      
-2.56600e-04    -4.45200e-04    1.79500e-04     8.40200e-04     2.00000e+01     5.28000e-01     3.01000e+01     8.500e-02      3.999e-04      2.000e-05      1.618e-06      2.692e-08      1.567e-09      1.191e-08      1.200e-06      1.724e-05      1.884e-05      4.935e-06      9.182e-06      1.335e-07      8.413e-09      2.643e-08      2.198e-06      2.969e-06      4.968e-09      1.997e-09      2.937e-09      4.397e-06      3.594e-16      4.077e-26      1.858e-15      1.763e-25      3.893e-33      
-2.58000e-04    -4.47600e-04    1.80500e-04     8.32600e-04     2.00000e+01     5.24000e-01     3.02600e+01     8.500e-02      3.999e-04      2.000e-05      1.615e-06      2.685e-08      1.559e-09      1.190e-08      1.198e-06      1.715e-05      1.880e-05      4.927e-06      9.179e-06      1.330e-07      8.411e-09      2.629e-08      2.192e-06      2.969e-06      4.967e-09      1.997e-09      2.936e-09      4.479e-06      3.705e-16      4.294e-26      1.892e-15      1.838e-25      4.617e-33      
-2.59400e-04    -4.50000e-04    1.81400e-04     8.25200e-04     2.00000e+01     5.19000e-01     3.04200e+01     8.500e-02      3.999e-04      2.000e-05      1.612e-06      2.679e-08      1.550e-09      1.189e-08      1.197e-06      1.706e-05      1.876e-05      4.919e-06      9.175e-06      1.325e-07      8.409e-09      2.614e-08      2.186e-06      2.968e-06      4.967e-09      1.997e-09      2.935e-09      4.561e-06      3.817e-16      4.520e-26      1.925e-15      1.914e-25      5.465e-33      
-2.60800e-04    -4.52400e-04    1.82400e-04     8.17800e-04     2.00000e+01     5.14000e-01     3.05800e+01     8.500e-02      3.999e-04      2.000e-05      1.609e-06      2.673e-08      1.542e-09      1.187e-08      1.195e-06      1.697e-05      1.873e-05      4.911e-06      9.171e-06      1.320e-07      8.407e-09      2.600e-08      2.179e-06      2.968e-06      4.966e-09      1.997e-09      2.933e-09      4.644e-06      3.931e-16      4.756e-26      1.958e-15      1.993e-25      6.457e-33      
-2.62100e-04    -4.54700e-04    1.83400e-04     8.10600e-04     2.00000e+01     5.10000e-01     3.07400e+01     8.500e-02      3.999e-04      2.000e-05      1.605e-06      2.667e-08      1.533e-09      1.186e-08      1.194e-06      1.688e-05      1.869e-05      4.903e-06      9.168e-06      1.315e-07      8.406e-09      2.585e-08      2.173e-06      2.967e-06      4.965e-09      1.997e-09      2.932e-09      4.727e-06      4.047e-16      5.002e-26      1.992e-15      2.073e-25      7.611e-33      
-2.63500e-04    -4.57100e-04    1.84300e-04     8.21600e-04     2.00000e+01     5.17000e-01     3.09000e+01     8.500e-02      3.999e-04      2.000e-05      1.603e-06      2.661e-08      1.525e-09      1.185e-08      1.192e-06      1.679e-05      1.865e-05      4.895e-06      9.164e-06      1.310e-07      8.404e-09      2.571e-08      2.167e-06      2.967e-06      4.965e-09      1.997e-09      2.931e-09      4.808e-06      4.163e-16      5.260e-26      2.027e-15      2.158e-25      8.906e-33      
-2.64900e-04    -4.59500e-04    1.85300e-04     8.14500e-04     2.00000e+01     5.12000e-01     3.10600e+01     8.500e-02      3.999e-04      2.000e-05      1.599e-06      2.654e-08      1.516e-09      1.184e-08      1.190e-06      1.670e-05      1.861e-05      4.886e-06      9.160e-06      1.305e-07      8.402e-09      2.557e-08      2.160e-06      2.967e-06      4.964e-09      1.997e-09      2.929e-09      4.889e-06      4.282e-16      5.529e-26      2.061e-15      2.245e-25      1.040e-32      
-2.66300e-04    -4.61900e-04    1.86300e-04     8.07400e-04     2.00000e+01     5.08000e-01     3.12200e+01     8.500e-02      3.999e-04      2.000e-05      1.596e-06      2.648e-08      1.508e-09      1.183e-08      1.189e-06      1.661e-05      1.858e-05      4.878e-06      9.156e-06      1.300e-07      8.400e-09      2.543e-08      2.154e-06      2.966e-06      4.963e-09      1.996e-09      2.928e-09      4.971e-06      4.402e-16      5.809e-26      2.096e-15      2.335e-25      1.213e-32      
-2.67600e-04    -4.64300e-04    1.87200e-04     8.00500e-04     2.00000e+01     5.03000e-01     3.13800e+01     8.500e-02      3.999e-04      2.000e-05      1.593e-06      2.642e-08      1.499e-09      1.182e-08      1.187e-06      1.652e-05      1.854e-05      4.870e-06      9.153e-06      1.295e-07      8.398e-09      2.529e-08      2.148e-06      2.966e-06      4.963e-09      1.996e-09      2.927e-09      5.053e-06      4.524e-16      6.101e-26      2.130e-15      2.426e-25      1.413e-32      
-2.69000e-04    -4.66600e-04    1.88200e-04     7.94300e-04     2.00000e+01     5.00000e-01     3.15400e+01     8.500e-02      3.999e-04      2.000e-05      1.590e-06      2.635e-08      1.491e-09      1.180e-08      1.186e-06      1.643e-05      1.850e-05      4.862e-06      9.149e-06      1.290e-07      8.397e-09      2.514e-08      2.141e-06      2.965e-06      4.962e-09      1.996e-09      2.925e-09      5.135e-06      4.648e-16      6.406e-26      2.164e-15      2.520e-25      1.642e-32      
-2.70400e-04    -4.69000e-04    1.89100e-04     7.87500e-04     2.00000e+01     4.95000e-01     3.16900e+01     8.500e-02      3.999e-04      2.000e-05      1.587e-06      2.629e-08      1.482e-09      1.179e-08      1.184e-06      1.634e-05      1.846e-05      4.853e-06      9.145e-06      1.285e-07      8.395e-09      2.500e-08      2.135e-06      2.965e-06      4.961e-09      1.996e-09      2.924e-09      5.218e-06      4.773e-16      6.723e-26      2.198e-15      2.616e-25      1.906e-32      
-2.71700e-04    -4.71400e-04    1.90100e-04     7.63400e-04     2.00000e+01     4.80000e-01     3.18500e+01     8.500e-02      3.999e-04      2.000e-05      1.584e-06      2.622e-08      1.473e-09      1.178e-08      1.182e-06      1.624e-05      1.842e-05      4.845e-06      9.141e-06      1.280e-07      8.393e-09      2.485e-08      2.128e-06      2.964e-06      4.960e-09      1.996e-09      2.923e-09      5.303e-06      4.902e-16      7.053e-26      2.230e-15      2.712e-25      2.219e-32      
