# Collapse Model Output 
 
# ev_output/ev_14806.dat in GNUPLOT format produced by evolve_output.pl 
 
X               Y               Z              DENSITY         TEMP            AV              TIME            He          CO          N2          CH4         NH3         H2S         HCP         H2O         C2H2        HCN         CS          SiC2        HCl         HF          C2H4        SiO         SiS         Mg          Na          Fe          C2H         C4H         C6H         HC3N        HC5N        HC7N        
#(PC)            (PC)            (PC)           (CM-3)          (K)             (MAG)           (YR)	       (wrt Hnuc)     
 
1.99600e-06     2.76300e-06     9.31100e-06     6.22100e-01     2.01300e+03     3.91300e+02     6.37100e-01     8.500e-02      4.000e-04      2.000e-05      1.750e-06      3.000e-08      2.000e-09      1.250e-08      1.275e-06      2.190e-05      2.045e-05      5.300e-06      9.350e-06      1.625e-07      8.500e-09      3.425e-08      2.510e-06      2.990e-06      5.000e-09      2.000e-09      3.000e-09      3.404e-29      1.041e-63      5.298e-96      8.907e-37      2.765e-69      2.300e+00      
2.55400e-06     3.54000e-06     1.19300e-05     4.27600e-01     1.43700e+03     2.68900e+02     7.96300e-01     8.500e-02      4.000e-04      2.000e-05      1.750e-06      3.000e-08      2.000e-09      1.250e-08      1.275e-06      2.190e-05      2.045e-05      5.300e-06      9.350e-06      1.625e-07      8.500e-09      3.425e-08      2.510e-06      2.990e-06      5.000e-09      2.000e-09      3.000e-09      3.520e-29      1.429e-63      8.085e-95      1.161e-36      8.562e-69      3.604e+00      
3.12100e-06     4.32600e-06     1.45900e-05     3.12900e-01     1.09500e+03     1.96800e+02     9.55600e-01     8.500e-02      4.000e-04      2.000e-05      1.750e-06      3.000e-08      2.000e-09      1.250e-08      1.275e-06      2.190e-05      2.045e-05      5.300e-06      9.350e-06      1.625e-07      8.500e-09      3.425e-08      2.510e-06      2.990e-06      5.000e-09      2.000e-09      3.000e-09      3.529e-29      1.811e-63      1.488e-94      1.392e-36      1.465e-68      9.848e+00      
3.69400e-06     5.11600e-06     1.72800e-05     2.39000e-01     8.73400e+02     1.50300e+02     1.11500e+00     8.500e-02      4.000e-04      2.000e-05      1.750e-06      3.000e-08      2.000e-09      1.250e-08      1.275e-06      2.190e-05      2.045e-05      5.300e-06      9.350e-06      1.625e-07      8.500e-09      3.425e-08      2.510e-06      2.990e-06      5.000e-09      2.000e-09      3.000e-09      3.530e-29      2.181e-63      2.080e-94      1.589e-36      2.059e-68      1.761e+00      
4.27300e-06     5.90500e-06     1.99700e-05     1.88500e-01     7.19600e+02     1.18500e+02     1.27400e+00     8.500e-02      4.000e-04      2.000e-05      1.750e-06      3.000e-08      2.000e-09      1.250e-08      1.275e-06      2.190e-05      2.045e-05      5.300e-06      9.350e-06      1.625e-07      8.500e-09      3.425e-08      2.510e-06      2.990e-06      5.000e-09      2.000e-09      3.000e-09      3.530e-29      2.538e-63      2.585e-94      1.759e-36      2.617e-68      2.548e+00      
4.85800e-06     6.69400e-06     2.26700e-05     1.52900e-01     6.07400e+02     9.61400e+01     1.43300e+00     8.500e-02      4.000e-04      2.000e-05      1.750e-06      3.000e-08      2.000e-09      1.250e-08      1.275e-06      2.190e-05      2.045e-05      5.300e-06      9.350e-06      1.625e-07      8.500e-09      3.425e-08      2.510e-06      2.990e-06      5.000e-09      2.000e-09      3.000e-09      3.530e-29      2.883e-63      3.026e-94      1.910e-36      3.146e-68      3.376e+00      
5.45000e-06     7.48100e-06     2.53900e-05     1.26700e-01     5.22300e+02     7.96900e+01     1.59300e+00     8.500e-02      4.000e-04      2.000e-05      1.750e-06      3.000e-08      2.000e-09      1.250e-08      1.275e-06      2.190e-05      2.045e-05      5.300e-06      9.350e-06      1.625e-07      8.500e-09      3.425e-08      2.510e-06      2.990e-06      5.000e-09      2.000e-09      3.000e-09      3.530e-29      3.215e-63      3.415e-94      2.044e-36      3.648e-68      4.236e+00      
6.04700e-06     8.26700e-06     2.81000e-05     1.06600e-01     4.55600e+02     6.70500e+01     1.75200e+00     8.500e-02      4.000e-04      2.000e-05      1.750e-06      3.000e-08      2.000e-09      1.250e-08      1.275e-06      2.190e-05      2.045e-05      5.300e-06      9.350e-06      1.625e-07      8.500e-09      3.425e-08      2.510e-06      2.990e-06      5.000e-09      2.000e-09      3.000e-09      3.530e-29      3.535e-63      3.773e-94      2.164e-36      4.142e-68      5.202e+00      
6.65000e-06     9.05000e-06     3.08200e-05     9.09600e-02     4.02000e+02     5.72100e+01     1.91100e+00     8.500e-02      4.000e-04      2.000e-05      1.750e-06      3.000e-08      2.000e-09      1.250e-08      1.275e-06      2.190e-05      2.045e-05      5.300e-06      9.350e-06      1.625e-07      8.500e-09      3.425e-08      2.510e-06      2.990e-06      5.000e-09      2.000e-09      3.000e-09      3.530e-29      3.843e-63      4.092e-94      2.273e-36      4.609e-68      6.177e+00      
7.25900e-06     9.83100e-06     3.35500e-05     7.85400e-02     3.57900e+02     4.94000e+01     2.07100e+00     8.500e-02      4.000e-04      2.000e-05      1.750e-06      3.000e-08      2.000e-09      1.250e-08      1.275e-06      2.190e-05      2.045e-05      5.300e-06      9.350e-06      1.625e-07      8.500e-09      3.425e-08      2.510e-06      2.990e-06      5.000e-09      2.000e-09      3.000e-09      3.530e-29      4.139e-63      4.362e-94      2.372e-36      5.027e-68      7.022e+00      
7.87300e-06     1.06100e-05     3.62800e-05     6.85200e-02     3.21200e+02     4.30900e+01     2.23000e+00     8.500e-02      4.000e-04      2.000e-05      1.750e-06      3.000e-08      2.000e-09      1.250e-08      1.275e-06      2.190e-05      2.045e-05      5.300e-06      9.350e-06      1.625e-07      8.500e-09      3.425e-08      2.510e-06      2.990e-06      5.000e-09      2.000e-09      3.000e-09      3.530e-29      4.425e-63      4.613e-94      2.463e-36      5.437e-68      7.939e+00      
8.49100e-06     1.13900e-05     3.90100e-05     6.03200e-02     2.90300e+02     3.79400e+01     2.38900e+00     8.500e-02      4.000e-04      2.000e-05      1.750e-06      3.000e-08      2.000e-09      1.250e-08      1.275e-06      2.190e-05      2.045e-05      5.300e-06      9.350e-06      1.625e-07      8.500e-09      3.425e-08      2.510e-06      2.990e-06      5.000e-09      2.000e-09      3.000e-09      3.530e-29      1.600e-55      1.276e-86      2.546e-36      5.806e-68      4.797e-97      
9.11400e-06     1.21700e-05     4.17400e-05     5.35300e-02     2.63800e+02     3.36700e+01     2.54800e+00     8.500e-02      4.000e-04      2.000e-05      1.750e-06      3.000e-08      2.000e-09      1.250e-08      1.275e-06      2.190e-05      2.045e-05      5.300e-06      9.350e-06      1.625e-07      8.500e-09      3.425e-08      2.510e-06      2.990e-06      5.000e-09      2.000e-09      3.000e-09      3.530e-29      2.114e-51      1.572e-82      2.624e-36      6.154e-68      9.917e-94      
9.74000e-06     1.29400e-05     4.44700e-05     4.78400e-02     2.41100e+02     3.00900e+01     2.70800e+00     8.500e-02      4.000e-04      2.000e-05      1.750e-06      3.000e-08      2.000e-09      1.250e-08      1.275e-06      2.190e-05      2.045e-05      5.300e-06      9.350e-06      1.625e-07      8.500e-09      3.425e-08      2.510e-06      2.990e-06      5.000e-09      2.000e-09      3.000e-09      3.530e-29      8.068e-48      5.709e-79      2.696e-36      6.484e-68      8.304e-90      
1.03700e-05     1.37200e-05     4.72000e-05     4.30300e-02     2.21300e+02     2.70600e+01     2.86700e+00     8.500e-02      4.000e-04      2.000e-05      1.750e-06      3.000e-08      2.000e-09      1.250e-08      1.275e-06      2.190e-05      2.045e-05      5.300e-06      9.350e-06      1.625e-07      8.500e-09      3.425e-08      2.510e-06      2.990e-06      5.000e-09      2.000e-09      3.000e-09      3.530e-29      2.190e-44      3.741e-75      2.763e-36      6.803e-68      1.319e-85      
1.10000e-05     1.45000e-05     4.99400e-05     3.89100e-02     2.04000e+02     2.44800e+01     3.02600e+00     8.500e-02      4.000e-04      2.000e-05      1.750e-06      3.000e-08      2.000e-09      1.250e-08      1.275e-06      2.190e-05      2.045e-05      5.300e-06      9.350e-06      1.625e-07      8.500e-09      3.425e-08      2.510e-06      2.990e-06      5.000e-09      2.000e-09      3.000e-09      3.543e-29      6.178e-42      6.146e-71      2.827e-36      7.104e-68      4.126e-83      
1.16300e-05     1.52700e-05     5.26700e-05     3.50600e-02     1.88800e+02     2.20500e+01     3.18500e+00     8.500e-02      4.000e-04      2.000e-05      1.750e-06      3.000e-08      2.000e-09      1.250e-08      1.275e-06      2.190e-05      2.045e-05      5.300e-06      9.350e-06      1.625e-07      8.500e-09      3.425e-08      2.510e-06      2.990e-06      5.000e-09      2.000e-09      3.000e-09      6.968e-29      2.242e-39      1.325e-66      2.885e-36      7.400e-68      1.351e-80      
1.22700e-05     1.60500e-05     5.54100e-05     3.20500e-02     1.75400e+02     2.01600e+01     3.34500e+00     8.500e-02      4.000e-04      2.000e-05      1.750e-06      3.000e-08      2.000e-09      1.250e-08      1.275e-06      2.190e-05      2.045e-05      5.300e-06      9.350e-06      1.625e-07      8.500e-09      3.425e-08      2.510e-06      2.990e-06      5.000e-09      2.000e-09      3.000e-09      2.746e-27      2.306e-37      7.335e-63      2.943e-36      9.013e-68      2.817e-78      
1.29000e-05     1.68200e-05     5.81400e-05     2.94500e-02     1.63400e+02     1.85200e+01     3.50400e+00     8.500e-02      4.000e-04      2.000e-05      1.750e-06      3.000e-08      2.000e-09      1.250e-08      1.275e-06      2.190e-05      2.045e-05      5.300e-06      9.350e-06      1.625e-07      8.500e-09      3.425e-08      2.510e-06      2.990e-06      5.000e-09      2.000e-09      3.000e-09      1.175e-25      1.016e-35      5.794e-60      3.106e-36      8.112e-67      1.403e-76      
1.35400e-05     1.76000e-05     6.08800e-05     2.71300e-02     1.52800e+02     1.70700e+01     3.66300e+00     8.500e-02      4.000e-04      2.000e-05      1.750e-06      3.000e-08      2.000e-09      1.250e-08      1.275e-06      2.190e-05      2.045e-05      5.300e-06      9.350e-06      1.625e-07      8.500e-09      3.425e-08      2.510e-06      2.990e-06      5.000e-09      2.000e-09      3.000e-09      3.384e-24      1.499e-34      2.169e-58      5.339e-36      5.249e-65      3.908e-75      
1.41800e-05     1.83700e-05     6.36200e-05     2.50900e-02     1.43200e+02     1.57800e+01     3.82200e+00     8.500e-02      4.000e-04      2.000e-05      1.750e-06      3.000e-08      2.000e-09      1.250e-08      1.275e-06      2.190e-05      2.045e-05      5.300e-06      9.350e-06      1.625e-07      8.500e-09      3.425e-08      2.510e-06      2.990e-06      5.000e-09      2.000e-09      3.000e-09      6.628e-23      1.414e-33      3.330e-57      3.412e-35      8.261e-63      4.124e-73      
1.48200e-05     1.91500e-05     6.63600e-05     2.32700e-02     1.34600e+02     1.46400e+01     3.98200e+00     8.500e-02      4.000e-04      2.000e-05      1.750e-06      3.000e-08      2.000e-09      1.250e-08      1.275e-06      2.190e-05      2.045e-05      5.300e-06      9.350e-06      1.625e-07      8.500e-09      3.425e-08      2.510e-06      2.990e-06      5.000e-09      2.000e-09      3.000e-09      9.339e-22      1.887e-32      1.696e-55      6.201e-34      2.229e-60      7.390e-71      
1.54600e-05     1.99200e-05     6.90900e-05     2.16600e-02     1.26800e+02     1.36200e+01     4.14100e+00     8.500e-02      4.000e-04      2.000e-05      1.750e-06      3.000e-08      2.000e-09      1.250e-08      1.275e-06      2.190e-05      2.045e-05      5.300e-06      9.350e-06      1.625e-07      8.500e-09      3.425e-08      2.510e-06      2.990e-06      5.000e-09      2.000e-09      3.000e-09      9.933e-21      2.015e-31      1.061e-53      9.463e-33      3.744e-58      1.266e-68      
1.60900e-05     2.07000e-05     7.18300e-05     2.02100e-02     1.19700e+02     1.27100e+01     4.30000e+00     8.500e-02      4.000e-04      2.000e-05      1.750e-06      3.000e-08      2.000e-09      1.250e-08      1.275e-06      2.190e-05      2.045e-05      5.300e-06      9.350e-06      1.625e-07      8.500e-09      3.425e-08      2.510e-06      2.990e-06      5.000e-09      2.000e-09      3.000e-09      8.324e-20      1.746e-30      5.591e-52      1.144e-31      4.494e-56      1.771e-66      
1.67300e-05     2.14800e-05     7.45700e-05     1.89100e-02     1.13300e+02     1.18900e+01     4.46000e+00     8.500e-02      4.000e-04      2.000e-05      1.750e-06      3.000e-08      2.000e-09      1.250e-08      1.275e-06      2.190e-05      2.045e-05      5.300e-06      9.350e-06      1.625e-07      8.500e-09      3.425e-08      2.510e-06      2.990e-06      5.000e-09      2.000e-09      3.000e-09      5.655e-19      1.526e-29      5.396e-50      1.388e-30      9.859e-54      7.706e-64      
1.73800e-05     2.22500e-05     7.73100e-05     1.77300e-02     1.07400e+02     1.11500e+01     4.61900e+00     8.500e-02      4.000e-04      2.000e-05      1.750e-06      3.000e-08      2.000e-09      1.250e-08      1.275e-06      2.190e-05      2.045e-05      5.300e-06      9.350e-06      1.625e-07      8.500e-09      3.425e-08      2.510e-06      2.990e-06      5.000e-09      2.000e-09      3.000e-09      3.210e-18      9.707e-29      1.598e-48      1.167e-29      4.325e-52      3.767e-62      
1.80200e-05     2.30300e-05     8.00500e-05     1.66600e-02     1.02000e+02     1.04800e+01     4.77800e+00     8.500e-02      4.000e-04      2.000e-05      1.750e-06      3.000e-08      2.000e-09      1.250e-08      1.275e-06      2.190e-05      2.045e-05      5.300e-06      9.350e-06      1.625e-07      8.500e-09      3.425e-08      2.510e-06      2.990e-06      5.000e-09      2.000e-09      3.000e-09      1.556e-17      4.131e-28      1.467e-47      6.229e-29      6.128e-51      3.904e-61      
1.86600e-05     2.38100e-05     8.27900e-05     1.57000e-02     9.70300e+01     9.87100e+00     4.93700e+00     8.500e-02      4.000e-04      2.000e-05      1.750e-06      3.000e-08      2.000e-09      1.250e-08      1.275e-06      2.190e-05      2.045e-05      5.300e-06      9.350e-06      1.625e-07      8.500e-09      3.425e-08      2.510e-06      2.990e-06      5.000e-09      2.000e-09      3.000e-09      6.568e-17      1.627e-27      1.339e-46      3.066e-28      1.084e-49      6.343e-60      
1.93000e-05     2.45900e-05     8.55300e-05     1.48100e-02     9.24600e+01     9.31600e+00     5.09700e+00     8.500e-02      4.000e-04      2.000e-05      1.750e-06      3.000e-08      2.000e-09      1.250e-08      1.275e-06      2.190e-05      2.045e-05      5.300e-06      9.350e-06      1.625e-07      8.500e-09      3.425e-08      2.510e-06      2.990e-06      5.000e-09      2.000e-09      3.000e-09      2.453e-16      5.710e-27      1.063e-45      1.317e-27      1.432e-48      7.843e-59      
1.99400e-05     2.53700e-05     8.82700e-05     1.40000e-02     8.82500e+01     8.80800e+00     5.25600e+00     8.500e-02      4.000e-04      2.000e-05      1.750e-06      3.000e-08      2.000e-09      1.250e-08      1.275e-06      2.190e-05      2.045e-05      5.300e-06      9.350e-06      1.625e-07      8.500e-09      3.425e-08      2.510e-06      2.990e-06      5.000e-09      2.000e-09      3.000e-09      8.231e-16      1.915e-26      8.309e-45      5.374e-27      1.939e-47      1.023e-57      
2.05800e-05     2.61500e-05     9.10100e-05     1.32600e-02     8.43500e+01     8.34200e+00     5.41500e+00     8.500e-02      4.000e-04      2.000e-05      1.750e-06      3.000e-08      2.000e-09      1.250e-08      1.275e-06      2.190e-05      2.045e-05      5.300e-06      9.350e-06      1.625e-07      8.500e-09      3.425e-08      2.510e-06      2.990e-06      5.000e-09      2.000e-09      3.000e-09      2.511e-15      5.932e-26      5.962e-44      1.996e-26      2.227e-46      1.178e-56      
2.12200e-05     2.69300e-05     9.37500e-05     1.26100e-02     8.07300e+01     7.93000e+00     5.57400e+00     8.500e-02      4.000e-04      2.000e-05      1.750e-06      3.000e-08      2.000e-09      1.250e-08      1.275e-06      2.190e-05      2.045e-05      5.300e-06      9.350e-06      1.625e-07      8.500e-09      3.425e-08      2.510e-06      2.990e-06      5.000e-09      2.000e-09      3.000e-09      6.864e-15      1.677e-25      3.719e-43      6.639e-26      2.095e-45      1.136e-55      
2.18600e-05     2.77100e-05     9.65000e-05     1.19500e-02     7.73600e+01     7.51800e+00     5.73400e+00     8.500e-02      4.000e-04      2.000e-05      1.750e-06      3.000e-08      2.000e-09      1.250e-08      1.275e-06      2.190e-05      2.045e-05      5.300e-06      9.350e-06      1.625e-07      8.500e-09      3.425e-08      2.510e-06      2.990e-06      5.000e-09      2.000e-09      3.000e-09      1.809e-14      4.432e-25      2.160e-42      2.055e-25      1.776e-44      9.922e-55      
2.25000e-05     2.84900e-05     9.92400e-05     1.14000e-02     7.42200e+01     7.16700e+00     5.89300e+00     8.500e-02      4.000e-04      2.000e-05      1.750e-06      3.000e-08      2.000e-09      1.250e-08      1.275e-06      2.190e-05      2.045e-05      5.300e-06      9.350e-06      1.625e-07      8.500e-09      3.425e-08      2.510e-06      2.990e-06      5.000e-09      2.000e-09      3.000e-09      4.327e-14      1.094e-24      1.063e-41      5.860e-25      1.234e-43      7.073e-54      
2.31400e-05     2.92700e-05     1.02000e-04     1.08400e-02     7.12900e+01     6.81600e+00     6.05200e+00     8.500e-02      4.000e-04      2.000e-05      1.750e-06      3.000e-08      2.000e-09      1.250e-08      1.275e-06      2.190e-05      2.045e-05      5.300e-06      9.350e-06      1.625e-07      8.500e-09      3.425e-08      2.510e-06      2.990e-06      5.000e-09      2.000e-09      3.000e-09      9.970e-14      2.543e-24      4.868e-41      1.565e-24      7.764e-43      4.552e-53      
2.37900e-05     3.00500e-05     1.04700e-04     1.03600e-02     6.85500e+01     6.51400e+00     6.21200e+00     8.500e-02      4.000e-04      2.000e-05      1.750e-06      3.000e-08      2.000e-09      1.250e-08      1.275e-06      2.190e-05      2.045e-05      5.300e-06      9.350e-06      1.625e-07      8.500e-09      3.425e-08      2.510e-06      2.990e-06      5.000e-09      2.000e-09      3.000e-09      2.127e-13      5.561e-24      1.967e-40      3.884e-24      4.321e-42      2.589e-52      
2.44300e-05     3.08300e-05     1.07500e-04     9.87500e-03     6.59800e+01     6.21100e+00     6.37100e+00     8.500e-02      4.000e-04      2.000e-05      1.750e-06      3.000e-08      2.000e-09      1.250e-08      1.275e-06      2.190e-05      2.045e-05      5.300e-06      9.350e-06      1.625e-07      8.500e-09      3.425e-08      2.510e-06      2.990e-06      5.000e-09      2.000e-09      3.000e-09      4.397e-13      1.157e-23      7.312e-40      9.120e-24      2.077e-41      1.266e-51      
2.50700e-05     3.16100e-05     1.10200e-04     9.44300e-03     6.35700e+01     5.93900e+00     6.53000e+00     8.500e-02      4.000e-04      2.000e-05      1.750e-06      3.000e-08      2.000e-09      1.250e-08      1.275e-06      2.190e-05      2.045e-05      5.300e-06      9.350e-06      1.625e-07      8.500e-09      3.425e-08      2.510e-06      2.990e-06      5.000e-09      2.000e-09      3.000e-09      8.638e-13      2.302e-23      2.487e-39      2.037e-23      9.198e-41      5.660e-51      
2.57100e-05     3.24000e-05     1.13000e-04     9.04000e-03     6.13000e+01     5.68600e+00     6.68900e+00     8.500e-02      4.000e-04      2.000e-05      1.750e-06      3.000e-08      2.000e-09      1.250e-08      1.275e-06      2.190e-05      2.045e-05      5.300e-06      9.350e-06      1.625e-07      8.500e-09      3.425e-08      2.510e-06      2.990e-06      5.000e-09      2.000e-09      3.000e-09      1.623e-12      4.387e-23      7.855e-39      4.328e-23      3.751e-40      2.326e-50      
2.63500e-05     3.31800e-05     1.15700e-04     8.66400e-03     5.91700e+01     5.44900e+00     6.84900e+00     8.500e-02      4.000e-04      2.000e-05      1.750e-06      3.000e-08      2.000e-09      1.250e-08      1.275e-06      2.190e-05      2.045e-05      5.300e-06      9.350e-06      1.625e-07      8.500e-09      3.425e-08      2.510e-06      2.990e-06      5.000e-09      2.000e-09      3.000e-09      2.932e-12      8.030e-23      2.321e-38      8.779e-23      1.410e-39      8.805e-50      
2.69900e-05     3.39600e-05     1.18500e-04     8.31100e-03     5.71500e+01     5.22700e+00     7.00800e+00     8.500e-02      4.000e-04      2.000e-05      1.750e-06      3.000e-08      2.000e-09      1.250e-08      1.275e-06      2.190e-05      2.045e-05      5.300e-06      9.350e-06      1.625e-07      8.500e-09      3.425e-08      2.510e-06      2.990e-06      5.000e-09      2.000e-09      3.000e-09      5.114e-12      1.416e-22      6.456e-38      1.707e-22      4.930e-39      3.099e-49      
2.76300e-05     3.47500e-05     1.21200e-04     7.98000e-03     5.52500e+01     5.01900e+00     7.16700e+00     8.500e-02      4.000e-04      2.000e-05      1.750e-06      3.000e-08      2.000e-09      1.250e-08      1.275e-06      2.190e-05      2.045e-05      5.300e-06      9.350e-06      1.625e-07      8.500e-09      3.425e-08      2.510e-06      2.990e-06      5.000e-09      2.000e-09      3.000e-09      8.634e-12      2.415e-22      1.725e-37      3.194e-22      1.678e-38      1.067e-48      
2.82700e-05     3.55300e-05     1.23900e-04     7.68200e-03     5.34500e+01     4.83200e+00     7.32600e+00     8.500e-02      4.000e-04      2.000e-05      1.750e-06      3.000e-08      2.000e-09      1.250e-08      1.275e-06      2.190e-05      2.045e-05      5.300e-06      9.350e-06      1.625e-07      8.500e-09      3.425e-08      2.510e-06      2.990e-06      5.000e-09      2.000e-09      3.000e-09      1.405e-11      3.986e-22      4.220e-37      5.759e-22      4.926e-38      3.143e-48      
2.89200e-05     3.63100e-05     1.26700e-04     7.37800e-03     5.17500e+01     4.64000e+00     7.48600e+00     8.500e-02      4.000e-04      2.000e-05      1.750e-06      3.000e-08      2.000e-09      1.250e-08      1.275e-06      2.190e-05      2.045e-05      5.300e-06      9.350e-06      1.625e-07      8.500e-09      3.425e-08      2.510e-06      2.990e-06      5.000e-09      2.000e-09      3.000e-09      2.246e-11      6.390e-22      9.970e-37      1.004e-21      1.391e-37      8.878e-48      
2.95600e-05     3.71000e-05     1.29400e-04     7.11400e-03     5.01400e+01     4.47400e+00     7.64500e+00     8.500e-02      4.000e-04      2.000e-05      1.750e-06      3.000e-08      2.000e-09      1.250e-08      1.275e-06      2.190e-05      2.045e-05      5.300e-06      9.350e-06      1.625e-07      8.500e-09      3.425e-08      2.510e-06      2.990e-06      5.000e-09      2.000e-09      3.000e-09      3.479e-11      9.982e-22      2.232e-36      1.702e-21      3.742e-37      2.383e-47      
3.02000e-05     3.78800e-05     1.32200e-04     6.85400e-03     4.86100e+01     4.31100e+00     7.80400e+00     8.500e-02      4.000e-04      2.000e-05      1.750e-06      3.000e-08      2.000e-09      1.250e-08      1.275e-06      2.190e-05      2.045e-05      5.300e-06      9.350e-06      1.625e-07      8.500e-09      3.425e-08      2.510e-06      2.990e-06      5.000e-09      2.000e-09      3.000e-09      5.273e-11      1.520e-21      4.787e-36      2.802e-21      9.468e-37      6.007e-47      
3.08400e-05     3.86700e-05     1.34900e-04     6.60900e-03     4.71500e+01     4.15600e+00     7.96300e+00     8.500e-02      4.000e-04      2.000e-05      1.750e-06      3.000e-08      2.000e-09      1.250e-08      1.275e-06      2.190e-05      2.045e-05      5.300e-06      9.350e-06      1.625e-07      8.500e-09      3.425e-08      2.510e-06      2.990e-06      5.000e-09      2.000e-09      3.000e-09      7.835e-11      2.264e-21      9.880e-36      4.497e-21      2.286e-36      1.441e-46      
3.14800e-05     3.94500e-05     1.37700e-04     6.37700e-03     4.57700e+01     4.01100e+00     8.12300e+00     8.500e-02      4.000e-04      2.000e-05      1.750e-06      3.000e-08      2.000e-09      1.250e-08      1.275e-06      2.190e-05      2.045e-05      5.300e-06      9.350e-06      1.625e-07      8.500e-09      3.425e-08      2.510e-06      2.990e-06      5.000e-09      2.000e-09      3.000e-09      1.141e-10      3.301e-21      1.966e-35      7.052e-21      5.299e-36      3.311e-46      
3.21200e-05     4.02400e-05     1.40400e-04     6.15700e-03     4.44500e+01     3.87300e+00     8.28200e+00     8.500e-02      4.000e-04      2.000e-05      1.750e-06      3.000e-08      2.000e-09      1.250e-08      1.275e-06      2.190e-05      2.045e-05      5.300e-06      9.350e-06      1.625e-07      8.500e-09      3.425e-08      2.510e-06      2.990e-06      5.000e-09      2.000e-09      3.000e-09      1.632e-10      4.721e-21      3.787e-35      1.082e-20      1.184e-35      7.322e-46      
3.27600e-05     4.10300e-05     1.43200e-04     5.94900e-03     4.32000e+01     3.74200e+00     8.44100e+00     8.500e-02      4.000e-04      2.000e-05      1.750e-06      3.000e-08      2.000e-09      1.250e-08      1.275e-06      2.190e-05      2.045e-05      5.300e-06      9.350e-06      1.625e-07      8.500e-09      3.425e-08      2.510e-06      2.990e-06      5.000e-09      2.000e-09      3.000e-09      2.296e-10      6.631e-21      7.078e-35      1.627e-20      2.552e-35      1.559e-45      
3.34000e-05     4.18100e-05     1.45900e-04     5.75200e-03     4.20000e+01     3.61800e+00     8.60100e+00     8.500e-02      4.000e-04      2.000e-05      1.750e-06      3.000e-08      2.000e-09      1.250e-08      1.275e-06      2.190e-05      2.045e-05      5.300e-06      9.350e-06      1.625e-07      8.500e-09      3.425e-08      2.510e-06      2.990e-06      5.000e-09      2.000e-09      3.000e-09      3.179e-10      9.157e-21      1.286e-34      2.400e-20      5.322e-35      3.206e-45      
3.40500e-05     4.26000e-05     1.48700e-04     5.56500e-03     4.08600e+01     3.50000e+00     8.76000e+00     8.500e-02      4.000e-04      2.000e-05      1.750e-06      3.000e-08      2.000e-09      1.250e-08      1.275e-06      2.190e-05      2.045e-05      5.300e-06      9.350e-06      1.625e-07      8.500e-09      3.425e-08      2.510e-06      2.990e-06      5.000e-09      2.000e-09      3.000e-09      4.337e-10      1.245e-20      2.274e-34      3.479e-20      1.075e-34      6.378e-45      
3.46900e-05     4.33800e-05     1.51400e-04     5.72400e-03     3.97700e+01     3.60000e+00     8.91900e+00     8.500e-02      4.000e-04      2.000e-05      1.750e-06      3.000e-08      2.000e-09      1.250e-08      1.275e-06      2.190e-05      2.045e-05      5.300e-06      9.350e-06      1.625e-07      8.500e-09      3.425e-08      2.510e-06      2.990e-06      5.000e-09      2.000e-09      3.000e-09      5.258e-10      1.668e-20      3.518e-34      4.937e-20      2.081e-34      1.219e-44      
3.53300e-05     4.41700e-05     1.54200e-04     5.54100e-03     3.87300e+01     3.48500e+00     9.07800e+00     8.500e-02      4.000e-04      2.000e-05      1.750e-06      3.000e-08      2.000e-09      1.250e-08      1.275e-06      2.190e-05      2.045e-05      5.300e-06      9.350e-06      1.625e-07      8.500e-09      3.425e-08      2.510e-06      2.990e-06      5.000e-09      2.000e-09      3.000e-09      6.457e-10      2.157e-20      5.543e-34      6.693e-20      3.708e-34      2.165e-44      
3.59700e-05     4.49600e-05     1.56900e-04     5.05800e-03     3.77300e+01     3.18100e+00     9.23800e+00     8.500e-02      4.000e-04      2.000e-05      1.750e-06      3.000e-08      2.000e-09      1.250e-08      1.275e-06      2.190e-05      2.045e-05      5.300e-06      9.350e-06      1.625e-07      8.500e-09      3.425e-08      2.510e-06      2.990e-06      5.000e-09      2.000e-09      3.000e-09      8.869e-10      2.729e-20      9.702e-34      8.888e-20      6.377e-34      3.720e-44      
3.66100e-05     4.57400e-05     1.59700e-04     5.20300e-03     3.67800e+01     3.27200e+00     9.39700e+00     8.500e-02      4.000e-04      2.000e-05      1.750e-06      3.000e-08      2.000e-09      1.250e-08      1.275e-06      2.190e-05      2.045e-05      5.300e-06      9.350e-06      1.625e-07      8.500e-09      3.425e-08      2.510e-06      2.990e-06      5.000e-09      2.000e-09      3.000e-09      1.083e-09      3.468e-20      1.472e-33      1.190e-19      1.111e-33      6.449e-44      
3.72500e-05     4.65300e-05     1.62400e-04     5.04600e-03     3.58600e+01     3.17400e+00     9.55600e+00     8.500e-02      4.000e-04      2.000e-05      1.750e-06      3.000e-08      2.000e-09      1.250e-08      1.275e-06      2.190e-05      2.045e-05      5.300e-06      9.350e-06      1.625e-07      8.500e-09      3.425e-08      2.510e-06      2.990e-06      5.000e-09      2.000e-09      3.000e-09      1.328e-09      4.323e-20      2.231e-33      1.556e-19      1.852e-33      1.068e-43      
3.78900e-05     4.73200e-05     1.65200e-04     4.89700e-03     3.49900e+01     3.08000e+00     9.71500e+00     8.500e-02      4.000e-04      2.000e-05      1.750e-06      3.000e-08      2.000e-09      1.250e-08      1.275e-06      2.190e-05      2.045e-05      5.300e-06      9.350e-06      1.625e-07      8.500e-09      3.425e-08      2.510e-06      2.990e-06      5.000e-09      2.000e-09      3.000e-09      1.632e-09      5.317e-20      3.359e-33      2.004e-19      3.008e-33      1.721e-43      
3.85300e-05     4.81100e-05     1.67900e-04     4.75500e-03     3.41400e+01     2.99000e+00     9.87500e+00     8.500e-02      4.000e-04      2.000e-05      1.750e-06      3.000e-08      2.000e-09      1.250e-08      1.275e-06      2.190e-05      2.045e-05      5.300e-06      9.350e-06      1.625e-07      8.500e-09      3.424e-08      2.510e-06      2.990e-06      5.000e-09      2.000e-09      3.000e-09      2.006e-09      6.474e-20      5.000e-33      2.554e-19      4.780e-33      2.711e-43      
3.91800e-05     4.89000e-05     1.70700e-04     4.61900e-03     3.33400e+01     2.90500e+00     1.00300e+01     8.500e-02      4.000e-04      2.000e-05      1.750e-06      3.000e-08      2.000e-09      1.250e-08      1.275e-06      2.190e-05      2.045e-05      5.300e-06      9.350e-06      1.624e-07      8.500e-09      3.424e-08      2.510e-06      2.990e-06      5.000e-09      2.000e-09      3.000e-09      2.461e-09      7.818e-20      7.362e-33      3.230e-19      7.519e-33      4.213e-43      
3.98200e-05     4.96800e-05     1.73400e-04     4.48900e-03     3.25600e+01     2.82300e+00     1.01900e+01     8.500e-02      4.000e-04      2.000e-05      1.750e-06      3.000e-08      2.000e-09      1.250e-08      1.275e-06      2.190e-05      2.045e-05      5.300e-06      9.350e-06      1.624e-07      8.500e-09      3.424e-08      2.510e-06      2.990e-06      5.000e-09      2.000e-09      3.000e-09      3.011e-09      9.375e-20      1.067e-32      4.058e-19      1.160e-32      6.409e-43      
4.04600e-05     5.04700e-05     1.76200e-04     4.36500e-03     3.18200e+01     2.74500e+00     1.03500e+01     8.500e-02      4.000e-04      2.000e-05      1.750e-06      3.000e-08      2.000e-09      1.250e-08      1.275e-06      2.190e-05      2.045e-05      5.300e-06      9.350e-06      1.624e-07      8.500e-09      3.424e-08      2.510e-06      2.990e-06      5.000e-09      2.000e-09      3.000e-09      3.669e-09      1.117e-19      1.529e-32      5.069e-19      1.772e-32      9.619e-43      
4.11000e-05     5.12600e-05     1.79000e-04     4.24700e-03     3.11000e+01     2.67100e+00     1.05100e+01     8.500e-02      4.000e-04      2.000e-05      1.750e-06      3.000e-08      2.000e-09      1.250e-08      1.275e-06      2.190e-05      2.045e-05      5.300e-06      9.350e-06      1.624e-07      8.500e-09      3.424e-08      2.510e-06      2.990e-06      5.000e-09      2.000e-09      3.000e-09      4.448e-09      1.324e-19      2.162e-32      6.297e-19      2.681e-32      1.425e-42      
4.17400e-05     5.20500e-05     1.81700e-04     4.12300e-03     3.04100e+01     2.59300e+00     1.06700e+01     8.500e-02      4.000e-04      2.000e-05      1.750e-06      3.000e-08      2.000e-09      1.250e-08      1.275e-06      2.189e-05      2.045e-05      5.300e-06      9.350e-06      1.624e-07      8.500e-09      3.424e-08      2.510e-06      2.990e-06      5.000e-09      2.000e-09      3.000e-09      5.381e-09      1.560e-19      3.031e-32      7.781e-19      4.016e-32      2.083e-42      
4.23800e-05     5.28400e-05     1.84500e-04     4.01400e-03     2.97400e+01     2.52500e+00     1.08300e+01     8.500e-02      4.000e-04      2.000e-05      1.750e-06      2.999e-08      1.999e-09      1.250e-08      1.275e-06      2.189e-05      2.045e-05      5.300e-06      9.350e-06      1.624e-07      8.500e-09      3.423e-08      2.510e-06      2.990e-06      5.000e-09      2.000e-09      3.000e-09      6.471e-09      1.830e-19      4.200e-32      9.570e-19      5.964e-32      3.011e-42      
4.30200e-05     5.36300e-05     1.87200e-04     3.91100e-03     2.91000e+01     2.45900e+00     1.09900e+01     8.500e-02      4.000e-04      2.000e-05      1.750e-06      2.999e-08      1.999e-09      1.250e-08      1.275e-06      2.189e-05      2.045e-05      5.300e-06      9.350e-06      1.624e-07      8.500e-09      3.423e-08      2.509e-06      2.990e-06      5.000e-09      2.000e-09      3.000e-09      7.740e-09      2.135e-19      5.762e-32      1.171e-18      8.775e-32      4.300e-42      
4.36600e-05     5.44200e-05     1.90000e-04     3.81100e-03     2.84800e+01     2.39700e+00     1.11500e+01     8.500e-02      4.000e-04      2.000e-05      1.750e-06      2.999e-08      1.999e-09      1.250e-08      1.275e-06      2.189e-05      2.045e-05      5.299e-06      9.350e-06      1.623e-07      8.500e-09      3.423e-08      2.509e-06      2.990e-06      5.000e-09      2.000e-09      3.000e-09      9.204e-09      2.480e-19      7.827e-32      1.426e-18      1.279e-31      6.071e-42      
4.43100e-05     5.52000e-05     1.92700e-04     3.71500e-03     2.78900e+01     2.33700e+00     1.13100e+01     8.500e-02      4.000e-04      2.000e-05      1.750e-06      2.999e-08      1.999e-09      1.250e-08      1.275e-06      2.189e-05      2.045e-05      5.299e-06      9.350e-06      1.623e-07      8.500e-09      3.422e-08      2.509e-06      2.990e-06      5.000e-09      2.000e-09      3.000e-09      1.088e-08      2.866e-19      1.053e-31      1.727e-18      1.845e-31      8.467e-42      
4.49500e-05     5.59900e-05     1.95500e-04     3.62300e-03     2.73100e+01     2.27900e+00     1.14700e+01     8.500e-02      4.000e-04      2.000e-05      1.750e-06      2.999e-08      1.999e-09      1.250e-08      1.275e-06      2.189e-05      2.045e-05      5.299e-06      9.350e-06      1.623e-07      8.500e-09      3.422e-08      2.509e-06      2.990e-06      5.000e-09      2.000e-09      3.000e-09      1.280e-08      3.297e-19      1.405e-31      2.080e-18      2.633e-31      1.167e-41      
4.55900e-05     5.67800e-05     1.98200e-04     3.53500e-03     2.67600e+01     2.22300e+00     1.16300e+01     8.500e-02      4.000e-04      2.000e-05      1.750e-06      2.999e-08      1.999e-09      1.250e-08      1.275e-06      2.188e-05      2.045e-05      5.299e-06      9.349e-06      1.623e-07      8.500e-09      3.421e-08      2.509e-06      2.990e-06      5.000e-09      2.000e-09      3.000e-09      1.499e-08      3.775e-19      1.859e-31      2.492e-18      3.720e-31      1.591e-41      
4.62300e-05     5.75700e-05     2.01000e-04     3.45000e-03     2.62200e+01     2.17000e+00     1.17900e+01     8.500e-02      4.000e-04      2.000e-05      1.750e-06      2.999e-08      1.998e-09      1.250e-08      1.275e-06      2.188e-05      2.045e-05      5.299e-06      9.349e-06      1.622e-07      8.499e-09      3.421e-08      2.509e-06      2.990e-06      5.000e-09      2.000e-09      3.000e-09      1.745e-08      4.304e-19      2.442e-31      2.970e-18      5.206e-31      2.147e-41      
4.68700e-05     5.83600e-05     2.03700e-04     3.36800e-03     2.57000e+01     2.11900e+00     1.19500e+01     8.500e-02      4.000e-04      2.000e-05      1.750e-06      2.998e-08      1.998e-09      1.250e-08      1.275e-06      2.188e-05      2.045e-05      5.299e-06      9.349e-06      1.622e-07      8.499e-09      3.420e-08      2.509e-06      2.990e-06      5.000e-09      2.000e-09      3.000e-09      2.022e-08      4.886e-19      3.183e-31      3.521e-18      7.216e-31      2.867e-41      
4.75100e-05     5.91500e-05     2.06500e-04     3.29000e-03     2.52000e+01     2.06900e+00     1.21000e+01     8.500e-02      4.000e-04      2.000e-05      1.750e-06      2.998e-08      1.998e-09      1.250e-08      1.275e-06      2.188e-05      2.045e-05      5.299e-06      9.349e-06      1.622e-07      8.499e-09      3.420e-08      2.508e-06      2.990e-06      5.000e-09      2.000e-09      3.000e-09      2.333e-08      5.524e-19      4.122e-31      4.154e-18      9.911e-31      3.792e-41      
4.81500e-05     5.99400e-05     2.09300e-04     3.21400e-03     2.47100e+01     2.02100e+00     1.22600e+01     8.500e-02      4.000e-04      2.000e-05      1.750e-06      2.998e-08      1.998e-09      1.249e-08      1.275e-06      2.187e-05      2.045e-05      5.298e-06      9.349e-06      1.621e-07      8.499e-09      3.419e-08      2.508e-06      2.990e-06      5.000e-09      2.000e-09      3.000e-09      2.681e-08      6.219e-19      5.303e-31      4.876e-18      1.349e-30      4.970e-41      
4.87900e-05     6.07300e-05     2.12000e-04     3.14100e-03     2.42400e+01     1.97600e+00     1.24200e+01     8.500e-02      4.000e-04      2.000e-05      1.749e-06      2.998e-08      1.997e-09      1.249e-08      1.274e-06      2.187e-05      2.044e-05      5.298e-06      9.349e-06      1.621e-07      8.499e-09      3.418e-08      2.508e-06      2.990e-06      5.000e-09      2.000e-09      3.000e-09      3.066e-08      6.976e-19      6.780e-31      5.696e-18      1.821e-30      6.455e-41      
4.94400e-05     6.15200e-05     2.14800e-04     3.07100e-03     2.37800e+01     1.93100e+00     1.25800e+01     8.500e-02      4.000e-04      2.000e-05      1.749e-06      2.997e-08      1.997e-09      1.249e-08      1.274e-06      2.186e-05      2.044e-05      5.298e-06      9.349e-06      1.620e-07      8.499e-09      3.417e-08      2.507e-06      2.990e-06      5.000e-09      2.000e-09      2.999e-09      3.492e-08      7.795e-19      8.616e-31      6.623e-18      2.435e-30      8.312e-41      
5.00800e-05     6.23100e-05     2.17500e-04     3.00300e-03     2.33400e+01     1.88900e+00     1.27400e+01     8.500e-02      4.000e-04      2.000e-05      1.749e-06      2.997e-08      1.996e-09      1.249e-08      1.274e-06      2.186e-05      2.044e-05      5.298e-06      9.349e-06      1.620e-07      8.499e-09      3.416e-08      2.507e-06      2.990e-06      5.000e-09      2.000e-09      2.999e-09      3.963e-08      8.681e-19      1.088e-30      7.665e-18      3.230e-30      1.061e-40      
5.07200e-05     6.31000e-05     2.20300e-04     2.93700e-03     2.29100e+01     1.84700e+00     1.29000e+01     8.500e-02      4.000e-04      2.000e-05      1.749e-06      2.996e-08      1.996e-09      1.249e-08      1.274e-06      2.185e-05      2.044e-05      5.297e-06      9.348e-06      1.619e-07      8.499e-09      3.415e-08      2.507e-06      2.990e-06      5.000e-09      2.000e-09      2.999e-09      4.480e-08      9.635e-19      1.368e-30      8.832e-18      4.249e-30      1.344e-40      
5.13600e-05     6.38900e-05     2.23000e-04     2.87400e-03     2.25000e+01     1.80800e+00     1.30600e+01     8.500e-02      4.000e-04      2.000e-05      1.749e-06      2.996e-08      1.995e-09      1.249e-08      1.274e-06      2.185e-05      2.044e-05      5.297e-06      9.348e-06      1.619e-07      8.499e-09      3.414e-08      2.506e-06      2.990e-06      5.000e-09      2.000e-09      2.999e-09      5.046e-08      1.066e-18      1.709e-30      1.013e-17      5.547e-30      1.690e-40      
5.20000e-05     6.46900e-05     2.25800e-04     2.81300e-03     2.21000e+01     1.76900e+00     1.32200e+01     8.500e-02      4.000e-04      2.000e-05      1.749e-06      2.996e-08      1.995e-09      1.249e-08      1.274e-06      2.184e-05      2.044e-05      5.296e-06      9.348e-06      1.618e-07      8.499e-09      3.413e-08      2.506e-06      2.990e-06      5.000e-09      2.000e-09      2.999e-09      5.665e-08      1.176e-18      2.125e-30      1.158e-17      7.187e-30      2.110e-40      
5.26400e-05     6.54800e-05     2.28600e-04     2.74500e-03     2.17100e+01     1.72700e+00     1.33800e+01     8.500e-02      4.000e-04      2.000e-05      1.749e-06      2.995e-08      1.994e-09      1.249e-08      1.274e-06      2.184e-05      2.044e-05      5.296e-06      9.348e-06      1.617e-07      8.498e-09      3.411e-08      2.505e-06      2.990e-06      4.999e-09      2.000e-09      2.999e-09      6.347e-08      1.294e-18      2.630e-30      1.318e-17      9.239e-30      2.615e-40      
5.32800e-05     6.62700e-05     2.31300e-04     2.68800e-03     2.13300e+01     1.69100e+00     1.35400e+01     8.500e-02      4.000e-04      2.000e-05      1.749e-06      2.995e-08      1.994e-09      1.249e-08      1.274e-06      2.183e-05      2.044e-05      5.296e-06      9.348e-06      1.617e-07      8.498e-09      3.410e-08      2.505e-06      2.990e-06      4.999e-09      2.000e-09      2.999e-09      7.087e-08      1.420e-18      3.239e-30      1.494e-17      1.180e-29      3.220e-40      
5.39300e-05     6.70600e-05     2.34100e-04     2.63300e-03     2.09600e+01     1.65600e+00     1.37000e+01     8.500e-02      4.000e-04      2.000e-05      1.748e-06      2.994e-08      1.993e-09      1.249e-08      1.274e-06      2.182e-05      2.043e-05      5.295e-06      9.347e-06      1.616e-07      8.498e-09      3.408e-08      2.504e-06      2.990e-06      4.999e-09      2.000e-09      2.999e-09      7.888e-08      1.554e-18      3.972e-30      1.688e-17      1.497e-29      3.942e-40      
5.45700e-05     6.78500e-05     2.36800e-04     2.58000e-03     2.06000e+01     1.62200e+00     1.38600e+01     8.500e-02      4.000e-04      2.000e-05      1.748e-06      2.993e-08      1.992e-09      1.249e-08      1.273e-06      2.181e-05      2.043e-05      5.294e-06      9.347e-06      1.615e-07      8.498e-09      3.406e-08      2.504e-06      2.990e-06      4.999e-09      2.000e-09      2.999e-09      8.755e-08      1.697e-18      4.849e-30      1.901e-17      1.888e-29      4.798e-40      
5.52100e-05     6.86400e-05     2.39600e-04     2.52800e-03     2.02500e+01     1.59000e+00     1.40200e+01     8.500e-02      4.000e-04      2.000e-05      1.748e-06      2.993e-08      1.991e-09      1.248e-08      1.273e-06      2.180e-05      2.043e-05      5.294e-06      9.347e-06      1.614e-07      8.498e-09      3.404e-08      2.503e-06      2.990e-06      4.999e-09      2.000e-09      2.999e-09      9.687e-08      1.850e-18      5.896e-30      2.133e-17      2.366e-29      5.807e-40      
5.58500e-05     6.94300e-05     2.42400e-04     2.47800e-03     2.00000e+01     1.55800e+00     1.41800e+01     8.500e-02      4.000e-04      2.000e-05      1.748e-06      2.992e-08      1.990e-09      1.248e-08      1.273e-06      2.179e-05      2.043e-05      5.293e-06      9.346e-06      1.613e-07      8.497e-09      3.402e-08      2.502e-06      2.990e-06      4.999e-09      2.000e-09      2.998e-09      1.069e-07      2.014e-18      7.139e-30      2.386e-17      2.949e-29      6.995e-40      
5.64900e-05     7.02200e-05     2.45100e-04     2.42900e-03     2.00000e+01     1.52800e+00     1.43300e+01     8.500e-02      4.000e-04      2.000e-05      1.748e-06      2.991e-08      1.989e-09      1.248e-08      1.273e-06      2.178e-05      2.042e-05      5.292e-06      9.346e-06      1.612e-07      8.497e-09      3.400e-08      2.502e-06      2.990e-06      4.999e-09      2.000e-09      2.998e-09      1.176e-07      2.195e-18      8.610e-30      2.663e-17      3.658e-29      8.397e-40      
5.71300e-05     7.10100e-05     2.47900e-04     2.38200e-03     2.00000e+01     1.49800e+00     1.44900e+01     8.500e-02      4.000e-04      2.000e-05      1.747e-06      2.990e-08      1.988e-09      1.248e-08      1.273e-06      2.177e-05      2.042e-05      5.292e-06      9.346e-06      1.611e-07      8.497e-09      3.398e-08      2.501e-06      2.989e-06      4.999e-09      2.000e-09      2.998e-09      1.291e-07      2.394e-18      1.035e-29      2.965e-17      4.517e-29      1.005e-39      
5.77800e-05     7.18100e-05     2.50600e-04     2.33600e-03     2.00000e+01     1.46900e+00     1.46500e+01     8.500e-02      4.000e-04      2.000e-05      1.747e-06      2.989e-08      1.987e-09      1.248e-08      1.273e-06      2.176e-05      2.042e-05      5.291e-06      9.345e-06      1.610e-07      8.497e-09      3.396e-08      2.500e-06      2.989e-06      4.999e-09      2.000e-09      2.998e-09      1.414e-07      2.612e-18      1.239e-29      3.293e-17      5.550e-29      1.198e-39      
5.84200e-05     7.26000e-05     2.53400e-04     2.29100e-03     2.00000e+01     1.44100e+00     1.48100e+01     8.500e-02      4.000e-04      2.000e-05      1.747e-06      2.989e-08      1.986e-09      1.247e-08      1.272e-06      2.174e-05      2.041e-05      5.290e-06      9.345e-06      1.609e-07      8.496e-09      3.393e-08      2.499e-06      2.989e-06      4.999e-09      2.000e-09      2.998e-09      1.545e-07      2.851e-18      1.478e-29      3.649e-17      6.787e-29      1.426e-39      
5.90600e-05     7.33900e-05     2.56100e-04     2.24800e-03     2.00000e+01     1.41400e+00     1.49700e+01     8.500e-02      4.000e-04      2.000e-05      1.747e-06      2.988e-08      1.985e-09      1.247e-08      1.272e-06      2.173e-05      2.041e-05      5.289e-06      9.344e-06      1.608e-07      8.496e-09      3.390e-08      2.498e-06      2.989e-06      4.999e-09      2.000e-09      2.998e-09      1.684e-07      3.112e-18      1.757e-29      4.033e-17      8.259e-29      1.693e-39      
5.97000e-05     7.41800e-05     2.58900e-04     2.20600e-03     2.00000e+01     1.38800e+00     1.51300e+01     8.500e-02      4.000e-04      2.000e-05      1.746e-06      2.987e-08      1.983e-09      1.247e-08      1.272e-06      2.171e-05      2.041e-05      5.288e-06      9.344e-06      1.607e-07      8.496e-09      3.388e-08      2.497e-06      2.989e-06      4.999e-09      2.000e-09      2.997e-09      1.832e-07      3.398e-18      2.082e-29      4.449e-17      1.000e-28      2.005e-39      
6.03400e-05     7.49700e-05     2.61700e-04     2.16600e-03     2.00000e+01     1.36200e+00     1.52900e+01     8.500e-02      4.000e-04      2.000e-05      1.746e-06      2.985e-08      1.982e-09      1.247e-08      1.272e-06      2.170e-05      2.040e-05      5.287e-06      9.343e-06      1.605e-07      8.495e-09      3.385e-08      2.496e-06      2.989e-06      4.998e-09      2.000e-09      2.997e-09      1.989e-07      3.709e-18      2.458e-29      4.895e-17      1.206e-28      2.369e-39      
6.09800e-05     7.57600e-05     2.64400e-04     2.12600e-03     2.00000e+01     1.33700e+00     1.54500e+01     8.500e-02      4.000e-04      2.000e-05      1.745e-06      2.984e-08      1.980e-09      1.247e-08      1.271e-06      2.168e-05      2.040e-05      5.286e-06      9.343e-06      1.604e-07      8.495e-09      3.381e-08      2.495e-06      2.989e-06      4.998e-09      2.000e-09      2.997e-09      2.155e-07      4.047e-18      2.894e-29      5.375e-17      1.448e-28      2.795e-39      
6.16200e-05     7.65600e-05     2.67200e-04     2.08700e-03     2.00000e+01     1.31300e+00     1.56100e+01     8.500e-02      4.000e-04      2.000e-05      1.745e-06      2.983e-08      1.979e-09      1.246e-08      1.271e-06      2.166e-05      2.039e-05      5.285e-06      9.342e-06      1.602e-07      8.495e-09      3.378e-08      2.494e-06      2.989e-06      4.998e-09      2.000e-09      2.997e-09      2.330e-07      4.415e-18      3.397e-29      5.889e-17      1.730e-28      3.292e-39      
6.22700e-05     7.73500e-05     2.69900e-04     2.05000e-03     2.00000e+01     1.28900e+00     1.57700e+01     8.500e-02      4.000e-04      2.000e-05      1.745e-06      2.982e-08      1.977e-09      1.246e-08      1.271e-06      2.164e-05      2.039e-05      5.283e-06      9.341e-06      1.601e-07      8.494e-09      3.375e-08      2.493e-06      2.989e-06      4.998e-09      2.000e-09      2.997e-09      2.514e-07      4.815e-18      3.975e-29      6.439e-17      2.058e-28      3.870e-39      
6.29100e-05     7.81400e-05     2.72700e-04     2.01400e-03     2.00000e+01     1.26600e+00     1.59300e+01     8.500e-02      4.000e-04      2.000e-05      1.744e-06      2.980e-08      1.975e-09      1.246e-08      1.270e-06      2.162e-05      2.038e-05      5.282e-06      9.341e-06      1.599e-07      8.494e-09      3.371e-08      2.491e-06      2.989e-06      4.998e-09      2.000e-09      2.996e-09      2.709e-07      5.248e-18      4.637e-29      7.026e-17      2.439e-28      4.543e-39      
6.35500e-05     7.89300e-05     2.75500e-04     1.97800e-03     2.00000e+01     1.24400e+00     1.60900e+01     8.500e-02      4.000e-04      2.000e-05      1.744e-06      2.979e-08      1.973e-09      1.246e-08      1.270e-06      2.160e-05      2.038e-05      5.280e-06      9.340e-06      1.598e-07      8.494e-09      3.367e-08      2.490e-06      2.989e-06      4.998e-09      2.000e-09      2.996e-09      2.913e-07      5.717e-18      5.394e-29      7.651e-17      2.878e-28      5.326e-39      
6.41900e-05     7.97300e-05     2.78200e-04     1.94400e-03     2.00000e+01     1.22200e+00     1.62500e+01     8.500e-02      4.000e-04      2.000e-05      1.743e-06      2.978e-08      1.971e-09      1.245e-08      1.270e-06      2.158e-05      2.037e-05      5.279e-06      9.339e-06      1.596e-07      8.493e-09      3.363e-08      2.488e-06      2.989e-06      4.998e-09      2.000e-09      2.996e-09      3.128e-07      6.224e-18      6.258e-29      8.316e-17      3.384e-28      6.234e-39      
6.48300e-05     8.05200e-05     2.81000e-04     1.92200e-03     2.00000e+01     1.20900e+00     1.64000e+01     8.500e-02      4.000e-04      2.000e-05      1.743e-06      2.976e-08      1.969e-09      1.245e-08      1.269e-06      2.156e-05      2.037e-05      5.277e-06      9.339e-06      1.594e-07      8.493e-09      3.359e-08      2.487e-06      2.989e-06      4.997e-09      2.000e-09      2.995e-09      3.349e-07      6.771e-18      7.241e-29      9.026e-17      3.967e-28      7.293e-39      
6.54700e-05     8.13100e-05     2.83800e-04     1.88900e-03     2.00000e+01     1.18800e+00     1.65600e+01     8.500e-02      4.000e-04      2.000e-05      1.742e-06      2.975e-08      1.967e-09      1.245e-08      1.269e-06      2.154e-05      2.036e-05      5.276e-06      9.338e-06      1.593e-07      8.492e-09      3.354e-08      2.485e-06      2.989e-06      4.997e-09      2.000e-09      2.995e-09      3.581e-07      7.359e-18      8.357e-29      9.777e-17      4.632e-28      8.518e-39      
6.61200e-05     8.21000e-05     2.86500e-04     1.85800e-03     2.00000e+01     1.16800e+00     1.67200e+01     8.500e-02      4.000e-04      2.000e-05      1.741e-06      2.973e-08      1.965e-09      1.244e-08      1.269e-06      2.151e-05      2.035e-05      5.274e-06      9.337e-06      1.591e-07      8.492e-09      3.350e-08      2.484e-06      2.988e-06      4.997e-09      2.000e-09      2.995e-09      3.824e-07      7.993e-18      9.618e-29      1.057e-16      5.389e-28      9.933e-39      
6.67600e-05     8.28900e-05     2.89300e-04     1.82700e-03     2.00000e+01     1.14900e+00     1.68800e+01     8.500e-02      4.000e-04      2.000e-05      1.741e-06      2.971e-08      1.962e-09      1.244e-08      1.268e-06      2.148e-05      2.034e-05      5.272e-06      9.336e-06      1.589e-07      8.491e-09      3.345e-08      2.482e-06      2.988e-06      4.997e-09      2.000e-09      2.994e-09      4.076e-07      8.674e-18      1.104e-28      1.141e-16      6.247e-28      1.157e-38      
6.74000e-05     8.36900e-05     2.92000e-04     1.79700e-03     2.00000e+01     1.13000e+00     1.70400e+01     8.500e-02      4.000e-04      2.000e-05      1.740e-06      2.969e-08      1.960e-09      1.244e-08      1.268e-06      2.146e-05      2.034e-05      5.270e-06      9.335e-06      1.587e-07      8.491e-09      3.340e-08      2.480e-06      2.988e-06      4.997e-09      2.000e-09      2.994e-09      4.340e-07      9.406e-18      1.264e-28      1.229e-16      7.218e-28      1.345e-38      
6.80400e-05     8.44800e-05     2.94800e-04     1.76800e-03     2.00000e+01     1.11200e+00     1.72000e+01     8.500e-02      4.000e-04      2.000e-05      1.739e-06      2.967e-08      1.957e-09      1.243e-08      1.267e-06      2.143e-05      2.033e-05      5.268e-06      9.334e-06      1.585e-07      8.490e-09      3.335e-08      2.478e-06      2.988e-06      4.997e-09      2.000e-09      2.994e-09      4.615e-07      1.019e-17      1.444e-28      1.322e-16      8.311e-28      1.562e-38      
6.86800e-05     8.52700e-05     2.97600e-04     1.74000e-03     2.00000e+01     1.09400e+00     1.73600e+01     8.500e-02      4.000e-04      2.000e-05      1.739e-06      2.966e-08      1.955e-09      1.243e-08      1.267e-06      2.140e-05      2.032e-05      5.266e-06      9.333e-06      1.583e-07      8.490e-09      3.330e-08      2.476e-06      2.988e-06      4.996e-09      2.000e-09      2.993e-09      4.900e-07      1.103e-17      1.645e-28      1.419e-16      9.540e-28      1.811e-38      
6.93300e-05     8.60700e-05     3.00300e-04     1.71200e-03     2.00000e+01     1.07700e+00     1.75200e+01     8.500e-02      4.000e-04      2.000e-05      1.738e-06      2.964e-08      1.952e-09      1.242e-08      1.266e-06      2.137e-05      2.031e-05      5.264e-06      9.332e-06      1.581e-07      8.489e-09      3.325e-08      2.474e-06      2.988e-06      4.996e-09      2.000e-09      2.993e-09      5.197e-07      1.193e-17      1.870e-28      1.521e-16      1.092e-27      2.097e-38      
6.99700e-05     8.68600e-05     3.03100e-04     1.68500e-03     2.00000e+01     1.06000e+00     1.76800e+01     8.500e-02      4.000e-04      2.000e-05      1.737e-06      2.961e-08      1.949e-09      1.242e-08      1.266e-06      2.134e-05      2.030e-05      5.262e-06      9.331e-06      1.578e-07      8.488e-09      3.319e-08      2.472e-06      2.988e-06      4.996e-09      2.000e-09      2.993e-09      5.505e-07      1.289e-17      2.122e-28      1.628e-16      1.246e-27      2.424e-38      
7.06100e-05     8.76500e-05     3.05800e-04     1.65900e-03     2.00000e+01     1.04300e+00     1.78400e+01     8.500e-02      4.000e-04      2.000e-05      1.736e-06      2.959e-08      1.946e-09      1.242e-08      1.265e-06      2.130e-05      2.029e-05      5.259e-06      9.330e-06      1.576e-07      8.488e-09      3.313e-08      2.470e-06      2.988e-06      4.996e-09      2.000e-09      2.992e-09      5.824e-07      1.391e-17      2.401e-28      1.740e-16      1.417e-27      2.799e-38      
7.12500e-05     8.84400e-05     3.08600e-04     1.63300e-03     2.00000e+01     1.02700e+00     1.80000e+01     8.500e-02      4.000e-04      2.000e-05      1.735e-06      2.957e-08      1.943e-09      1.241e-08      1.265e-06      2.127e-05      2.028e-05      5.257e-06      9.329e-06      1.574e-07      8.487e-09      3.307e-08      2.468e-06      2.987e-06      4.996e-09      1.999e-09      2.992e-09      6.155e-07      1.501e-17      2.711e-28      1.857e-16      1.608e-27      3.227e-38      
7.18900e-05     8.92400e-05     3.11400e-04     1.60800e-03     2.00000e+01     1.01100e+00     1.81600e+01     8.500e-02      4.000e-04      2.000e-05      1.735e-06      2.955e-08      1.939e-09      1.241e-08      1.264e-06      2.124e-05      2.027e-05      5.254e-06      9.328e-06      1.571e-07      8.486e-09      3.301e-08      2.465e-06      2.987e-06      4.995e-09      1.999e-09      2.991e-09      6.498e-07      1.617e-17      3.056e-28      1.979e-16      1.820e-27      3.716e-38      
7.25300e-05     9.00300e-05     3.14100e-04     1.58300e-03     2.00000e+01     9.96000e-01     1.83200e+01     8.500e-02      4.000e-04      2.000e-05      1.734e-06      2.952e-08      1.936e-09      1.240e-08      1.264e-06      2.120e-05      2.026e-05      5.252e-06      9.327e-06      1.569e-07      8.486e-09      3.295e-08      2.463e-06      2.987e-06      4.995e-09      1.999e-09      2.991e-09      6.852e-07      1.741e-17      3.437e-28      2.106e-16      2.054e-27      4.272e-38      
7.31800e-05     9.08200e-05     3.16900e-04     1.56000e-03     2.00000e+01     9.81000e-01     1.84800e+01     8.500e-02      4.000e-04      2.000e-05      1.733e-06      2.950e-08      1.932e-09      1.240e-08      1.263e-06      2.116e-05      2.025e-05      5.249e-06      9.325e-06      1.566e-07      8.485e-09      3.288e-08      2.461e-06      2.987e-06      4.995e-09      1.999e-09      2.990e-09      7.218e-07      1.872e-17      3.857e-28      2.238e-16      2.312e-27      4.906e-38      
7.38200e-05     9.16200e-05     3.19700e-04     1.53600e-03     2.00000e+01     9.66000e-01     1.86300e+01     8.500e-02      4.000e-04      2.000e-05      1.732e-06      2.947e-08      1.929e-09      1.239e-08      1.263e-06      2.112e-05      2.024e-05      5.246e-06      9.324e-06      1.564e-07      8.484e-09      3.281e-08      2.458e-06      2.987e-06      4.995e-09      1.999e-09      2.990e-09      7.595e-07      2.012e-17      4.321e-28      2.376e-16      2.597e-27      5.626e-38      
7.44600e-05     9.24100e-05     3.22400e-04     1.51400e-03     2.00000e+01     9.52000e-01     1.87900e+01     8.500e-02      4.000e-04      2.000e-05      1.731e-06      2.945e-08      1.925e-09      1.239e-08      1.262e-06      2.108e-05      2.022e-05      5.243e-06      9.323e-06      1.561e-07      8.484e-09      3.274e-08      2.455e-06      2.987e-06      4.994e-09      1.999e-09      2.989e-09      7.985e-07      2.160e-17      4.832e-28      2.518e-16      2.909e-27      6.443e-38      
7.51000e-05     9.32000e-05     3.25200e-04     1.49100e-03     2.00000e+01     9.38000e-01     1.89500e+01     8.500e-02      4.000e-04      2.000e-05      1.730e-06      2.942e-08      1.921e-09      1.238e-08      1.261e-06      2.104e-05      2.021e-05      5.240e-06      9.321e-06      1.558e-07      8.483e-09      3.267e-08      2.453e-06      2.986e-06      4.994e-09      1.999e-09      2.989e-09      8.386e-07      2.317e-17      5.393e-28      2.666e-16      3.253e-27      7.371e-38      
7.57400e-05     9.40000e-05     3.27900e-04     1.47000e-03     2.00000e+01     9.24000e-01     1.91100e+01     8.500e-02      4.000e-04      2.000e-05      1.728e-06      2.939e-08      1.917e-09      1.238e-08      1.261e-06      2.100e-05      2.020e-05      5.237e-06      9.320e-06      1.555e-07      8.482e-09      3.259e-08      2.450e-06      2.986e-06      4.994e-09      1.999e-09      2.988e-09      8.799e-07      2.483e-17      6.008e-28      2.820e-16      3.628e-27      8.423e-38      
7.63800e-05     9.47900e-05     3.30700e-04     1.44800e-03     2.00000e+01     9.11000e-01     1.92700e+01     8.500e-02      4.000e-04      2.000e-05      1.727e-06      2.936e-08      1.913e-09      1.237e-08      1.260e-06      2.095e-05      2.018e-05      5.234e-06      9.318e-06      1.553e-07      8.481e-09      3.252e-08      2.447e-06      2.986e-06      4.993e-09      1.999e-09      2.988e-09      9.224e-07      2.659e-17      6.682e-28      2.978e-16      4.038e-27      9.617e-38      
7.70300e-05     9.55800e-05     3.33500e-04     1.42800e-03     2.00000e+01     8.98000e-01     1.94300e+01     8.500e-02      4.000e-04      2.000e-05      1.726e-06      2.933e-08      1.909e-09      1.237e-08      1.259e-06      2.091e-05      2.017e-05      5.231e-06      9.317e-06      1.550e-07      8.480e-09      3.244e-08      2.444e-06      2.986e-06      4.993e-09      1.999e-09      2.987e-09      9.660e-07      2.844e-17      7.419e-28      3.142e-16      4.485e-27      1.097e-37      
7.76700e-05     9.63800e-05     3.36200e-04     1.40700e-03     2.00000e+01     8.85000e-01     1.95900e+01     8.500e-02      4.000e-04      2.000e-05      1.725e-06      2.930e-08      1.905e-09      1.236e-08      1.259e-06      2.086e-05      2.016e-05      5.227e-06      9.315e-06      1.547e-07      8.480e-09      3.236e-08      2.441e-06      2.986e-06      4.993e-09      1.999e-09      2.986e-09      1.011e-06      3.040e-17      8.224e-28      3.312e-16      4.972e-27      1.251e-37      
7.83100e-05     9.71700e-05     3.39000e-04     1.38800e-03     2.00000e+01     8.73000e-01     1.97500e+01     8.500e-02      4.000e-04      2.000e-05      1.724e-06      2.927e-08      1.900e-09      1.235e-08      1.258e-06      2.081e-05      2.014e-05      5.224e-06      9.313e-06      1.544e-07      8.479e-09      3.228e-08      2.438e-06      2.986e-06      4.992e-09      1.999e-09      2.986e-09      1.057e-06      3.246e-17      9.101e-28      3.487e-16      5.500e-27      1.426e-37      
7.89500e-05     9.79600e-05     3.41800e-04     1.36800e-03     2.00000e+01     8.60000e-01     1.99100e+01     8.500e-02      4.000e-04      2.000e-05      1.722e-06      2.924e-08      1.896e-09      1.235e-08      1.257e-06      2.076e-05      2.012e-05      5.220e-06      9.312e-06      1.540e-07      8.478e-09      3.219e-08      2.434e-06      2.985e-06      4.992e-09      1.999e-09      2.985e-09      1.104e-06      3.463e-17      1.006e-27      3.667e-16      6.072e-27      1.626e-37      
7.95900e-05     9.87600e-05     3.44500e-04     1.33300e-03     2.00000e+01     8.38000e-01     2.00700e+01     8.500e-02      4.000e-04      2.000e-05      1.721e-06      2.921e-08      1.891e-09      1.234e-08      1.256e-06      2.071e-05      2.011e-05      5.216e-06      9.310e-06      1.537e-07      8.477e-09      3.211e-08      2.431e-06      2.985e-06      4.992e-09      1.999e-09      2.985e-09      1.154e-06      3.693e-17      1.109e-27      3.850e-16      6.685e-27      1.854e-37      
8.02400e-05     9.95500e-05     3.47300e-04     1.31400e-03     2.00000e+01     8.26000e-01     2.02300e+01     8.500e-02      4.000e-04      2.000e-05      1.719e-06      2.917e-08      1.886e-09      1.234e-08      1.255e-06      2.066e-05      2.009e-05      5.212e-06      9.308e-06      1.534e-07      8.476e-09      3.202e-08      2.428e-06      2.985e-06      4.991e-09      1.999e-09      2.984e-09      1.205e-06      3.935e-17      1.221e-27      4.038e-16      7.346e-27      2.117e-37      
8.08800e-05     1.00300e-04     3.50100e-04     1.31300e-03     2.00000e+01     8.25000e-01     2.03900e+01     8.500e-02      4.000e-04      2.000e-05      1.718e-06      2.914e-08      1.881e-09      1.233e-08      1.255e-06      2.061e-05      2.007e-05      5.208e-06      9.306e-06      1.531e-07      8.475e-09      3.193e-08      2.424e-06      2.985e-06      4.991e-09      1.999e-09      2.983e-09      1.255e-06      4.187e-17      1.343e-27      4.235e-16      8.070e-27      2.424e-37      
8.15200e-05     1.01100e-04     3.52800e-04     1.29500e-03     2.00000e+01     8.14000e-01     2.05500e+01     8.500e-02      4.000e-04      2.000e-05      1.717e-06      2.910e-08      1.876e-09      1.232e-08      1.254e-06      2.055e-05      2.005e-05      5.204e-06      9.305e-06      1.527e-07      8.474e-09      3.183e-08      2.421e-06      2.984e-06      4.991e-09      1.999e-09      2.982e-09      1.307e-06      4.452e-17      1.476e-27      4.437e-16      8.849e-27      2.783e-37      
8.21600e-05     1.01900e-04     3.55600e-04     1.26000e-03     2.00000e+01     7.93000e-01     2.07100e+01     8.500e-02      4.000e-04      2.000e-05      1.715e-06      2.907e-08      1.871e-09      1.232e-08      1.253e-06      2.049e-05      2.004e-05      5.200e-06      9.303e-06      1.524e-07      8.473e-09      3.174e-08      2.417e-06      2.984e-06      4.990e-09      1.999e-09      2.982e-09      1.362e-06      4.731e-17      1.618e-27      4.640e-16      9.675e-27      3.204e-37      
8.28000e-05     1.02700e-04     3.58300e-04     1.24300e-03     2.00000e+01     7.82000e-01     2.08600e+01     8.500e-02      4.000e-04      2.000e-05      1.713e-06      2.903e-08      1.865e-09      1.231e-08      1.252e-06      2.044e-05      2.002e-05      5.195e-06      9.301e-06      1.520e-07      8.472e-09      3.164e-08      2.413e-06      2.984e-06      4.990e-09      1.999e-09      2.981e-09      1.417e-06      5.023e-17      1.772e-27      4.849e-16      1.056e-26      3.708e-37      
8.34400e-05     1.03500e-04     3.61100e-04     1.24400e-03     2.00000e+01     7.82000e-01     2.10200e+01     8.500e-02      4.000e-04      2.000e-05      1.712e-06      2.899e-08      1.860e-09      1.230e-08      1.251e-06      2.038e-05      2.000e-05      5.191e-06      9.299e-06      1.517e-07      8.471e-09      3.154e-08      2.409e-06      2.984e-06      4.990e-09      1.999e-09      2.980e-09      1.472e-06      5.327e-17      1.939e-27      5.068e-16      1.153e-26      4.316e-37      
8.40900e-05     1.04300e-04     3.63900e-04     1.21000e-03     2.00000e+01     7.61000e-01     2.11800e+01     8.500e-02      4.000e-04      2.000e-05      1.710e-06      2.895e-08      1.854e-09      1.229e-08      1.250e-06      2.032e-05      1.998e-05      5.186e-06      9.296e-06      1.513e-07      8.470e-09      3.144e-08      2.405e-06      2.983e-06      4.989e-09      1.999e-09      2.979e-09      1.530e-06      5.647e-17      2.118e-27      5.287e-16      1.254e-26      5.056e-37      
8.47300e-05     1.05100e-04     3.66600e-04     1.21100e-03     2.00000e+01     7.62000e-01     2.13400e+01     8.500e-02      4.000e-04      2.000e-05      1.708e-06      2.892e-08      1.849e-09      1.229e-08      1.249e-06      2.026e-05      1.996e-05      5.182e-06      9.294e-06      1.509e-07      8.469e-09      3.134e-08      2.401e-06      2.983e-06      4.989e-09      1.999e-09      2.979e-09      1.588e-06      5.979e-17      2.311e-27      5.515e-16      1.365e-26      5.962e-37      
8.53700e-05     1.05900e-04     3.69400e-04     1.19600e-03     2.00000e+01     7.52000e-01     2.15000e+01     8.500e-02      4.000e-04      2.000e-05      1.707e-06      2.888e-08      1.843e-09      1.228e-08      1.248e-06      2.019e-05      1.993e-05      5.177e-06      9.292e-06      1.506e-07      8.468e-09      3.124e-08      2.397e-06      2.983e-06      4.988e-09      1.999e-09      2.978e-09      1.647e-06      6.325e-17      2.519e-27      5.748e-16      1.483e-26      7.082e-37      
8.60100e-05     1.06700e-04     3.72200e-04     1.16300e-03     2.00000e+01     7.31000e-01     2.16600e+01     8.500e-02      4.000e-04      2.000e-05      1.705e-06      2.883e-08      1.837e-09      1.227e-08      1.247e-06      2.013e-05      1.991e-05      5.172e-06      9.290e-06      1.502e-07      8.467e-09      3.113e-08      2.393e-06      2.983e-06      4.988e-09      1.999e-09      2.977e-09      1.708e-06      6.689e-17      2.742e-27      5.982e-16      1.606e-26      8.504e-37      
8.66500e-05     1.07500e-04     3.74900e-04     1.14700e-03     2.00000e+01     7.22000e-01     2.18200e+01     8.500e-02      4.000e-04      2.000e-05      1.703e-06      2.879e-08      1.831e-09      1.226e-08      1.246e-06      2.006e-05      1.989e-05      5.167e-06      9.288e-06      1.498e-07      8.465e-09      3.102e-08      2.389e-06      2.982e-06      4.988e-09      1.999e-09      2.976e-09      1.770e-06      7.068e-17      2.980e-27      6.220e-16      1.738e-26      1.031e-36      
8.73000e-05     1.08300e-04     3.77700e-04     1.13300e-03     2.00000e+01     7.12000e-01     2.19800e+01     8.500e-02      4.000e-04      2.000e-05      1.701e-06      2.875e-08      1.824e-09      1.225e-08      1.245e-06      2.000e-05      1.987e-05      5.162e-06      9.285e-06      1.494e-07      8.464e-09      3.091e-08      2.384e-06      2.982e-06      4.987e-09      1.999e-09      2.975e-09      1.834e-06      7.462e-17      3.236e-27      6.463e-16      1.878e-26      1.261e-36      
8.79400e-05     1.09100e-04     3.80500e-04     1.11800e-03     2.00000e+01     7.03000e-01     2.21400e+01     8.500e-02      4.000e-04      2.000e-05      1.699e-06      2.870e-08      1.818e-09      1.225e-08      1.244e-06      1.993e-05      1.984e-05      5.156e-06      9.283e-06      1.490e-07      8.463e-09      3.080e-08      2.380e-06      2.982e-06      4.987e-09      1.999e-09      2.974e-09      1.899e-06      7.873e-17      3.509e-27      6.710e-16      2.026e-26      1.557e-36      
8.85800e-05     1.09900e-04     3.83200e-04     1.10400e-03     2.00000e+01     6.94000e-01     2.23000e+01     8.500e-02      4.000e-04      2.000e-05      1.697e-06      2.866e-08      1.811e-09      1.224e-08      1.243e-06      1.986e-05      1.982e-05      5.151e-06      9.280e-06      1.486e-07      8.462e-09      3.068e-08      2.375e-06      2.981e-06      4.986e-09      1.999e-09      2.973e-09      1.965e-06      8.299e-17      3.802e-27      6.962e-16      2.184e-26      1.939e-36      
8.92200e-05     1.10700e-04     3.86000e-04     1.09000e-03     2.00000e+01     6.86000e-01     2.24600e+01     8.500e-02      4.000e-04      2.000e-05      1.695e-06      2.861e-08      1.805e-09      1.223e-08      1.242e-06      1.979e-05      1.979e-05      5.145e-06      9.278e-06      1.482e-07      8.460e-09      3.057e-08      2.370e-06      2.981e-06      4.986e-09      1.999e-09      2.973e-09      2.031e-06      8.742e-17      4.114e-27      7.219e-16      2.351e-26      2.432e-36      
8.98600e-05     1.11500e-04     3.88800e-04     1.07600e-03     2.00000e+01     6.77000e-01     2.26200e+01     8.500e-02      4.000e-04      2.000e-05      1.693e-06      2.857e-08      1.798e-09      1.222e-08      1.241e-06      1.972e-05      1.977e-05      5.140e-06      9.275e-06      1.478e-07      8.459e-09      3.045e-08      2.366e-06      2.981e-06      4.985e-09      1.998e-09      2.972e-09      2.099e-06      9.201e-17      4.448e-27      7.479e-16      2.527e-26      3.071e-36      
9.05100e-05     1.12200e-04     3.91500e-04     1.06300e-03     2.00000e+01     6.68000e-01     2.27800e+01     8.500e-02      4.000e-04      2.000e-05      1.691e-06      2.852e-08      1.791e-09      1.221e-08      1.239e-06      1.964e-05      1.974e-05      5.134e-06      9.273e-06      1.474e-07      8.458e-09      3.033e-08      2.361e-06      2.980e-06      4.985e-09      1.998e-09      2.971e-09      2.168e-06      9.678e-17      4.804e-27      7.744e-16      2.714e-26      3.900e-36      
9.11500e-05     1.13000e-04     3.94300e-04     1.06800e-03     2.00000e+01     6.72000e-01     2.29300e+01     8.500e-02      4.000e-04      2.000e-05      1.689e-06      2.847e-08      1.785e-09      1.220e-08      1.238e-06      1.957e-05      1.972e-05      5.128e-06      9.270e-06      1.469e-07      8.457e-09      3.021e-08      2.356e-06      2.980e-06      4.984e-09      1.998e-09      2.970e-09      2.236e-06      1.017e-16      5.186e-27      8.019e-16      2.914e-26      4.942e-36      
9.17900e-05     1.13800e-04     3.97100e-04     1.05500e-03     2.00000e+01     6.64000e-01     2.30900e+01     8.500e-02      4.000e-04      2.000e-05      1.687e-06      2.843e-08      1.778e-09      1.219e-08      1.237e-06      1.950e-05      1.969e-05      5.122e-06      9.267e-06      1.465e-07      8.455e-09      3.009e-08      2.351e-06      2.980e-06      4.984e-09      1.998e-09      2.969e-09      2.305e-06      1.068e-16      5.592e-27      8.299e-16      3.126e-26      6.274e-36      
9.24300e-05     1.14600e-04     3.99800e-04     1.04300e-03     2.00000e+01     6.56000e-01     2.32500e+01     8.500e-02      4.000e-04      2.000e-05      1.684e-06      2.838e-08      1.771e-09      1.219e-08      1.236e-06      1.942e-05      1.966e-05      5.116e-06      9.265e-06      1.461e-07      8.454e-09      2.997e-08      2.346e-06      2.979e-06      4.983e-09      1.998e-09      2.968e-09      2.375e-06      1.120e-16      6.024e-27      8.581e-16      3.348e-26      7.985e-36      
9.30700e-05     1.15400e-04     4.02600e-04     1.03000e-03     2.00000e+01     6.48000e-01     2.34100e+01     8.500e-02      4.000e-04      2.000e-05      1.682e-06      2.833e-08      1.764e-09      1.218e-08      1.235e-06      1.935e-05      1.963e-05      5.110e-06      9.262e-06      1.457e-07      8.453e-09      2.984e-08      2.341e-06      2.979e-06      4.983e-09      1.998e-09      2.967e-09      2.446e-06      1.174e-16      6.484e-27      8.868e-16      3.582e-26      1.018e-35      
9.37100e-05     1.16200e-04     4.05400e-04     1.01800e-03     2.00000e+01     6.40000e-01     2.35700e+01     8.500e-02      4.000e-04      2.000e-05      1.680e-06      2.828e-08      1.756e-09      1.217e-08      1.234e-06      1.927e-05      1.961e-05      5.104e-06      9.259e-06      1.452e-07      8.451e-09      2.972e-08      2.336e-06      2.979e-06      4.982e-09      1.998e-09      2.966e-09      2.518e-06      1.230e-16      6.972e-27      9.157e-16      3.828e-26      1.299e-35      
9.43600e-05     1.17000e-04     4.08100e-04     1.00600e-03     2.00000e+01     6.33000e-01     2.37300e+01     8.500e-02      4.000e-04      2.000e-05      1.678e-06      2.823e-08      1.749e-09      1.216e-08      1.232e-06      1.919e-05      1.958e-05      5.098e-06      9.257e-06      1.448e-07      8.450e-09      2.959e-08      2.331e-06      2.978e-06      4.982e-09      1.998e-09      2.965e-09      2.591e-06      1.288e-16      7.491e-27      9.450e-16      4.086e-26      1.656e-35      
9.50000e-05     1.17800e-04     4.10900e-04     9.94600e-04     2.00000e+01     6.26000e-01     2.38900e+01     8.500e-02      4.000e-04      2.000e-05      1.675e-06      2.818e-08      1.742e-09      1.215e-08      1.231e-06      1.911e-05      1.955e-05      5.091e-06      9.254e-06      1.443e-07      8.448e-09      2.947e-08      2.326e-06      2.978e-06      4.981e-09      1.998e-09      2.964e-09      2.664e-06      1.348e-16      8.040e-27      9.746e-16      4.356e-26      2.110e-35      
9.56400e-05     1.18600e-04     4.13700e-04     9.83200e-04     2.00000e+01     6.18000e-01     2.40500e+01     8.500e-02      4.000e-04      2.000e-05      1.673e-06      2.812e-08      1.734e-09      1.214e-08      1.230e-06      1.903e-05      1.952e-05      5.085e-06      9.251e-06      1.439e-07      8.447e-09      2.934e-08      2.320e-06      2.978e-06      4.981e-09      1.998e-09      2.963e-09      2.739e-06      1.410e-16      8.623e-27      1.004e-15      4.639e-26      2.688e-35      
9.62800e-05     1.19400e-04     4.16400e-04     9.71900e-04     2.00000e+01     6.11000e-01     2.42100e+01     8.500e-02      4.000e-04      2.000e-05      1.670e-06      2.807e-08      1.727e-09      1.213e-08      1.228e-06      1.895e-05      1.949e-05      5.078e-06      9.248e-06      1.434e-07      8.445e-09      2.921e-08      2.315e-06      2.977e-06      4.980e-09      1.998e-09      2.961e-09      2.814e-06      1.473e-16      9.240e-27      1.035e-15      4.936e-26      3.417e-35      
9.69200e-05     1.20200e-04     4.19200e-04     9.60800e-04     2.00000e+01     6.04000e-01     2.43700e+01     8.500e-02      4.000e-04      2.000e-05      1.668e-06      2.802e-08      1.719e-09      1.212e-08      1.227e-06      1.887e-05      1.946e-05      5.072e-06      9.245e-06      1.430e-07      8.444e-09      2.907e-08      2.310e-06      2.977e-06      4.980e-09      1.998e-09      2.960e-09      2.890e-06      1.539e-16      9.892e-27      1.065e-15      5.246e-26      4.337e-35      
9.75700e-05     1.21000e-04     4.21900e-04     9.50000e-04     2.00000e+01     5.97000e-01     2.45300e+01     8.500e-02      4.000e-04      2.000e-05      1.665e-06      2.796e-08      1.711e-09      1.211e-08      1.226e-06      1.879e-05      1.943e-05      5.065e-06      9.242e-06      1.425e-07      8.442e-09      2.894e-08      2.304e-06      2.977e-06      4.979e-09      1.998e-09      2.959e-09      2.967e-06      1.606e-16      1.058e-26      1.096e-15      5.570e-26      5.494e-35      
9.82100e-05     1.21800e-04     4.24700e-04     9.39300e-04     2.00000e+01     5.91000e-01     2.46900e+01     8.500e-02      4.000e-04      2.000e-05      1.663e-06      2.791e-08      1.704e-09      1.210e-08      1.224e-06      1.871e-05      1.940e-05      5.058e-06      9.239e-06      1.421e-07      8.441e-09      2.881e-08      2.298e-06      2.976e-06      4.978e-09      1.998e-09      2.958e-09      3.045e-06      1.676e-16      1.131e-26      1.127e-15      5.908e-26      6.939e-35      
9.88500e-05     1.22600e-04     4.27500e-04     9.28800e-04     2.00000e+01     5.84000e-01     2.48500e+01     8.500e-02      4.000e-04      2.000e-05      1.660e-06      2.785e-08      1.696e-09      1.209e-08      1.223e-06      1.862e-05      1.936e-05      5.051e-06      9.235e-06      1.416e-07      8.439e-09      2.867e-08      2.293e-06      2.976e-06      4.978e-09      1.998e-09      2.957e-09      3.124e-06      1.747e-16      1.208e-26      1.158e-15      6.260e-26      8.745e-35      
9.94900e-05     1.23400e-04     4.30200e-04     9.18500e-04     2.00000e+01     5.78000e-01     2.50100e+01     8.500e-02      4.000e-04      2.000e-05      1.658e-06      2.780e-08      1.688e-09      1.208e-08      1.222e-06      1.854e-05      1.933e-05      5.044e-06      9.232e-06      1.411e-07      8.438e-09      2.853e-08      2.287e-06      2.975e-06      4.977e-09      1.998e-09      2.956e-09      3.203e-06      1.820e-16      1.290e-26      1.189e-15      6.627e-26      1.099e-34      
1.00100e-04     1.24200e-04     4.33000e-04     9.08400e-04     2.00000e+01     5.71000e-01     2.51600e+01     8.500e-02      3.999e-04      2.000e-05      1.655e-06      2.774e-08      1.680e-09      1.207e-08      1.220e-06      1.845e-05      1.930e-05      5.037e-06      9.229e-06      1.406e-07      8.436e-09      2.839e-08      2.281e-06      2.975e-06      4.977e-09      1.998e-09      2.955e-09      3.283e-06      1.895e-16      1.375e-26      1.220e-15      7.009e-26      1.378e-34      
1.00800e-04     1.25000e-04     4.35800e-04     8.98500e-04     2.00000e+01     5.65000e-01     2.53200e+01     8.500e-02      3.999e-04      2.000e-05      1.652e-06      2.768e-08      1.671e-09      1.206e-08      1.219e-06      1.836e-05      1.926e-05      5.029e-06      9.226e-06      1.401e-07      8.435e-09      2.825e-08      2.275e-06      2.975e-06      4.976e-09      1.998e-09      2.953e-09      3.364e-06      1.972e-16      1.466e-26      1.252e-15      7.407e-26      1.723e-34      
1.01400e-04     1.25800e-04     4.38500e-04     8.88700e-04     2.00000e+01     5.59000e-01     2.54800e+01     8.500e-02      3.999e-04      2.000e-05      1.649e-06      2.762e-08      1.663e-09      1.205e-08      1.217e-06      1.827e-05      1.923e-05      5.022e-06      9.222e-06      1.397e-07      8.433e-09      2.811e-08      2.269e-06      2.974e-06      4.975e-09      1.998e-09      2.952e-09      3.445e-06      2.051e-16      1.561e-26      1.284e-15      7.819e-26      2.147e-34      
1.02100e-04     1.26500e-04     4.41300e-04     8.79100e-04     2.00000e+01     5.53000e-01     2.56400e+01     8.500e-02      3.999e-04      2.000e-05      1.647e-06      2.756e-08      1.655e-09      1.203e-08      1.216e-06      1.818e-05      1.920e-05      5.014e-06      9.219e-06      1.392e-07      8.431e-09      2.797e-08      2.263e-06      2.974e-06      4.975e-09      1.998e-09      2.951e-09      3.527e-06      2.132e-16      1.662e-26      1.316e-15      8.248e-26      2.669e-34      
1.02700e-04     1.27300e-04     4.44100e-04     8.69600e-04     2.00000e+01     5.47000e-01     2.58000e+01     8.500e-02      3.999e-04      2.000e-05      1.644e-06      2.750e-08      1.646e-09      1.202e-08      1.214e-06      1.810e-05      1.916e-05      5.007e-06      9.216e-06      1.387e-07      8.430e-09      2.783e-08      2.257e-06      2.973e-06      4.974e-09      1.997e-09      2.950e-09      3.610e-06      2.215e-16      1.767e-26      1.347e-15      8.693e-26      3.308e-34      
1.03300e-04     1.28100e-04     4.46800e-04     8.60400e-04     2.00000e+01     5.41000e-01     2.59600e+01     8.500e-02      3.999e-04      2.000e-05      1.641e-06      2.744e-08      1.638e-09      1.201e-08      1.213e-06      1.800e-05      1.912e-05      4.999e-06      9.212e-06      1.382e-07      8.428e-09      2.768e-08      2.251e-06      2.973e-06      4.974e-09      1.997e-09      2.948e-09      3.694e-06      2.300e-16      1.878e-26      1.380e-15      9.154e-26      4.090e-34      
1.04000e-04     1.28900e-04     4.49600e-04     8.51200e-04     2.00000e+01     5.35000e-01     2.61200e+01     8.500e-02      3.999e-04      2.000e-05      1.638e-06      2.738e-08      1.629e-09      1.200e-08      1.211e-06      1.791e-05      1.909e-05      4.991e-06      9.209e-06      1.377e-07      8.426e-09      2.754e-08      2.245e-06      2.973e-06      4.973e-09      1.997e-09      2.947e-09      3.778e-06      2.386e-16      1.995e-26      1.412e-15      9.631e-26      5.042e-34      
1.04600e-04     1.29700e-04     4.52400e-04     8.42300e-04     2.00000e+01     5.30000e-01     2.62800e+01     8.500e-02      3.999e-04      2.000e-05      1.635e-06      2.732e-08      1.621e-09      1.199e-08      1.210e-06      1.782e-05      1.905e-05      4.983e-06      9.205e-06      1.372e-07      8.425e-09      2.739e-08      2.239e-06      2.972e-06      4.972e-09      1.997e-09      2.946e-09      3.862e-06      2.475e-16      2.118e-26      1.444e-15      1.013e-25      6.196e-34      
1.05300e-04     1.30500e-04     4.55100e-04     8.33400e-04     2.00000e+01     5.24000e-01     2.64400e+01     8.500e-02      3.999e-04      2.000e-05      1.632e-06      2.726e-08      1.612e-09      1.198e-08      1.208e-06      1.773e-05      1.901e-05      4.975e-06      9.201e-06      1.367e-07      8.423e-09      2.724e-08      2.232e-06      2.972e-06      4.972e-09      1.997e-09      2.945e-09      3.947e-06      2.566e-16      2.247e-26      1.476e-15      1.064e-25      7.595e-34      
1.05900e-04     1.31300e-04     4.57900e-04     8.24700e-04     2.00000e+01     5.19000e-01     2.66000e+01     8.500e-02      3.999e-04      2.000e-05      1.629e-06      2.720e-08      1.603e-09      1.197e-08      1.207e-06      1.763e-05      1.898e-05      4.967e-06      9.198e-06      1.362e-07      8.421e-09      2.709e-08      2.226e-06      2.971e-06      4.971e-09      1.997e-09      2.943e-09      4.033e-06      2.658e-16      2.383e-26      1.508e-15      1.117e-25      9.283e-34      
1.06600e-04     1.32100e-04     4.60700e-04     8.16200e-04     2.00000e+01     5.13000e-01     2.67600e+01     8.500e-02      3.999e-04      2.000e-05      1.626e-06      2.713e-08      1.594e-09      1.195e-08      1.205e-06      1.754e-05      1.894e-05      4.959e-06      9.194e-06      1.357e-07      8.419e-09      2.695e-08      2.219e-06      2.971e-06      4.970e-09      1.997e-09      2.942e-09      4.119e-06      2.753e-16      2.525e-26      1.540e-15      1.171e-25      1.132e-33      
1.07200e-04     1.32900e-04     4.63500e-04     8.07800e-04     2.00000e+01     5.08000e-01     2.69200e+01     8.500e-02      3.999e-04      2.000e-05      1.623e-06      2.707e-08      1.585e-09      1.194e-08      1.204e-06      1.745e-05      1.890e-05      4.951e-06      9.190e-06      1.351e-07      8.418e-09      2.680e-08      2.213e-06      2.970e-06      4.970e-09      1.997e-09      2.941e-09      4.206e-06      2.849e-16      2.674e-26      1.573e-15      1.227e-25      1.376e-33      
1.07800e-04     1.33700e-04     4.66200e-04     7.99500e-04     2.00000e+01     5.03000e-01     2.70800e+01     8.500e-02      3.999e-04      2.000e-05      1.620e-06      2.700e-08      1.576e-09      1.193e-08      1.202e-06      1.735e-05      1.886e-05      4.942e-06      9.187e-06      1.346e-07      8.416e-09      2.664e-08      2.206e-06      2.970e-06      4.969e-09      1.997e-09      2.939e-09      4.293e-06      2.947e-16      2.830e-26      1.605e-15      1.286e-25      1.669e-33      
1.08500e-04     1.34500e-04     4.69000e-04     7.91400e-04     2.00000e+01     4.98000e-01     2.72400e+01     8.500e-02      3.999e-04      2.000e-05      1.617e-06      2.694e-08      1.567e-09      1.192e-08      1.200e-06      1.725e-05      1.882e-05      4.934e-06      9.183e-06      1.341e-07      8.414e-09      2.649e-08      2.200e-06      2.969e-06      4.968e-09      1.997e-09      2.938e-09      4.380e-06      3.047e-16      2.994e-26      1.637e-15      1.346e-25      2.018e-33      
1.09100e-04     1.35300e-04     4.71800e-04     7.83400e-04     2.00000e+01     4.93000e-01     2.73900e+01     8.500e-02      3.999e-04      2.000e-05      1.613e-06      2.687e-08      1.558e-09      1.191e-08      1.199e-06      1.716e-05      1.878e-05      4.925e-06      9.179e-06      1.336e-07      8.412e-09      2.634e-08      2.193e-06      2.969e-06      4.968e-09      1.997e-09      2.936e-09      4.468e-06      3.149e-16      3.166e-26      1.669e-15      1.407e-25      2.435e-33      
1.09800e-04     1.36100e-04     4.74500e-04     7.75500e-04     2.00000e+01     4.88000e-01     2.75500e+01     8.500e-02      3.999e-04      2.000e-05      1.610e-06      2.681e-08      1.549e-09      1.189e-08      1.197e-06      1.706e-05      1.874e-05      4.917e-06      9.175e-06      1.330e-07      8.410e-09      2.619e-08      2.186e-06      2.968e-06      4.967e-09      1.997e-09      2.935e-09      4.557e-06      3.252e-16      3.346e-26      1.701e-15      1.471e-25      2.929e-33      
1.10400e-04     1.36900e-04     4.77300e-04     7.67800e-04     2.00000e+01     4.83000e-01     2.77100e+01     8.500e-02      3.999e-04      2.000e-05      1.607e-06      2.674e-08      1.540e-09      1.188e-08      1.195e-06      1.696e-05      1.870e-05      4.908e-06      9.171e-06      1.325e-07      8.408e-09      2.603e-08      2.180e-06      2.968e-06      4.966e-09      1.997e-09      2.934e-09      4.646e-06      3.358e-16      3.535e-26      1.733e-15      1.536e-25      3.517e-33      
1.11000e-04     1.37700e-04     4.80100e-04     7.60100e-04     2.00000e+01     4.78000e-01     2.78700e+01     8.500e-02      3.999e-04      2.000e-05      1.604e-06      2.667e-08      1.531e-09      1.187e-08      1.194e-06      1.686e-05      1.866e-05      4.899e-06      9.167e-06      1.320e-07      8.406e-09      2.588e-08      2.173e-06      2.967e-06      4.965e-09      1.997e-09      2.932e-09      4.735e-06      3.465e-16      3.732e-26      1.765e-15      1.603e-25      4.212e-33      
1.11700e-04     1.38500e-04     4.82800e-04     7.52600e-04     2.00000e+01     4.73000e-01     2.80300e+01     8.500e-02      3.999e-04      2.000e-05      1.600e-06      2.660e-08      1.522e-09      1.186e-08      1.192e-06      1.676e-05      1.862e-05      4.890e-06      9.163e-06      1.315e-07      8.405e-09      2.572e-08      2.166e-06      2.967e-06      4.965e-09      1.997e-09      2.931e-09      4.824e-06      3.574e-16      3.938e-26      1.796e-15      1.672e-25      5.033e-33      
1.12300e-04     1.39300e-04     4.85600e-04     7.45200e-04     2.00000e+01     4.69000e-01     2.81900e+01     8.500e-02      3.999e-04      2.000e-05      1.597e-06      2.654e-08      1.512e-09      1.184e-08      1.190e-06      1.667e-05      1.858e-05      4.881e-06      9.159e-06      1.309e-07      8.403e-09      2.557e-08      2.159e-06      2.966e-06      4.964e-09      1.997e-09      2.929e-09      4.914e-06      3.685e-16      4.154e-26      1.828e-15      1.743e-25      5.998e-33      
1.13000e-04     1.40100e-04     4.88400e-04     7.38000e-04     2.00000e+01     4.64000e-01     2.83500e+01     8.500e-02      3.999e-04      2.000e-05      1.593e-06      2.647e-08      1.503e-09      1.183e-08      1.188e-06      1.657e-05      1.853e-05      4.872e-06      9.155e-06      1.304e-07      8.401e-09      2.541e-08      2.152e-06      2.966e-06      4.963e-09      1.997e-09      2.928e-09      5.004e-06      3.797e-16      4.380e-26      1.859e-15      1.816e-25      7.133e-33      
1.13600e-04     1.40900e-04     4.91100e-04     7.30800e-04     2.00000e+01     4.60000e-01     2.85100e+01     8.500e-02      3.999e-04      2.000e-05      1.590e-06      2.640e-08      1.493e-09      1.182e-08      1.187e-06      1.646e-05      1.849e-05      4.863e-06      9.151e-06      1.298e-07      8.399e-09      2.525e-08      2.145e-06      2.965e-06      4.962e-09      1.996e-09      2.926e-09      5.095e-06      3.911e-16      4.616e-26      1.890e-15      1.891e-25      8.463e-33      
1.14300e-04     1.41600e-04     4.93900e-04     7.23700e-04     2.00000e+01     4.55000e-01     2.86700e+01     8.500e-02      3.999e-04      2.000e-05      1.587e-06      2.633e-08      1.484e-09      1.180e-08      1.185e-06      1.636e-05      1.845e-05      4.854e-06      9.147e-06      1.293e-07      8.397e-09      2.509e-08      2.138e-06      2.965e-06      4.962e-09      1.996e-09      2.925e-09      5.185e-06      4.027e-16      4.863e-26      1.921e-15      1.968e-25      1.002e-32      
1.14900e-04     1.42400e-04     4.96700e-04     7.16800e-04     2.00000e+01     4.51000e-01     2.88300e+01     8.500e-02      3.999e-04      2.000e-05      1.583e-06      2.626e-08      1.474e-09      1.179e-08      1.183e-06      1.626e-05      1.840e-05      4.844e-06      9.142e-06      1.288e-07      8.395e-09      2.494e-08      2.131e-06      2.964e-06      4.961e-09      1.996e-09      2.923e-09      5.276e-06      4.144e-16      5.121e-26      1.951e-15      2.046e-25      1.184e-32      
1.15500e-04     1.43200e-04     4.99400e-04     7.09900e-04     2.00000e+01     4.46000e-01     2.89900e+01     8.500e-02      3.999e-04      2.000e-05      1.579e-06      2.619e-08      1.465e-09      1.178e-08      1.181e-06      1.616e-05      1.836e-05      4.835e-06      9.138e-06      1.282e-07      8.393e-09      2.478e-08      2.124e-06      2.964e-06      4.960e-09      1.996e-09      2.922e-09      5.367e-06      4.263e-16      5.390e-26      1.982e-15      2.127e-25      1.396e-32      
1.16200e-04     1.44000e-04     5.02200e-04     7.03200e-04     2.00000e+01     4.42000e-01     2.91500e+01     8.500e-02      3.999e-04      2.000e-05      1.576e-06      2.611e-08      1.455e-09      1.176e-08      1.179e-06      1.606e-05      1.831e-05      4.825e-06      9.134e-06      1.277e-07      8.391e-09      2.462e-08      2.116e-06      2.963e-06      4.959e-09      1.996e-09      2.920e-09      5.459e-06      4.383e-16      5.672e-26      2.012e-15      2.209e-25      1.642e-32      
1.16800e-04     1.44800e-04     5.05000e-04     6.96500e-04     2.00000e+01     4.38000e-01     2.93100e+01     8.500e-02      3.998e-04      2.000e-05      1.572e-06      2.604e-08      1.446e-09      1.175e-08      1.178e-06      1.596e-05      1.827e-05      4.816e-06      9.129e-06      1.271e-07      8.389e-09      2.446e-08      2.109e-06      2.963e-06      4.959e-09      1.996e-09      2.919e-09      5.550e-06      4.505e-16      5.966e-26      2.042e-15      2.293e-25      1.928e-32      
1.17500e-04     1.45600e-04     5.07700e-04     6.90000e-04     2.00000e+01     4.34000e-01     2.94600e+01     8.500e-02      3.998e-04      2.000e-05      1.569e-06      2.597e-08      1.436e-09      1.174e-08      1.176e-06      1.585e-05      1.822e-05      4.806e-06      9.125e-06      1.266e-07      8.386e-09      2.430e-08      2.102e-06      2.962e-06      4.958e-09      1.996e-09      2.917e-09      5.642e-06      4.628e-16      6.272e-26      2.072e-15      2.379e-25      2.259e-32      
1.18100e-04     1.46400e-04     5.10500e-04     6.83500e-04     2.00000e+01     4.30000e-01     2.96200e+01     8.500e-02      3.998e-04      2.000e-05      1.565e-06      2.590e-08      1.426e-09      1.172e-08      1.174e-06      1.575e-05      1.818e-05      4.796e-06      9.121e-06      1.260e-07      8.384e-09      2.414e-08      2.094e-06      2.962e-06      4.957e-09      1.996e-09      2.915e-09      5.734e-06      4.753e-16      6.592e-26      2.101e-15      2.467e-25      2.642e-32      
1.18700e-04     1.47200e-04     5.13300e-04     6.77200e-04     2.00000e+01     4.26000e-01     2.97800e+01     8.500e-02      3.998e-04      2.000e-05      1.561e-06      2.582e-08      1.417e-09      1.171e-08      1.172e-06      1.565e-05      1.813e-05      4.787e-06      9.116e-06      1.255e-07      8.382e-09      2.398e-08      2.087e-06      2.961e-06      4.956e-09      1.996e-09      2.914e-09      5.826e-06      4.879e-16      6.926e-26      2.130e-15      2.558e-25      3.083e-32      
1.19400e-04     1.48000e-04     5.16000e-04     6.70900e-04     2.00000e+01     4.22000e-01     2.99400e+01     8.500e-02      3.998e-04      2.000e-05      1.558e-06      2.575e-08      1.407e-09      1.170e-08      1.170e-06      1.554e-05      1.808e-05      4.777e-06      9.112e-06      1.249e-07      8.380e-09      2.381e-08      2.080e-06      2.960e-06      4.955e-09      1.996e-09      2.912e-09      5.918e-06      5.007e-16      7.275e-26      2.159e-15      2.650e-25      3.592e-32      
1.20000e-04     1.48800e-04     5.18800e-04     6.64800e-04     2.00000e+01     4.18000e-01     3.01000e+01     8.500e-02      3.998e-04      2.000e-05      1.554e-06      2.568e-08      1.397e-09      1.168e-08      1.168e-06      1.544e-05      1.804e-05      4.767e-06      9.107e-06      1.243e-07      8.378e-09      2.365e-08      2.072e-06      2.960e-06      4.955e-09      1.996e-09      2.911e-09      6.010e-06      5.135e-16      7.638e-26      2.187e-15      2.743e-25      4.177e-32      
1.20700e-04     1.49600e-04     5.21600e-04     6.58700e-04     2.00000e+01     4.14000e-01     3.02600e+01     8.500e-02      3.998e-04      2.000e-05      1.550e-06      2.560e-08      1.387e-09      1.167e-08      1.166e-06      1.533e-05      1.799e-05      4.757e-06      9.102e-06      1.238e-07      8.376e-09      2.349e-08      2.065e-06      2.959e-06      4.954e-09      1.996e-09      2.909e-09      6.102e-06      5.265e-16      8.017e-26      2.215e-15      2.839e-25      4.849e-32      
1.21300e-04     1.50400e-04     5.24300e-04     6.52700e-04     2.00000e+01     4.10000e-01     3.04200e+01     8.500e-02      3.998e-04      2.000e-05      1.546e-06      2.553e-08      1.378e-09      1.165e-08      1.164e-06      1.523e-05      1.794e-05      4.746e-06      9.098e-06      1.232e-07      8.374e-09      2.333e-08      2.057e-06      2.959e-06      4.953e-09      1.996e-09      2.907e-09      6.194e-06      5.396e-16      8.413e-26      2.243e-15      2.937e-25      5.619e-32      
1.22000e-04     1.51200e-04     5.27100e-04     6.46800e-04     2.00000e+01     4.07000e-01     3.05800e+01     8.500e-02      3.998e-04      2.000e-05      1.542e-06      2.545e-08      1.368e-09      1.164e-08      1.162e-06      1.513e-05      1.789e-05      4.736e-06      9.093e-06      1.227e-07      8.372e-09      2.317e-08      2.050e-06      2.958e-06      4.952e-09      1.996e-09      2.906e-09      6.286e-06      5.529e-16      8.824e-26      2.270e-15      3.037e-25      6.498e-32      
1.22600e-04     1.52000e-04     5.29900e-04     6.40900e-04     2.00000e+01     4.03000e-01     3.07400e+01     8.500e-02      3.998e-04      2.000e-05      1.539e-06      2.537e-08      1.358e-09      1.163e-08      1.160e-06      1.502e-05      1.785e-05      4.726e-06      9.088e-06      1.221e-07      8.369e-09      2.300e-08      2.042e-06      2.958e-06      4.951e-09      1.995e-09      2.904e-09      6.378e-06      5.662e-16      9.254e-26      2.297e-15      3.138e-25      7.503e-32      
1.23200e-04     1.52800e-04     5.32600e-04     6.35200e-04     2.00000e+01     3.99000e-01     3.09000e+01     8.500e-02      3.998e-04      2.000e-05      1.535e-06      2.530e-08      1.348e-09      1.161e-08      1.159e-06      1.492e-05      1.780e-05      4.716e-06      9.084e-06      1.215e-07      8.367e-09      2.284e-08      2.034e-06      2.957e-06      4.950e-09      1.995e-09      2.902e-09      6.471e-06      5.797e-16      9.702e-26      2.324e-15      3.242e-25      8.651e-32      
1.23900e-04     1.53600e-04     5.35400e-04     6.29400e-04     2.00000e+01     3.96000e-01     3.10600e+01     8.500e-02      3.998e-04      2.000e-05      1.531e-06      2.522e-08      1.338e-09      1.160e-08      1.157e-06      1.481e-05      1.775e-05      4.705e-06      9.079e-06      1.210e-07      8.365e-09      2.268e-08      2.027e-06      2.956e-06      4.950e-09      1.995e-09      2.900e-09      6.563e-06      5.932e-16      1.017e-25      2.350e-15      3.348e-25      9.955e-32      
1.24500e-04     1.54400e-04     5.38200e-04     6.23800e-04     2.00000e+01     3.92000e-01     3.12200e+01     8.500e-02      3.998e-04      2.000e-05      1.527e-06      2.514e-08      1.328e-09      1.158e-08      1.155e-06      1.471e-05      1.770e-05      4.695e-06      9.074e-06      1.204e-07      8.363e-09      2.252e-08      2.019e-06      2.956e-06      4.949e-09      1.995e-09      2.899e-09      6.655e-06      6.068e-16      1.065e-25      2.375e-15      3.455e-25      1.144e-31      
1.25200e-04     1.55200e-04     5.41000e-04     6.18300e-04     2.00000e+01     3.89000e-01     3.13800e+01     8.500e-02      3.998e-04      2.000e-05      1.523e-06      2.507e-08      1.318e-09      1.157e-08      1.153e-06      1.460e-05      1.765e-05      4.684e-06      9.069e-06      1.198e-07      8.360e-09      2.235e-08      2.011e-06      2.955e-06      4.948e-09      1.995e-09      2.897e-09      6.747e-06      6.206e-16      1.116e-25      2.401e-15      3.564e-25      1.312e-31      
1.25800e-04     1.56000e-04     5.43700e-04     6.12900e-04     2.00000e+01     3.85000e-01     3.15400e+01     8.500e-02      3.998e-04      2.000e-05      1.519e-06      2.499e-08      1.309e-09      1.155e-08      1.151e-06      1.449e-05      1.760e-05      4.674e-06      9.064e-06      1.193e-07      8.358e-09      2.219e-08      2.003e-06      2.955e-06      4.947e-09      1.995e-09      2.895e-09      6.839e-06      6.344e-16      1.169e-25      2.425e-15      3.676e-25      1.503e-31      
1.26500e-04     1.56800e-04     5.46500e-04     6.07500e-04     2.00000e+01     3.82000e-01     3.16900e+01     8.500e-02      3.997e-04      2.000e-05      1.515e-06      2.491e-08      1.299e-09      1.154e-08      1.148e-06      1.439e-05      1.755e-05      4.663e-06      9.059e-06      1.187e-07      8.356e-09      2.203e-08      1.996e-06      2.954e-06      4.946e-09      1.995e-09      2.894e-09      6.931e-06      6.483e-16      1.224e-25      2.450e-15      3.789e-25      1.719e-31      
1.27100e-04     1.57500e-04     5.49300e-04     6.02300e-04     2.00000e+01     3.79000e-01     3.18500e+01     8.500e-02      3.997e-04      2.000e-05      1.511e-06      2.483e-08      1.289e-09      1.152e-08      1.146e-06      1.428e-05      1.750e-05      4.652e-06      9.055e-06      1.181e-07      8.354e-09      2.187e-08      1.988e-06      2.953e-06      4.945e-09      1.995e-09      2.892e-09      7.022e-06      6.623e-16      1.281e-25      2.474e-15      3.904e-25      1.963e-31      
