# Collapse Model Output 
 
# ev_output/ev_24534.dat in GNUPLOT format produced by evolve_output.pl 
 
X               Y               Z              DENSITY         TEMP            AV              TIME            He          CO          N2          CH4         NH3         H2S         HCP         H2O         C2H2        HCN         CS          SiC2        HCl         HF          C2H4        SiO         SiS         Mg          Na          Fe          C2H         C4H         C6H         HC3N        HC5N        HC7N        
#(PC)            (PC)            (PC)           (CM-3)          (K)             (MAG)           (YR)	       (wrt Hnuc)     
 
-7.89500e-06    3.91600e-06     5.72900e-06     6.35600e-01     1.86000e+03     3.99700e+02     1.11500e+00     8.500e-02      4.000e-04      2.000e-05      1.750e-06      3.000e-08      2.000e-09      1.250e-08      1.275e-06      2.190e-05      2.045e-05      5.300e-06      9.350e-06      1.625e-07      8.500e-09      3.425e-08      2.510e-06      2.990e-06      5.000e-09      2.000e-09      3.000e-09      1.183e-29      7.018e-65      6.963e-95      7.905e-37      5.473e-68      2.610e+00      
-9.99500e-06    4.95500e-06     7.25600e-06     4.58900e-01     1.35100e+03     2.88600e+02     1.27400e+00     8.500e-02      4.000e-04      2.000e-05      1.750e-06      3.000e-08      2.000e-09      1.250e-08      1.275e-06      2.190e-05      2.045e-05      5.300e-06      9.350e-06      1.625e-07      8.500e-09      3.425e-08      2.510e-06      2.990e-06      5.000e-09      2.000e-09      3.000e-09      1.199e-29      7.973e-65      7.103e-95      8.918e-37      5.648e-68      3.824e+00      
-1.21200e-05    6.00700e-06     8.80100e-06     3.46600e-01     1.04200e+03     2.18000e+02     1.43300e+00     8.500e-02      4.000e-04      2.000e-05      1.750e-06      3.000e-08      2.000e-09      1.250e-08      1.275e-06      2.190e-05      2.045e-05      5.300e-06      9.350e-06      1.625e-07      8.500e-09      3.425e-08      2.510e-06      2.990e-06      5.000e-09      2.000e-09      3.000e-09      1.200e-29      8.926e-65      7.220e-95      9.795e-37      5.816e-68      4.910e+00      
-1.42600e-05    7.06600e-06     1.03600e-05     2.74900e-01     8.38200e+02     1.72900e+02     1.59300e+00     8.500e-02      4.000e-04      2.000e-05      1.750e-06      3.000e-08      2.000e-09      1.250e-08      1.275e-06      2.190e-05      2.045e-05      5.300e-06      9.350e-06      1.625e-07      8.500e-09      3.425e-08      2.510e-06      2.990e-06      5.000e-09      2.000e-09      3.000e-09      1.200e-29      9.878e-65      7.320e-95      1.057e-36      5.976e-68      5.898e+00      
