# Collapse Model Output 
 
# ev_output/ev_21810.dat in GNUPLOT format produced by evolve_output.pl 
 
X               Y               Z              DENSITY         TEMP            AV              TIME            He          CO          N2          CH4         NH3         H2S         HCP         H2O         C2H2        HCN         CS          SiC2        HCl         HF          C2H4        SiO         SiS         Mg          Na          Fe          C2H         C4H         C6H         HC3N        HC5N        HC7N        
#(PC)            (PC)            (PC)           (CM-3)          (K)             (MAG)           (YR)	       (wrt Hnuc)     
 
9.27800e-07     -5.25900e-06    8.82100e-06     6.30800e-01     1.90700e+03     3.96800e+02     9.55600e-01     8.500e-02      4.000e-04      2.000e-05      1.750e-06      3.000e-08      2.000e-09      1.250e-08      1.275e-06      2.190e-05      2.045e-05      5.300e-06      9.350e-06      1.625e-07      8.500e-09      3.425e-08      2.510e-06      2.990e-06      5.000e-09      2.000e-09      3.000e-09      1.257e-29      1.037e-64      1.862e-97      5.943e-37      9.844e-70      2.473e+00      
1.17900e-06     -6.68300e-06    1.12100e-05     4.49500e-01     1.37900e+03     2.82700e+02     1.11500e+00     8.500e-02      4.000e-04      2.000e-05      1.750e-06      3.000e-08      2.000e-09      1.250e-08      1.275e-06      2.190e-05      2.045e-05      5.300e-06      9.350e-06      1.625e-07      8.500e-09      3.425e-08      2.510e-06      2.990e-06      5.000e-09      2.000e-09      3.000e-09      1.287e-29      1.268e-64      2.892e-96      6.991e-37      2.395e-69      4.088e+00      
1.43400e-06     -8.12600e-06    1.36300e-05     3.36100e-01     1.06000e+03     2.11400e+02     1.27400e+00     8.500e-02      4.000e-04      2.000e-05      1.750e-06      3.000e-08      2.000e-09      1.250e-08      1.275e-06      2.190e-05      2.045e-05      5.300e-06      9.350e-06      1.625e-07      8.500e-09      3.425e-08      2.510e-06      2.990e-06      5.000e-09      2.000e-09      3.000e-09      1.290e-29      1.498e-64      5.204e-96      7.897e-37      3.790e-69      1.044e+00      
1.69000e-06     -9.57900e-06    1.60600e-05     2.64000e-01     8.49800e+02     1.66000e+02     1.43300e+00     8.500e-02      4.000e-04      2.000e-05      1.750e-06      3.000e-08      2.000e-09      1.250e-08      1.275e-06      2.190e-05      2.045e-05      5.300e-06      9.350e-06      1.625e-07      8.500e-09      3.425e-08      2.510e-06      2.990e-06      5.000e-09      2.000e-09      3.000e-09      1.290e-29      1.726e-64      7.195e-96      8.691e-37      5.135e-69      1.824e+00      
1.94800e-06     -1.10400e-05    1.85100e-05     2.12000e-01     7.02400e+02     1.33300e+02     1.59300e+00     8.500e-02      4.000e-04      2.000e-05      1.750e-06      3.000e-08      2.000e-09      1.250e-08      1.275e-06      2.190e-05      2.045e-05      5.300e-06      9.350e-06      1.625e-07      8.500e-09      3.425e-08      2.510e-06      2.990e-06      5.000e-09      2.000e-09      3.000e-09      1.290e-29      1.949e-64      8.893e-96      9.390e-37      6.395e-69      2.637e+00      
2.20500e-06     -1.25100e-05    2.09700e-05     1.74200e-01     5.94300e+02     1.09600e+02     1.75200e+00     8.500e-02      4.000e-04      2.000e-05      1.750e-06      3.000e-08      2.000e-09      1.250e-08      1.275e-06      2.190e-05      2.045e-05      5.300e-06      9.350e-06      1.625e-07      8.500e-09      3.425e-08      2.510e-06      2.990e-06      5.000e-09      2.000e-09      3.000e-09      1.290e-29      2.167e-64      1.037e-95      1.001e-36      7.581e-69      3.477e+00      
2.46300e-06     -1.39800e-05    2.34300e-05     1.45500e-01     5.12200e+02     9.15300e+01     1.91100e+00     8.500e-02      4.000e-04      2.000e-05      1.750e-06      3.000e-08      2.000e-09      1.250e-08      1.275e-06      2.190e-05      2.045e-05      5.300e-06      9.350e-06      1.625e-07      8.500e-09      3.425e-08      2.510e-06      2.990e-06      5.000e-09      2.000e-09      3.000e-09      1.290e-29      2.378e-64      1.166e-95      1.057e-36      8.697e-69      4.344e+00      
2.72100e-06     -1.54500e-05    2.59000e-05     1.24700e-01     4.48200e+02     7.84400e+01     2.07100e+00     8.500e-02      4.000e-04      2.000e-05      1.750e-06      3.000e-08      2.000e-09      1.250e-08      1.275e-06      2.190e-05      2.045e-05      5.300e-06      9.350e-06      1.625e-07      8.500e-09      3.425e-08      2.510e-06      2.990e-06      5.000e-09      2.000e-09      3.000e-09      1.290e-29      2.584e-64      1.284e-95      1.108e-36      9.793e-69      5.317e+00      
2.97900e-06     -1.69300e-05    2.83700e-05     1.06500e-01     3.97100e+02     6.69700e+01     2.23000e+00     8.500e-02      4.000e-04      2.000e-05      1.750e-06      3.000e-08      2.000e-09      1.250e-08      1.275e-06      2.190e-05      2.045e-05      5.300e-06      9.350e-06      1.625e-07      8.500e-09      3.425e-08      2.510e-06      2.990e-06      5.000e-09      2.000e-09      3.000e-09      1.290e-29      2.781e-64      1.389e-95      1.154e-36      1.082e-68      6.281e+00      
3.23600e-06     -1.84200e-05    3.08500e-05     9.30200e-02     3.55600e+02     5.85000e+01     2.38900e+00     8.500e-02      4.000e-04      2.000e-05      1.750e-06      3.000e-08      2.000e-09      1.250e-08      1.275e-06      2.190e-05      2.045e-05      5.300e-06      9.350e-06      1.625e-07      8.500e-09      3.425e-08      2.510e-06      2.990e-06      5.000e-09      2.000e-09      3.000e-09      1.290e-29      2.973e-64      1.484e-95      1.196e-36      1.179e-68      7.255e+00      
3.49300e-06     -1.99100e-05    3.33200e-05     8.18900e-02     3.21200e+02     5.15000e+01     2.54800e+00     8.500e-02      4.000e-04      2.000e-05      1.750e-06      3.000e-08      2.000e-09      1.250e-08      1.275e-06      2.190e-05      2.045e-05      5.300e-06      9.350e-06      1.625e-07      8.500e-09      3.425e-08      2.510e-06      2.990e-06      5.000e-09      2.000e-09      3.000e-09      1.290e-29      3.158e-64      1.567e-95      1.235e-36      1.269e-68      8.151e+00      
3.75000e-06     -2.14000e-05    3.58000e-05     7.28600e-02     2.92500e+02     4.58300e+01     2.70800e+00     8.500e-02      4.000e-04      2.000e-05      1.750e-06      3.000e-08      2.000e-09      1.250e-08      1.275e-06      2.190e-05      2.045e-05      5.300e-06      9.350e-06      1.625e-07      8.500e-09      3.425e-08      2.510e-06      2.990e-06      5.000e-09      2.000e-09      3.000e-09      1.290e-29      3.336e-64      1.640e-95      1.272e-36      1.352e-68      8.960e+00      
4.00600e-06     -2.29000e-05    3.82800e-05     6.46300e-02     2.68000e+02     4.06500e+01     2.86700e+00     8.500e-02      4.000e-04      2.000e-05      1.750e-06      3.000e-08      2.000e-09      1.250e-08      1.275e-06      2.190e-05      2.045e-05      5.300e-06      9.350e-06      1.625e-07      8.500e-09      3.425e-08      2.510e-06      2.990e-06      5.000e-09      2.000e-09      3.000e-09      1.290e-29      3.510e-64      1.706e-95      1.305e-36      1.429e-68      9.744e+00      
4.26300e-06     -2.44000e-05    4.07600e-05     5.81200e-02     2.47000e+02     3.65500e+01     3.02600e+00     8.500e-02      4.000e-04      2.000e-05      1.750e-06      3.000e-08      2.000e-09      1.250e-08      1.275e-06      2.190e-05      2.045e-05      5.300e-06      9.350e-06      1.625e-07      8.500e-09      3.425e-08      2.510e-06      2.990e-06      5.000e-09      2.000e-09      3.000e-09      1.290e-29      3.246e-54      1.202e-85      1.336e-36      1.503e-68      6.805e-97      
4.52000e-06     -2.59000e-05    4.32400e-05     5.25400e-02     2.28700e+02     3.30400e+01     3.18500e+00     8.500e-02      4.000e-04      2.000e-05      1.750e-06      3.000e-08      2.000e-09      1.250e-08      1.275e-06      2.190e-05      2.045e-05      5.300e-06      9.350e-06      1.625e-07      8.500e-09      3.425e-08      2.510e-06      2.990e-06      5.000e-09      2.000e-09      3.000e-09      1.290e-29      1.103e-50      3.918e-82      1.366e-36      1.573e-68      8.225e-93      
4.77600e-06     -2.74000e-05    4.57200e-05     4.77600e-02     2.12700e+02     3.00400e+01     3.34500e+00     8.500e-02      4.000e-04      2.000e-05      1.750e-06      3.000e-08      2.000e-09      1.250e-08      1.275e-06      2.190e-05      2.045e-05      5.300e-06      9.350e-06      1.625e-07      8.500e-09      3.425e-08      2.510e-06      2.990e-06      5.000e-09      2.000e-09      3.000e-09      1.290e-29      2.533e-47      9.733e-79      1.393e-36      1.640e-68      3.052e-88      
5.03200e-06     -2.89100e-05    4.82000e-05     4.36300e-02     1.98500e+02     2.74400e+01     3.50400e+00     8.500e-02      4.000e-04      2.000e-05      1.750e-06      3.000e-08      2.000e-09      1.250e-08      1.275e-06      2.190e-05      2.045e-05      5.300e-06      9.350e-06      1.625e-07      8.500e-09      3.425e-08      2.510e-06      2.990e-06      5.000e-09      2.000e-09      3.000e-09      1.290e-29      8.717e-45      5.805e-75      1.419e-36      1.704e-68      2.341e-85      
5.28900e-06     -3.04200e-05    5.06700e-05     4.00200e-02     1.85900e+02     2.51700e+01     3.66300e+00     8.500e-02      4.000e-04      2.000e-05      1.750e-06      3.000e-08      2.000e-09      1.250e-08      1.275e-06      2.190e-05      2.045e-05      5.300e-06      9.350e-06      1.625e-07      8.500e-09      3.425e-08      2.510e-06      2.990e-06      5.000e-09      2.000e-09      3.000e-09      1.293e-29      2.969e-42      3.157e-71      1.443e-36      1.766e-68      2.687e-83      
5.54500e-06     -3.19300e-05    5.31500e-05     3.68700e-02     1.74600e+02     2.31900e+01     3.82200e+00     8.500e-02      4.000e-04      2.000e-05      1.750e-06      3.000e-08      2.000e-09      1.250e-08      1.275e-06      2.190e-05      2.045e-05      5.300e-06      9.350e-06      1.625e-07      8.500e-09      3.425e-08      2.510e-06      2.990e-06      5.000e-09      2.000e-09      3.000e-09      1.541e-29      2.702e-40      7.929e-68      1.466e-36      1.826e-68      2.217e-81      
5.80100e-06     -3.34400e-05    5.56300e-05     3.41000e-02     1.64400e+02     2.14500e+01     3.98200e+00     8.500e-02      4.000e-04      2.000e-05      1.750e-06      3.000e-08      2.000e-09      1.250e-08      1.275e-06      2.190e-05      2.045e-05      5.300e-06      9.350e-06      1.625e-07      8.500e-09      3.425e-08      2.510e-06      2.990e-06      5.000e-09      2.000e-09      3.000e-09      1.531e-28      1.078e-38      2.358e-65      1.488e-36      1.899e-68      3.391e-80      
6.05700e-06     -3.49500e-05    5.81100e-05     3.16400e-02     1.55200e+02     1.99000e+01     4.14100e+00     8.500e-02      4.000e-04      2.000e-05      1.750e-06      3.000e-08      2.000e-09      1.250e-08      1.275e-06      2.190e-05      2.045e-05      5.300e-06      9.350e-06      1.625e-07      8.500e-09      3.425e-08      2.510e-06      2.990e-06      5.000e-09      2.000e-09      3.000e-09      4.975e-27      5.427e-37      8.173e-62      1.512e-36      3.820e-68      7.608e-78      
6.31300e-06     -3.64700e-05    6.05900e-05     3.00700e-02     1.46800e+02     1.89100e+01     4.30000e+00     8.500e-02      4.000e-04      2.000e-05      1.750e-06      3.000e-08      2.000e-09      1.250e-08      1.275e-06      2.190e-05      2.045e-05      5.300e-06      9.350e-06      1.625e-07      8.500e-09      3.425e-08      2.510e-06      2.990e-06      5.000e-09      2.000e-09      3.000e-09      5.166e-26      2.256e-36      2.358e-61      1.546e-36      5.955e-68      1.144e-77      
6.56800e-06     -3.79800e-05    6.30700e-05     2.80700e-02     1.39200e+02     1.76500e+01     4.46000e+00     8.500e-02      4.000e-04      2.000e-05      1.750e-06      3.000e-08      2.000e-09      1.250e-08      1.275e-06      2.190e-05      2.045e-05      5.300e-06      9.350e-06      1.625e-07      8.500e-09      3.425e-08      2.510e-06      2.990e-06      5.000e-09      2.000e-09      3.000e-09      8.944e-25      2.179e-35      2.821e-60      1.785e-36      1.038e-66      7.444e-77      
6.82400e-06     -3.95000e-05    6.55400e-05     2.62600e-02     1.32200e+02     1.65200e+01     4.61900e+00     8.500e-02      4.000e-04      2.000e-05      1.750e-06      3.000e-08      2.000e-09      1.250e-08      1.275e-06      2.190e-05      2.045e-05      5.300e-06      9.350e-06      1.625e-07      8.500e-09      3.425e-08      2.510e-06      2.990e-06      5.000e-09      2.000e-09      3.000e-09      1.236e-23      2.855e-34      1.234e-58      6.090e-36      2.393e-64      9.321e-75      
7.07900e-06     -4.10200e-05    6.80200e-05     2.46200e-02     1.25800e+02     1.54800e+01     4.77800e+00     8.500e-02      4.000e-04      2.000e-05      1.750e-06      3.000e-08      2.000e-09      1.250e-08      1.275e-06      2.190e-05      2.045e-05      5.300e-06      9.350e-06      1.625e-07      8.500e-09      3.425e-08      2.510e-06      2.990e-06      5.000e-09      2.000e-09      3.000e-09      1.360e-22      3.135e-33      7.773e-57      7.264e-35      4.255e-62      1.642e-72      
7.33400e-06     -4.25300e-05    7.05000e-05     2.31400e-02     1.19900e+02     1.45500e+01     4.93700e+00     8.500e-02      4.000e-04      2.000e-05      1.750e-06      3.000e-08      2.000e-09      1.250e-08      1.275e-06      2.190e-05      2.045e-05      5.300e-06      9.350e-06      1.625e-07      8.500e-09      3.425e-08      2.510e-06      2.990e-06      5.000e-09      2.000e-09      3.000e-09      1.193e-21      2.790e-32      4.248e-55      8.858e-34      5.563e-60      2.433e-70      
7.59000e-06     -4.40500e-05    7.29800e-05     2.17900e-02     1.14400e+02     1.37000e+01     5.09700e+00     8.500e-02      4.000e-04      2.000e-05      1.750e-06      3.000e-08      2.000e-09      1.250e-08      1.275e-06      2.190e-05      2.045e-05      5.300e-06      9.350e-06      1.625e-07      8.500e-09      3.425e-08      2.510e-06      2.990e-06      5.000e-09      2.000e-09      3.000e-09      8.646e-21      2.339e-31      2.378e-53      1.028e-32      6.550e-58      3.672e-68      
7.84500e-06     -4.55700e-05    7.54500e-05     2.05500e-02     1.09400e+02     1.29300e+01     5.25600e+00     8.500e-02      4.000e-04      2.000e-05      1.750e-06      3.000e-08      2.000e-09      1.250e-08      1.275e-06      2.190e-05      2.045e-05      5.300e-06      9.350e-06      1.625e-07      8.500e-09      3.425e-08      2.510e-06      2.990e-06      5.000e-09      2.000e-09      3.000e-09      5.305e-20      1.788e-30      1.277e-51      1.070e-31      6.615e-56      5.108e-66      
8.09900e-06     -4.70900e-05    7.79300e-05     1.94200e-02     1.04700e+02     1.22200e+01     5.41500e+00     8.500e-02      4.000e-04      2.000e-05      1.750e-06      3.000e-08      2.000e-09      1.250e-08      1.275e-06      2.190e-05      2.045e-05      5.300e-06      9.350e-06      1.625e-07      8.500e-09      3.425e-08      2.510e-06      2.990e-06      5.000e-09      2.000e-09      3.000e-09      2.809e-19      9.979e-30      3.782e-50      7.775e-31      2.553e-54      1.815e-64      
8.35400e-06     -4.86100e-05    8.04100e-05     1.83900e-02     1.00300e+02     1.15600e+01     5.57400e+00     8.500e-02      4.000e-04      2.000e-05      1.750e-06      3.000e-08      2.000e-09      1.250e-08      1.275e-06      2.190e-05      2.045e-05      5.300e-06      9.350e-06      1.625e-07      8.500e-09      3.425e-08      2.510e-06      2.990e-06      5.000e-09      2.000e-09      3.000e-09      1.302e-18      3.594e-29      2.247e-49      3.433e-30      2.603e-53      1.939e-63      
8.60900e-06     -5.01300e-05    8.28800e-05     1.74300e-02     9.62300e+01     1.09600e+01     5.73400e+00     8.500e-02      4.000e-04      2.000e-05      1.750e-06      3.000e-08      2.000e-09      1.250e-08      1.275e-06      2.190e-05      2.045e-05      5.300e-06      9.350e-06      1.625e-07      8.500e-09      3.425e-08      2.510e-06      2.990e-06      5.000e-09      2.000e-09      3.000e-09      5.368e-18      1.377e-28      1.747e-48      1.652e-29      4.340e-52      2.737e-62      
8.86300e-06     -5.16500e-05    8.53600e-05     1.66400e-02     9.24100e+01     1.04700e+01     5.89300e+00     8.500e-02      4.000e-04      2.000e-05      1.750e-06      3.000e-08      2.000e-09      1.250e-08      1.275e-06      2.190e-05      2.045e-05      5.300e-06      9.350e-06      1.625e-07      8.500e-09      3.425e-08      2.510e-06      2.990e-06      5.000e-09      2.000e-09      3.000e-09      1.809e-17      4.838e-28      1.378e-47      7.050e-29      6.418e-51      3.806e-61      
9.11800e-06     -5.31700e-05    8.78300e-05     1.58500e-02     8.88400e+01     9.97000e+00     6.05200e+00     8.500e-02      4.000e-04      2.000e-05      1.750e-06      3.000e-08      2.000e-09      1.250e-08      1.275e-06      2.190e-05      2.045e-05      5.300e-06      9.350e-06      1.625e-07      8.500e-09      3.425e-08      2.510e-06      2.990e-06      5.000e-09      2.000e-09      3.000e-09      5.800e-17      1.566e-27      1.079e-46      2.749e-28      8.103e-50      4.844e-60      
9.37300e-06     -5.46900e-05    9.03100e-05     1.51000e-02     8.54900e+01     9.49500e+00     6.21200e+00     8.500e-02      4.000e-04      2.000e-05      1.750e-06      3.000e-08      2.000e-09      1.250e-08      1.275e-06      2.190e-05      2.045e-05      5.300e-06      9.350e-06      1.625e-07      8.500e-09      3.425e-08      2.510e-06      2.990e-06      5.000e-09      2.000e-09      3.000e-09      1.770e-16      4.779e-27      7.759e-46      1.008e-27      9.069e-49      5.499e-59      
9.62700e-06     -5.62100e-05    9.27800e-05     1.43900e-02     8.23400e+01     9.05300e+00     6.37100e+00     8.500e-02      4.000e-04      2.000e-05      1.750e-06      3.000e-08      2.000e-09      1.250e-08      1.275e-06      2.190e-05      2.045e-05      5.300e-06      9.350e-06      1.625e-07      8.500e-09      3.425e-08      2.510e-06      2.990e-06      5.000e-09      2.000e-09      3.000e-09      5.059e-16      1.376e-26      5.015e-45      3.453e-27      8.956e-48      5.510e-58      
9.88200e-06     -5.77300e-05    9.52600e-05     1.37400e-02     7.93800e+01     8.64300e+00     6.53000e+00     8.500e-02      4.000e-04      2.000e-05      1.750e-06      3.000e-08      2.000e-09      1.250e-08      1.275e-06      2.190e-05      2.045e-05      5.300e-06      9.350e-06      1.625e-07      8.500e-09      3.425e-08      2.510e-06      2.990e-06      5.000e-09      2.000e-09      3.000e-09      1.350e-15      3.721e-26      2.916e-44      1.099e-26      7.759e-47      4.861e-57      
1.01400e-05     -5.92600e-05    9.77300e-05     1.31300e-02     7.65800e+01     8.26000e+00     6.68900e+00     8.500e-02      4.000e-04      2.000e-05      1.750e-06      3.000e-08      2.000e-09      1.250e-08      1.275e-06      2.190e-05      2.045e-05      5.300e-06      9.350e-06      1.625e-07      8.500e-09      3.425e-08      2.510e-06      2.990e-06      5.000e-09      2.000e-09      3.000e-09      3.388e-15      9.478e-26      1.545e-43      3.261e-26      6.026e-46      3.855e-56      
1.03900e-05     -6.07800e-05    1.00200e-04     1.25500e-02     7.39500e+01     7.89200e+00     6.84900e+00     8.500e-02      4.000e-04      2.000e-05      1.750e-06      3.000e-08      2.000e-09      1.250e-08      1.275e-06      2.190e-05      2.045e-05      5.300e-06      9.350e-06      1.625e-07      8.500e-09      3.425e-08      2.510e-06      2.990e-06      5.000e-09      2.000e-09      3.000e-09      8.139e-15      2.294e-25      7.441e-43      9.132e-26      4.042e-45      2.634e-55      
1.06400e-05     -6.23000e-05    1.02700e-04     1.20200e-02     7.14600e+01     7.55800e+00     7.00800e+00     8.500e-02      4.000e-04      2.000e-05      1.750e-06      3.000e-08      2.000e-09      1.250e-08      1.275e-06      2.190e-05      2.045e-05      5.300e-06      9.350e-06      1.625e-07      8.500e-09      3.425e-08      2.510e-06      2.990e-06      5.000e-09      2.000e-09      3.000e-09      1.838e-14      5.278e-25      3.272e-42      2.410e-25      2.501e-44      1.658e-54      
1.09000e-05     -6.38200e-05    1.05200e-04     1.15200e-02     6.91000e+01     7.24600e+00     7.16700e+00     8.500e-02      4.000e-04      2.000e-05      1.750e-06      3.000e-08      2.000e-09      1.250e-08      1.275e-06      2.190e-05      2.045e-05      5.300e-06      9.350e-06      1.625e-07      8.500e-09      3.425e-08      2.510e-06      2.990e-06      5.000e-09      2.000e-09      3.000e-09      3.937e-14      1.148e-24      1.336e-41      5.953e-25      1.435e-43      9.802e-54      
1.11500e-05     -6.53400e-05    1.07600e-04     1.10700e-02     6.68700e+01     6.96300e+00     7.32600e+00     8.500e-02      4.000e-04      2.000e-05      1.750e-06      3.000e-08      2.000e-09      1.250e-08      1.275e-06      2.190e-05      2.045e-05      5.300e-06      9.350e-06      1.625e-07      8.500e-09      3.425e-08      2.510e-06      2.990e-06      5.000e-09      2.000e-09      3.000e-09      7.962e-14      2.376e-24      4.767e-41      1.387e-24      6.534e-43      4.515e-53      
1.14100e-05     -6.68600e-05    1.10100e-04     1.07200e-02     6.47500e+01     6.73900e+00     7.48600e+00     8.500e-02      4.000e-04      2.000e-05      1.750e-06      3.000e-08      2.000e-09      1.250e-08      1.275e-06      2.190e-05      2.045e-05      5.300e-06      9.350e-06      1.625e-07      8.500e-09      3.425e-08      2.510e-06      2.990e-06      5.000e-09      2.000e-09      3.000e-09      1.470e-13      4.639e-24      1.511e-40      3.003e-24      2.719e-42      1.911e-52      
1.16600e-05     -6.83900e-05    1.12600e-04     1.03000e-02     6.27400e+01     6.47600e+00     7.64500e+00     8.500e-02      4.000e-04      2.000e-05      1.750e-06      3.000e-08      2.000e-09      1.250e-08      1.275e-06      2.190e-05      2.045e-05      5.300e-06      9.350e-06      1.625e-07      8.500e-09      3.425e-08      2.510e-06      2.990e-06      5.000e-09      2.000e-09      3.000e-09      2.703e-13      8.633e-24      4.692e-40      6.172e-24      1.044e-41      7.507e-52      
1.19200e-05     -6.99100e-05    1.15100e-04     9.90400e-03     6.08300e+01     6.22900e+00     7.80400e+00     8.500e-02      4.000e-04      2.000e-05      1.750e-06      3.000e-08      2.000e-09      1.250e-08      1.275e-06      2.190e-05      2.045e-05      5.300e-06      9.350e-06      1.625e-07      8.500e-09      3.425e-08      2.510e-06      2.990e-06      5.000e-09      2.000e-09      3.000e-09      4.881e-13      1.559e-23      1.380e-39      1.231e-23      3.799e-41      2.778e-51      
1.21700e-05     -7.14300e-05    1.17500e-04     9.53400e-03     5.90200e+01     5.99600e+00     7.96300e+00     8.500e-02      4.000e-04      2.000e-05      1.750e-06      3.000e-08      2.000e-09      1.250e-08      1.275e-06      2.190e-05      2.045e-05      5.300e-06      9.350e-06      1.625e-07      8.500e-09      3.425e-08      2.510e-06      2.990e-06      5.000e-09      2.000e-09      3.000e-09      8.601e-13      2.745e-23      3.842e-39      2.390e-23      1.316e-40      9.708e-51      
1.24300e-05     -7.29500e-05    1.20000e-04     9.18500e-03     5.72900e+01     5.77700e+00     8.12300e+00     8.500e-02      4.000e-04      2.000e-05      1.750e-06      3.000e-08      2.000e-09      1.250e-08      1.275e-06      2.190e-05      2.045e-05      5.300e-06      9.350e-06      1.625e-07      8.500e-09      3.425e-08      2.510e-06      2.990e-06      5.000e-09      2.000e-09      3.000e-09      1.476e-12      4.715e-23      1.017e-38      4.518e-23      4.352e-40      3.218e-50      
1.26800e-05     -7.44800e-05    1.22500e-04     8.85500e-03     5.56400e+01     5.56900e+00     8.28200e+00     8.500e-02      4.000e-04      2.000e-05      1.750e-06      3.000e-08      2.000e-09      1.250e-08      1.275e-06      2.190e-05      2.045e-05      5.300e-06      9.350e-06      1.625e-07      8.500e-09      3.425e-08      2.510e-06      2.990e-06      5.000e-09      2.000e-09      3.000e-09      2.469e-12      7.900e-23      2.598e-38      8.299e-23      1.405e-39      1.042e-49      
1.29400e-05     -7.60000e-05    1.24900e-04     8.54400e-03     5.40700e+01     5.37300e+00     8.44100e+00     8.500e-02      4.000e-04      2.000e-05      1.750e-06      3.000e-08      2.000e-09      1.250e-08      1.275e-06      2.190e-05      2.045e-05      5.300e-06      9.350e-06      1.625e-07      8.500e-09      3.425e-08      2.510e-06      2.990e-06      5.000e-09      2.000e-09      3.000e-09      4.029e-12      1.292e-22      6.282e-38      1.483e-22      4.155e-39      3.074e-49      
1.31900e-05     -7.75200e-05    1.27400e-04     8.26900e-03     5.25700e+01     5.20100e+00     8.60100e+00     8.500e-02      4.000e-04      2.000e-05      1.750e-06      3.000e-08      2.000e-09      1.250e-08      1.275e-06      2.190e-05      2.045e-05      5.300e-06      9.350e-06      1.625e-07      8.500e-09      3.425e-08      2.510e-06      2.990e-06      5.000e-09      2.000e-09      3.000e-09      6.345e-12      2.062e-22      1.432e-37      2.574e-22      1.147e-38      8.461e-49      
1.34500e-05     -7.90400e-05    1.29900e-04     7.98900e-03     5.11400e+01     5.02500e+00     8.76000e+00     8.500e-02      4.000e-04      2.000e-05      1.750e-06      3.000e-08      2.000e-09      1.250e-08      1.275e-06      2.190e-05      2.045e-05      5.300e-06      9.350e-06      1.625e-07      8.500e-09      3.425e-08      2.510e-06      2.990e-06      5.000e-09      2.000e-09      3.000e-09      9.816e-12      3.210e-22      3.163e-37      4.340e-22      3.027e-38      2.223e-48      
1.37000e-05     -8.05600e-05    1.32400e-04     7.72400e-03     4.97700e+01     4.85800e+00     8.91900e+00     8.500e-02      4.000e-04      2.000e-05      1.750e-06      3.000e-08      2.000e-09      1.250e-08      1.275e-06      2.190e-05      2.045e-05      5.300e-06      9.350e-06      1.625e-07      8.500e-09      3.425e-08      2.510e-06      2.990e-06      5.000e-09      2.000e-09      3.000e-09      1.491e-11      4.890e-22      6.761e-37      7.139e-22      7.684e-38      5.616e-48      
1.39600e-05     -8.20900e-05    1.34800e-04     7.47100e-03     4.84600e+01     4.69900e+00     9.07800e+00     8.500e-02      4.000e-04      2.000e-05      1.750e-06      3.000e-08      2.000e-09      1.250e-08      1.275e-06      2.190e-05      2.045e-05      5.300e-06      9.350e-06      1.625e-07      8.500e-09      3.425e-08      2.510e-06      2.990e-06      5.000e-09      2.000e-09      3.000e-09      2.226e-11      7.304e-22      1.394e-36      1.149e-21      1.859e-37      1.351e-47      
1.42100e-05     -8.36100e-05    1.37300e-04     7.23200e-03     4.72100e+01     4.54800e+00     9.23800e+00     8.500e-02      4.000e-04      2.000e-05      1.750e-06      3.000e-08      2.000e-09      1.250e-08      1.275e-06      2.190e-05      2.045e-05      5.300e-06      9.350e-06      1.625e-07      8.500e-09      3.425e-08      2.510e-06      2.990e-06      5.000e-09      2.000e-09      3.000e-09      3.266e-11      1.071e-21      2.787e-36      1.812e-21      4.349e-37      3.134e-47      
1.44700e-05     -8.51300e-05    1.39800e-04     7.00400e-03     4.60100e+01     4.40500e+00     9.39700e+00     8.500e-02      4.000e-04      2.000e-05      1.750e-06      3.000e-08      2.000e-09      1.250e-08      1.275e-06      2.190e-05      2.045e-05      5.300e-06      9.350e-06      1.625e-07      8.500e-09      3.425e-08      2.510e-06      2.990e-06      5.000e-09      2.000e-09      3.000e-09      4.711e-11      1.545e-21      5.407e-36      2.803e-21      9.845e-37      7.025e-47      
1.47300e-05     -8.66500e-05    1.42300e-04     6.78700e-03     4.48600e+01     4.26900e+00     9.55600e+00     8.500e-02      4.000e-04      2.000e-05      1.750e-06      3.000e-08      2.000e-09      1.250e-08      1.275e-06      2.190e-05      2.045e-05      5.300e-06      9.350e-06      1.625e-07      8.500e-09      3.425e-08      2.510e-06      2.990e-06      5.000e-09      2.000e-09      3.000e-09      6.687e-11      2.192e-21      1.020e-35      4.256e-21      2.156e-36      1.522e-46      
1.49800e-05     -8.81800e-05    1.44700e-04     6.58100e-03     4.37500e+01     4.13900e+00     9.71500e+00     8.500e-02      4.000e-04      2.000e-05      1.750e-06      3.000e-08      2.000e-09      1.250e-08      1.275e-06      2.190e-05      2.045e-05      5.300e-06      9.350e-06      1.625e-07      8.500e-09      3.425e-08      2.510e-06      2.990e-06      5.000e-09      2.000e-09      3.000e-09      9.351e-11      3.061e-21      1.874e-35      6.349e-21      4.575e-36      3.190e-46      
1.52400e-05     -8.97000e-05    1.47200e-04     6.40600e-03     4.26900e+01     4.02900e+00     9.87500e+00     8.500e-02      4.000e-04      2.000e-05      1.750e-06      3.000e-08      2.000e-09      1.250e-08      1.275e-06      2.190e-05      2.045e-05      5.300e-06      9.350e-06      1.625e-07      8.500e-09      3.425e-08      2.510e-06      2.990e-06      5.000e-09      2.000e-09      3.000e-09      1.278e-10      4.210e-21      3.330e-35      9.306e-21      9.401e-36      6.475e-46      
1.54900e-05     -9.12200e-05    1.49700e-04     6.21700e-03     4.16700e+01     3.91000e+00     1.00300e+01     8.500e-02      4.000e-04      2.000e-05      1.750e-06      3.000e-08      2.000e-09      1.250e-08      1.275e-06      2.190e-05      2.045e-05      5.300e-06      9.350e-06      1.625e-07      8.500e-09      3.425e-08      2.510e-06      2.990e-06      5.000e-09      2.000e-09      3.000e-09      1.729e-10      5.701e-21      5.806e-35      1.339e-20      1.872e-35      1.273e-45      
1.57500e-05     -9.27400e-05    1.52200e-04     6.01700e-03     4.06900e+01     3.78400e+00     1.01900e+01     8.500e-02      4.000e-04      2.000e-05      1.750e-06      3.000e-08      2.000e-09      1.250e-08      1.275e-06      2.190e-05      2.045e-05      5.300e-06      9.350e-06      1.625e-07      8.500e-09      3.425e-08      2.510e-06      2.990e-06      5.000e-09      2.000e-09      3.000e-09      2.332e-10      7.617e-21      9.991e-35      1.900e-20      3.621e-35      2.431e-45      
1.60100e-05     -9.42700e-05    1.54600e-04     5.84600e-03     3.97500e+01     3.67700e+00     1.03500e+01     8.500e-02      4.000e-04      2.000e-05      1.750e-06      3.000e-08      2.000e-09      1.250e-08      1.275e-06      2.190e-05      2.045e-05      5.300e-06      9.350e-06      1.625e-07      8.500e-09      3.425e-08      2.510e-06      2.990e-06      5.000e-09      2.000e-09      3.000e-09      3.103e-10      1.006e-20      1.678e-34      2.662e-20      6.848e-35      4.531e-45      
1.62600e-05     -9.57900e-05    1.57100e-04     5.68200e-03     3.88400e+01     3.57400e+00     1.05100e+01     8.500e-02      4.000e-04      2.000e-05      1.750e-06      3.000e-08      2.000e-09      1.250e-08      1.275e-06      2.190e-05      2.045e-05      5.300e-06      9.350e-06      1.625e-07      8.500e-09      3.425e-08      2.510e-06      2.990e-06      5.000e-09      2.000e-09      3.000e-09      4.080e-10      1.315e-20      2.756e-34      3.685e-20      1.264e-34      8.229e-45      
1.65200e-05     -9.73100e-05    1.59600e-04     5.54200e-03     3.79700e+01     3.48600e+00     1.06700e+01     8.500e-02      4.000e-04      2.000e-05      1.750e-06      3.000e-08      2.000e-09      1.250e-08      1.275e-06      2.190e-05      2.045e-05      5.300e-06      9.350e-06      1.625e-07      8.500e-09      3.425e-08      2.510e-06      2.990e-06      5.000e-09      2.000e-09      3.000e-09      5.276e-10      1.699e-20      4.416e-34      5.036e-20      2.278e-34      1.457e-44      
1.67700e-05     -9.88300e-05    1.62100e-04     5.39100e-03     3.71200e+01     3.39100e+00     1.08300e+01     8.500e-02      4.000e-04      2.000e-05      1.750e-06      3.000e-08      2.000e-09      1.250e-08      1.275e-06      2.190e-05      2.045e-05      5.300e-06      9.350e-06      1.625e-07      8.500e-09      3.425e-08      2.510e-06      2.990e-06      5.000e-09      2.000e-09      3.000e-09      6.764e-10      2.171e-20      6.963e-34      6.793e-20      4.008e-34      2.518e-44      
1.70300e-05     -1.00400e-04    1.64500e-04     5.24600e-03     3.63100e+01     3.30000e+00     1.09900e+01     8.500e-02      4.000e-04      2.000e-05      1.750e-06      3.000e-08      2.000e-09      1.250e-08      1.275e-06      2.190e-05      2.045e-05      5.300e-06      9.350e-06      1.625e-07      8.500e-09      3.425e-08      2.510e-06      2.990e-06      5.000e-09      2.000e-09      3.000e-09      8.599e-10      2.744e-20      1.081e-33      9.053e-20      6.906e-34      4.259e-44      
1.72900e-05     -1.01900e-04    1.67000e-04     5.10800e-03     3.55300e+01     3.21300e+00     1.11500e+01     8.500e-02      4.000e-04      2.000e-05      1.750e-06      3.000e-08      2.000e-09      1.250e-08      1.275e-06      2.190e-05      2.045e-05      5.300e-06      9.350e-06      1.625e-07      8.500e-09      3.425e-08      2.510e-06      2.990e-06      5.000e-09      2.000e-09      3.000e-09      1.084e-09      3.436e-20      1.652e-33      1.194e-19      1.164e-33      7.040e-44      
1.75400e-05     -1.03400e-04    1.69500e-04     4.97500e-03     3.47700e+01     3.12900e+00     1.13100e+01     8.500e-02      4.000e-04      2.000e-05      1.750e-06      3.000e-08      2.000e-09      1.250e-08      1.275e-06      2.190e-05      2.045e-05      5.300e-06      9.350e-06      1.625e-07      8.500e-09      3.425e-08      2.510e-06      2.990e-06      5.000e-09      2.000e-09      3.000e-09      1.356e-09      4.263e-20      2.488e-33      1.558e-19      1.927e-33      1.142e-43      
1.78000e-05     -1.04900e-04    1.72000e-04     4.84700e-03     3.40400e+01     3.04900e+00     1.14700e+01     8.500e-02      4.000e-04      2.000e-05      1.750e-06      3.000e-08      2.000e-09      1.250e-08      1.275e-06      2.190e-05      2.045e-05      5.300e-06      9.350e-06      1.625e-07      8.500e-09      3.425e-08      2.510e-06      2.990e-06      5.000e-09      2.000e-09      3.000e-09      1.683e-09      5.244e-20      3.695e-33      2.014e-19      3.140e-33      1.823e-43      
1.80600e-05     -1.06400e-04    1.74400e-04     4.72500e-03     3.33300e+01     2.97100e+00     1.16300e+01     8.500e-02      4.000e-04      2.000e-05      1.750e-06      3.000e-08      2.000e-09      1.250e-08      1.275e-06      2.190e-05      2.045e-05      5.300e-06      9.350e-06      1.625e-07      8.500e-09      3.424e-08      2.510e-06      2.990e-06      5.000e-09      2.000e-09      3.000e-09      2.074e-09      6.398e-20      5.417e-33      2.581e-19      5.031e-33      2.857e-43      
1.83200e-05     -1.08000e-04    1.76900e-04     4.60700e-03     3.26500e+01     2.89700e+00     1.17900e+01     8.500e-02      4.000e-04      2.000e-05      1.750e-06      3.000e-08      2.000e-09      1.250e-08      1.275e-06      2.190e-05      2.045e-05      5.300e-06      9.350e-06      1.624e-07      8.500e-09      3.424e-08      2.510e-06      2.990e-06      5.000e-09      2.000e-09      3.000e-09      2.537e-09      7.748e-20      7.829e-33      3.278e-19      7.906e-33      4.391e-43      
1.85700e-05     -1.09500e-04    1.79400e-04     4.49400e-03     3.19900e+01     2.82600e+00     1.19500e+01     8.500e-02      4.000e-04      2.000e-05      1.750e-06      3.000e-08      2.000e-09      1.250e-08      1.275e-06      2.190e-05      2.045e-05      5.300e-06      9.350e-06      1.624e-07      8.500e-09      3.424e-08      2.510e-06      2.990e-06      5.000e-09      2.000e-09      3.000e-09      3.083e-09      9.315e-20      1.118e-32      4.131e-19      1.225e-32      6.645e-43      
1.88300e-05     -1.11000e-04    1.81900e-04     4.38500e-03     3.13500e+01     2.75800e+00     1.21000e+01     8.500e-02      4.000e-04      2.000e-05      1.750e-06      3.000e-08      2.000e-09      1.250e-08      1.275e-06      2.190e-05      2.045e-05      5.300e-06      9.350e-06      1.624e-07      8.500e-09      3.424e-08      2.510e-06      2.990e-06      5.000e-09      2.000e-09      3.000e-09      3.721e-09      1.112e-19      1.577e-32      5.165e-19      1.871e-32      9.907e-43      
1.90900e-05     -1.12500e-04    1.84300e-04     4.28000e-03     3.07300e+01     2.69200e+00     1.22600e+01     8.500e-02      4.000e-04      2.000e-05      1.750e-06      3.000e-08      2.000e-09      1.250e-08      1.275e-06      2.190e-05      2.045e-05      5.300e-06      9.350e-06      1.624e-07      8.500e-09      3.424e-08      2.510e-06      2.990e-06      5.000e-09      2.000e-09      3.000e-09      4.464e-09      1.319e-19      2.201e-32      6.410e-19      2.819e-32      1.456e-42      
1.93500e-05     -1.14100e-04    1.86800e-04     4.17900e-03     3.01300e+01     2.62800e+00     1.24200e+01     8.500e-02      4.000e-04      2.000e-05      1.750e-06      3.000e-08      2.000e-09      1.250e-08      1.275e-06      2.189e-05      2.045e-05      5.300e-06      9.350e-06      1.624e-07      8.500e-09      3.424e-08      2.510e-06      2.990e-06      5.000e-09      2.000e-09      3.000e-09      5.324e-09      1.554e-19      3.042e-32      7.899e-19      4.196e-32      2.112e-42      
1.96000e-05     -1.15600e-04    1.89300e-04     4.08100e-03     2.95500e+01     2.56700e+00     1.25800e+01     8.500e-02      4.000e-04      2.000e-05      1.750e-06      2.999e-08      1.999e-09      1.250e-08      1.275e-06      2.189e-05      2.045e-05      5.300e-06      9.350e-06      1.624e-07      8.500e-09      3.423e-08      2.510e-06      2.990e-06      5.000e-09      2.000e-09      3.000e-09      6.314e-09      1.820e-19      4.163e-32      9.667e-19      6.167e-32      3.024e-42      
1.98600e-05     -1.17100e-04    1.91800e-04     3.98800e-03     2.89900e+01     2.50800e+00     1.27400e+01     8.500e-02      4.000e-04      2.000e-05      1.750e-06      2.999e-08      1.999e-09      1.250e-08      1.275e-06      2.189e-05      2.045e-05      5.300e-06      9.350e-06      1.624e-07      8.500e-09      3.423e-08      2.509e-06      2.990e-06      5.000e-09      2.000e-09      3.000e-09      7.448e-09      2.120e-19      5.644e-32      1.175e-18      8.958e-32      4.275e-42      
2.01200e-05     -1.18600e-04    1.94200e-04     3.89700e-03     2.84400e+01     2.45100e+00     1.29000e+01     8.500e-02      4.000e-04      2.000e-05      1.750e-06      2.999e-08      1.999e-09      1.250e-08      1.275e-06      2.189e-05      2.045e-05      5.300e-06      9.350e-06      1.623e-07      8.500e-09      3.423e-08      2.509e-06      2.990e-06      5.000e-09      2.000e-09      3.000e-09      8.741e-09      2.456e-19      7.586e-32      1.420e-18      1.287e-31      5.975e-42      
2.03800e-05     -1.20200e-04    1.96700e-04     3.80200e-03     2.79100e+01     2.39100e+00     1.30600e+01     8.500e-02      4.000e-04      2.000e-05      1.750e-06      2.999e-08      1.999e-09      1.250e-08      1.275e-06      2.189e-05      2.045e-05      5.299e-06      9.350e-06      1.623e-07      8.500e-09      3.422e-08      2.509e-06      2.990e-06      5.000e-09      2.000e-09      3.000e-09      1.022e-08      2.829e-19      1.012e-31      1.706e-18      1.827e-31      8.249e-42      
2.06300e-05     -1.21700e-04    1.99200e-04     3.71800e-03     2.74000e+01     2.33800e+00     1.32200e+01     8.500e-02      4.000e-04      2.000e-05      1.750e-06      2.999e-08      1.999e-09      1.250e-08      1.275e-06      2.189e-05      2.045e-05      5.299e-06      9.350e-06      1.623e-07      8.500e-09      3.422e-08      2.509e-06      2.990e-06      5.000e-09      2.000e-09      3.000e-09      1.190e-08      3.244e-19      1.338e-31      2.037e-18      2.567e-31      1.126e-41      
2.08900e-05     -1.23200e-04    2.01700e-04     3.63600e-03     2.69000e+01     2.28700e+00     1.33800e+01     8.500e-02      4.000e-04      2.000e-05      1.750e-06      2.999e-08      1.999e-09      1.250e-08      1.275e-06      2.189e-05      2.045e-05      5.299e-06      9.350e-06      1.623e-07      8.500e-09      3.422e-08      2.509e-06      2.990e-06      5.000e-09      2.000e-09      3.000e-09      1.378e-08      3.702e-19      1.755e-31      2.421e-18      3.570e-31      1.522e-41      
2.11500e-05     -1.24700e-04    2.04100e-04     3.55800e-03     2.64100e+01     2.23800e+00     1.35400e+01     8.500e-02      4.000e-04      2.000e-05      1.750e-06      2.999e-08      1.999e-09      1.250e-08      1.275e-06      2.188e-05      2.045e-05      5.299e-06      9.349e-06      1.623e-07      8.500e-09      3.421e-08      2.509e-06      2.990e-06      5.000e-09      2.000e-09      3.000e-09      1.589e-08      4.206e-19      2.286e-31      2.861e-18      4.919e-31      2.037e-41      
2.14100e-05     -1.26200e-04    2.06600e-04     3.48200e-03     2.59400e+01     2.19000e+00     1.37000e+01     8.500e-02      4.000e-04      2.000e-05      1.750e-06      2.998e-08      1.998e-09      1.250e-08      1.275e-06      2.188e-05      2.045e-05      5.299e-06      9.349e-06      1.622e-07      8.499e-09      3.421e-08      2.509e-06      2.990e-06      5.000e-09      2.000e-09      3.000e-09      1.825e-08      4.758e-19      2.956e-31      3.366e-18      6.716e-31      2.700e-41      
2.16700e-05     -1.27800e-04    2.09100e-04     3.40800e-03     2.54900e+01     2.14400e+00     1.38600e+01     8.500e-02      4.000e-04      2.000e-05      1.750e-06      2.998e-08      1.998e-09      1.250e-08      1.275e-06      2.188e-05      2.045e-05      5.299e-06      9.349e-06      1.622e-07      8.499e-09      3.420e-08      2.508e-06      2.990e-06      5.000e-09      2.000e-09      3.000e-09      2.087e-08      5.362e-19      3.796e-31      3.940e-18      9.089e-31      3.546e-41      
2.19300e-05     -1.29300e-04    2.11600e-04     3.33700e-03     2.50400e+01     2.09900e+00     1.40200e+01     8.500e-02      4.000e-04      2.000e-05      1.750e-06      2.998e-08      1.998e-09      1.250e-08      1.275e-06      2.188e-05      2.045e-05      5.299e-06      9.349e-06      1.622e-07      8.499e-09      3.419e-08      2.508e-06      2.990e-06      5.000e-09      2.000e-09      3.000e-09      2.377e-08      6.018e-19      4.845e-31      4.590e-18      1.220e-30      4.616e-41      
2.21900e-05     -1.30800e-04    2.14000e-04     3.26900e-03     2.46100e+01     2.05600e+00     1.41800e+01     8.500e-02      4.000e-04      2.000e-05      1.750e-06      2.998e-08      1.998e-09      1.249e-08      1.275e-06      2.187e-05      2.045e-05      5.298e-06      9.349e-06      1.621e-07      8.499e-09      3.419e-08      2.508e-06      2.990e-06      5.000e-09      2.000e-09      3.000e-09      2.697e-08      6.729e-19      6.146e-31      5.324e-18      1.623e-30      5.960e-41      
2.24400e-05     -1.32300e-04    2.16500e-04     3.19200e-03     2.41900e+01     2.00700e+00     1.43300e+01     8.500e-02      4.000e-04      2.000e-05      1.749e-06      2.998e-08      1.997e-09      1.249e-08      1.274e-06      2.187e-05      2.044e-05      5.298e-06      9.349e-06      1.621e-07      8.499e-09      3.418e-08      2.508e-06      2.990e-06      5.000e-09      2.000e-09      3.000e-09      3.056e-08      7.497e-19      7.757e-31      6.146e-18      2.142e-30      7.629e-41      
2.27000e-05     -1.33900e-04    2.19000e-04     3.12700e-03     2.37800e+01     1.96700e+00     1.44900e+01     8.500e-02      4.000e-04      2.000e-05      1.749e-06      2.997e-08      1.997e-09      1.249e-08      1.274e-06      2.187e-05      2.044e-05      5.298e-06      9.349e-06      1.620e-07      8.499e-09      3.417e-08      2.508e-06      2.990e-06      5.000e-09      2.000e-09      2.999e-09      3.449e-08      8.326e-19      9.734e-31      7.069e-18      2.807e-30      9.693e-41      
2.29600e-05     -1.35400e-04    2.21500e-04     3.06500e-03     2.33900e+01     1.92800e+00     1.46500e+01     8.500e-02      4.000e-04      2.000e-05      1.749e-06      2.997e-08      1.997e-09      1.249e-08      1.274e-06      2.186e-05      2.044e-05      5.298e-06      9.349e-06      1.620e-07      8.499e-09      3.416e-08      2.507e-06      2.990e-06      5.000e-09      2.000e-09      2.999e-09      3.878e-08      9.218e-19      1.215e-30      8.099e-18      3.652e-30      1.223e-40      
2.32200e-05     -1.36900e-04    2.23900e-04     3.00400e-03     2.30000e+01     1.89000e+00     1.48100e+01     8.500e-02      4.000e-04      2.000e-05      1.749e-06      2.997e-08      1.996e-09      1.249e-08      1.274e-06      2.186e-05      2.044e-05      5.297e-06      9.349e-06      1.619e-07      8.499e-09      3.415e-08      2.507e-06      2.990e-06      5.000e-09      2.000e-09      2.999e-09      4.347e-08      1.018e-18      1.508e-30      9.244e-18      4.719e-30      1.532e-40      
2.34800e-05     -1.38400e-04    2.26400e-04     2.94600e-03     2.26300e+01     1.85300e+00     1.49700e+01     8.500e-02      4.000e-04      2.000e-05      1.749e-06      2.996e-08      1.996e-09      1.249e-08      1.274e-06      2.185e-05      2.044e-05      5.297e-06      9.348e-06      1.619e-07      8.499e-09      3.414e-08      2.507e-06      2.990e-06      5.000e-09      2.000e-09      2.999e-09      4.858e-08      1.120e-18      1.863e-30      1.051e-17      6.055e-30      1.906e-40      
2.37400e-05     -1.39900e-04    2.28900e-04     2.88900e-03     2.22600e+01     1.81700e+00     1.51300e+01     8.500e-02      4.000e-04      2.000e-05      1.749e-06      2.996e-08      1.995e-09      1.249e-08      1.274e-06      2.185e-05      2.044e-05      5.297e-06      9.348e-06      1.618e-07      8.499e-09      3.413e-08      2.506e-06      2.990e-06      5.000e-09      2.000e-09      2.999e-09      5.412e-08      1.230e-18      2.291e-30      1.191e-17      7.720e-30      2.357e-40      
2.40000e-05     -1.41500e-04    2.31400e-04     2.83400e-03     2.19000e+01     1.78200e+00     1.52900e+01     8.500e-02      4.000e-04      2.000e-05      1.749e-06      2.995e-08      1.995e-09      1.249e-08      1.274e-06      2.184e-05      2.044e-05      5.296e-06      9.348e-06      1.618e-07      8.498e-09      3.412e-08      2.506e-06      2.990e-06      4.999e-09      2.000e-09      2.999e-09      6.013e-08      1.347e-18      2.804e-30      1.346e-17      9.780e-30      2.896e-40      
2.42600e-05     -1.43000e-04    2.33800e-04     2.78000e-03     2.15600e+01     1.74900e+00     1.54500e+01     8.500e-02      4.000e-04      2.000e-05      1.749e-06      2.995e-08      1.994e-09      1.249e-08      1.274e-06      2.183e-05      2.044e-05      5.296e-06      9.348e-06      1.617e-07      8.498e-09      3.410e-08      2.505e-06      2.990e-06      4.999e-09      2.000e-09      2.999e-09      6.660e-08      1.472e-18      3.417e-30      1.515e-17      1.231e-29      3.537e-40      
2.45200e-05     -1.44500e-04    2.36300e-04     2.71400e-03     2.12200e+01     1.70700e+00     1.56100e+01     8.500e-02      4.000e-04      2.000e-05      1.749e-06      2.994e-08      1.993e-09      1.249e-08      1.274e-06      2.183e-05      2.044e-05      5.295e-06      9.348e-06      1.616e-07      8.498e-09      3.409e-08      2.505e-06      2.990e-06      4.999e-09      2.000e-09      2.999e-09      7.373e-08      1.605e-18      4.148e-30      1.699e-17      1.540e-29      4.294e-40      
2.47700e-05     -1.46000e-04    2.38800e-04     2.66400e-03     2.08900e+01     1.67600e+00     1.57700e+01     8.500e-02      4.000e-04      2.000e-05      1.748e-06      2.994e-08      1.993e-09      1.249e-08      1.274e-06      2.182e-05      2.043e-05      5.295e-06      9.347e-06      1.615e-07      8.498e-09      3.407e-08      2.504e-06      2.990e-06      4.999e-09      2.000e-09      2.999e-09      8.139e-08      1.746e-18      5.015e-30      1.900e-17      1.916e-29      5.186e-40      
2.50300e-05     -1.47600e-04    2.41300e-04     2.61600e-03     2.05700e+01     1.64500e+00     1.59300e+01     8.500e-02      4.000e-04      2.000e-05      1.748e-06      2.993e-08      1.992e-09      1.248e-08      1.273e-06      2.181e-05      2.043e-05      5.294e-06      9.347e-06      1.615e-07      8.498e-09      3.406e-08      2.504e-06      2.990e-06      4.999e-09      2.000e-09      2.999e-09      8.961e-08      1.897e-18      6.040e-30      2.119e-17      2.373e-29      6.235e-40      
2.52900e-05     -1.49100e-04    2.43700e-04     2.56900e-03     2.02600e+01     1.61600e+00     1.60900e+01     8.500e-02      4.000e-04      2.000e-05      1.748e-06      2.993e-08      1.991e-09      1.248e-08      1.273e-06      2.180e-05      2.043e-05      5.294e-06      9.347e-06      1.614e-07      8.498e-09      3.404e-08      2.503e-06      2.990e-06      4.999e-09      2.000e-09      2.999e-09      9.839e-08      2.056e-18      7.247e-30      2.357e-17      2.923e-29      7.460e-40      
2.55500e-05     -1.50600e-04    2.46200e-04     2.52300e-03     2.00000e+01     1.58700e+00     1.62500e+01     8.500e-02      4.000e-04      2.000e-05      1.748e-06      2.992e-08      1.990e-09      1.248e-08      1.273e-06      2.179e-05      2.043e-05      5.293e-06      9.346e-06      1.613e-07      8.497e-09      3.402e-08      2.502e-06      2.990e-06      4.999e-09      2.000e-09      2.998e-09      1.078e-07      2.227e-18      8.665e-30      2.615e-17      3.583e-29      8.889e-40      
2.58100e-05     -1.52100e-04    2.48700e-04     2.47900e-03     2.00000e+01     1.55900e+00     1.64000e+01     8.500e-02      4.000e-04      2.000e-05      1.748e-06      2.991e-08      1.989e-09      1.248e-08      1.273e-06      2.178e-05      2.042e-05      5.292e-06      9.346e-06      1.612e-07      8.497e-09      3.400e-08      2.502e-06      2.990e-06      4.999e-09      2.000e-09      2.998e-09      1.178e-07      2.413e-18      1.032e-29      2.895e-17      4.376e-29      1.056e-39      
2.60700e-05     -1.53700e-04    2.51200e-04     2.43600e-03     2.00000e+01     1.53200e+00     1.65600e+01     8.500e-02      4.000e-04      2.000e-05      1.747e-06      2.990e-08      1.988e-09      1.248e-08      1.273e-06      2.177e-05      2.042e-05      5.292e-06      9.346e-06      1.611e-07      8.497e-09      3.398e-08      2.501e-06      2.989e-06      4.999e-09      2.000e-09      2.998e-09      1.284e-07      2.617e-18      1.226e-29      3.199e-17      5.323e-29      1.251e-39      
2.63300e-05     -1.55200e-04    2.53700e-04     2.39300e-03     2.00000e+01     1.50500e+00     1.67200e+01     8.500e-02      4.000e-04      2.000e-05      1.747e-06      2.990e-08      1.987e-09      1.248e-08      1.273e-06      2.176e-05      2.042e-05      5.291e-06      9.345e-06      1.610e-07      8.497e-09      3.396e-08      2.500e-06      2.989e-06      4.999e-09      2.000e-09      2.998e-09      1.397e-07      2.839e-18      1.451e-29      3.527e-17      6.449e-29      1.477e-39      
2.65900e-05     -1.56700e-04    2.56100e-04     2.35200e-03     2.00000e+01     1.48000e+00     1.68800e+01     8.500e-02      4.000e-04      2.000e-05      1.747e-06      2.989e-08      1.986e-09      1.248e-08      1.272e-06      2.175e-05      2.042e-05      5.290e-06      9.345e-06      1.609e-07      8.496e-09      3.393e-08      2.499e-06      2.989e-06      4.999e-09      2.000e-09      2.998e-09      1.517e-07      3.081e-18      1.712e-29      3.882e-17      7.780e-29      1.741e-39      
2.68500e-05     -1.58200e-04    2.58600e-04     2.31300e-03     2.00000e+01     1.45400e+00     1.70400e+01     8.500e-02      4.000e-04      2.000e-05      1.747e-06      2.988e-08      1.985e-09      1.247e-08      1.272e-06      2.173e-05      2.041e-05      5.289e-06      9.344e-06      1.608e-07      8.496e-09      3.391e-08      2.498e-06      2.989e-06      4.999e-09      2.000e-09      2.998e-09      1.644e-07      3.344e-18      2.015e-29      4.263e-17      9.349e-29      2.048e-39      
2.71100e-05     -1.59700e-04    2.61100e-04     2.27400e-03     2.00000e+01     1.43000e+00     1.72000e+01     8.500e-02      4.000e-04      2.000e-05      1.746e-06      2.987e-08      1.984e-09      1.247e-08      1.272e-06      2.172e-05      2.041e-05      5.288e-06      9.344e-06      1.607e-07      8.496e-09      3.388e-08      2.498e-06      2.989e-06      4.999e-09      2.000e-09      2.998e-09      1.778e-07      3.630e-18      2.363e-29      4.672e-17      1.119e-28      2.403e-39      
2.73700e-05     -1.61300e-04    2.63600e-04     2.23600e-03     2.00000e+01     1.40600e+00     1.73600e+01     8.500e-02      4.000e-04      2.000e-05      1.746e-06      2.986e-08      1.983e-09      1.247e-08      1.272e-06      2.171e-05      2.041e-05      5.287e-06      9.344e-06      1.605e-07      8.496e-09      3.386e-08      2.497e-06      2.989e-06      4.999e-09      2.000e-09      2.997e-09      1.920e-07      3.940e-18      2.763e-29      5.111e-17      1.333e-28      2.815e-39      
2.76300e-05     -1.62800e-04    2.66000e-04     2.19900e-03     2.00000e+01     1.38300e+00     1.75200e+01     8.500e-02      4.000e-04      2.000e-05      1.746e-06      2.985e-08      1.981e-09      1.247e-08      1.272e-06      2.169e-05      2.040e-05      5.286e-06      9.343e-06      1.604e-07      8.495e-09      3.383e-08      2.496e-06      2.989e-06      4.998e-09      2.000e-09      2.997e-09      2.069e-07      4.276e-18      3.223e-29      5.581e-17      1.583e-28      3.292e-39      
2.78900e-05     -1.64300e-04    2.68500e-04     2.16300e-03     2.00000e+01     1.36100e+00     1.76800e+01     8.500e-02      4.000e-04      2.000e-05      1.745e-06      2.984e-08      1.980e-09      1.246e-08      1.271e-06      2.167e-05      2.040e-05      5.285e-06      9.342e-06      1.603e-07      8.495e-09      3.380e-08      2.495e-06      2.989e-06      4.998e-09      2.000e-09      2.997e-09      2.226e-07      4.639e-18      3.748e-29      6.082e-17      1.872e-28      3.843e-39      
2.81500e-05     -1.65800e-04    2.71000e-04     2.12800e-03     2.00000e+01     1.33900e+00     1.78400e+01     8.500e-02      4.000e-04      2.000e-05      1.745e-06      2.983e-08      1.978e-09      1.246e-08      1.271e-06      2.166e-05      2.039e-05      5.284e-06      9.342e-06      1.602e-07      8.495e-09      3.377e-08      2.493e-06      2.989e-06      4.998e-09      2.000e-09      2.997e-09      2.390e-07      5.031e-18      4.347e-29      6.616e-17      2.206e-28      4.480e-39      
2.84100e-05     -1.67400e-04    2.73500e-04     2.09400e-03     2.00000e+01     1.31700e+00     1.80000e+01     8.500e-02      4.000e-04      2.000e-05      1.745e-06      2.981e-08      1.977e-09      1.246e-08      1.271e-06      2.164e-05      2.039e-05      5.283e-06      9.341e-06      1.600e-07      8.494e-09      3.373e-08      2.492e-06      2.989e-06      4.998e-09      2.000e-09      2.996e-09      2.564e-07      5.454e-18      5.029e-29      7.184e-17      2.590e-28      5.215e-39      
2.86700e-05     -1.68900e-04    2.75900e-04     2.06100e-03     2.00000e+01     1.29600e+00     1.81600e+01     8.500e-02      4.000e-04      2.000e-05      1.744e-06      2.980e-08      1.975e-09      1.246e-08      1.270e-06      2.162e-05      2.038e-05      5.282e-06      9.341e-06      1.599e-07      8.494e-09      3.370e-08      2.491e-06      2.989e-06      4.998e-09      2.000e-09      2.996e-09      2.745e-07      5.910e-18      5.803e-29      7.788e-17      3.030e-28      6.062e-39      
2.89300e-05     -1.70400e-04    2.78400e-04     2.02900e-03     2.00000e+01     1.27600e+00     1.83200e+01     8.500e-02      4.000e-04      2.000e-05      1.744e-06      2.979e-08      1.973e-09      1.245e-08      1.270e-06      2.160e-05      2.038e-05      5.280e-06      9.340e-06      1.597e-07      8.493e-09      3.366e-08      2.490e-06      2.989e-06      4.998e-09      2.000e-09      2.996e-09      2.935e-07      6.401e-18      6.679e-29      8.427e-17      3.533e-28      7.037e-39      
2.91900e-05     -1.71900e-04    2.80900e-04     1.99700e-03     2.00000e+01     1.25600e+00     1.84800e+01     8.500e-02      4.000e-04      2.000e-05      1.743e-06      2.977e-08      1.971e-09      1.245e-08      1.270e-06      2.158e-05      2.037e-05      5.279e-06      9.339e-06      1.596e-07      8.493e-09      3.362e-08      2.488e-06      2.989e-06      4.998e-09      2.000e-09      2.996e-09      3.134e-07      6.928e-18      7.669e-29      9.105e-17      4.105e-28      8.159e-39      
2.94500e-05     -1.73500e-04    2.83400e-04     1.96600e-03     2.00000e+01     1.23700e+00     1.86300e+01     8.500e-02      4.000e-04      2.000e-05      1.743e-06      2.976e-08      1.969e-09      1.245e-08      1.269e-06      2.156e-05      2.037e-05      5.278e-06      9.339e-06      1.594e-07      8.493e-09      3.359e-08      2.487e-06      2.989e-06      4.997e-09      2.000e-09      2.995e-09      3.341e-07      7.495e-18      8.784e-29      9.820e-17      4.755e-28      9.447e-39      
2.97100e-05     -1.75000e-04    2.85900e-04     1.93600e-03     2.00000e+01     1.21800e+00     1.87900e+01     8.500e-02      4.000e-04      2.000e-05      1.742e-06      2.975e-08      1.967e-09      1.245e-08      1.269e-06      2.154e-05      2.036e-05      5.276e-06      9.338e-06      1.592e-07      8.492e-09      3.355e-08      2.485e-06      2.989e-06      4.997e-09      2.000e-09      2.995e-09      3.558e-07      8.102e-18      1.004e-28      1.058e-16      5.490e-28      1.093e-38      
2.99700e-05     -1.76500e-04    2.88300e-04     1.90700e-03     2.00000e+01     1.19900e+00     1.89500e+01     8.500e-02      4.000e-04      2.000e-05      1.742e-06      2.973e-08      1.965e-09      1.244e-08      1.269e-06      2.152e-05      2.035e-05      5.274e-06      9.337e-06      1.590e-07      8.492e-09      3.350e-08      2.484e-06      2.988e-06      4.997e-09      2.000e-09      2.995e-09      3.783e-07      8.754e-18      1.145e-28      1.137e-16      6.320e-28      1.262e-38      
3.02300e-05     -1.78000e-04    2.90800e-04     1.87800e-03     2.00000e+01     1.18100e+00     1.91100e+01     8.500e-02      4.000e-04      2.000e-05      1.741e-06      2.971e-08      1.963e-09      1.244e-08      1.268e-06      2.149e-05      2.035e-05      5.273e-06      9.336e-06      1.589e-07      8.491e-09      3.346e-08      2.482e-06      2.988e-06      4.997e-09      2.000e-09      2.995e-09      4.018e-07      9.451e-18      1.302e-28      1.221e-16      7.254e-28      1.456e-38      
3.04900e-05     -1.79500e-04    2.93300e-04     1.85000e-03     2.00000e+01     1.16300e+00     1.92700e+01     8.500e-02      4.000e-04      2.000e-05      1.740e-06      2.970e-08      1.961e-09      1.244e-08      1.268e-06      2.147e-05      2.034e-05      5.271e-06      9.336e-06      1.587e-07      8.491e-09      3.341e-08      2.481e-06      2.988e-06      4.997e-09      2.000e-09      2.994e-09      4.263e-07      1.020e-17      1.478e-28      1.309e-16      8.302e-28      1.678e-38      
3.07600e-05     -1.81100e-04    2.95800e-04     1.82200e-03     2.00000e+01     1.14600e+00     1.94300e+01     8.500e-02      4.000e-04      2.000e-05      1.740e-06      2.968e-08      1.958e-09      1.243e-08      1.268e-06      2.144e-05      2.033e-05      5.269e-06      9.335e-06      1.585e-07      8.490e-09      3.337e-08      2.479e-06      2.988e-06      4.997e-09      2.000e-09      2.994e-09      4.517e-07      1.099e-17      1.675e-28      1.401e-16      9.476e-28      1.931e-38      
3.10200e-05     -1.82600e-04    2.98200e-04     1.79600e-03     2.00000e+01     1.12900e+00     1.95900e+01     8.500e-02      4.000e-04      2.000e-05      1.739e-06      2.966e-08      1.956e-09      1.243e-08      1.267e-06      2.141e-05      2.033e-05      5.267e-06      9.334e-06      1.583e-07      8.490e-09      3.332e-08      2.477e-06      2.988e-06      4.996e-09      2.000e-09      2.994e-09      4.781e-07      1.184e-17      1.894e-28      1.498e-16      1.079e-27      2.220e-38      
3.12800e-05     -1.84100e-04    3.00700e-04     1.76900e-03     2.00000e+01     1.11300e+00     1.97500e+01     8.500e-02      4.000e-04      2.000e-05      1.738e-06      2.964e-08      1.953e-09      1.243e-08      1.267e-06      2.138e-05      2.032e-05      5.265e-06      9.333e-06      1.581e-07      8.489e-09      3.327e-08      2.475e-06      2.988e-06      4.996e-09      2.000e-09      2.993e-09      5.054e-07      1.275e-17      2.137e-28      1.599e-16      1.225e-27      2.550e-38      
3.15400e-05     -1.85600e-04    3.03200e-04     1.74400e-03     2.00000e+01     1.09700e+00     1.99100e+01     8.500e-02      4.000e-04      2.000e-05      1.738e-06      2.962e-08      1.950e-09      1.242e-08      1.266e-06      2.136e-05      2.031e-05      5.263e-06      9.332e-06      1.579e-07      8.489e-09      3.322e-08      2.473e-06      2.988e-06      4.996e-09      2.000e-09      2.993e-09      5.337e-07      1.371e-17      2.406e-28      1.705e-16      1.387e-27      2.924e-38      
3.18000e-05     -1.87200e-04    3.05700e-04     1.71900e-03     2.00000e+01     1.08100e+00     2.00700e+01     8.500e-02      4.000e-04      2.000e-05      1.737e-06      2.960e-08      1.948e-09      1.242e-08      1.266e-06      2.133e-05      2.030e-05      5.261e-06      9.331e-06      1.577e-07      8.488e-09      3.316e-08      2.471e-06      2.988e-06      4.996e-09      2.000e-09      2.992e-09      5.630e-07      1.474e-17      2.704e-28      1.816e-16      1.567e-27      3.350e-38      
3.20600e-05     -1.88700e-04    3.08200e-04     1.69500e-03     2.00000e+01     1.06600e+00     2.02300e+01     8.500e-02      4.000e-04      2.000e-05      1.736e-06      2.958e-08      1.945e-09      1.241e-08      1.265e-06      2.129e-05      2.029e-05      5.259e-06      9.330e-06      1.574e-07      8.487e-09      3.311e-08      2.469e-06      2.988e-06      4.996e-09      1.999e-09      2.992e-09      5.933e-07      1.583e-17      3.034e-28      1.931e-16      1.766e-27      3.833e-38      
3.23200e-05     -1.90200e-04    3.10600e-04     1.67100e-03     2.00000e+01     1.05100e+00     2.03900e+01     8.500e-02      4.000e-04      2.000e-05      1.735e-06      2.956e-08      1.942e-09      1.241e-08      1.265e-06      2.126e-05      2.028e-05      5.257e-06      9.329e-06      1.572e-07      8.487e-09      3.305e-08      2.467e-06      2.987e-06      4.995e-09      1.999e-09      2.992e-09      6.246e-07      1.699e-17      3.397e-28      2.051e-16      1.985e-27      4.380e-38      
3.25800e-05     -1.91700e-04    3.13100e-04     1.64700e-03     2.00000e+01     1.03600e+00     2.05500e+01     8.500e-02      4.000e-04      2.000e-05      1.735e-06      2.954e-08      1.939e-09      1.241e-08      1.264e-06      2.123e-05      2.027e-05      5.254e-06      9.328e-06      1.570e-07      8.486e-09      3.299e-08      2.465e-06      2.987e-06      4.995e-09      1.999e-09      2.991e-09      6.569e-07      1.822e-17      3.797e-28      2.176e-16      2.227e-27      5.001e-38      
3.28400e-05     -1.93300e-04    3.15600e-04     1.62500e-03     2.00000e+01     1.02200e+00     2.07100e+01     8.500e-02      4.000e-04      2.000e-05      1.734e-06      2.952e-08      1.936e-09      1.240e-08      1.264e-06      2.119e-05      2.026e-05      5.252e-06      9.326e-06      1.568e-07      8.486e-09      3.293e-08      2.463e-06      2.987e-06      4.995e-09      1.999e-09      2.991e-09      6.903e-07      1.952e-17      4.237e-28      2.306e-16      2.493e-27      5.702e-38      
3.31000e-05     -1.94800e-04    3.18100e-04     1.60200e-03     2.00000e+01     1.00800e+00     2.08600e+01     8.500e-02      4.000e-04      2.000e-05      1.733e-06      2.950e-08      1.932e-09      1.240e-08      1.263e-06      2.116e-05      2.025e-05      5.249e-06      9.325e-06      1.565e-07      8.485e-09      3.287e-08      2.460e-06      2.987e-06      4.995e-09      1.999e-09      2.990e-09      7.246e-07      2.090e-17      4.720e-28      2.441e-16      2.785e-27      6.495e-38      
3.33600e-05     -1.96300e-04    3.20600e-04     1.58000e-03     2.00000e+01     9.94000e-01     2.10200e+01     8.500e-02      4.000e-04      2.000e-05      1.732e-06      2.947e-08      1.929e-09      1.239e-08      1.263e-06      2.112e-05      2.024e-05      5.246e-06      9.324e-06      1.563e-07      8.484e-09      3.280e-08      2.458e-06      2.987e-06      4.995e-09      1.999e-09      2.990e-09      7.600e-07      2.236e-17      5.250e-28      2.581e-16      3.105e-27      7.391e-38      
3.36200e-05     -1.97800e-04    3.23000e-04     1.55900e-03     2.00000e+01     9.80000e-01     2.11800e+01     8.500e-02      4.000e-04      2.000e-05      1.731e-06      2.945e-08      1.925e-09      1.239e-08      1.262e-06      2.108e-05      2.023e-05      5.244e-06      9.323e-06      1.560e-07      8.484e-09      3.274e-08      2.455e-06      2.987e-06      4.994e-09      1.999e-09      2.989e-09      7.965e-07      2.390e-17      5.829e-28      2.726e-16      3.454e-27      8.402e-38      
3.38900e-05     -1.99300e-04    3.25500e-04     1.53800e-03     2.00000e+01     9.67000e-01     2.13400e+01     8.500e-02      4.000e-04      2.000e-05      1.730e-06      2.942e-08      1.922e-09      1.238e-08      1.261e-06      2.105e-05      2.022e-05      5.241e-06      9.321e-06      1.557e-07      8.483e-09      3.267e-08      2.453e-06      2.986e-06      4.994e-09      1.999e-09      2.989e-09      8.341e-07      2.553e-17      6.462e-28      2.877e-16      3.834e-27      9.545e-38      
3.41500e-05     -2.00900e-04    3.28000e-04     1.51700e-03     2.00000e+01     9.54000e-01     2.15000e+01     8.500e-02      4.000e-04      2.000e-05      1.729e-06      2.940e-08      1.918e-09      1.238e-08      1.261e-06      2.101e-05      2.020e-05      5.238e-06      9.320e-06      1.555e-07      8.482e-09      3.260e-08      2.450e-06      2.986e-06      4.994e-09      1.999e-09      2.988e-09      8.726e-07      2.724e-17      7.153e-28      3.032e-16      4.249e-27      1.084e-37      
3.44100e-05     -2.02400e-04    3.30500e-04     1.49700e-03     2.00000e+01     9.42000e-01     2.16600e+01     8.500e-02      4.000e-04      2.000e-05      1.728e-06      2.937e-08      1.914e-09      1.237e-08      1.260e-06      2.096e-05      2.019e-05      5.235e-06      9.319e-06      1.552e-07      8.481e-09      3.253e-08      2.447e-06      2.986e-06      4.993e-09      1.999e-09      2.988e-09      9.122e-07      2.905e-17      7.906e-28      3.192e-16      4.700e-27      1.230e-37      
3.46700e-05     -2.03900e-04    3.32900e-04     1.47800e-03     2.00000e+01     9.29000e-01     2.18200e+01     8.500e-02      4.000e-04      2.000e-05      1.727e-06      2.934e-08      1.910e-09      1.237e-08      1.259e-06      2.092e-05      2.018e-05      5.232e-06      9.317e-06      1.549e-07      8.481e-09      3.246e-08      2.445e-06      2.986e-06      4.993e-09      1.999e-09      2.987e-09      9.529e-07      3.096e-17      8.725e-28      3.358e-16      5.189e-27      1.395e-37      
3.49300e-05     -2.05400e-04    3.35400e-04     1.45800e-03     2.00000e+01     9.17000e-01     2.19800e+01     8.500e-02      4.000e-04      2.000e-05      1.726e-06      2.931e-08      1.906e-09      1.236e-08      1.259e-06      2.088e-05      2.016e-05      5.229e-06      9.316e-06      1.547e-07      8.480e-09      3.238e-08      2.442e-06      2.986e-06      4.993e-09      1.999e-09      2.987e-09      9.946e-07      3.297e-17      9.616e-28      3.529e-16      5.718e-27      1.583e-37      
3.51900e-05     -2.07000e-04    3.37900e-04     1.44000e-03     2.00000e+01     9.05000e-01     2.21400e+01     8.500e-02      4.000e-04      2.000e-05      1.724e-06      2.928e-08      1.902e-09      1.236e-08      1.258e-06      2.083e-05      2.015e-05      5.225e-06      9.314e-06      1.544e-07      8.479e-09      3.230e-08      2.439e-06      2.986e-06      4.993e-09      1.999e-09      2.986e-09      1.037e-06      3.508e-17      1.058e-27      3.705e-16      6.291e-27      1.797e-37      
3.54500e-05     -2.08500e-04    3.40400e-04     1.43000e-03     2.00000e+01     8.99000e-01     2.23000e+01     8.500e-02      4.000e-04      2.000e-05      1.723e-06      2.925e-08      1.898e-09      1.235e-08      1.257e-06      2.079e-05      2.014e-05      5.222e-06      9.313e-06      1.541e-07      8.478e-09      3.223e-08      2.436e-06      2.985e-06      4.992e-09      1.999e-09      2.985e-09      1.081e-06      3.728e-17      1.163e-27      3.888e-16      6.914e-27      2.042e-37      
3.57100e-05     -2.10000e-04    3.42900e-04     1.40300e-03     2.00000e+01     8.82000e-01     2.24600e+01     8.500e-02      4.000e-04      2.000e-05      1.722e-06      2.922e-08      1.894e-09      1.234e-08      1.257e-06      2.074e-05      2.012e-05      5.219e-06      9.311e-06      1.538e-07      8.477e-09      3.215e-08      2.433e-06      2.985e-06      4.992e-09      1.999e-09      2.985e-09      1.126e-06      3.961e-17      1.277e-27      4.074e-16      7.581e-27      2.323e-37      
3.59700e-05     -2.11500e-04    3.45300e-04     1.38500e-03     2.00000e+01     8.71000e-01     2.26200e+01     8.500e-02      4.000e-04      2.000e-05      1.721e-06      2.919e-08      1.889e-09      1.234e-08      1.256e-06      2.069e-05      2.011e-05      5.215e-06      9.309e-06      1.535e-07      8.476e-09      3.206e-08      2.430e-06      2.985e-06      4.992e-09      1.999e-09      2.984e-09      1.171e-06      4.205e-17      1.399e-27      4.265e-16      8.298e-27      2.649e-37      
3.62400e-05     -2.13100e-04    3.47800e-04     1.36800e-03     2.00000e+01     8.60000e-01     2.27800e+01     8.500e-02      4.000e-04      2.000e-05      1.719e-06      2.916e-08      1.885e-09      1.233e-08      1.255e-06      2.065e-05      2.009e-05      5.211e-06      9.308e-06      1.532e-07      8.475e-09      3.198e-08      2.427e-06      2.985e-06      4.991e-09      1.999e-09      2.984e-09      1.218e-06      4.460e-17      1.532e-27      4.462e-16      9.070e-27      3.027e-37      
3.65000e-05     -2.14600e-04    3.50300e-04     1.35500e-03     2.00000e+01     8.52000e-01     2.29300e+01     8.500e-02      4.000e-04      2.000e-05      1.718e-06      2.913e-08      1.880e-09      1.233e-08      1.254e-06      2.060e-05      2.007e-05      5.208e-06      9.306e-06      1.529e-07      8.475e-09      3.190e-08      2.423e-06      2.985e-06      4.991e-09      1.999e-09      2.983e-09      1.266e-06      4.727e-17      1.675e-27      4.665e-16      9.900e-27      3.472e-37      
3.67600e-05     -2.16100e-04    3.52800e-04     1.33800e-03     2.00000e+01     8.41000e-01     2.30900e+01     8.500e-02      4.000e-04      2.000e-05      1.717e-06      2.910e-08      1.875e-09      1.232e-08      1.254e-06      2.054e-05      2.006e-05      5.204e-06      9.304e-06      1.525e-07      8.474e-09      3.181e-08      2.420e-06      2.984e-06      4.991e-09      1.999e-09      2.982e-09      1.315e-06      5.007e-17      1.829e-27      4.872e-16      1.079e-26      3.998e-37      
3.70200e-05     -2.17600e-04    3.55300e-04     1.31800e-03     2.00000e+01     8.29000e-01     2.32500e+01     8.500e-02      4.000e-04      2.000e-05      1.715e-06      2.906e-08      1.871e-09      1.231e-08      1.253e-06      2.049e-05      2.004e-05      5.200e-06      9.302e-06      1.522e-07      8.473e-09      3.172e-08      2.416e-06      2.984e-06      4.990e-09      1.999e-09      2.982e-09      1.365e-06      5.299e-17      1.995e-27      5.084e-16      1.174e-26      4.627e-37      
3.72800e-05     -2.19200e-04    3.57700e-04     1.30100e-03     2.00000e+01     8.18000e-01     2.34100e+01     8.500e-02      4.000e-04      2.000e-05      1.714e-06      2.903e-08      1.866e-09      1.231e-08      1.252e-06      2.044e-05      2.002e-05      5.196e-06      9.301e-06      1.519e-07      8.472e-09      3.163e-08      2.413e-06      2.984e-06      4.990e-09      1.999e-09      2.981e-09      1.416e-06      5.604e-17      2.173e-27      5.301e-16      1.276e-26      5.387e-37      
3.75400e-05     -2.20700e-04    3.60200e-04     1.28600e-03     2.00000e+01     8.09000e-01     2.35700e+01     8.500e-02      4.000e-04      2.000e-05      1.712e-06      2.899e-08      1.861e-09      1.230e-08      1.251e-06      2.038e-05      2.000e-05      5.192e-06      9.299e-06      1.515e-07      8.471e-09      3.154e-08      2.409e-06      2.984e-06      4.990e-09      1.999e-09      2.980e-09      1.468e-06      5.923e-17      2.364e-27      5.523e-16      1.384e-26      6.313e-37      
3.78000e-05     -2.22200e-04    3.62700e-04     1.27000e-03     2.00000e+01     7.99000e-01     2.37300e+01     8.500e-02      4.000e-04      2.000e-05      1.711e-06      2.896e-08      1.855e-09      1.229e-08      1.250e-06      2.033e-05      1.999e-05      5.188e-06      9.297e-06      1.512e-07      8.470e-09      3.145e-08      2.406e-06      2.983e-06      4.989e-09      1.999e-09      2.980e-09      1.521e-06      6.255e-17      2.570e-27      5.750e-16      1.500e-26      7.452e-37      
3.80700e-05     -2.23700e-04    3.65200e-04     1.26300e-03     2.00000e+01     7.94000e-01     2.38900e+01     8.500e-02      4.000e-04      2.000e-05      1.709e-06      2.892e-08      1.850e-09      1.229e-08      1.249e-06      2.027e-05      1.997e-05      5.183e-06      9.295e-06      1.509e-07      8.469e-09      3.135e-08      2.402e-06      2.983e-06      4.989e-09      1.999e-09      2.979e-09      1.575e-06      6.601e-17      2.790e-27      5.984e-16      1.623e-26      8.856e-37      
3.83300e-05     -2.25200e-04    3.67700e-04     1.24800e-03     2.00000e+01     7.85000e-01     2.40500e+01     8.500e-02      4.000e-04      2.000e-05      1.708e-06      2.888e-08      1.845e-09      1.228e-08      1.248e-06      2.022e-05      1.995e-05      5.179e-06      9.293e-06      1.505e-07      8.468e-09      3.126e-08      2.398e-06      2.983e-06      4.988e-09      1.999e-09      2.978e-09      1.629e-06      6.960e-17      3.027e-27      6.222e-16      1.755e-26      1.060e-36      
3.85900e-05     -2.26800e-04    3.70100e-04     1.23400e-03     2.00000e+01     7.76000e-01     2.42100e+01     8.500e-02      4.000e-04      2.000e-05      1.706e-06      2.885e-08      1.839e-09      1.227e-08      1.247e-06      2.016e-05      1.993e-05      5.174e-06      9.291e-06      1.502e-07      8.467e-09      3.116e-08      2.394e-06      2.983e-06      4.988e-09      1.999e-09      2.977e-09      1.684e-06      7.334e-17      3.280e-27      6.465e-16      1.895e-26      1.279e-36      
3.88500e-05     -2.28300e-04    3.72600e-04     1.21900e-03     2.00000e+01     7.67000e-01     2.43700e+01     8.500e-02      4.000e-04      2.000e-05      1.704e-06      2.881e-08      1.834e-09      1.226e-08      1.247e-06      2.010e-05      1.991e-05      5.170e-06      9.289e-06      1.498e-07      8.466e-09      3.106e-08      2.390e-06      2.982e-06      4.988e-09      1.999e-09      2.977e-09      1.741e-06      7.723e-17      3.550e-27      6.713e-16      2.043e-26      1.555e-36      
3.91100e-05     -2.29800e-04    3.75100e-04     1.20500e-03     2.00000e+01     7.58000e-01     2.45300e+01     8.500e-02      4.000e-04      2.000e-05      1.703e-06      2.877e-08      1.828e-09      1.226e-08      1.246e-06      2.004e-05      1.989e-05      5.165e-06      9.287e-06      1.494e-07      8.464e-09      3.096e-08      2.386e-06      2.982e-06      4.987e-09      1.999e-09      2.976e-09      1.798e-06      8.128e-17      3.839e-27      6.966e-16      2.201e-26      1.903e-36      
3.93700e-05     -2.31300e-04    3.77600e-04     1.19100e-03     2.00000e+01     7.49000e-01     2.46900e+01     8.500e-02      4.000e-04      2.000e-05      1.701e-06      2.873e-08      1.823e-09      1.225e-08      1.245e-06      1.998e-05      1.987e-05      5.160e-06      9.284e-06      1.491e-07      8.463e-09      3.086e-08      2.382e-06      2.982e-06      4.987e-09      1.999e-09      2.975e-09      1.857e-06      8.547e-17      4.147e-27      7.222e-16      2.367e-26      2.346e-36      
3.96400e-05     -2.32900e-04    3.80100e-04     1.17700e-03     2.00000e+01     7.41000e-01     2.48500e+01     8.500e-02      4.000e-04      2.000e-05      1.699e-06      2.869e-08      1.817e-09      1.224e-08      1.244e-06      1.991e-05      1.984e-05      5.156e-06      9.282e-06      1.487e-07      8.462e-09      3.075e-08      2.378e-06      2.982e-06      4.986e-09      1.999e-09      2.974e-09      1.916e-06      8.983e-17      4.475e-27      7.484e-16      2.543e-26      2.909e-36      
3.99000e-05     -2.34400e-04    3.82500e-04     1.16400e-03     2.00000e+01     7.32000e-01     2.50100e+01     8.500e-02      4.000e-04      2.000e-05      1.697e-06      2.865e-08      1.811e-09      1.223e-08      1.243e-06      1.985e-05      1.982e-05      5.151e-06      9.280e-06      1.483e-07      8.461e-09      3.065e-08      2.374e-06      2.981e-06      4.986e-09      1.999e-09      2.973e-09      1.976e-06      9.435e-17      4.825e-27      7.749e-16      2.729e-26      3.626e-36      
4.01600e-05     -2.35900e-04    3.85000e-04     1.15100e-03     2.00000e+01     7.24000e-01     2.51600e+01     8.500e-02      4.000e-04      2.000e-05      1.695e-06      2.860e-08      1.805e-09      1.223e-08      1.242e-06      1.978e-05      1.980e-05      5.146e-06      9.278e-06      1.479e-07      8.460e-09      3.054e-08      2.370e-06      2.981e-06      4.986e-09      1.999e-09      2.972e-09      2.037e-06      9.903e-17      5.197e-27      8.018e-16      2.925e-26      4.538e-36      
4.04200e-05     -2.37400e-04    3.87500e-04     1.13800e-03     2.00000e+01     7.16000e-01     2.53200e+01     8.500e-02      4.000e-04      2.000e-05      1.694e-06      2.856e-08      1.799e-09      1.222e-08      1.241e-06      1.972e-05      1.978e-05      5.140e-06      9.275e-06      1.475e-07      8.459e-09      3.043e-08      2.365e-06      2.981e-06      4.985e-09      1.998e-09      2.972e-09      2.099e-06      1.039e-16      5.593e-27      8.292e-16      3.132e-26      5.700e-36      
4.06800e-05     -2.39000e-04    3.90000e-04     1.12500e-03     2.00000e+01     7.08000e-01     2.54800e+01     8.500e-02      4.000e-04      2.000e-05      1.692e-06      2.852e-08      1.792e-09      1.221e-08      1.239e-06      1.965e-05      1.975e-05      5.135e-06      9.273e-06      1.472e-07      8.458e-09      3.032e-08      2.361e-06      2.980e-06      4.985e-09      1.998e-09      2.971e-09      2.162e-06      1.089e-16      6.014e-27      8.570e-16      3.349e-26      7.177e-36      
4.09400e-05     -2.40500e-04    3.92500e-04     1.11300e-03     2.00000e+01     7.00000e-01     2.56400e+01     8.500e-02      4.000e-04      2.000e-05      1.690e-06      2.847e-08      1.786e-09      1.220e-08      1.238e-06      1.958e-05      1.973e-05      5.130e-06      9.271e-06      1.468e-07      8.456e-09      3.021e-08      2.356e-06      2.980e-06      4.984e-09      1.998e-09      2.970e-09      2.226e-06      1.141e-16      6.461e-27      8.851e-16      3.578e-26      9.054e-36      
4.12100e-05     -2.42000e-04    3.94900e-04     1.10000e-03     2.00000e+01     6.92000e-01     2.58000e+01     8.500e-02      4.000e-04      2.000e-05      1.688e-06      2.843e-08      1.780e-09      1.219e-08      1.237e-06      1.952e-05      1.970e-05      5.124e-06      9.268e-06      1.464e-07      8.455e-09      3.010e-08      2.352e-06      2.980e-06      4.984e-09      1.998e-09      2.969e-09      2.291e-06      1.194e-16      6.935e-27      9.136e-16      3.818e-26      1.144e-35      
4.14700e-05     -2.43500e-04    3.97400e-04     1.08800e-03     2.00000e+01     6.85000e-01     2.59600e+01     8.500e-02      4.000e-04      2.000e-05      1.686e-06      2.838e-08      1.773e-09      1.218e-08      1.236e-06      1.945e-05      1.968e-05      5.119e-06      9.266e-06      1.460e-07      8.454e-09      2.998e-08      2.347e-06      2.980e-06      4.983e-09      1.998e-09      2.968e-09      2.356e-06      1.250e-16      7.438e-27      9.425e-16      4.071e-26      1.445e-35      
4.17300e-05     -2.45100e-04    3.99900e-04     1.07700e-03     2.00000e+01     6.77000e-01     2.61200e+01     8.500e-02      4.000e-04      2.000e-05      1.684e-06      2.834e-08      1.767e-09      1.218e-08      1.235e-06      1.938e-05      1.965e-05      5.113e-06      9.263e-06      1.455e-07      8.452e-09      2.987e-08      2.343e-06      2.979e-06      4.983e-09      1.998e-09      2.967e-09      2.423e-06      1.307e-16      7.971e-27      9.718e-16      4.335e-26      1.825e-35      
4.19900e-05     -2.46600e-04    4.02400e-04     1.06500e-03     2.00000e+01     6.70000e-01     2.62800e+01     8.500e-02      4.000e-04      2.000e-05      1.681e-06      2.829e-08      1.760e-09      1.217e-08      1.234e-06      1.930e-05      1.963e-05      5.108e-06      9.260e-06      1.451e-07      8.451e-09      2.975e-08      2.338e-06      2.979e-06      4.982e-09      1.998e-09      2.966e-09      2.490e-06      1.366e-16      8.535e-27      1.001e-15      4.613e-26      2.305e-35      
4.22500e-05     -2.48100e-04    4.04900e-04     1.05400e-03     2.00000e+01     6.63000e-01     2.64400e+01     8.500e-02      4.000e-04      2.000e-05      1.679e-06      2.824e-08      1.753e-09      1.216e-08      1.233e-06      1.923e-05      1.960e-05      5.102e-06      9.258e-06      1.447e-07      8.450e-09      2.963e-08      2.333e-06      2.979e-06      4.982e-09      1.998e-09      2.965e-09      2.558e-06      1.427e-16      9.132e-27      1.031e-15      4.903e-26      2.906e-35      
4.25100e-05     -2.49600e-04    4.07300e-04     1.04200e-03     2.00000e+01     6.56000e-01     2.66000e+01     8.500e-02      4.000e-04      2.000e-05      1.677e-06      2.820e-08      1.746e-09      1.215e-08      1.232e-06      1.916e-05      1.957e-05      5.096e-06      9.255e-06      1.443e-07      8.449e-09      2.951e-08      2.328e-06      2.978e-06      4.981e-09      1.998e-09      2.964e-09      2.627e-06      1.489e-16      9.763e-27      1.061e-15      5.207e-26      3.659e-35      
4.27800e-05     -2.51200e-04    4.09800e-04     1.03100e-03     2.00000e+01     6.49000e-01     2.67600e+01     8.500e-02      4.000e-04      2.000e-05      1.675e-06      2.815e-08      1.739e-09      1.214e-08      1.230e-06      1.908e-05      1.955e-05      5.090e-06      9.252e-06      1.439e-07      8.447e-09      2.939e-08      2.323e-06      2.978e-06      4.981e-09      1.998e-09      2.963e-09      2.696e-06      1.554e-16      1.043e-26      1.092e-15      5.525e-26      4.600e-35      
4.30400e-05     -2.52700e-04    4.12300e-04     1.02000e-03     2.00000e+01     6.42000e-01     2.69200e+01     8.500e-02      4.000e-04      2.000e-05      1.673e-06      2.810e-08      1.732e-09      1.213e-08      1.229e-06      1.901e-05      1.952e-05      5.084e-06      9.250e-06      1.434e-07      8.446e-09      2.927e-08      2.318e-06      2.978e-06      4.980e-09      1.998e-09      2.962e-09      2.767e-06      1.620e-16      1.114e-26      1.123e-15      5.856e-26      5.772e-35      
4.33000e-05     -2.54200e-04    4.14800e-04     1.01000e-03     2.00000e+01     6.35000e-01     2.70800e+01     8.500e-02      4.000e-04      2.000e-05      1.670e-06      2.805e-08      1.725e-09      1.212e-08      1.228e-06      1.893e-05      1.949e-05      5.077e-06      9.247e-06      1.430e-07      8.444e-09      2.914e-08      2.313e-06      2.977e-06      4.980e-09      1.998e-09      2.961e-09      2.838e-06      1.688e-16      1.188e-26      1.154e-15      6.202e-26      7.229e-35      
4.35600e-05     -2.55700e-04    4.17300e-04     9.99200e-04     2.00000e+01     6.28000e-01     2.72400e+01     8.500e-02      4.000e-04      2.000e-05      1.668e-06      2.800e-08      1.718e-09      1.211e-08      1.227e-06      1.885e-05      1.946e-05      5.071e-06      9.244e-06      1.426e-07      8.443e-09      2.902e-08      2.308e-06      2.977e-06      4.979e-09      1.998e-09      2.960e-09      2.910e-06      1.758e-16      1.266e-26      1.185e-15      6.563e-26      9.035e-35      
4.38200e-05     -2.57300e-04    4.19700e-04     9.88800e-04     2.00000e+01     6.22000e-01     2.73900e+01     8.500e-02      4.000e-04      2.000e-05      1.666e-06      2.795e-08      1.711e-09      1.210e-08      1.225e-06      1.878e-05      1.943e-05      5.065e-06      9.241e-06      1.421e-07      8.442e-09      2.889e-08      2.303e-06      2.977e-06      4.979e-09      1.998e-09      2.959e-09      2.983e-06      1.830e-16      1.349e-26      1.217e-15      6.938e-26      1.126e-34      
4.40900e-05     -2.58800e-04    4.22200e-04     9.78700e-04     2.00000e+01     6.16000e-01     2.75500e+01     8.500e-02      4.000e-04      2.000e-05      1.663e-06      2.789e-08      1.703e-09      1.209e-08      1.224e-06      1.870e-05      1.940e-05      5.058e-06      9.238e-06      1.417e-07      8.440e-09      2.876e-08      2.297e-06      2.976e-06      4.978e-09      1.998e-09      2.958e-09      3.056e-06      1.904e-16      1.436e-26      1.248e-15      7.329e-26      1.400e-34      
4.43500e-05     -2.60300e-04    4.24700e-04     9.68700e-04     2.00000e+01     6.09000e-01     2.77100e+01     8.500e-02      4.000e-04      2.000e-05      1.661e-06      2.784e-08      1.696e-09      1.208e-08      1.223e-06      1.862e-05      1.937e-05      5.052e-06      9.235e-06      1.412e-07      8.439e-09      2.864e-08      2.292e-06      2.976e-06      4.978e-09      1.998e-09      2.957e-09      3.130e-06      1.980e-16      1.528e-26      1.280e-15      7.736e-26      1.737e-34      
4.46100e-05     -2.61800e-04    4.27200e-04     9.58900e-04     2.00000e+01     6.03000e-01     2.78700e+01     8.500e-02      4.000e-04      2.000e-05      1.658e-06      2.779e-08      1.688e-09      1.207e-08      1.222e-06      1.854e-05      1.934e-05      5.045e-06      9.232e-06      1.408e-07      8.437e-09      2.851e-08      2.287e-06      2.975e-06      4.977e-09      1.998e-09      2.956e-09      3.205e-06      2.058e-16      1.625e-26      1.313e-15      8.159e-26      2.149e-34      
4.48700e-05     -2.63400e-04    4.29700e-04     9.49200e-04     2.00000e+01     5.97000e-01     2.80300e+01     8.500e-02      4.000e-04      2.000e-05      1.656e-06      2.773e-08      1.681e-09      1.206e-08      1.220e-06      1.846e-05      1.931e-05      5.038e-06      9.229e-06      1.403e-07      8.436e-09      2.837e-08      2.281e-06      2.975e-06      4.977e-09      1.998e-09      2.955e-09      3.281e-06      2.138e-16      1.727e-26      1.345e-15      8.598e-26      2.652e-34      
4.51300e-05     -2.64900e-04    4.32100e-04     9.39700e-04     2.00000e+01     5.91000e-01     2.81900e+01     8.500e-02      4.000e-04      2.000e-05      1.653e-06      2.768e-08      1.673e-09      1.205e-08      1.219e-06      1.837e-05      1.928e-05      5.031e-06      9.226e-06      1.399e-07      8.434e-09      2.824e-08      2.275e-06      2.975e-06      4.976e-09      1.998e-09      2.953e-09      3.357e-06      2.220e-16      1.834e-26      1.378e-15      9.053e-26      3.264e-34      
4.53900e-05     -2.66400e-04    4.34600e-04     9.30300e-04     2.00000e+01     5.85000e-01     2.83500e+01     8.500e-02      3.999e-04      2.000e-05      1.651e-06      2.762e-08      1.665e-09      1.204e-08      1.217e-06      1.829e-05      1.925e-05      5.024e-06      9.223e-06      1.394e-07      8.433e-09      2.811e-08      2.270e-06      2.974e-06      4.975e-09      1.998e-09      2.952e-09      3.433e-06      2.303e-16      1.946e-26      1.410e-15      9.526e-26      4.007e-34      
4.56600e-05     -2.67900e-04    4.37100e-04     9.21100e-04     2.00000e+01     5.79000e-01     2.85100e+01     8.500e-02      3.999e-04      2.000e-05      1.648e-06      2.757e-08      1.657e-09      1.203e-08      1.216e-06      1.821e-05      1.922e-05      5.017e-06      9.220e-06      1.389e-07      8.431e-09      2.797e-08      2.264e-06      2.974e-06      4.975e-09      1.998e-09      2.951e-09      3.511e-06      2.389e-16      2.064e-26      1.443e-15      1.002e-25      4.907e-34      
4.59200e-05     -2.69400e-04    4.39600e-04     9.12000e-04     2.00000e+01     5.74000e-01     2.86700e+01     8.500e-02      3.999e-04      2.000e-05      1.646e-06      2.751e-08      1.649e-09      1.202e-08      1.215e-06      1.812e-05      1.918e-05      5.010e-06      9.216e-06      1.385e-07      8.429e-09      2.784e-08      2.258e-06      2.974e-06      4.974e-09      1.997e-09      2.950e-09      3.589e-06      2.476e-16      2.188e-26      1.476e-15      1.052e-25      5.991e-34      
4.61800e-05     -2.71000e-04    4.42100e-04     9.03000e-04     2.00000e+01     5.68000e-01     2.88300e+01     8.500e-02      3.999e-04      2.000e-05      1.643e-06      2.746e-08      1.641e-09      1.201e-08      1.213e-06      1.804e-05      1.915e-05      5.003e-06      9.213e-06      1.380e-07      8.428e-09      2.770e-08      2.253e-06      2.973e-06      4.974e-09      1.997e-09      2.949e-09      3.667e-06      2.566e-16      2.319e-26      1.509e-15      1.105e-25      7.297e-34      
4.64400e-05     -2.72500e-04    4.44500e-04     8.94200e-04     2.00000e+01     5.62000e-01     2.89900e+01     8.500e-02      3.999e-04      2.000e-05      1.640e-06      2.740e-08      1.633e-09      1.200e-08      1.212e-06      1.795e-05      1.912e-05      4.996e-06      9.210e-06      1.375e-07      8.426e-09      2.757e-08      2.247e-06      2.973e-06      4.973e-09      1.997e-09      2.948e-09      3.746e-06      2.657e-16      2.455e-26      1.542e-15      1.159e-25      8.868e-34      
4.67000e-05     -2.74000e-04    4.47000e-04     8.85500e-04     2.00000e+01     5.57000e-01     2.91500e+01     8.500e-02      3.999e-04      2.000e-05      1.637e-06      2.734e-08      1.625e-09      1.199e-08      1.210e-06      1.787e-05      1.908e-05      4.988e-06      9.207e-06      1.370e-07      8.425e-09      2.743e-08      2.241e-06      2.972e-06      4.972e-09      1.997e-09      2.946e-09      3.826e-06      2.751e-16      2.599e-26      1.575e-15      1.215e-25      1.075e-33      
4.69700e-05     -2.75500e-04    4.49500e-04     8.77000e-04     2.00000e+01     5.52000e-01     2.93100e+01     8.500e-02      3.999e-04      2.000e-05      1.635e-06      2.728e-08      1.617e-09      1.198e-08      1.209e-06      1.778e-05      1.905e-05      4.981e-06      9.203e-06      1.366e-07      8.423e-09      2.729e-08      2.235e-06      2.972e-06      4.972e-09      1.997e-09      2.945e-09      3.906e-06      2.846e-16      2.749e-26      1.609e-15      1.273e-25      1.299e-33      
4.72300e-05     -2.77100e-04    4.52000e-04     8.68600e-04     2.00000e+01     5.46000e-01     2.94600e+01     8.500e-02      3.999e-04      2.000e-05      1.632e-06      2.722e-08      1.609e-09      1.197e-08      1.207e-06      1.769e-05      1.901e-05      4.973e-06      9.200e-06      1.361e-07      8.421e-09      2.715e-08      2.229e-06      2.971e-06      4.971e-09      1.997e-09      2.944e-09      3.987e-06      2.943e-16      2.906e-26      1.642e-15      1.333e-25      1.567e-33      
4.74900e-05     -2.78600e-04    4.54500e-04     8.60300e-04     2.00000e+01     5.41000e-01     2.96200e+01     8.500e-02      3.999e-04      2.000e-05      1.629e-06      2.716e-08      1.601e-09      1.196e-08      1.206e-06      1.760e-05      1.898e-05      4.966e-06      9.196e-06      1.356e-07      8.420e-09      2.701e-08      2.223e-06      2.971e-06      4.971e-09      1.997e-09      2.943e-09      4.068e-06      3.043e-16      3.071e-26      1.675e-15      1.395e-25      1.885e-33      
4.77500e-05     -2.80100e-04    4.56900e-04     8.52200e-04     2.00000e+01     5.36000e-01     2.97800e+01     8.500e-02      3.999e-04      2.000e-05      1.626e-06      2.710e-08      1.592e-09      1.195e-08      1.204e-06      1.751e-05      1.894e-05      4.958e-06      9.193e-06      1.351e-07      8.418e-09      2.687e-08      2.217e-06      2.971e-06      4.970e-09      1.997e-09      2.941e-09      4.150e-06      3.144e-16      3.244e-26      1.709e-15      1.458e-25      2.263e-33      
4.80200e-05     -2.81600e-04    4.59400e-04     8.44100e-04     2.00000e+01     5.31000e-01     2.99400e+01     8.500e-02      3.999e-04      2.000e-05      1.623e-06      2.704e-08      1.584e-09      1.193e-08      1.203e-06      1.742e-05      1.891e-05      4.950e-06      9.189e-06      1.346e-07      8.416e-09      2.672e-08      2.211e-06      2.970e-06      4.969e-09      1.997e-09      2.940e-09      4.232e-06      3.247e-16      3.425e-26      1.742e-15      1.524e-25      2.709e-33      
4.82800e-05     -2.83200e-04    4.61900e-04     8.36200e-04     2.00000e+01     5.26000e-01     3.01000e+01     8.500e-02      3.999e-04      2.000e-05      1.620e-06      2.698e-08      1.575e-09      1.192e-08      1.201e-06      1.733e-05      1.887e-05      4.942e-06      9.186e-06      1.341e-07      8.415e-09      2.658e-08      2.204e-06      2.970e-06      4.969e-09      1.997e-09      2.939e-09      4.314e-06      3.351e-16      3.614e-26      1.775e-15      1.591e-25      3.237e-33      
4.85400e-05     -2.84700e-04    4.64400e-04     8.28400e-04     2.00000e+01     5.21000e-01     3.02600e+01     8.500e-02      3.999e-04      2.000e-05      1.617e-06      2.692e-08      1.567e-09      1.191e-08      1.200e-06      1.724e-05      1.883e-05      4.934e-06      9.182e-06      1.336e-07      8.413e-09      2.644e-08      2.198e-06      2.969e-06      4.968e-09      1.997e-09      2.937e-09      4.397e-06      3.458e-16      3.812e-26      1.808e-15      1.661e-25      3.858e-33      
4.88000e-05     -2.86200e-04    4.66900e-04     8.20800e-04     2.00000e+01     5.16000e-01     3.04200e+01     8.500e-02      3.999e-04      2.000e-05      1.614e-06      2.686e-08      1.558e-09      1.190e-08      1.198e-06      1.715e-05      1.879e-05      4.926e-06      9.178e-06      1.331e-07      8.411e-09      2.629e-08      2.192e-06      2.969e-06      4.967e-09      1.997e-09      2.936e-09      4.481e-06      3.567e-16      4.019e-26      1.842e-15      1.732e-25      4.588e-33      
4.90600e-05     -2.87700e-04    4.69300e-04     8.13200e-04     2.00000e+01     5.11000e-01     3.05800e+01     8.500e-02      3.999e-04      2.000e-05      1.611e-06      2.679e-08      1.550e-09      1.189e-08      1.197e-06      1.706e-05      1.876e-05      4.918e-06      9.175e-06      1.326e-07      8.409e-09      2.615e-08      2.185e-06      2.968e-06      4.967e-09      1.997e-09      2.935e-09      4.564e-06      3.677e-16      4.235e-26      1.875e-15      1.806e-25      5.446e-33      
4.93300e-05     -2.89300e-04    4.71800e-04     8.05700e-04     2.00000e+01     5.07000e-01     3.07400e+01     8.500e-02      3.999e-04      2.000e-05      1.608e-06      2.673e-08      1.541e-09      1.188e-08      1.195e-06      1.697e-05      1.872e-05      4.910e-06      9.171e-06      1.321e-07      8.407e-09      2.600e-08      2.179e-06      2.968e-06      4.966e-09      1.997e-09      2.933e-09      4.648e-06      3.789e-16      4.461e-26      1.908e-15      1.881e-25      6.448e-33      
4.95900e-05     -2.90800e-04    4.74300e-04     7.98400e-04     2.00000e+01     5.02000e-01     3.09000e+01     8.500e-02      3.999e-04      2.000e-05      1.605e-06      2.667e-08      1.532e-09      1.186e-08      1.193e-06      1.687e-05      1.868e-05      4.901e-06      9.167e-06      1.316e-07      8.406e-09      2.585e-08      2.173e-06      2.967e-06      4.965e-09      1.997e-09      2.932e-09      4.733e-06      3.903e-16      4.697e-26      1.941e-15      1.959e-25      7.620e-33      
4.98500e-05     -2.92300e-04    4.76800e-04     7.91100e-04     2.00000e+01     4.98000e-01     3.10600e+01     8.500e-02      3.999e-04      2.000e-05      1.602e-06      2.660e-08      1.523e-09      1.185e-08      1.192e-06      1.678e-05      1.864e-05      4.893e-06      9.163e-06      1.311e-07      8.404e-09      2.571e-08      2.166e-06      2.967e-06      4.965e-09      1.997e-09      2.931e-09      4.818e-06      4.019e-16      4.944e-26      1.973e-15      2.038e-25      8.983e-33      
5.01100e-05     -2.93800e-04    4.79300e-04     7.84000e-04     2.00000e+01     4.93000e-01     3.12200e+01     8.500e-02      3.999e-04      2.000e-05      1.599e-06      2.654e-08      1.515e-09      1.184e-08      1.190e-06      1.669e-05      1.860e-05      4.884e-06      9.160e-06      1.306e-07      8.402e-09      2.556e-08      2.159e-06      2.966e-06      4.964e-09      1.997e-09      2.929e-09      4.903e-06      4.136e-16      5.202e-26      2.006e-15      2.120e-25      1.057e-32      
5.03700e-05     -2.95400e-04    4.81700e-04     7.77000e-04     2.00000e+01     4.89000e-01     3.13800e+01     8.500e-02      3.999e-04      2.000e-05      1.595e-06      2.647e-08      1.506e-09      1.183e-08      1.189e-06      1.659e-05      1.856e-05      4.876e-06      9.156e-06      1.301e-07      8.400e-09      2.541e-08      2.153e-06      2.966e-06      4.963e-09      1.996e-09      2.928e-09      4.988e-06      4.255e-16      5.470e-26      2.038e-15      2.204e-25      1.241e-32      
5.06400e-05     -2.96900e-04    4.84200e-04     7.70000e-04     2.00000e+01     4.84000e-01     3.15400e+01     8.500e-02      3.999e-04      2.000e-05      1.592e-06      2.641e-08      1.497e-09      1.181e-08      1.187e-06      1.650e-05      1.852e-05      4.867e-06      9.152e-06      1.296e-07      8.398e-09      2.526e-08      2.146e-06      2.965e-06      4.962e-09      1.996e-09      2.926e-09      5.074e-06      4.376e-16      5.751e-26      2.071e-15      2.290e-25      1.455e-32      
5.09000e-05     -2.98400e-04    4.86700e-04     7.63200e-04     2.00000e+01     4.80000e-01     3.16900e+01     8.500e-02      3.999e-04      2.000e-05      1.589e-06      2.634e-08      1.488e-09      1.180e-08      1.185e-06      1.640e-05      1.848e-05      4.859e-06      9.148e-06      1.290e-07      8.396e-09      2.511e-08      2.140e-06      2.965e-06      4.962e-09      1.996e-09      2.925e-09      5.159e-06      4.499e-16      6.044e-26      2.103e-15      2.378e-25      1.702e-32      
5.11600e-05     -2.99900e-04    4.89200e-04     7.56500e-04     2.00000e+01     4.76000e-01     3.18500e+01     8.500e-02      3.999e-04      2.000e-05      1.586e-06      2.627e-08      1.479e-09      1.179e-08      1.183e-06      1.630e-05      1.844e-05      4.850e-06      9.144e-06      1.285e-07      8.394e-09      2.496e-08      2.133e-06      2.964e-06      4.961e-09      1.996e-09      2.924e-09      5.245e-06      4.623e-16      6.349e-26      2.135e-15      2.468e-25      1.987e-32      
