# Collapse Model Output 
 
# ev_output/ev_3827641.dat in GNUPLOT format produced by evolve_output.pl 
 
X               Y               Z              DENSITY         TEMP            AV              TIME            He          CO          N2          CH4         NH3         H2S         HCP         H2O         C2H2        HCN         CS          SiC2        HCl         HF          C2H4        SiO         SiS         Mg          Na          Fe          C2H         C4H         C6H         HC3N        HC5N        HC7N        
#(PC)            (PC)            (PC)           (CM-3)          (K)             (MAG)           (YR)	       (wrt Hnuc)     
 
3.54000e-06     -2.39600e-05    3.98100e-05     9.32200e-03     2.17500e+03     1.21900e+00     2.36000e+03     8.500e-02      3.997e-04      1.998e-05      2.056e-08      1.893e-11      2.999e-15      3.551e-10      2.210e-08      8.674e-09      3.455e-07      7.232e-08      2.896e-06      1.158e-10      4.031e-09      5.949e-16      3.918e-10      1.905e-06      3.174e-09      1.766e-09      7.209e-10      2.297e-06      5.980e-16      7.093e-20      4.531e-16      1.807e-23      1.024e-28      
1.12300e-05     -2.79300e-05    4.70900e-05     7.83800e-03     3.14100e+03     8.98900e-01     2.36200e+03     8.500e-02      3.997e-04      1.998e-05      2.042e-08      1.874e-11      3.000e-15      3.535e-10      2.198e-08      8.651e-09      3.439e-07      7.186e-08      2.891e-06      1.159e-10      4.027e-09      5.810e-16      3.871e-10      1.904e-06      3.172e-09      1.766e-09      7.195e-10      2.289e-06      5.863e-16      7.100e-20      4.414e-16      1.792e-23      1.017e-28      
1.81100e-05     -3.07500e-05    5.39000e-05     6.51000e-03     2.57700e+03     7.40100e-01     2.36400e+03     8.500e-02      3.997e-04      1.998e-05      2.021e-08      1.848e-11      2.936e-15      3.513e-10      2.181e-08      8.463e-09      3.405e-07      7.119e-08      2.885e-06      1.142e-10      4.021e-09      5.618e-16      3.804e-10      1.902e-06      3.169e-09      1.765e-09      7.176e-10      2.278e-06      5.685e-16      7.106e-20      4.226e-16      1.771e-23      1.006e-28      
2.41500e-05     -3.32400e-05    6.01300e-05     5.46000e-03     2.11600e+03     6.85500e-01     2.36500e+03     8.500e-02      3.997e-04      1.998e-05      1.997e-08      1.819e-11      2.843e-15      3.488e-10      2.162e-08      8.206e-09      3.364e-07      7.042e-08      2.877e-06      1.117e-10      4.015e-09      5.408e-16      3.730e-10      1.900e-06      3.166e-09      1.765e-09      7.153e-10      2.266e-06      5.488e-16      7.112e-20      4.014e-16      1.748e-23      9.928e-29      
2.90500e-05     -3.57800e-05    6.57900e-05     4.76900e-03     1.75200e+03     6.21700e-01     2.36700e+03     8.500e-02      3.997e-04      1.998e-05      1.969e-08      1.786e-11      2.730e-15      3.461e-10      2.139e-08      7.893e-09      3.315e-07      6.954e-08      2.868e-06      1.087e-10      4.009e-09      5.177e-16      3.647e-10      1.898e-06      3.163e-09      1.765e-09      7.128e-10      2.252e-06      5.267e-16      7.117e-20      3.775e-16      1.722e-23      9.778e-29      
3.30500e-05     -3.82700e-05    7.07400e-05     4.25400e-03     1.51500e+03     5.67400e-01     2.36800e+03     8.500e-02      3.997e-04      1.997e-05      1.937e-08      1.749e-11      2.604e-15      3.430e-10      2.115e-08      7.541e-09      3.258e-07      6.854e-08      2.858e-06      1.053e-10      4.001e-09      4.929e-16      3.554e-10      1.895e-06      3.159e-09      1.764e-09      7.099e-10      2.236e-06      5.027e-16      7.123e-20      3.517e-16      1.693e-23      9.609e-29      
3.59100e-05     -4.08300e-05    7.48200e-05     3.96300e-03     1.33800e+03     5.19100e-01     2.37000e+03     8.500e-02      3.997e-04      1.997e-05      1.901e-08      1.709e-11      2.467e-15      3.397e-10      2.087e-08      7.161e-09      3.194e-07      6.744e-08      2.846e-06      1.016e-10      3.993e-09      4.667e-16      3.454e-10      1.892e-06      3.155e-09      1.764e-09      7.067e-10      2.218e-06      4.774e-16      7.128e-20      3.247e-16      1.662e-23      9.425e-29      
3.77000e-05     -4.33800e-05    7.76900e-05     3.71900e-03     1.21200e+03     5.01500e-01     2.37200e+03     8.500e-02      3.996e-04      1.997e-05      1.865e-08      1.669e-11      2.332e-15      3.363e-10      2.059e-08      6.782e-09      3.129e-07      6.630e-08      2.835e-06      9.787e-11      3.984e-09      4.410e-16      3.353e-10      1.889e-06      3.151e-09      1.763e-09      7.034e-10      2.200e-06      4.527e-16      7.133e-20      2.987e-16      1.631e-23      9.236e-29      
3.87900e-05     -4.57200e-05    7.91000e-05     3.47600e-03     1.10900e+03     4.95500e-01     2.37300e+03     8.500e-02      3.996e-04      1.997e-05      1.828e-08      1.629e-11      2.202e-15      3.329e-10      2.031e-08      6.418e-09      3.064e-07      6.516e-08      2.823e-06      9.421e-11      3.976e-09      4.164e-16      3.253e-10      1.886e-06      3.146e-09      1.763e-09      7.001e-10      2.181e-06      4.292e-16      7.138e-20      2.745e-16      1.600e-23      9.048e-29      
3.94800e-05     -4.76700e-05    7.90500e-05     3.27700e-03     1.01200e+03     5.04800e-01     2.37500e+03     8.500e-02      3.996e-04      1.997e-05      1.794e-08      1.590e-11      2.082e-15      3.296e-10      2.004e-08      6.079e-09      3.002e-07      6.407e-08      2.811e-06      9.073e-11      3.967e-09      3.936e-16      3.159e-10      1.883e-06      3.142e-09      1.762e-09      6.969e-10      2.164e-06      4.078e-16      7.142e-20      2.527e-16      1.570e-23      8.867e-29      
3.99700e-05     -4.91000e-05    7.76600e-05     3.15500e-03     9.31000e+02     5.26800e-01     2.37600e+03     8.500e-02      3.996e-04      1.997e-05      1.761e-08      1.555e-11      1.974e-15      3.264e-10      1.979e-08      5.773e-09      2.944e-07      6.306e-08      2.800e-06      8.750e-11      3.959e-09      3.731e-16      3.071e-10      1.881e-06      3.138e-09      1.761e-09      6.938e-10      2.147e-06      3.890e-16      7.147e-20      2.338e-16      1.542e-23      8.698e-29      
4.03700e-05     -4.99800e-05    7.51100e-05     2.97500e-03     8.71700e+02     5.36200e-01     2.37800e+03     8.500e-02      3.996e-04      1.997e-05      1.730e-08      1.520e-11      1.874e-15      3.233e-10      1.954e-08      5.489e-09      2.889e-07      6.208e-08      2.790e-06      8.442e-11      3.951e-09      3.540e-16      2.988e-10      1.878e-06      3.134e-09      1.761e-09      6.908e-10      2.130e-06      3.717e-16      7.151e-20      2.166e-16      1.514e-23      8.534e-29      
4.08900e-05     -5.04000e-05    7.19300e-05     2.87700e-03     1.18000e+03     5.11200e-01     2.37900e+03     8.500e-02      3.995e-04      1.997e-05      1.698e-08      1.485e-11      1.773e-15      3.202e-10      1.928e-08      5.205e-09      2.831e-07      6.106e-08      2.779e-06      8.137e-11      3.943e-09      3.348e-16      2.902e-10      1.875e-06      3.130e-09      1.760e-09      6.877e-10      2.113e-06      3.528e-16      7.155e-20      1.995e-16      1.486e-23      8.359e-29      
4.38100e-05     -5.13100e-05    7.21700e-05     2.83900e-03     2.11800e+03     5.05000e-01     2.38100e+03     8.500e-02      3.995e-04      1.997e-05      1.665e-08      1.450e-11      1.682e-15      3.170e-10      1.903e-08      4.947e-09      2.774e-07      6.004e-08      2.767e-06      7.866e-11      3.934e-09      3.165e-16      2.818e-10      1.872e-06      3.125e-09      1.760e-09      6.845e-10      2.096e-06      3.331e-16      7.158e-20      1.833e-16      1.457e-23      8.179e-29      
4.90200e-05     -5.32100e-05    7.62400e-05     2.84700e-03     2.20800e+03     4.75500e-01     2.38300e+03     8.500e-02      3.995e-04      1.996e-05      1.631e-08      1.414e-11      1.590e-15      3.136e-10      1.876e-08      4.686e-09      2.714e-07      5.896e-08      2.755e-06      7.592e-11      3.926e-09      2.981e-16      2.730e-10      1.869e-06      3.121e-09      1.759e-09      6.811e-10      2.077e-06      3.133e-16      7.161e-20      1.673e-16      1.427e-23      7.991e-29      
5.48200e-05     -5.48900e-05    8.10500e-05     2.64900e-03     2.04300e+03     4.62000e-01     2.38400e+03     8.500e-02      3.995e-04      1.996e-05      1.597e-08      1.377e-11      1.498e-15      3.102e-10      1.848e-08      4.427e-09      2.653e-07      5.787e-08      2.743e-06      7.314e-11      3.916e-09      2.802e-16      2.643e-10      1.866e-06      3.116e-09      1.759e-09      6.777e-10      2.059e-06      2.942e-16      7.164e-20      1.523e-16      1.397e-23      7.803e-29      
6.05200e-05     -5.61600e-05    8.59200e-05     2.58700e-03     1.81900e+03     4.42700e-01     2.38600e+03     8.500e-02      3.994e-04      1.996e-05      1.561e-08      1.340e-11      1.406e-15      3.067e-10      1.820e-08      4.166e-09      2.590e-07      5.674e-08      2.730e-06      7.030e-11      3.907e-09      2.627e-16      2.554e-10      1.862e-06      3.111e-09      1.758e-09      6.741e-10      2.039e-06      2.758e-16      7.168e-20      1.381e-16      1.367e-23      7.612e-29      
6.54000e-05     -5.75800e-05    9.07100e-05     2.45900e-03     1.61200e+03     4.21700e-01     2.38700e+03     8.500e-02      3.994e-04      1.996e-05      1.524e-08      1.302e-11      1.314e-15      3.031e-10      1.791e-08      3.905e-09      2.524e-07      5.557e-08      2.716e-06      6.740e-11      3.897e-09      2.456e-16      2.465e-10      1.859e-06      3.106e-09      1.758e-09      6.703e-10      2.019e-06      2.581e-16      7.171e-20      1.247e-16      1.336e-23      7.419e-29      
6.96200e-05     -5.93500e-05    9.49700e-05     2.32800e-03     1.46300e+03     4.00000e-01     2.38900e+03     8.500e-02      3.993e-04      1.996e-05      1.486e-08      1.264e-11      1.223e-15      2.994e-10      1.761e-08      3.646e-09      2.456e-07      5.437e-08      2.702e-06      6.447e-11      3.887e-09      2.288e-16      2.374e-10      1.855e-06      3.101e-09      1.757e-09      6.664e-10      1.998e-06      2.409e-16      7.174e-20      1.119e-16      1.305e-23      7.222e-29      
7.35200e-05     -6.13300e-05    9.83400e-05     2.28900e-03     1.34900e+03     3.97000e-01     2.39100e+03     8.500e-02      3.993e-04      1.995e-05      1.449e-08      1.226e-11      1.137e-15      2.957e-10      1.731e-08      3.402e-09      2.390e-07      5.319e-08      2.688e-06      6.163e-11      3.877e-09      2.131e-16      2.287e-10      1.851e-06      3.095e-09      1.756e-09      6.625e-10      1.977e-06      2.251e-16      7.176e-20      1.004e-16      1.274e-23      7.030e-29      
7.72100e-05     -6.32500e-05    1.00800e-04     2.19700e-03     1.24700e+03     3.95800e-01     2.39200e+03     8.500e-02      3.992e-04      1.995e-05      1.412e-08      1.189e-11      1.057e-15      2.920e-10      1.702e-08      3.173e-09      2.325e-07      5.203e-08      2.674e-06      5.890e-11      3.866e-09      1.984e-16      2.202e-10      1.847e-06      3.090e-09      1.756e-09      6.586e-10      1.956e-06      2.106e-16      7.179e-20      9.014e-17      1.244e-23      6.843e-29      
8.06500e-05     -6.49100e-05    1.02400e-04     2.11200e-03     1.15800e+03     3.97200e-01     2.39400e+03     8.500e-02      3.992e-04      1.995e-05      1.376e-08      1.154e-11      9.834e-16      2.884e-10      1.673e-08      2.959e-09      2.262e-07      5.089e-08      2.660e-06      5.628e-11      3.856e-09      1.848e-16      2.121e-10      1.844e-06      3.085e-09      1.755e-09      6.548e-10      1.935e-06      1.973e-16      7.182e-20      8.095e-17      1.215e-23      6.660e-29      
8.38300e-05     -6.62800e-05    1.03700e-04     2.02900e-03     1.08200e+03     3.98900e-01     2.39500e+03     8.500e-02      3.991e-04      1.995e-05      1.342e-08      1.120e-11      9.148e-16      2.848e-10      1.645e-08      2.760e-09      2.201e-07      4.979e-08      2.646e-06      5.378e-11      3.846e-09      1.721e-16      2.043e-10      1.840e-06      3.079e-09      1.754e-09      6.510e-10      1.915e-06      1.852e-16      7.185e-20      7.275e-17      1.187e-23      6.484e-29      
8.67700e-05     -6.74100e-05    1.04800e-04     1.95500e-03     1.01700e+03     4.08300e-01     2.39700e+03     8.500e-02      3.991e-04      1.994e-05      1.309e-08      1.087e-11      8.524e-16      2.814e-10      1.618e-08      2.578e-09      2.143e-07      4.873e-08      2.633e-06      5.142e-11      3.836e-09      1.606e-16      1.969e-10      1.836e-06      3.074e-09      1.754e-09      6.473e-10      1.895e-06      1.743e-16      7.187e-20      6.556e-17      1.159e-23      6.314e-29      
8.95000e-05     -6.83600e-05    1.05900e-04     1.91000e-03     9.60200e+02     4.09800e-01     2.39900e+03     8.500e-02      3.990e-04      1.994e-05      1.277e-08      1.056e-11      7.944e-16      2.780e-10      1.591e-08      2.409e-09      2.087e-07      4.770e-08      2.619e-06      4.916e-11      3.826e-09      1.498e-16      1.898e-10      1.833e-06      3.069e-09      1.753e-09      6.436e-10      1.876e-06      1.644e-16      7.190e-20      5.912e-17      1.133e-23      6.150e-29      
9.20400e-05     -6.92000e-05    1.06900e-04     1.81800e-03     9.09600e+02     4.07400e-01     2.40000e+03     8.500e-02      3.990e-04      1.994e-05      1.246e-08      1.025e-11      7.401e-16      2.746e-10      1.565e-08      2.250e-09      2.032e-07      4.669e-08      2.606e-06      4.699e-11      3.816e-09      1.397e-16      1.830e-10      1.829e-06      3.064e-09      1.752e-09      6.399e-10      1.856e-06      1.552e-16      7.192e-20      5.329e-17      1.107e-23      5.989e-29      
9.44300e-05     -6.99700e-05    1.07600e-04     1.74200e-03     8.66000e+02     3.93500e-01     2.40200e+03     8.500e-02      3.989e-04      1.994e-05      1.214e-08      9.941e-12      6.879e-16      2.712e-10      1.538e-08      2.096e-09      1.976e-07      4.566e-08      2.592e-06      4.487e-11      3.806e-09      1.301e-16      1.761e-10      1.826e-06      3.059e-09      1.752e-09      6.361e-10      1.836e-06      1.464e-16      7.195e-20      4.788e-17      1.081e-23      5.828e-29      
9.67000e-05     -7.07300e-05    1.08000e-04     1.70800e-03     8.74400e+02     3.83000e-01     2.40300e+03     8.500e-02      3.989e-04      1.994e-05      1.183e-08      9.636e-12      6.382e-16      2.678e-10      1.511e-08      1.949e-09      1.921e-07      4.463e-08      2.578e-06      4.280e-11      3.796e-09      1.209e-16      1.694e-10      1.822e-06      3.053e-09      1.751e-09      6.323e-10      1.816e-06      1.379e-16      7.197e-20      4.291e-17      1.055e-23      5.667e-29      
9.91900e-05     -7.16100e-05    1.08700e-04     1.66500e-03     1.15800e+03     3.68400e-01     2.40500e+03     8.500e-02      3.988e-04      1.993e-05      1.151e-08      9.330e-12      5.904e-16      2.643e-10      1.484e-08      1.809e-09      1.864e-07      4.359e-08      2.564e-06      4.080e-11      3.785e-09      1.120e-16      1.628e-10      1.818e-06      3.048e-09      1.750e-09      6.283e-10      1.796e-06      1.291e-16      7.199e-20      3.827e-17      1.029e-23      5.505e-29      
1.02800e-04     -7.30200e-05    1.11300e-04     1.65100e-03     1.45500e+03     3.55900e-01     2.40700e+03     8.500e-02      3.987e-04      1.993e-05      1.119e-08      9.025e-12      5.452e-16      2.607e-10      1.456e-08      1.677e-09      1.808e-07      4.254e-08      2.549e-06      3.889e-11      3.774e-09      1.036e-16      1.562e-10      1.814e-06      3.042e-09      1.750e-09      6.243e-10      1.775e-06      1.202e-16      7.201e-20      3.401e-17      1.002e-23      5.343e-29      
1.07500e-04     -7.49900e-05    1.15600e-04     1.65600e-03     1.50200e+03     3.44900e-01     2.40800e+03     8.500e-02      3.987e-04      1.993e-05      1.086e-08      8.723e-12      5.025e-16      2.571e-10      1.429e-08      1.552e-09      1.752e-07      4.149e-08      2.534e-06      3.704e-11      3.763e-09      9.568e-17      1.497e-10      1.810e-06      3.036e-09      1.749e-09      6.202e-10      1.754e-06      1.119e-16      7.203e-20      3.015e-17      9.763e-24      5.182e-29      
1.12600e-04     -7.71100e-05    1.20600e-04     1.59900e-03     1.44700e+03     3.40100e-01     2.41000e+03     8.500e-02      3.986e-04      1.992e-05      1.055e-08      8.429e-12      4.627e-16      2.536e-10      1.401e-08      1.435e-09      1.697e-07      4.045e-08      2.519e-06      3.525e-11      3.752e-09      8.826e-17      1.434e-10      1.806e-06      3.030e-09      1.748e-09      6.161e-10      1.733e-06      1.042e-16      7.204e-20      2.670e-17      9.507e-24      5.024e-29      
1.17600e-04     -7.90400e-05    1.25600e-04     1.54800e-03     1.35100e+03     3.39000e-01     2.41100e+03     8.500e-02      3.985e-04      1.992e-05      1.024e-08      8.143e-12      4.258e-16      2.501e-10      1.374e-08      1.326e-09      1.643e-07      3.943e-08      2.504e-06      3.354e-11      3.741e-09      8.140e-17      1.374e-10      1.801e-06      3.024e-09      1.748e-09      6.120e-10      1.712e-06      9.722e-17      7.206e-20      2.365e-17      9.258e-24      4.870e-29      
1.22300e-04     -8.07300e-05    1.30200e-04     1.44400e-03     1.25700e+03     3.31800e-01     2.41300e+03     8.500e-02      3.984e-04      1.991e-05      9.935e-09      7.863e-12      3.912e-16      2.465e-10      1.348e-08      1.223e-09      1.590e-07      3.842e-08      2.489e-06      3.188e-11      3.729e-09      7.498e-17      1.315e-10      1.797e-06      3.018e-09      1.747e-09      6.079e-10      1.691e-06      9.072e-17      7.207e-20      2.090e-17      9.012e-24      4.720e-29      
1.26800e-04     -8.21900e-05    1.34400e-04     1.43700e-03     1.18100e+03     3.23400e-01     2.41500e+03     8.500e-02      3.983e-04      1.991e-05      9.634e-09      7.587e-12      3.588e-16      2.430e-10      1.321e-08      1.126e-09      1.538e-07      3.742e-08      2.473e-06      3.027e-11      3.718e-09      6.896e-17      1.258e-10      1.793e-06      3.012e-09      1.746e-09      6.037e-10      1.669e-06      8.478e-17      7.209e-20      1.845e-17      8.769e-24      4.571e-29      
1.30900e-04     -8.34800e-05    1.38000e-04     1.39900e-03     1.12200e+03     3.25100e-01     2.41600e+03     8.500e-02      3.982e-04      1.991e-05      9.342e-09      7.322e-12      3.292e-16      2.396e-10      1.294e-08      1.036e-09      1.487e-07      3.645e-08      2.458e-06      2.875e-11      3.706e-09      6.345e-17      1.204e-10      1.789e-06      3.006e-09      1.745e-09      5.995e-10      1.649e-06      7.946e-17      7.210e-20      1.630e-17      8.534e-24      4.428e-29      
1.34700e-04     -8.46800e-05    1.41100e-04     1.34500e-03     1.07600e+03     3.22600e-01     2.41800e+03     8.500e-02      3.981e-04      1.990e-05      9.058e-09      7.065e-12      3.019e-16      2.361e-10      1.269e-08      9.538e-10      1.438e-07      3.549e-08      2.443e-06      2.729e-11      3.695e-09      5.834e-17      1.151e-10      1.784e-06      3.000e-09      1.745e-09      5.954e-10      1.628e-06      7.459e-17      7.212e-20      1.440e-17      8.304e-24      4.288e-29      
1.38300e-04     -8.58800e-05    1.43700e-04     1.35200e-03     1.04100e+03     3.15700e-01     2.41900e+03     8.500e-02      3.980e-04      1.990e-05      8.777e-09      6.813e-12      2.765e-16      2.327e-10      1.243e-08      8.765e-10      1.390e-07      3.455e-08      2.428e-06      2.588e-11      3.684e-09      5.358e-17      1.100e-10      1.780e-06      2.994e-09      1.744e-09      5.912e-10      1.607e-06      7.016e-17      7.213e-20      1.271e-17      8.078e-24      4.152e-29      
1.41700e-04     -8.71300e-05    1.46200e-04     1.29700e-03     1.01200e+03     3.12300e-01     2.42100e+03     8.500e-02      3.979e-04      1.989e-05      8.503e-09      6.568e-12      2.531e-16      2.293e-10      1.218e-08      8.049e-10      1.342e-07      3.362e-08      2.412e-06      2.454e-11      3.672e-09      4.918e-17      1.051e-10      1.776e-06      2.988e-09      1.743e-09      5.871e-10      1.586e-06      6.607e-17      7.214e-20      1.121e-17      7.857e-24      4.018e-29      
1.45100e-04     -8.84600e-05    1.48600e-04     1.26600e-03     9.84500e+02     3.09900e-01     2.42200e+03     8.500e-02      3.978e-04      1.989e-05      8.235e-09      6.331e-12      2.315e-16      2.259e-10      1.193e-08      7.388e-10      1.297e-07      3.271e-08      2.397e-06      2.326e-11      3.660e-09      4.512e-17      1.004e-10      1.771e-06      2.982e-09      1.742e-09      5.829e-10      1.566e-06      6.235e-17      7.215e-20      9.887e-18      7.641e-24      3.888e-29      
1.48300e-04     -8.98500e-05    1.51000e-04     1.23800e-03     9.56400e+02     3.13200e-01     2.42400e+03     8.500e-02      3.978e-04      1.989e-05      7.978e-09      6.104e-12      2.120e-16      2.226e-10      1.168e-08      6.785e-10      1.253e-07      3.184e-08      2.382e-06      2.206e-11      3.649e-09      4.142e-17      9.594e-11      1.767e-06      2.975e-09      1.742e-09      5.788e-10      1.546e-06      5.903e-17      7.216e-20      8.739e-18      7.432e-24      3.764e-29      
1.51500e-04     -9.12500e-05    1.53300e-04     1.20900e-03     9.26700e+02     3.11100e-01     2.42600e+03     8.500e-02      3.977e-04      1.988e-05      7.728e-09      5.884e-12      1.940e-16      2.194e-10      1.144e-08      6.229e-10      1.210e-07      3.098e-08      2.366e-06      2.091e-11      3.637e-09      3.800e-17      9.166e-11      1.763e-06      2.969e-09      1.741e-09      5.747e-10      1.526e-06      5.601e-17      7.217e-20      7.726e-18      7.229e-24      3.642e-29      
1.54600e-04     -9.25900e-05    1.55500e-04     1.18900e-03     8.97100e+02     3.10900e-01     2.42700e+03     8.500e-02      3.976e-04      1.988e-05      7.486e-09      5.672e-12      1.776e-16      2.161e-10      1.121e-08      5.717e-10      1.169e-07      3.015e-08      2.351e-06      1.982e-11      3.626e-09      3.487e-17      8.756e-11      1.758e-06      2.963e-09      1.740e-09      5.707e-10      1.506e-06      5.332e-17      7.219e-20      6.839e-18      7.031e-24      3.525e-29      
1.57600e-04     -9.38300e-05    1.57500e-04     1.15400e-03     8.72300e+02     3.10400e-01     2.42900e+03     8.500e-02      3.975e-04      1.987e-05      7.250e-09      5.467e-12      1.626e-16      2.130e-10      1.098e-08      5.247e-10      1.129e-07      2.933e-08      2.336e-06      1.878e-11      3.615e-09      3.200e-17      8.364e-11      1.754e-06      2.957e-09      1.739e-09      5.666e-10      1.486e-06      5.087e-17      7.220e-20      6.059e-18      6.839e-24      3.411e-29      
1.60500e-04     -9.49200e-05    1.59400e-04     1.13600e-03     8.61400e+02     3.09500e-01     2.43000e+03     8.500e-02      3.974e-04      1.987e-05      7.022e-09      5.270e-12      1.489e-16      2.098e-10      1.075e-08      4.815e-10      1.090e-07      2.854e-08      2.321e-06      1.780e-11      3.603e-09      2.935e-17      7.990e-11      1.750e-06      2.951e-09      1.739e-09      5.626e-10      1.467e-06      4.864e-17      7.220e-20      5.373e-18      6.652e-24      3.300e-29      
1.63400e-04     -9.59000e-05    1.61100e-04     1.12600e-03     8.78000e+02     3.08800e-01     2.43200e+03     8.500e-02      3.973e-04      1.986e-05      6.801e-09      5.079e-12      1.363e-16      2.067e-10      1.053e-08      4.419e-10      1.053e-07      2.777e-08      2.307e-06      1.687e-11      3.592e-09      2.692e-17      7.631e-11      1.745e-06      2.945e-09      1.738e-09      5.586e-10      1.448e-06      4.659e-17      7.221e-20      4.771e-18      6.470e-24      3.193e-29      
1.66300e-04     -9.68200e-05    1.63000e-04     1.09800e-03     9.24500e+02     3.05900e-01     2.43400e+03     8.500e-02      3.972e-04      1.986e-05      6.585e-09      4.894e-12      1.247e-16      2.037e-10      1.032e-08      4.054e-10      1.016e-07      2.701e-08      2.292e-06      1.599e-11      3.580e-09      2.468e-17      7.286e-11      1.741e-06      2.939e-09      1.737e-09      5.546e-10      1.429e-06      4.455e-17      7.222e-20      4.235e-18      6.291e-24      3.089e-29      
1.69400e-04     -9.77900e-05    1.65300e-04     1.08200e-03     9.78600e+02     3.05600e-01     2.43500e+03     8.500e-02      3.971e-04      1.985e-05      6.375e-09      4.715e-12      1.141e-16      2.007e-10      1.010e-08      3.719e-10      9.813e-08      2.628e-08      2.277e-06      1.515e-11      3.569e-09      2.263e-17      6.957e-11      1.737e-06      2.933e-09      1.736e-09      5.506e-10      1.410e-06      4.259e-17      7.223e-20      3.764e-18      6.118e-24      2.988e-29      
1.72700e-04     -9.88500e-05    1.68000e-04     1.07000e-03     1.01600e+03     3.00900e-01     2.43700e+03     8.500e-02      3.969e-04      1.985e-05      6.170e-09      4.542e-12      1.043e-16      1.977e-10      9.890e-09      3.411e-10      9.469e-08      2.555e-08      2.262e-06      1.436e-11      3.557e-09      2.072e-17      6.640e-11      1.732e-06      2.926e-09      1.736e-09      5.467e-10      1.392e-06      4.070e-17      7.224e-20      3.345e-18      5.948e-24      2.889e-29      
1.76000e-04     -1.00000e-04    1.71300e-04     1.05100e-03     1.03000e+03     2.98500e-01     2.43800e+03     8.500e-02      3.968e-04      1.985e-05      5.970e-09      4.373e-12      9.535e-17      1.947e-10      9.682e-09      3.126e-10      9.136e-08      2.484e-08      2.247e-06      1.360e-11      3.546e-09      1.897e-17      6.335e-11      1.728e-06      2.920e-09      1.735e-09      5.427e-10      1.373e-06      3.893e-17      7.224e-20      2.974e-18      5.781e-24      2.793e-29      
1.79500e-04     -1.01200e-04    1.74800e-04     1.05500e-03     1.02600e+03     2.94900e-01     2.44000e+03     8.500e-02      3.967e-04      1.984e-05      5.775e-09      4.210e-12      8.710e-17      1.917e-10      9.477e-09      2.864e-10      8.811e-08      2.415e-08      2.232e-06      1.288e-11      3.534e-09      1.736e-17      6.042e-11      1.724e-06      2.914e-09      1.734e-09      5.387e-10      1.355e-06      3.733e-17      7.225e-20      2.648e-18      5.619e-24      2.699e-29      
1.83000e-04     -1.02400e-04    1.78500e-04     1.00400e-03     1.01100e+03     2.93700e-01     2.44200e+03     8.500e-02      3.966e-04      1.984e-05      5.586e-09      4.053e-12      7.955e-17      1.888e-10      9.275e-09      2.622e-10      8.496e-08      2.347e-08      2.218e-06      1.219e-11      3.523e-09      1.587e-17      5.761e-11      1.719e-06      2.908e-09      1.733e-09      5.348e-10      1.337e-06      3.581e-17      7.225e-20      2.359e-18      5.461e-24      2.608e-29      
1.86500e-04     -1.03700e-04    1.82200e-04     1.02500e-03     9.89400e+02     2.93700e-01     2.44300e+03     8.500e-02      3.965e-04      1.983e-05      5.403e-09      3.901e-12      7.269e-17      1.860e-10      9.078e-09      2.402e-10      8.193e-08      2.281e-08      2.203e-06      1.155e-11      3.511e-09      1.452e-17      5.494e-11      1.715e-06      2.902e-09      1.733e-09      5.308e-10      1.319e-06      3.454e-17      7.226e-20      2.109e-18      5.308e-24      2.521e-29      
1.89800e-04     -1.04800e-04    1.85900e-04     1.00100e-03     9.63900e+02     2.92500e-01     2.44500e+03     8.500e-02      3.964e-04      1.983e-05      5.225e-09      3.755e-12      6.642e-17      1.831e-10      8.884e-09      2.199e-10      7.900e-08      2.217e-08      2.188e-06      1.093e-11      3.500e-09      1.327e-17      5.238e-11      1.710e-06      2.895e-09      1.732e-09      5.269e-10      1.301e-06      3.340e-17      7.226e-20      1.890e-18      5.158e-24      2.436e-29      
1.93100e-04     -1.06000e-04    1.89400e-04     9.63500e-04     9.35700e+02     2.93200e-01     2.44600e+03     8.500e-02      3.963e-04      1.982e-05      5.053e-09      3.614e-12      6.072e-17      1.803e-10      8.695e-09      2.013e-10      7.618e-08      2.154e-08      2.174e-06      1.035e-11      3.489e-09      1.214e-17      4.995e-11      1.706e-06      2.889e-09      1.731e-09      5.231e-10      1.283e-06      3.235e-17      7.227e-20      1.696e-18      5.014e-24      2.354e-29      
1.96300e-04     -1.07100e-04    1.92800e-04     9.47300e-04     9.06100e+02     2.99700e-01     2.44800e+03     8.500e-02      3.962e-04      1.982e-05      4.890e-09      3.480e-12      5.562e-17      1.776e-10      8.513e-09      1.846e-10      7.350e-08      2.095e-08      2.160e-06      9.803e-12      3.477e-09      1.112e-17      4.767e-11      1.702e-06      2.883e-09      1.730e-09      5.193e-10      1.266e-06      3.149e-17      7.227e-20      1.531e-18      4.875e-24      2.276e-29      
1.99400e-04     -1.08100e-04    1.96000e-04     9.29800e-04     8.76200e+02     3.03300e-01     2.45000e+03     8.500e-02      3.961e-04      1.981e-05      4.734e-09      3.353e-12      5.102e-17      1.750e-10      8.336e-09      1.694e-10      7.094e-08      2.037e-08      2.146e-06      9.288e-12      3.466e-09      1.019e-17      4.550e-11      1.697e-06      2.877e-09      1.730e-09      5.155e-10      1.250e-06      3.076e-17      7.227e-20      1.387e-18      4.741e-24      2.201e-29      
2.02300e-04     -1.09100e-04    1.99000e-04     9.27700e-04     8.47000e+02     3.03200e-01     2.45100e+03     8.500e-02      3.960e-04      1.981e-05      4.582e-09      3.230e-12      4.683e-17      1.724e-10      8.162e-09      1.554e-10      6.848e-08      1.982e-08      2.132e-06      8.800e-12      3.455e-09      9.333e-18      4.344e-11      1.693e-06      2.871e-09      1.729e-09      5.118e-10      1.233e-06      3.017e-17      7.228e-20      1.262e-18      4.612e-24      2.128e-29      
2.05000e-04     -1.10000e-04    2.01700e-04     8.94800e-04     8.19700e+02     3.02700e-01     2.45300e+03     8.500e-02      3.959e-04      1.980e-05      4.436e-09      3.111e-12      4.299e-17      1.698e-10      7.992e-09      1.425e-10      6.609e-08      1.927e-08      2.118e-06      8.336e-12      3.444e-09      8.551e-18      4.146e-11      1.689e-06      2.865e-09      1.728e-09      5.081e-10      1.217e-06      2.963e-17      7.228e-20      1.150e-18      4.486e-24      2.058e-29      
2.07700e-04     -1.10900e-04    2.04200e-04     8.95000e-04     7.95200e+02     3.02600e-01     2.45400e+03     8.500e-02      3.958e-04      1.980e-05      4.293e-09      2.997e-12      3.951e-17      1.673e-10      7.825e-09      1.307e-10      6.379e-08      1.874e-08      2.104e-06      7.896e-12      3.433e-09      7.835e-18      3.958e-11      1.685e-06      2.859e-09      1.727e-09      5.045e-10      1.201e-06      2.921e-17      7.229e-20      1.053e-18      4.363e-24      1.990e-29      
2.10200e-04     -1.11800e-04    2.06600e-04     8.66600e-04     7.74700e+02     3.01400e-01     2.45600e+03     8.500e-02      3.957e-04      1.979e-05      4.155e-09      2.887e-12      3.631e-17      1.648e-10      7.662e-09      1.199e-10      6.156e-08      1.823e-08      2.090e-06      7.478e-12      3.422e-09      7.177e-18      3.777e-11      1.681e-06      2.853e-09      1.727e-09      5.008e-10      1.185e-06      2.882e-17      7.229e-20      9.667e-19      4.244e-24      1.924e-29      
2.12700e-04     -1.12600e-04    2.08800e-04     8.54600e-04     7.60100e+02     2.99300e-01     2.45800e+03     8.500e-02      3.956e-04      1.979e-05      4.021e-09      2.780e-12      3.339e-17      1.623e-10      7.501e-09      1.099e-10      5.939e-08      1.772e-08      2.077e-06      7.081e-12      3.411e-09      6.572e-18      3.605e-11      1.676e-06      2.847e-09      1.726e-09      4.972e-10      1.169e-06      2.847e-17      7.229e-20      8.901e-19      4.128e-24      1.860e-29      
2.15100e-04     -1.13500e-04    2.10800e-04     8.47800e-04     7.53300e+02     2.97900e-01     2.45900e+03     8.500e-02      3.954e-04      1.979e-05      3.891e-09      2.677e-12      3.071e-17      1.599e-10      7.343e-09      1.007e-10      5.730e-08      1.723e-08      2.063e-06      6.704e-12      3.400e-09      6.016e-18      3.439e-11      1.672e-06      2.841e-09      1.725e-09      4.936e-10      1.154e-06      2.816e-17      7.229e-20      8.224e-19      4.015e-24      1.798e-29      
2.17500e-04     -1.14300e-04    2.12900e-04     8.42400e-04     7.55800e+02     2.95300e-01     2.46100e+03     8.500e-02      3.953e-04      1.978e-05      3.764e-09      2.577e-12      2.826e-17      1.574e-10      7.187e-09      9.221e-11      5.526e-08      1.675e-08      2.050e-06      6.345e-12      3.389e-09      5.505e-18      3.280e-11      1.668e-06      2.835e-09      1.724e-09      4.900e-10      1.138e-06      2.787e-17      7.230e-20      7.621e-19      3.904e-24      1.737e-29      
2.19900e-04     -1.15100e-04    2.15000e-04     8.28200e-04     7.66700e+02     2.96000e-01     2.46200e+03     8.500e-02      3.952e-04      1.978e-05      3.641e-09      2.481e-12      2.602e-17      1.551e-10      7.035e-09      8.449e-11      5.330e-08      1.628e-08      2.036e-06      6.007e-12      3.378e-09      5.038e-18      3.129e-11      1.664e-06      2.829e-09      1.723e-09      4.864e-10      1.123e-06      2.755e-17      7.230e-20      7.084e-19      3.797e-24      1.679e-29      
2.22400e-04     -1.16000e-04    2.17200e-04     8.18600e-04     7.82200e+02     2.92700e-01     2.46400e+03     8.500e-02      3.951e-04      1.977e-05      3.521e-09      2.388e-12      2.396e-17      1.527e-10      6.885e-09      7.739e-11      5.139e-08      1.582e-08      2.023e-06      5.686e-12      3.367e-09      4.607e-18      2.984e-11      1.659e-06      2.823e-09      1.723e-09      4.828e-10      1.108e-06      2.721e-17      7.230e-20      6.599e-19      3.693e-24      1.623e-29      
2.25000e-04     -1.16900e-04    2.19700e-04     8.16800e-04     7.97600e+02     2.93700e-01     2.46500e+03     8.500e-02      3.950e-04      1.977e-05      3.406e-09      2.299e-12      2.209e-17      1.504e-10      6.739e-09      7.093e-11      4.956e-08      1.538e-08      2.009e-06      5.382e-12      3.356e-09      4.215e-18      2.846e-11      1.655e-06      2.817e-09      1.722e-09      4.793e-10      1.093e-06      2.687e-17      7.230e-20      6.172e-19      3.591e-24      1.568e-29      
2.27800e-04     -1.17800e-04    2.22500e-04     7.97000e-04     8.09300e+02     2.96900e-01     2.46700e+03     8.500e-02      3.949e-04      1.976e-05      3.295e-09      2.214e-12      2.039e-17      1.481e-10      6.597e-09      6.506e-11      4.781e-08      1.495e-08      1.996e-06      5.097e-12      3.345e-09      3.857e-18      2.715e-11      1.651e-06      2.811e-09      1.721e-09      4.758e-10      1.078e-06      2.653e-17      7.230e-20      5.790e-19      3.493e-24      1.515e-29      
2.30600e-04     -1.18700e-04    2.25500e-04     7.85300e-04     8.15900e+02     2.97200e-01     2.46900e+03     8.500e-02      3.948e-04      1.976e-05      3.188e-09      2.131e-12      1.884e-17      1.459e-10      6.457e-09      5.970e-11      4.612e-08      1.453e-08      1.983e-06      4.828e-12      3.334e-09      3.531e-18      2.590e-11      1.647e-06      2.805e-09      1.720e-09      4.723e-10      1.064e-06      2.618e-17      7.230e-20      5.449e-19      3.398e-24      1.465e-29      
2.33600e-04     -1.19700e-04    2.28600e-04     7.78800e-04     8.17300e+02     2.98300e-01     2.47000e+03     8.500e-02      3.947e-04      1.975e-05      3.085e-09      2.052e-12      1.743e-17      1.437e-10      6.321e-09      5.481e-11      4.449e-08      1.413e-08      1.970e-06      4.574e-12      3.324e-09      3.233e-18      2.472e-11      1.643e-06      2.799e-09      1.720e-09      4.689e-10      1.050e-06      2.587e-17      7.230e-20      5.149e-19      3.305e-24      1.416e-29      
2.36700e-04     -1.20700e-04    2.31900e-04     7.75300e-04     8.14200e+02     2.95700e-01     2.47200e+03     8.500e-02      3.946e-04      1.975e-05      2.984e-09      1.976e-12      1.614e-17      1.415e-10      6.188e-09      5.030e-11      4.291e-08      1.373e-08      1.957e-06      4.332e-12      3.313e-09      2.959e-18      2.358e-11      1.638e-06      2.793e-09      1.719e-09      4.655e-10      1.035e-06      2.559e-17      7.230e-20      4.882e-19      3.215e-24      1.368e-29      
2.39800e-04     -1.21700e-04    2.35300e-04     7.57500e-04     8.07200e+02     2.96000e-01     2.47300e+03     8.500e-02      3.945e-04      1.974e-05      2.887e-09      1.902e-12      1.496e-17      1.394e-10      6.057e-09      4.617e-11      4.139e-08      1.335e-08      1.944e-06      4.103e-12      3.302e-09      2.708e-18      2.249e-11      1.634e-06      2.787e-09      1.718e-09      4.621e-10      1.022e-06      2.531e-17      7.230e-20      4.641e-19      3.128e-24      1.322e-29      
2.42900e-04     -1.22800e-04    2.38800e-04     7.44900e-04     7.97100e+02     2.94200e-01     2.47500e+03     8.500e-02      3.944e-04      1.974e-05      2.793e-09      1.831e-12      1.388e-17      1.373e-10      5.928e-09      4.237e-11      3.992e-08      1.298e-08      1.931e-06      3.886e-12      3.291e-09      2.477e-18      2.145e-11      1.630e-06      2.781e-09      1.717e-09      4.587e-10      1.008e-06      2.506e-17      7.230e-20      4.424e-19      3.042e-24      1.278e-29      
2.45900e-04     -1.23900e-04    2.42200e-04     7.43900e-04     7.84300e+02     2.90000e-01     2.47700e+03     8.500e-02      3.943e-04      1.973e-05      2.700e-09      1.762e-12      1.289e-17      1.352e-10      5.801e-09      3.885e-11      3.848e-08      1.261e-08      1.918e-06      3.678e-12      3.280e-09      2.265e-18      2.045e-11      1.626e-06      2.775e-09      1.717e-09      4.553e-10      9.941e-07      2.485e-17      7.230e-20      4.233e-19      2.959e-24      1.234e-29      
2.49000e-04     -1.24900e-04    2.45700e-04     7.30000e-04     7.69100e+02     2.87400e-01     2.47800e+03     8.500e-02      3.942e-04      1.973e-05      2.610e-09      1.695e-12      1.198e-17      1.331e-10      5.676e-09      3.560e-11      3.708e-08      1.225e-08      1.905e-06      3.481e-12      3.270e-09      2.069e-18      1.949e-11      1.622e-06      2.769e-09      1.716e-09      4.519e-10      9.805e-07      2.465e-17      7.230e-20      4.059e-19      2.878e-24      1.192e-29      
2.52000e-04     -1.26000e-04    2.49100e-04     7.24300e-04     7.52300e+02     2.87900e-01     2.48000e+03     8.500e-02      3.940e-04      1.973e-05      2.523e-09      1.631e-12      1.116e-17      1.311e-10      5.554e-09      3.263e-11      3.574e-08      1.190e-08      1.893e-06      3.294e-12      3.259e-09      1.891e-18      1.858e-11      1.617e-06      2.763e-09      1.715e-09      4.485e-10      9.671e-07      2.451e-17      7.230e-20      3.911e-19      2.799e-24      1.151e-29      
2.55000e-04     -1.27100e-04    2.52400e-04     7.09700e-04     7.34700e+02     2.85200e-01     2.48100e+03     8.500e-02      3.939e-04      1.972e-05      2.439e-09      1.569e-12      1.041e-17      1.290e-10      5.433e-09      2.989e-11      3.443e-08      1.156e-08      1.880e-06      3.116e-12      3.248e-09      1.727e-18      1.771e-11      1.613e-06      2.757e-09      1.714e-09      4.452e-10      9.539e-07      2.439e-17      7.230e-20      3.775e-19      2.722e-24      1.112e-29      
2.57900e-04     -1.28200e-04    2.55600e-04     7.00100e-04     7.16900e+02     2.85700e-01     2.48300e+03     8.500e-02      3.938e-04      1.972e-05      2.357e-09      1.509e-12      9.735e-18      1.270e-10      5.316e-09      2.738e-11      3.318e-08      1.123e-08      1.867e-06      2.948e-12      3.237e-09      1.578e-18      1.687e-11      1.609e-06      2.751e-09      1.714e-09      4.418e-10      9.408e-07      2.430e-17      7.230e-20      3.659e-19      2.648e-24      1.074e-29      
2.60800e-04     -1.29200e-04    2.58700e-04     6.90700e-04     6.99400e+02     2.84000e-01     2.48500e+03     8.500e-02      3.937e-04      1.971e-05      2.278e-09      1.452e-12      9.120e-18      1.251e-10      5.200e-09      2.507e-11      3.197e-08      1.091e-08      1.854e-06      2.788e-12      3.227e-09      1.441e-18      1.608e-11      1.605e-06      2.745e-09      1.713e-09      4.385e-10      9.278e-07      2.425e-17      7.230e-20      3.556e-19      2.575e-24      1.037e-29      
2.63600e-04     -1.30300e-04    2.61600e-04     6.89500e-04     6.83100e+02     2.83300e-01     2.48600e+03     8.500e-02      3.936e-04      1.971e-05      2.202e-09      1.396e-12      8.567e-18      1.231e-10      5.087e-09      2.296e-11      3.079e-08      1.059e-08      1.842e-06      2.636e-12      3.216e-09      1.316e-18      1.532e-11      1.601e-06      2.739e-09      1.712e-09      4.352e-10      9.150e-07      2.426e-17      7.229e-20      3.471e-19      2.505e-24      1.001e-29      
2.66300e-04     -1.31300e-04    2.64400e-04     6.81400e-04     6.68500e+02     2.83600e-01     2.48800e+03     8.500e-02      3.935e-04      1.970e-05      2.128e-09      1.343e-12      8.068e-18      1.212e-10      4.977e-09      2.102e-11      2.967e-08      1.029e-08      1.829e-06      2.493e-12      3.205e-09      1.202e-18      1.460e-11      1.596e-06      2.733e-09      1.711e-09      4.320e-10      9.024e-07      2.429e-17      7.229e-20      3.399e-19      2.437e-24      9.670e-30      
2.69100e-04     -1.32300e-04    2.67100e-04     6.72900e-04     6.56500e+02     2.77200e-01     2.48900e+03     8.500e-02      3.933e-04      1.970e-05      2.055e-09      1.290e-12      7.606e-18      1.193e-10      4.867e-09      1.922e-11      2.856e-08      9.987e-09      1.817e-06      2.356e-12      3.194e-09      1.096e-18      1.390e-11      1.592e-06      2.727e-09      1.710e-09      4.287e-10      8.898e-07      2.431e-17      7.229e-20      3.329e-19      2.370e-24      9.334e-30      
2.71700e-04     -1.33300e-04    2.69600e-04     6.64600e-04     6.47800e+02     2.77600e-01     2.49100e+03     8.500e-02      3.932e-04      1.969e-05      1.985e-09      1.240e-12      7.188e-18      1.175e-10      4.760e-09      1.757e-11      2.749e-08      9.695e-09      1.804e-06      2.226e-12      3.184e-09      9.996e-19      1.323e-11      1.588e-06      2.721e-09      1.710e-09      4.254e-10      8.773e-07      2.435e-17      7.229e-20      3.268e-19      2.306e-24      9.010e-30      
2.74400e-04     -1.34200e-04    2.72100e-04     6.57000e-04     6.43000e+02     2.79700e-01     2.49300e+03     8.500e-02      3.931e-04      1.969e-05      1.917e-09      1.193e-12      6.813e-18      1.156e-10      4.655e-09      1.608e-11      2.648e-08      9.413e-09      1.792e-06      2.104e-12      3.173e-09      9.121e-19      1.260e-11      1.584e-06      2.715e-09      1.709e-09      4.222e-10      8.651e-07      2.439e-17      7.229e-20      3.215e-19      2.243e-24      8.698e-30      
2.77000e-04     -1.35200e-04    2.74500e-04     6.48200e-04     6.42200e+02     2.76500e-01     2.49400e+03     8.500e-02      3.930e-04      1.968e-05      1.851e-09      1.146e-12      6.466e-18      1.138e-10      4.552e-09      1.471e-11      2.549e-08      9.138e-09      1.780e-06      1.988e-12      3.162e-09      8.319e-19      1.200e-11      1.580e-06      2.709e-09      1.708e-09      4.190e-10      8.530e-07      2.440e-17      7.228e-20      3.163e-19      2.182e-24      8.395e-30      
2.79600e-04     -1.36100e-04    2.77000e-04     6.41700e-04     6.44800e+02     2.75000e-01     2.49600e+03     8.500e-02      3.929e-04      1.968e-05      1.788e-09      1.101e-12      6.148e-18      1.120e-10      4.451e-09      1.346e-11      2.453e-08      8.869e-09      1.767e-06      1.879e-12      3.151e-09      7.585e-19      1.142e-11      1.575e-06      2.703e-09      1.707e-09      4.158e-10      8.410e-07      2.438e-17      7.228e-20      3.113e-19      2.123e-24      8.102e-30      
2.82300e-04     -1.37100e-04    2.79500e-04     6.34000e-04     6.49300e+02     2.73000e-01     2.49700e+03     8.500e-02      3.927e-04      1.967e-05      1.726e-09      1.058e-12      5.853e-18      1.102e-10      4.352e-09      1.231e-11      2.361e-08      8.607e-09      1.755e-06      1.775e-12      3.141e-09      6.913e-19      1.087e-11      1.571e-06      2.697e-09      1.706e-09      4.126e-10      8.291e-07      2.433e-17      7.228e-20      3.063e-19      2.065e-24      7.818e-30      
2.85000e-04     -1.38000e-04    2.82200e-04     6.32600e-04     6.54200e+02     2.70800e-01     2.49900e+03     8.500e-02      3.926e-04      1.966e-05      1.666e-09      1.017e-12      5.582e-18      1.085e-10      4.255e-09      1.126e-11      2.271e-08      8.351e-09      1.743e-06      1.676e-12      3.130e-09      6.299e-19      1.034e-11      1.567e-06      2.691e-09      1.706e-09      4.094e-10      8.174e-07      2.427e-17      7.228e-20      3.017e-19      2.008e-24      7.543e-30      
2.87800e-04     -1.39000e-04    2.85000e-04     6.23900e-04     6.58200e+02     2.72300e-01     2.50100e+03     8.500e-02      3.925e-04      1.966e-05      1.608e-09      9.767e-13      5.335e-18      1.068e-10      4.160e-09      1.031e-11      2.185e-08      8.104e-09      1.731e-06      1.584e-12      3.119e-09      5.740e-19      9.844e-12      1.563e-06      2.685e-09      1.705e-09      4.062e-10      8.058e-07      2.419e-17      7.227e-20      2.974e-19      1.954e-24      7.278e-30      
2.90600e-04     -1.39900e-04    2.87900e-04     6.18000e-04     6.60400e+02     2.68900e-01     2.50200e+03     8.500e-02      3.924e-04      1.965e-05      1.552e-09      9.381e-13      5.106e-18      1.051e-10      4.067e-09      9.435e-12      2.102e-08      7.863e-09      1.719e-06      1.496e-12      3.109e-09      5.229e-19      9.366e-12      1.559e-06      2.679e-09      1.704e-09      4.031e-10      7.943e-07      2.410e-17      7.227e-20      2.931e-19      1.900e-24      7.021e-30      
2.93400e-04     -1.40900e-04    2.91000e-04     6.08500e-04     6.60700e+02     2.68300e-01     2.50400e+03     8.500e-02      3.922e-04      1.965e-05      1.498e-09      9.010e-13      4.896e-18      1.034e-10      3.975e-09      8.639e-12      2.022e-08      7.628e-09      1.706e-06      1.413e-12      3.098e-09      4.763e-19      8.910e-12      1.554e-06      2.673e-09      1.703e-09      4.000e-10      7.830e-07      2.398e-17      7.227e-20      2.889e-19      1.849e-24      6.773e-30      
2.96300e-04     -1.41800e-04    2.94200e-04     6.02900e-04     6.58900e+02     2.68300e-01     2.50500e+03     8.500e-02      3.921e-04      1.964e-05      1.445e-09      8.653e-13      4.705e-18      1.017e-10      3.886e-09      7.914e-12      1.945e-08      7.400e-09      1.694e-06      1.335e-12      3.087e-09      4.339e-19      8.476e-12      1.550e-06      2.666e-09      1.703e-09      3.969e-10      7.718e-07      2.388e-17      7.226e-20      2.852e-19      1.798e-24      6.533e-30      
2.99200e-04     -1.42800e-04    2.97600e-04     5.92800e-04     6.55400e+02     2.65100e-01     2.50700e+03     8.500e-02      3.920e-04      1.964e-05      1.394e-09      8.309e-13      4.527e-18      1.001e-10      3.798e-09      7.247e-12      1.870e-08      7.177e-09      1.682e-06      1.261e-12      3.077e-09      3.950e-19      8.061e-12      1.546e-06      2.660e-09      1.702e-09      3.938e-10      7.607e-07      2.376e-17      7.226e-20      2.814e-19      1.749e-24      6.301e-30      
3.02100e-04     -1.43800e-04    3.00900e-04     5.89500e-04     6.50200e+02     2.61200e-01     2.50800e+03     8.500e-02      3.918e-04      1.963e-05      1.345e-09      7.975e-13      4.364e-18      9.849e-11      3.711e-09      6.633e-12      1.797e-08      6.959e-09      1.670e-06      1.190e-12      3.066e-09      3.594e-19      7.663e-12      1.542e-06      2.654e-09      1.701e-09      3.906e-10      7.496e-07      2.365e-17      7.226e-20      2.779e-19      1.701e-24      6.075e-30      
3.05000e-04     -1.44800e-04    3.04400e-04     5.84100e-04     6.43700e+02     2.60100e-01     2.51000e+03     8.500e-02      3.917e-04      1.963e-05      1.297e-09      7.653e-13      4.217e-18      9.690e-11      3.626e-09      6.071e-12      1.727e-08      6.747e-09      1.659e-06      1.123e-12      3.055e-09      3.270e-19      7.284e-12      1.537e-06      2.648e-09      1.700e-09      3.876e-10      7.387e-07      2.356e-17      7.225e-20      2.748e-19      1.655e-24      5.857e-30      
3.07900e-04     -1.45800e-04    3.07800e-04     5.81400e-04     6.36100e+02     2.59000e-01     2.51200e+03     8.500e-02      3.916e-04      1.962e-05      1.250e-09      7.344e-13      4.086e-18      9.532e-11      3.543e-09      5.558e-12      1.659e-08      6.540e-09      1.647e-06      1.060e-12      3.045e-09      2.975e-19      6.923e-12      1.533e-06      2.642e-09      1.699e-09      3.845e-10      7.280e-07      2.350e-17      7.225e-20      2.724e-19      1.610e-24      5.646e-30      
3.10800e-04     -1.46800e-04    3.11300e-04     5.70700e-04     6.27800e+02     2.57400e-01     2.51300e+03     8.500e-02      3.914e-04      1.962e-05      1.205e-09      7.046e-13      3.966e-18      9.377e-11      3.461e-09      5.086e-12      1.594e-08      6.340e-09      1.635e-06      1.000e-12      3.034e-09      2.705e-19      6.579e-12      1.529e-06      2.636e-09      1.699e-09      3.814e-10      7.173e-07      2.343e-17      7.224e-20      2.699e-19      1.566e-24      5.443e-30      
3.13600e-04     -1.47900e-04    3.14800e-04     5.65900e-04     6.19000e+02     2.53500e-01     2.51500e+03     8.500e-02      3.913e-04      1.961e-05      1.161e-09      6.758e-13      3.857e-18      9.222e-11      3.380e-09      4.652e-12      1.531e-08      6.143e-09      1.623e-06      9.435e-13      3.023e-09      2.459e-19      6.249e-12      1.525e-06      2.630e-09      1.698e-09      3.784e-10      7.067e-07      2.337e-17      7.224e-20      2.676e-19      1.523e-24      5.245e-30      
3.16500e-04     -1.48900e-04    3.18200e-04     5.58800e-04     6.10000e+02     2.53100e-01     2.51600e+03     8.500e-02      3.911e-04      1.960e-05      1.119e-09      6.481e-13      3.759e-18      9.071e-11      3.302e-09      4.255e-12      1.470e-08      5.953e-09      1.611e-06      8.898e-13      3.013e-09      2.235e-19      5.936e-12      1.520e-06      2.624e-09      1.697e-09      3.753e-10      6.963e-07      2.333e-17      7.223e-20      2.657e-19      1.482e-24      5.054e-30      
3.19300e-04     -1.49900e-04    3.21600e-04     5.50500e-04     6.01000e+02     2.49600e-01     2.51800e+03     8.500e-02      3.910e-04      1.960e-05      1.078e-09      6.214e-13      3.670e-18      8.920e-11      3.224e-09      3.889e-12      1.411e-08      5.766e-09      1.599e-06      8.388e-13      3.002e-09      2.030e-19      5.636e-12      1.516e-06      2.618e-09      1.696e-09      3.723e-10      6.859e-07      2.328e-17      7.223e-20      2.637e-19      1.441e-24      4.869e-30      
3.22200e-04     -1.50900e-04    3.24900e-04     5.46300e-04     5.92400e+02     2.50000e-01     2.52000e+03     8.500e-02      3.909e-04      1.959e-05      1.039e-09      5.958e-13      3.592e-18      8.773e-11      3.149e-09      3.556e-12      1.354e-08      5.586e-09      1.588e-06      7.908e-13      2.991e-09      1.845e-19      5.352e-12      1.512e-06      2.612e-09      1.695e-09      3.693e-10      6.757e-07      2.327e-17      7.222e-20      2.622e-19      1.402e-24      4.691e-30      
3.25000e-04     -1.51900e-04    3.28100e-04     5.41300e-04     5.84200e+02     2.47700e-01     2.52100e+03     8.500e-02      3.907e-04      1.958e-05      1.000e-09      5.711e-13      3.522e-18      8.627e-11      3.075e-09      3.251e-12      1.300e-08      5.411e-09      1.576e-06      7.453e-13      2.981e-09      1.676e-19      5.081e-12      1.507e-06      2.605e-09      1.694e-09      3.663e-10      6.656e-07      2.326e-17      7.222e-20      2.609e-19      1.364e-24      4.519e-30      
3.27800e-04     -1.52900e-04    3.31200e-04     5.35000e-04     5.76800e+02     2.49200e-01     2.52300e+03     8.500e-02      3.906e-04      1.958e-05      9.635e-10      5.475e-13      3.463e-18      8.484e-11      3.002e-09      2.974e-12      1.248e-08      5.241e-09      1.564e-06      7.025e-13      2.970e-09      1.524e-19      4.825e-12      1.503e-06      2.599e-09      1.694e-09      3.633e-10      6.556e-07      2.328e-17      7.221e-20      2.600e-19      1.327e-24      4.354e-30      
3.30500e-04     -1.53900e-04    3.34300e-04     5.28800e-04     5.70100e+02     2.47600e-01     2.52400e+03     8.500e-02      3.904e-04      1.957e-05      9.280e-10      5.248e-13      3.408e-18      8.343e-11      2.932e-09      2.720e-12      1.197e-08      5.076e-09      1.553e-06      6.621e-13      2.959e-09      1.385e-19      4.581e-12      1.499e-06      2.593e-09      1.693e-09      3.604e-10      6.458e-07      2.329e-17      7.221e-20      2.591e-19      1.292e-24      4.194e-30      
3.33300e-04     -1.54900e-04    3.37300e-04     5.26100e-04     5.64500e+02     2.42200e-01     2.52600e+03     8.500e-02      3.903e-04      1.957e-05      8.933e-10      5.028e-13      3.358e-18      8.202e-11      2.862e-09      2.487e-12      1.148e-08      4.915e-09      1.541e-06      6.236e-13      2.949e-09      1.258e-19      4.347e-12      1.495e-06      2.587e-09      1.692e-09      3.574e-10      6.360e-07      2.330e-17      7.220e-20      2.581e-19      1.257e-24      4.038e-30      
3.36100e-04     -1.55800e-04    3.40200e-04     5.22500e-04     5.60000e+02     2.40500e-01     2.52800e+03     8.500e-02      3.901e-04      1.956e-05      8.597e-10      4.816e-13      3.313e-18      8.064e-11      2.793e-09      2.273e-12      1.101e-08      4.757e-09      1.530e-06      5.873e-13      2.938e-09      1.143e-19      4.124e-12      1.490e-06      2.581e-09      1.691e-09      3.545e-10      6.264e-07      2.332e-17      7.220e-20      2.573e-19      1.223e-24      3.888e-30      
3.38800e-04     -1.56800e-04    3.43000e-04     5.17500e-04     5.56600e+02     2.41600e-01     2.52900e+03     8.500e-02      3.899e-04      1.955e-05      8.275e-10      4.614e-13      3.274e-18      7.928e-11      2.727e-09      2.080e-12      1.056e-08      4.606e-09      1.518e-06      5.532e-13      2.927e-09      1.039e-19      3.913e-12      1.486e-06      2.575e-09      1.690e-09      3.515e-10      6.169e-07      2.334e-17      7.219e-20      2.566e-19      1.191e-24      3.744e-30      
3.41600e-04     -1.57800e-04    3.45800e-04     5.11800e-04     5.54200e+02     2.39700e-01     2.53100e+03     8.500e-02      3.898e-04      1.955e-05      7.963e-10      4.419e-13      3.237e-18      7.794e-11      2.661e-09      1.904e-12      1.012e-08      4.458e-09      1.507e-06      5.210e-13      2.917e-09      9.449e-20      3.713e-12      1.482e-06      2.568e-09      1.690e-09      3.486e-10      6.075e-07      2.334e-17      7.218e-20      2.558e-19      1.159e-24      3.605e-30      
3.44400e-04     -1.58700e-04    3.48600e-04     5.08100e-04     5.52800e+02     2.39500e-01     2.53200e+03     8.500e-02      3.896e-04      1.954e-05      7.663e-10      4.233e-13      3.204e-18      7.663e-11      2.597e-09      1.744e-12      9.708e-09      4.315e-09      1.496e-06      4.907e-13      2.906e-09      8.595e-20      3.523e-12      1.477e-06      2.562e-09      1.689e-09      3.458e-10      5.982e-07      2.335e-17      7.218e-20      2.551e-19      1.128e-24      3.471e-30      
3.47200e-04     -1.59700e-04    3.51400e-04     5.04700e-04     5.51900e+02     2.37600e-01     2.53400e+03     8.500e-02      3.895e-04      1.953e-05      7.373e-10      4.054e-13      3.173e-18      7.532e-11      2.535e-09      1.598e-12      9.305e-09      4.176e-09      1.484e-06      4.621e-13      2.896e-09      7.819e-20      3.342e-12      1.473e-06      2.556e-09      1.688e-09      3.429e-10      5.890e-07      2.335e-17      7.217e-20      2.543e-19      1.098e-24      3.341e-30      
3.50000e-04     -1.60600e-04    3.54200e-04     5.00300e-04     5.51300e+02     2.36300e-01     2.53600e+03     8.500e-02      3.893e-04      1.953e-05      7.093e-10      3.881e-13      3.143e-18      7.404e-11      2.474e-09      1.465e-12      8.919e-09      4.041e-09      1.473e-06      4.351e-13      2.885e-09      7.116e-20      3.170e-12      1.469e-06      2.550e-09      1.687e-09      3.400e-10      5.800e-07      2.334e-17      7.217e-20      2.535e-19      1.069e-24      3.216e-30      
3.52800e-04     -1.61500e-04    3.57100e-04     4.98000e-04     5.50700e+02     2.33800e-01     2.53700e+03     8.500e-02      3.891e-04      1.952e-05      6.822e-10      3.715e-13      3.116e-18      7.278e-11      2.414e-09      1.344e-12      8.546e-09      3.909e-09      1.462e-06      4.096e-13      2.874e-09      6.477e-20      3.006e-12      1.465e-06      2.544e-09      1.686e-09      3.372e-10      5.710e-07      2.332e-17      7.216e-20      2.526e-19      1.041e-24      3.095e-30      
3.55700e-04     -1.62400e-04    3.60100e-04     4.93900e-04     5.49800e+02     2.32800e-01     2.53900e+03     8.500e-02      3.890e-04      1.951e-05      6.561e-10      3.556e-13      3.090e-18      7.153e-11      2.355e-09      1.234e-12      8.187e-09      3.782e-09      1.451e-06      3.856e-13      2.864e-09      5.898e-20      2.851e-12      1.460e-06      2.538e-09      1.685e-09      3.344e-10      5.622e-07      2.330e-17      7.215e-20      2.518e-19      1.014e-24      2.979e-30      
3.58500e-04     -1.63400e-04    3.63100e-04     4.88300e-04     5.48500e+02     2.31700e-01     2.54000e+03     8.500e-02      3.888e-04      1.951e-05      6.308e-10      3.404e-13      3.065e-18      7.030e-11      2.297e-09      1.134e-12      7.843e-09      3.658e-09      1.440e-06      3.630e-13      2.853e-09      5.375e-20      2.703e-12      1.456e-06      2.531e-09      1.685e-09      3.315e-10      5.535e-07      2.327e-17      7.215e-20      2.508e-19      9.874e-25      2.866e-30      
3.61400e-04     -1.64300e-04    3.66100e-04     4.82500e-04     5.46600e+02     2.32500e-01     2.54200e+03     8.500e-02      3.886e-04      1.950e-05      6.067e-10      3.258e-13      3.042e-18      6.910e-11      2.241e-09      1.044e-12      7.513e-09      3.539e-09      1.429e-06      3.418e-13      2.843e-09      4.902e-20      2.564e-12      1.452e-06      2.525e-09      1.684e-09      3.288e-10      5.449e-07      2.324e-17      7.214e-20      2.499e-19      9.617e-25      2.758e-30      
3.64400e-04     -1.65200e-04    3.69200e-04     4.80800e-04     5.44300e+02     2.30600e-01     2.54400e+03     8.500e-02      3.885e-04      1.949e-05      5.833e-10      3.118e-13      3.022e-18      6.791e-11      2.187e-09      9.607e-13      7.196e-09      3.423e-09      1.418e-06      3.218e-13      2.832e-09      4.475e-20      2.431e-12      1.447e-06      2.519e-09      1.683e-09      3.260e-10      5.364e-07      2.321e-17      7.213e-20      2.491e-19      9.369e-25      2.654e-30      
3.67300e-04     -1.66100e-04    3.72400e-04     4.73200e-04     5.41500e+02     2.28500e-01     2.54500e+03     8.500e-02      3.883e-04      1.949e-05      5.607e-10      2.983e-13      3.000e-18      6.674e-11      2.133e-09      8.848e-13      6.891e-09      3.310e-09      1.407e-06      3.029e-13      2.822e-09      4.086e-20      2.305e-12      1.443e-06      2.513e-09      1.682e-09      3.232e-10      5.280e-07      2.317e-17      7.213e-20      2.480e-19      9.127e-25      2.553e-30      
3.70200e-04     -1.67000e-04    3.75600e-04     4.72900e-04     5.38400e+02     2.26200e-01     2.54700e+03     8.500e-02      3.881e-04      1.948e-05      5.388e-10      2.853e-13      2.982e-18      6.558e-11      2.080e-09      8.153e-13      6.597e-09      3.200e-09      1.396e-06      2.850e-13      2.811e-09      3.734e-20      2.185e-12      1.439e-06      2.507e-09      1.681e-09      3.205e-10      5.197e-07      2.314e-17      7.212e-20      2.472e-19      8.892e-25      2.456e-30      
3.73200e-04     -1.67900e-04    3.78800e-04     4.65800e-04     5.34800e+02     2.25100e-01     2.54800e+03     8.500e-02      3.879e-04      1.947e-05      5.178e-10      2.729e-13      2.964e-18      6.444e-11      2.029e-09      7.517e-13      6.314e-09      3.094e-09      1.385e-06      2.682e-13      2.801e-09      3.416e-20      2.071e-12      1.435e-06      2.500e-09      1.680e-09      3.177e-10      5.115e-07      2.310e-17      7.211e-20      2.463e-19      8.664e-25      2.362e-30      
