# Collapse Model Output 
 
# ev_output/ev_75193.dat in GNUPLOT format produced by evolve_output.pl 
 
X               Y               Z              DENSITY         TEMP            AV              TIME            He          CO          N2          CH4         NH3         H2S         HCP         H2O         C2H2        HCN         CS          SiC2        HCl         HF          C2H4        SiO         SiS         Mg          Na          Fe          C2H         C4H         C6H         HC3N        HC5N        HC7N        
#(PC)            (PC)            (PC)           (CM-3)          (K)             (MAG)           (YR)	       (wrt Hnuc)     
 
5.97400e-06     1.12800e-05     5.74600e-05     1.07300e+07     1.02800e+03     2.05900e-01     4.04500e+01     8.500e-02      3.939e-04      1.976e-05      6.929e-06      5.149e-08      4.823e-07      7.888e-09      9.236e-06      8.206e-06      1.876e-05      2.396e-06      9.638e-06      1.624e-07      8.461e-09      1.283e-09      6.519e-07      2.733e-06      4.485e-09      1.378e-09      2.598e-09      1.757e-10      2.375e-07      8.118e-08      2.732e-08      9.504e-09      4.921e-10      
6.27400e-06     1.18400e-05     6.03400e-05     9.71800e+06     9.63500e+02     1.95400e-01     4.06100e+01     8.500e-02      3.939e-04      1.976e-05      6.927e-06      5.148e-08      4.556e-07      7.874e-09      9.263e-06      8.169e-06      1.875e-05      2.390e-06      9.640e-06      1.624e-07      8.461e-09      1.274e-09      6.485e-07      2.732e-06      4.484e-09      1.379e-09      2.598e-09      2.358e-10      2.376e-07      8.162e-08      2.741e-08      9.512e-09      4.965e-10      
6.57400e-06     1.24100e-05     6.32300e-05     8.84000e+06     9.05700e+02     8.75700e-02     4.07700e+01     8.500e-02      3.938e-04      1.975e-05      6.904e-06      5.137e-08      4.206e-07      7.856e-09      9.321e-06      8.130e-06      1.874e-05      2.382e-06      9.640e-06      1.624e-07      8.461e-09      1.264e-09      6.441e-07      2.730e-06      4.483e-09      1.380e-09      2.597e-09      3.907e-10      2.373e-07      8.280e-08      2.740e-08      9.512e-09      5.046e-10      
6.87500e-06     1.29700e-05     6.61200e-05     8.07500e+06     8.53600e+02     8.89400e-02     4.09300e+01     8.500e-02      3.937e-04      1.975e-05      6.874e-06      5.124e-08      3.874e-07      7.839e-09      9.381e-06      8.089e-06      1.873e-05      2.374e-06      9.639e-06      1.624e-07      8.461e-09      1.258e-09      6.397e-07      2.729e-06      4.482e-09      1.381e-09      2.596e-09      4.992e-10      2.372e-07      8.389e-08      2.742e-08      9.515e-09      5.157e-10      
7.17700e-06     1.35400e-05     6.90200e-05     7.40500e+06     8.06400e+02     6.77600e-02     4.10900e+01     8.500e-02      3.936e-04      1.975e-05      6.839e-06      5.109e-08      3.582e-07      7.820e-09      9.443e-06      8.043e-06      1.872e-05      2.366e-06      9.639e-06      1.624e-07      8.460e-09      1.256e-09      6.352e-07      2.727e-06      4.481e-09      1.383e-09      2.595e-09      6.646e-10      2.372e-07      8.510e-08      2.746e-08      9.517e-09      5.311e-10      
7.47900e-06     1.41100e-05     7.19100e-05     6.81500e+06     7.63500e+02     6.71300e-02     4.12500e+01     8.500e-02      3.936e-04      1.974e-05      6.801e-06      5.091e-08      3.338e-07      7.802e-09      9.504e-06      7.995e-06      1.871e-05      2.359e-06      9.638e-06      1.624e-07      8.459e-09      1.257e-09      6.307e-07      2.725e-06      4.481e-09      1.386e-09      2.595e-09      8.363e-10      2.373e-07      8.629e-08      2.753e-08      9.523e-09      5.512e-10      
7.78100e-06     1.46800e-05     7.48100e-05     6.29300e+06     7.24500e+02     6.67600e-02     4.14100e+01     8.500e-02      3.935e-04      1.974e-05      6.761e-06      5.072e-08      3.135e-07      7.784e-09      9.558e-06      7.944e-06      1.870e-05      2.351e-06      9.636e-06      1.624e-07      8.458e-09      1.262e-09      6.263e-07      2.723e-06      4.481e-09      1.389e-09      2.595e-09      1.042e-09      2.377e-07      8.746e-08      2.765e-08      9.530e-09      5.768e-10      
8.08400e-06     1.52500e-05     7.77200e-05     5.82800e+06     6.88800e+02     6.63800e-02     4.15700e+01     8.500e-02      3.934e-04      1.974e-05      6.721e-06      5.051e-08      2.966e-07      7.766e-09      9.604e-06      7.892e-06      1.869e-05      2.344e-06      9.635e-06      1.624e-07      8.456e-09      1.271e-09      6.219e-07      2.721e-06      4.481e-09      1.393e-09      2.595e-09      1.289e-09      2.381e-07      8.863e-08      2.781e-08      9.540e-09      6.092e-10      
8.38700e-06     1.58200e-05     8.06200e-05     5.41400e+06     6.56100e+02     6.60200e-02     4.17300e+01     8.500e-02      3.933e-04      1.973e-05      6.680e-06      5.029e-08      2.825e-07      7.748e-09      9.643e-06      7.838e-06      1.868e-05      2.337e-06      9.633e-06      1.623e-07      8.454e-09      1.282e-09      6.175e-07      2.719e-06      4.481e-09      1.397e-09      2.595e-09      1.581e-09      2.387e-07      8.978e-08      2.802e-08      9.553e-09      6.498e-10      
8.69000e-06     1.63900e-05     8.35300e-05     5.04200e+06     6.26000e+02     8.14600e-02     4.18900e+01     8.500e-02      3.933e-04      1.973e-05      6.640e-06      5.006e-08      2.708e-07      7.730e-09      9.675e-06      7.784e-06      1.867e-05      2.331e-06      9.630e-06      1.623e-07      8.452e-09      1.297e-09      6.134e-07      2.717e-06      4.481e-09      1.401e-09      2.596e-09      1.858e-09      2.395e-07      9.081e-08      2.830e-08      9.569e-09      6.981e-10      
8.99400e-06     1.69500e-05     8.64400e-05     4.70700e+06     5.98300e+02     6.52900e-02     4.20500e+01     8.500e-02      3.932e-04      1.973e-05      6.599e-06      4.982e-08      2.605e-07      7.712e-09      9.698e-06      7.728e-06      1.866e-05      2.324e-06      9.628e-06      1.623e-07      8.449e-09      1.313e-09      6.092e-07      2.714e-06      4.482e-09      1.406e-09      2.597e-09      2.330e-09      2.403e-07      9.194e-08      2.865e-08      9.586e-09      7.595e-10      
9.29800e-06     1.75200e-05     8.93500e-05     4.40500e+06     5.72600e+02     6.49500e-02     4.22100e+01     8.500e-02      3.931e-04      1.973e-05      6.558e-06      4.957e-08      2.516e-07      7.694e-09      9.716e-06      7.673e-06      1.864e-05      2.317e-06      9.625e-06      1.622e-07      8.446e-09      1.333e-09      6.050e-07      2.712e-06      4.483e-09      1.411e-09      2.597e-09      2.803e-09      2.413e-07      9.302e-08      2.909e-08      9.607e-09      8.348e-10      
9.60200e-06     1.81000e-05     9.22700e-05     4.13100e+06     5.48900e+02     7.91500e-02     4.23700e+01     8.500e-02      3.931e-04      1.972e-05      6.519e-06      4.932e-08      2.439e-07      7.677e-09      9.728e-06      7.617e-06      1.863e-05      2.311e-06      9.622e-06      1.622e-07      8.444e-09      1.356e-09      6.010e-07      2.710e-06      4.484e-09      1.417e-09      2.598e-09      3.242e-09      2.424e-07      9.398e-08      2.964e-08      9.631e-09      9.229e-10      
9.90600e-06     1.86700e-05     9.51800e-05     3.88200e+06     5.26800e+02     6.42500e-02     4.25300e+01     8.500e-02      3.930e-04      1.972e-05      6.478e-06      4.906e-08      2.370e-07      7.659e-09      9.735e-06      7.561e-06      1.861e-05      2.305e-06      9.618e-06      1.621e-07      8.441e-09      1.381e-09      5.968e-07      2.707e-06      4.485e-09      1.423e-09      2.599e-09      3.985e-09      2.435e-07      9.502e-08      3.031e-08      9.658e-09      1.032e-09      
1.02100e-05     1.92400e-05     9.81000e-05     3.65500e+06     5.06200e+02     6.39000e-02     4.26800e+01     8.500e-02      3.929e-04      1.972e-05      6.437e-06      4.880e-08      2.307e-07      7.641e-09      9.739e-06      7.504e-06      1.860e-05      2.298e-06      9.614e-06      1.620e-07      8.438e-09      1.410e-09      5.928e-07      2.705e-06      4.486e-09      1.429e-09      2.601e-09      4.716e-09      2.446e-07      9.601e-08      3.113e-08      9.688e-09      1.162e-09      
1.05200e-05     1.98100e-05     1.01000e-04     3.44700e+06     4.87000e+02     6.35500e-02     4.28400e+01     8.500e-02      3.928e-04      1.971e-05      6.397e-06      4.853e-08      2.250e-07      7.623e-09      9.739e-06      7.448e-06      1.858e-05      2.292e-06      9.610e-06      1.619e-07      8.435e-09      1.443e-09      5.888e-07      2.702e-06      4.487e-09      1.435e-09      2.602e-09      5.555e-09      2.458e-07      9.696e-08      3.212e-08      9.723e-09      1.318e-09      
1.08200e-05     2.03800e-05     1.03900e-04     3.25700e+06     4.69000e+02     6.32100e-02     4.30000e+01     8.500e-02      3.928e-04      1.971e-05      6.357e-06      4.826e-08      2.197e-07      7.605e-09      9.735e-06      7.391e-06      1.855e-05      2.285e-06      9.605e-06      1.618e-07      8.432e-09      1.479e-09      5.848e-07      2.699e-06      4.489e-09      1.442e-09      2.603e-09      6.513e-09      2.471e-07      9.788e-08      3.330e-08      9.762e-09      1.501e-09      
1.11300e-05     2.09500e-05     1.06900e-04     3.08100e+06     4.52100e+02     6.28700e-02     4.31600e+01     8.500e-02      3.927e-04      1.971e-05      6.317e-06      4.799e-08      2.149e-07      7.587e-09      9.729e-06      7.333e-06      1.853e-05      2.279e-06      9.600e-06      1.616e-07      8.429e-09      1.520e-09      5.808e-07      2.697e-06      4.490e-09      1.448e-09      2.605e-09      7.604e-09      2.484e-07      9.877e-08      3.470e-08      9.806e-09      1.715e-09      
1.14300e-05     2.15200e-05     1.09800e-04     2.92000e+06     4.36300e+02     6.25100e-02     4.33200e+01     8.500e-02      3.926e-04      1.970e-05      6.278e-06      4.772e-08      2.103e-07      7.569e-09      9.721e-06      7.276e-06      1.850e-05      2.272e-06      9.595e-06      1.614e-07      8.426e-09      1.565e-09      5.770e-07      2.694e-06      4.492e-09      1.455e-09      2.607e-09      8.843e-09      2.498e-07      9.963e-08      3.633e-08      9.856e-09      1.965e-09      
1.17400e-05     2.21000e-05     1.12700e-04     2.77100e+06     4.21400e+02     6.22000e-02     4.34800e+01     8.500e-02      3.926e-04      1.970e-05      6.238e-06      4.744e-08      2.060e-07      7.551e-09      9.710e-06      7.218e-06      1.847e-05      2.266e-06      9.590e-06      1.612e-07      8.423e-09      1.616e-09      5.731e-07      2.691e-06      4.494e-09      1.462e-09      2.608e-09      1.024e-08      2.512e-07      1.005e-07      3.823e-08      9.912e-09      2.254e-09      
1.20400e-05     2.26700e-05     1.15600e-04     2.63300e+06     4.07400e+02     6.18700e-02     4.36400e+01     8.500e-02      3.925e-04      1.970e-05      6.199e-06      4.717e-08      2.020e-07      7.534e-09      9.697e-06      7.161e-06      1.844e-05      2.259e-06      9.585e-06      1.609e-07      8.420e-09      1.672e-09      5.693e-07      2.688e-06      4.496e-09      1.469e-09      2.610e-09      1.182e-08      2.526e-07      1.013e-07      4.042e-08      9.974e-09      2.586e-09      
1.23500e-05     2.32400e-05     1.18500e-04     2.50600e+06     3.94200e+02     6.14900e-02     4.38000e+01     8.500e-02      3.924e-04      1.969e-05      6.160e-06      4.689e-08      1.981e-07      7.516e-09      9.682e-06      7.103e-06      1.840e-05      2.253e-06      9.579e-06      1.606e-07      8.417e-09      1.735e-09      5.656e-07      2.685e-06      4.497e-09      1.476e-09      2.612e-09      1.360e-08      2.540e-07      1.020e-07      4.293e-08      1.004e-08      2.966e-09      
1.26500e-05     2.38100e-05     1.21500e-04     2.38700e+06     3.81700e+02     6.11600e-02     4.39600e+01     8.500e-02      3.924e-04      1.969e-05      6.121e-06      4.662e-08      1.943e-07      7.498e-09      9.665e-06      7.045e-06      1.836e-05      2.246e-06      9.574e-06      1.602e-07      8.414e-09      1.806e-09      5.619e-07      2.683e-06      4.499e-09      1.483e-09      2.614e-09      1.559e-08      2.554e-07      1.028e-07      4.578e-08      1.012e-08      3.397e-09      
1.29600e-05     2.43900e-05     1.24400e-04     2.27700e+06     3.69900e+02     6.08600e-02     4.41200e+01     8.500e-02      3.923e-04      1.969e-05      6.083e-06      4.634e-08      1.908e-07      7.481e-09      9.646e-06      6.986e-06      1.831e-05      2.240e-06      9.568e-06      1.598e-07      8.411e-09      1.885e-09      5.582e-07      2.680e-06      4.502e-09      1.490e-09      2.616e-09      1.781e-08      2.569e-07      1.035e-07      4.900e-08      1.021e-08      3.883e-09      
1.32700e-05     2.49600e-05     1.27300e-04     2.17400e+06     3.58800e+02     6.05400e-02     4.42800e+01     8.500e-02      3.922e-04      1.968e-05      6.044e-06      4.606e-08      1.873e-07      7.463e-09      9.625e-06      6.928e-06      1.826e-05      2.233e-06      9.562e-06      1.593e-07      8.408e-09      1.974e-09      5.546e-07      2.677e-06      4.504e-09      1.498e-09      2.618e-09      2.029e-08      2.584e-07      1.042e-07      5.259e-08      1.030e-08      4.427e-09      
1.35700e-05     2.55300e-05     1.30200e-04     2.07800e+06     3.48200e+02     6.02200e-02     4.44400e+01     8.500e-02      3.922e-04      1.968e-05      6.006e-06      4.579e-08      1.839e-07      7.445e-09      9.603e-06      6.869e-06      1.821e-05      2.227e-06      9.556e-06      1.588e-07      8.405e-09      2.074e-09      5.510e-07      2.674e-06      4.506e-09      1.505e-09      2.620e-09      2.305e-08      2.598e-07      1.049e-07      5.659e-08      1.040e-08      5.032e-09      
1.38800e-05     2.61100e-05     1.33200e-04     1.98800e+06     3.38100e+02     5.99100e-02     4.46000e+01     8.500e-02      3.921e-04      1.968e-05      5.968e-06      4.551e-08      1.807e-07      7.428e-09      9.579e-06      6.809e-06      1.815e-05      2.220e-06      9.550e-06      1.583e-07      8.403e-09      2.188e-09      5.475e-07      2.671e-06      4.508e-09      1.512e-09      2.622e-09      2.610e-08      2.613e-07      1.055e-07      6.100e-08      1.051e-08      5.702e-09      
1.41900e-05     2.66800e-05     1.36100e-04     1.90300e+06     3.28500e+02     5.96000e-02     4.47500e+01     8.500e-02      3.920e-04      1.968e-05      5.931e-06      4.524e-08      1.775e-07      7.410e-09      9.554e-06      6.750e-06      1.809e-05      2.213e-06      9.544e-06      1.576e-07      8.400e-09      2.317e-09      5.440e-07      2.668e-06      4.510e-09      1.519e-09      2.624e-09      2.947e-08      2.628e-07      1.061e-07      6.583e-08      1.064e-08      6.438e-09      
1.44900e-05     2.72500e-05     1.39000e-04     1.82500e+06     3.19400e+02     5.92600e-02     4.49100e+01     8.500e-02      3.920e-04      1.967e-05      5.893e-06      4.496e-08      1.744e-07      7.393e-09      9.528e-06      6.690e-06      1.802e-05      2.206e-06      9.537e-06      1.570e-07      8.397e-09      2.463e-09      5.406e-07      2.665e-06      4.513e-09      1.526e-09      2.626e-09      3.318e-08      2.642e-07      1.068e-07      7.109e-08      1.077e-08      7.242e-09      
1.48000e-05     2.78300e-05     1.42000e-04     1.75000e+06     3.10700e+02     5.89500e-02     4.50700e+01     8.500e-02      3.919e-04      1.967e-05      5.856e-06      4.468e-08      1.713e-07      7.375e-09      9.501e-06      6.629e-06      1.794e-05      2.200e-06      9.531e-06      1.562e-07      8.394e-09      2.628e-09      5.372e-07      2.662e-06      4.515e-09      1.534e-09      2.629e-09      3.726e-08      2.656e-07      1.074e-07      7.677e-08      1.091e-08      8.116e-09      
1.51100e-05     2.84000e-05     1.44900e-04     1.68100e+06     3.02500e+02     5.86500e-02     4.52300e+01     8.500e-02      3.918e-04      1.967e-05      5.819e-06      4.440e-08      1.683e-07      7.358e-09      9.472e-06      6.569e-06      1.787e-05      2.193e-06      9.525e-06      1.555e-07      8.391e-09      2.815e-09      5.338e-07      2.658e-06      4.518e-09      1.541e-09      2.631e-09      4.171e-08      2.671e-07      1.079e-07      8.288e-08      1.106e-08      9.059e-09      
1.54200e-05     2.89800e-05     1.47800e-04     1.61500e+06     2.94600e+02     5.83800e-02     4.53900e+01     8.500e-02      3.918e-04      1.966e-05      5.782e-06      4.413e-08      1.654e-07      7.341e-09      9.443e-06      6.507e-06      1.779e-05      2.186e-06      9.518e-06      1.546e-07      8.389e-09      3.027e-09      5.305e-07      2.655e-06      4.520e-09      1.548e-09      2.633e-09      4.657e-08      2.685e-07      1.085e-07      8.940e-08      1.122e-08      1.007e-08      
1.57300e-05     2.95500e-05     1.50800e-04     1.55300e+06     2.87000e+02     5.80800e-02     4.55500e+01     8.500e-02      3.917e-04      1.966e-05      5.745e-06      4.385e-08      1.626e-07      7.323e-09      9.413e-06      6.446e-06      1.770e-05      2.179e-06      9.512e-06      1.538e-07      8.386e-09      3.265e-09      5.273e-07      2.652e-06      4.523e-09      1.555e-09      2.635e-09      5.187e-08      2.699e-07      1.090e-07      9.632e-08      1.140e-08      1.115e-08      
1.60300e-05     3.01200e-05     1.53700e-04     1.49500e+06     2.79800e+02     5.77900e-02     4.57100e+01     8.500e-02      3.916e-04      1.966e-05      5.708e-06      4.357e-08      1.598e-07      7.306e-09      9.382e-06      6.383e-06      1.761e-05      2.172e-06      9.505e-06      1.529e-07      8.383e-09      3.533e-09      5.240e-07      2.649e-06      4.525e-09      1.562e-09      2.638e-09      5.762e-08      2.712e-07      1.096e-07      1.036e-07      1.158e-08      1.230e-08      
1.63400e-05     3.07000e-05     1.56600e-04     1.43900e+06     2.72900e+02     5.75000e-02     4.58700e+01     8.500e-02      3.916e-04      1.965e-05      5.672e-06      4.329e-08      1.570e-07      7.289e-09      9.351e-06      6.321e-06      1.752e-05      2.165e-06      9.499e-06      1.520e-07      8.380e-09      3.832e-09      5.208e-07      2.646e-06      4.528e-09      1.569e-09      2.640e-09      6.385e-08      2.726e-07      1.101e-07      1.113e-07      1.177e-08      1.352e-08      
1.66500e-05     3.12700e-05     1.59500e-04     1.38700e+06     2.66300e+02     5.72000e-02     4.60300e+01     8.500e-02      3.915e-04      1.965e-05      5.636e-06      4.301e-08      1.544e-07      7.271e-09      9.319e-06      6.258e-06      1.742e-05      2.158e-06      9.492e-06      1.510e-07      8.378e-09      4.165e-09      5.177e-07      2.643e-06      4.530e-09      1.576e-09      2.642e-09      7.058e-08      2.739e-07      1.106e-07      1.193e-07      1.198e-08      1.480e-08      
1.69600e-05     3.18500e-05     1.62500e-04     1.33800e+06     2.59900e+02     5.69200e-02     4.61900e+01     8.500e-02      3.914e-04      1.965e-05      5.599e-06      4.273e-08      1.517e-07      7.254e-09      9.286e-06      6.194e-06      1.732e-05      2.150e-06      9.486e-06      1.501e-07      8.375e-09      4.532e-09      5.146e-07      2.639e-06      4.533e-09      1.582e-09      2.644e-09      7.785e-08      2.751e-07      1.111e-07      1.277e-07      1.219e-08      1.615e-08      
1.72700e-05     3.24200e-05     1.65400e-04     1.29100e+06     2.53800e+02     5.66300e-02     4.63500e+01     8.500e-02      3.914e-04      1.964e-05      5.564e-06      4.245e-08      1.491e-07      7.237e-09      9.253e-06      6.131e-06      1.722e-05      2.143e-06      9.479e-06      1.491e-07      8.372e-09      4.935e-09      5.115e-07      2.636e-06      4.536e-09      1.589e-09      2.647e-09      8.567e-08      2.764e-07      1.116e-07      1.363e-07      1.241e-08      1.755e-08      
1.75800e-05     3.30000e-05     1.68300e-04     1.24600e+06     2.48000e+02     5.63500e-02     4.65100e+01     8.500e-02      3.913e-04      1.964e-05      5.528e-06      4.217e-08      1.466e-07      7.220e-09      9.220e-06      6.066e-06      1.711e-05      2.136e-06      9.472e-06      1.481e-07      8.370e-09      5.374e-09      5.085e-07      2.633e-06      4.539e-09      1.596e-09      2.649e-09      9.406e-08      2.776e-07      1.120e-07      1.452e-07      1.264e-08      1.901e-08      
1.78900e-05     3.35700e-05     1.71300e-04     1.20400e+06     2.42400e+02     5.60600e-02     4.66700e+01     8.500e-02      3.913e-04      1.964e-05      5.492e-06      4.189e-08      1.441e-07      7.202e-09      9.187e-06      6.002e-06      1.701e-05      2.128e-06      9.466e-06      1.470e-07      8.367e-09      5.848e-09      5.055e-07      2.630e-06      4.541e-09      1.602e-09      2.651e-09      1.031e-07      2.788e-07      1.125e-07      1.543e-07      1.288e-08      2.053e-08      
1.82000e-05     3.41500e-05     1.74200e-04     1.16400e+06     2.37000e+02     5.57900e-02     4.68300e+01     8.500e-02      3.912e-04      1.964e-05      5.457e-06      4.161e-08      1.417e-07      7.185e-09      9.154e-06      5.936e-06      1.690e-05      2.121e-06      9.459e-06      1.460e-07      8.365e-09      6.358e-09      5.025e-07      2.626e-06      4.544e-09      1.608e-09      2.654e-09      1.127e-07      2.799e-07      1.130e-07      1.636e-07      1.313e-08      2.209e-08      
1.85100e-05     3.47200e-05     1.77200e-04     1.12500e+06     2.31800e+02     5.55100e-02     4.69800e+01     8.500e-02      3.911e-04      1.963e-05      5.421e-06      4.133e-08      1.393e-07      7.168e-09      9.120e-06      5.871e-06      1.679e-05      2.113e-06      9.452e-06      1.450e-07      8.362e-09      6.899e-09      4.996e-07      2.623e-06      4.547e-09      1.615e-09      2.656e-09      1.229e-07      2.811e-07      1.134e-07      1.731e-07      1.339e-08      2.370e-08      
1.88200e-05     3.53000e-05     1.80100e-04     1.08900e+06     2.26800e+02     5.52400e-02     4.71400e+01     8.500e-02      3.911e-04      1.963e-05      5.386e-06      4.105e-08      1.369e-07      7.151e-09      9.086e-06      5.805e-06      1.668e-05      2.106e-06      9.446e-06      1.439e-07      8.360e-09      7.471e-09      4.967e-07      2.620e-06      4.550e-09      1.621e-09      2.658e-09      1.339e-07      2.821e-07      1.138e-07      1.827e-07      1.365e-08      2.536e-08      
1.91300e-05     3.58700e-05     1.83000e-04     1.05400e+06     2.21900e+02     5.49700e-02     4.73000e+01     8.500e-02      3.910e-04      1.963e-05      5.351e-06      4.077e-08      1.346e-07      7.134e-09      9.052e-06      5.739e-06      1.656e-05      2.098e-06      9.439e-06      1.429e-07      8.357e-09      8.069e-09      4.939e-07      2.616e-06      4.552e-09      1.627e-09      2.661e-09      1.455e-07      2.832e-07      1.143e-07      1.925e-07      1.392e-08      2.705e-08      
1.94400e-05     3.64500e-05     1.86000e-04     1.02100e+06     2.17300e+02     5.46900e-02     4.74600e+01     8.500e-02      3.909e-04      1.962e-05      5.317e-06      4.048e-08      1.323e-07      7.117e-09      9.018e-06      5.673e-06      1.645e-05      2.091e-06      9.432e-06      1.418e-07      8.355e-09      8.691e-09      4.910e-07      2.613e-06      4.555e-09      1.633e-09      2.663e-09      1.578e-07      2.841e-07      1.147e-07      2.023e-07      1.420e-08      2.878e-08      
1.97500e-05     3.70300e-05     1.88900e-04     9.89500e+05     2.12800e+02     5.43900e-02     4.76200e+01     8.500e-02      3.909e-04      1.962e-05      5.282e-06      4.020e-08      1.301e-07      7.100e-09      8.984e-06      5.607e-06      1.633e-05      2.083e-06      9.425e-06      1.407e-07      8.352e-09      9.332e-09      4.883e-07      2.610e-06      4.558e-09      1.639e-09      2.665e-09      1.708e-07      2.851e-07      1.151e-07      2.121e-07      1.448e-08      3.054e-08      
2.00600e-05     3.76000e-05     1.91800e-04     9.59300e+05     2.08500e+02     5.41300e-02     4.77800e+01     8.500e-02      3.908e-04      1.962e-05      5.247e-06      3.992e-08      1.279e-07      7.083e-09      8.950e-06      5.540e-06      1.621e-05      2.075e-06      9.418e-06      1.397e-07      8.350e-09      9.987e-09      4.855e-07      2.606e-06      4.561e-09      1.645e-09      2.668e-09      1.846e-07      2.860e-07      1.155e-07      2.220e-07      1.477e-08      3.233e-08      
2.03700e-05     3.81800e-05     1.94800e-04     9.30500e+05     2.04300e+02     5.39100e-02     4.79400e+01     8.500e-02      3.907e-04      1.961e-05      5.213e-06      3.964e-08      1.257e-07      7.066e-09      8.916e-06      5.473e-06      1.610e-05      2.068e-06      9.412e-06      1.386e-07      8.347e-09      1.065e-08      4.828e-07      2.603e-06      4.564e-09      1.651e-09      2.670e-09      1.991e-07      2.869e-07      1.159e-07      2.318e-07      1.506e-08      3.414e-08      
2.06800e-05     3.87500e-05     1.97700e-04     9.03000e+05     2.00300e+02     5.36500e-02     4.81000e+01     8.500e-02      3.907e-04      1.961e-05      5.179e-06      3.936e-08      1.236e-07      7.049e-09      8.882e-06      5.406e-06      1.598e-05      2.060e-06      9.405e-06      1.376e-07      8.345e-09      1.133e-08      4.801e-07      2.599e-06      4.567e-09      1.657e-09      2.672e-09      2.143e-07      2.877e-07      1.163e-07      2.416e-07      1.536e-08      3.597e-08      
2.09900e-05     3.93300e-05     2.00600e-04     8.76700e+05     1.96400e+02     5.33900e-02     4.82600e+01     8.500e-02      3.906e-04      1.961e-05      5.145e-06      3.908e-08      1.215e-07      7.033e-09      8.848e-06      5.339e-06      1.586e-05      2.052e-06      9.398e-06      1.365e-07      8.342e-09      1.200e-08      4.775e-07      2.596e-06      4.570e-09      1.663e-09      2.674e-09      2.304e-07      2.885e-07      1.167e-07      2.513e-07      1.567e-08      3.782e-08      
2.13000e-05     3.99000e-05     2.03600e-04     8.51400e+05     1.92700e+02     5.30900e-02     4.84200e+01     8.500e-02      3.906e-04      1.961e-05      5.111e-06      3.880e-08      1.195e-07      7.016e-09      8.814e-06      5.272e-06      1.574e-05      2.044e-06      9.391e-06      1.355e-07      8.340e-09      1.267e-08      4.749e-07      2.592e-06      4.572e-09      1.668e-09      2.677e-09      2.472e-07      2.892e-07      1.171e-07      2.609e-07      1.597e-08      3.969e-08      
2.16100e-05     4.04800e-05     2.06500e-04     8.27300e+05     1.89000e+02     5.28800e-02     4.85800e+01     8.500e-02      3.905e-04      1.960e-05      5.078e-06      3.851e-08      1.174e-07      6.999e-09      8.780e-06      5.205e-06      1.563e-05      2.037e-06      9.384e-06      1.345e-07      8.337e-09      1.334e-08      4.723e-07      2.589e-06      4.575e-09      1.674e-09      2.679e-09      2.648e-07      2.899e-07      1.175e-07      2.705e-07      1.629e-08      4.157e-08      
2.19200e-05     4.10600e-05     2.09400e-04     8.04100e+05     1.85500e+02     5.26300e-02     4.87400e+01     8.500e-02      3.904e-04      1.960e-05      5.044e-06      3.823e-08      1.155e-07      6.982e-09      8.746e-06      5.137e-06      1.551e-05      2.029e-06      9.377e-06      1.334e-07      8.335e-09      1.400e-08      4.697e-07      2.586e-06      4.578e-09      1.679e-09      2.681e-09      2.831e-07      2.905e-07      1.178e-07      2.798e-07      1.660e-08      4.346e-08      
2.22400e-05     4.16300e-05     2.12400e-04     7.81900e+05     1.82100e+02     5.23800e-02     4.89000e+01     8.500e-02      3.904e-04      1.960e-05      5.011e-06      3.795e-08      1.135e-07      6.966e-09      8.713e-06      5.070e-06      1.539e-05      2.021e-06      9.370e-06      1.324e-07      8.333e-09      1.465e-08      4.672e-07      2.582e-06      4.581e-09      1.685e-09      2.683e-09      3.023e-07      2.911e-07      1.182e-07      2.891e-07      1.692e-08      4.535e-08      
2.25500e-05     4.22100e-05     2.15300e-04     7.60600e+05     1.78800e+02     5.21300e-02     4.90600e+01     8.500e-02      3.903e-04      1.959e-05      4.978e-06      3.768e-08      1.116e-07      6.949e-09      8.679e-06      5.003e-06      1.527e-05      2.013e-06      9.364e-06      1.314e-07      8.330e-09      1.529e-08      4.647e-07      2.579e-06      4.584e-09      1.690e-09      2.685e-09      3.222e-07      2.916e-07      1.185e-07      2.981e-07      1.724e-08      4.724e-08      
2.28600e-05     4.27800e-05     2.18300e-04     7.40100e+05     1.75600e+02     5.18800e-02     4.92100e+01     8.500e-02      3.902e-04      1.959e-05      4.945e-06      3.740e-08      1.097e-07      6.932e-09      8.645e-06      4.936e-06      1.516e-05      2.005e-06      9.357e-06      1.304e-07      8.328e-09      1.591e-08      4.622e-07      2.575e-06      4.587e-09      1.695e-09      2.688e-09      3.430e-07      2.921e-07      1.189e-07      3.070e-07      1.756e-08      4.914e-08      
2.31700e-05     4.33600e-05     2.21200e-04     7.20500e+05     1.72500e+02     5.16300e-02     4.93700e+01     8.500e-02      3.902e-04      1.959e-05      4.913e-06      3.712e-08      1.079e-07      6.916e-09      8.611e-06      4.868e-06      1.504e-05      1.997e-06      9.350e-06      1.293e-07      8.325e-09      1.651e-08      4.598e-07      2.572e-06      4.590e-09      1.700e-09      2.690e-09      3.645e-07      2.925e-07      1.192e-07      3.156e-07      1.789e-08      5.103e-08      
2.34800e-05     4.39400e-05     2.24100e-04     7.01600e+05     1.69500e+02     5.13900e-02     4.95300e+01     8.500e-02      3.901e-04      1.959e-05      4.880e-06      3.684e-08      1.061e-07      6.899e-09      8.578e-06      4.801e-06      1.492e-05      1.990e-06      9.343e-06      1.283e-07      8.323e-09      1.710e-08      4.574e-07      2.568e-06      4.592e-09      1.706e-09      2.692e-09      3.867e-07      2.929e-07      1.195e-07      3.241e-07      1.822e-08      5.292e-08      
2.38000e-05     4.45100e-05     2.27100e-04     6.83400e+05     1.66600e+02     5.11500e-02     4.96900e+01     8.500e-02      3.900e-04      1.958e-05      4.848e-06      3.657e-08      1.043e-07      6.882e-09      8.544e-06      4.734e-06      1.481e-05      1.982e-06      9.336e-06      1.273e-07      8.321e-09      1.767e-08      4.550e-07      2.564e-06      4.595e-09      1.710e-09      2.694e-09      4.098e-07      2.932e-07      1.199e-07      3.323e-07      1.854e-08      5.481e-08      
2.41100e-05     4.50900e-05     2.30000e-04     6.65900e+05     1.63800e+02     5.09000e-02     4.98500e+01     8.500e-02      3.900e-04      1.958e-05      4.816e-06      3.629e-08      1.025e-07      6.866e-09      8.511e-06      4.667e-06      1.469e-05      1.974e-06      9.329e-06      1.264e-07      8.318e-09      1.822e-08      4.527e-07      2.561e-06      4.598e-09      1.715e-09      2.696e-09      4.335e-07      2.935e-07      1.202e-07      3.402e-07      1.887e-08      5.668e-08      
2.44200e-05     4.56600e-05     2.33000e-04     6.49100e+05     1.61000e+02     5.06300e-02     5.00100e+01     8.500e-02      3.899e-04      1.958e-05      4.784e-06      3.602e-08      1.008e-07      6.849e-09      8.478e-06      4.600e-06      1.457e-05      1.966e-06      9.322e-06      1.254e-07      8.316e-09      1.875e-08      4.504e-07      2.557e-06      4.601e-09      1.720e-09      2.698e-09      4.580e-07      2.937e-07      1.205e-07      3.479e-07      1.921e-08      5.855e-08      
2.47300e-05     4.62400e-05     2.35900e-04     6.32900e+05     1.58400e+02     5.03900e-02     5.01700e+01     8.500e-02      3.898e-04      1.957e-05      4.753e-06      3.574e-08      9.907e-08      6.833e-09      8.444e-06      4.534e-06      1.446e-05      1.958e-06      9.315e-06      1.244e-07      8.314e-09      1.926e-08      4.481e-07      2.554e-06      4.604e-09      1.725e-09      2.700e-09      4.832e-07      2.939e-07      1.208e-07      3.553e-07      1.954e-08      6.040e-08      
2.50500e-05     4.68200e-05     2.38800e-04     6.17300e+05     1.55800e+02     5.01600e-02     5.03300e+01     8.500e-02      3.898e-04      1.957e-05      4.721e-06      3.547e-08      9.740e-08      6.816e-09      8.411e-06      4.467e-06      1.435e-05      1.951e-06      9.308e-06      1.234e-07      8.311e-09      1.975e-08      4.458e-07      2.550e-06      4.606e-09      1.729e-09      2.702e-09      5.091e-07      2.940e-07      1.211e-07      3.625e-07      1.987e-08      6.224e-08      
2.53600e-05     4.73900e-05     2.41800e-04     6.02300e+05     1.53300e+02     4.99300e-02     5.04900e+01     8.500e-02      3.897e-04      1.957e-05      4.690e-06      3.520e-08      9.575e-08      6.800e-09      8.378e-06      4.401e-06      1.423e-05      1.943e-06      9.301e-06      1.225e-07      8.309e-09      2.023e-08      4.436e-07      2.547e-06      4.609e-09      1.734e-09      2.704e-09      5.357e-07      2.940e-07      1.214e-07      3.694e-07      2.020e-08      6.407e-08      
2.56700e-05     4.79700e-05     2.44700e-04     5.87800e+05     1.50800e+02     4.96900e-02     5.06500e+01     8.500e-02      3.896e-04      1.956e-05      4.659e-06      3.493e-08      9.413e-08      6.784e-09      8.345e-06      4.335e-06      1.412e-05      1.935e-06      9.294e-06      1.215e-07      8.307e-09      2.068e-08      4.413e-07      2.543e-06      4.612e-09      1.738e-09      2.706e-09      5.629e-07      2.940e-07      1.217e-07      3.760e-07      2.053e-08      6.588e-08      
2.59900e-05     4.85500e-05     2.47700e-04     5.73800e+05     1.48400e+02     4.95000e-02     5.08100e+01     8.500e-02      3.896e-04      1.956e-05      4.628e-06      3.466e-08      9.254e-08      6.767e-09      8.312e-06      4.269e-06      1.401e-05      1.927e-06      9.287e-06      1.206e-07      8.305e-09      2.111e-08      4.392e-07      2.539e-06      4.615e-09      1.743e-09      2.708e-09      5.908e-07      2.940e-07      1.220e-07      3.823e-07      2.087e-08      6.767e-08      
2.63000e-05     4.91200e-05     2.50600e-04     5.60300e+05     1.46100e+02     4.92700e-02     5.09700e+01     8.500e-02      3.895e-04      1.956e-05      4.598e-06      3.439e-08      9.098e-08      6.751e-09      8.279e-06      4.203e-06      1.390e-05      1.920e-06      9.280e-06      1.196e-07      8.302e-09      2.153e-08      4.370e-07      2.536e-06      4.617e-09      1.747e-09      2.710e-09      6.192e-07      2.939e-07      1.222e-07      3.883e-07      2.120e-08      6.945e-08      
2.66100e-05     4.97000e-05     2.53500e-04     5.47300e+05     1.43900e+02     4.90500e-02     5.11300e+01     8.500e-02      3.895e-04      1.956e-05      4.567e-06      3.412e-08      8.944e-08      6.735e-09      8.246e-06      4.138e-06      1.378e-05      1.912e-06      9.273e-06      1.187e-07      8.300e-09      2.193e-08      4.348e-07      2.532e-06      4.620e-09      1.751e-09      2.712e-09      6.482e-07      2.937e-07      1.225e-07      3.941e-07      2.153e-08      7.120e-08      
2.69300e-05     5.02800e-05     2.56500e-04     5.34700e+05     1.41700e+02     4.88200e-02     5.12800e+01     8.500e-02      3.894e-04      1.955e-05      4.537e-06      3.385e-08      8.792e-08      6.718e-09      8.213e-06      4.072e-06      1.367e-05      1.904e-06      9.266e-06      1.178e-07      8.298e-09      2.232e-08      4.327e-07      2.528e-06      4.623e-09      1.755e-09      2.714e-09      6.778e-07      2.935e-07      1.228e-07      3.995e-07      2.186e-08      7.294e-08      
2.72400e-05     5.08500e-05     2.59400e-04     5.22600e+05     1.39600e+02     4.85600e-02     5.14400e+01     8.500e-02      3.893e-04      1.955e-05      4.507e-06      3.359e-08      8.644e-08      6.702e-09      8.181e-06      4.008e-06      1.356e-05      1.897e-06      9.258e-06      1.168e-07      8.295e-09      2.268e-08      4.306e-07      2.525e-06      4.625e-09      1.759e-09      2.716e-09      7.079e-07      2.932e-07      1.230e-07      4.046e-07      2.219e-08      7.465e-08      
2.75500e-05     5.14300e-05     2.62400e-04     5.10800e+05     1.37500e+02     4.83400e-02     5.16000e+01     8.500e-02      3.893e-04      1.955e-05      4.477e-06      3.332e-08      8.497e-08      6.686e-09      8.148e-06      3.943e-06      1.346e-05      1.889e-06      9.251e-06      1.159e-07      8.293e-09      2.304e-08      4.286e-07      2.521e-06      4.628e-09      1.763e-09      2.717e-09      7.384e-07      2.929e-07      1.233e-07      4.095e-07      2.252e-08      7.634e-08      
2.78700e-05     5.20000e-05     2.65300e-04     4.99400e+05     1.35500e+02     4.81200e-02     5.17600e+01     8.500e-02      3.892e-04      1.954e-05      4.447e-06      3.306e-08      8.353e-08      6.670e-09      8.115e-06      3.879e-06      1.335e-05      1.882e-06      9.244e-06      1.150e-07      8.291e-09      2.337e-08      4.265e-07      2.517e-06      4.630e-09      1.767e-09      2.719e-09      7.695e-07      2.925e-07      1.235e-07      4.140e-07      2.285e-08      7.802e-08      
2.81800e-05     5.25800e-05     2.68200e-04     4.88500e+05     1.33500e+02     4.79000e-02     5.19200e+01     8.500e-02      3.891e-04      1.954e-05      4.417e-06      3.280e-08      8.212e-08      6.654e-09      8.083e-06      3.815e-06      1.324e-05      1.874e-06      9.237e-06      1.141e-07      8.289e-09      2.370e-08      4.245e-07      2.514e-06      4.633e-09      1.771e-09      2.721e-09      8.009e-07      2.921e-07      1.238e-07      4.183e-07      2.318e-08      7.966e-08      
2.85000e-05     5.31600e-05     2.71200e-04     4.77800e+05     1.31600e+02     4.76900e-02     5.20800e+01     8.500e-02      3.891e-04      1.954e-05      4.388e-06      3.253e-08      8.072e-08      6.638e-09      8.050e-06      3.751e-06      1.313e-05      1.867e-06      9.230e-06      1.132e-07      8.286e-09      2.400e-08      4.225e-07      2.510e-06      4.635e-09      1.775e-09      2.723e-09      8.328e-07      2.916e-07      1.240e-07      4.222e-07      2.350e-08      8.129e-08      
2.88100e-05     5.37300e-05     2.74100e-04     4.67500e+05     1.29700e+02     4.74700e-02     5.22400e+01     8.500e-02      3.890e-04      1.954e-05      4.359e-06      3.227e-08      7.935e-08      6.621e-09      8.018e-06      3.688e-06      1.303e-05      1.859e-06      9.223e-06      1.123e-07      8.284e-09      2.430e-08      4.205e-07      2.506e-06      4.638e-09      1.778e-09      2.724e-09      8.650e-07      2.911e-07      1.242e-07      4.259e-07      2.383e-08      8.289e-08      
2.91300e-05     5.43100e-05     2.77100e-04     4.57500e+05     1.27900e+02     4.72600e-02     5.24000e+01     8.500e-02      3.889e-04      1.953e-05      4.330e-06      3.201e-08      7.801e-08      6.605e-09      7.986e-06      3.626e-06      1.292e-05      1.852e-06      9.216e-06      1.114e-07      8.282e-09      2.458e-08      4.186e-07      2.503e-06      4.640e-09      1.782e-09      2.726e-09      8.976e-07      2.905e-07      1.245e-07      4.292e-07      2.415e-08      8.446e-08      
2.94400e-05     5.48900e-05     2.80000e-04     4.47900e+05     1.26100e+02     4.70500e-02     5.25600e+01     8.500e-02      3.889e-04      1.953e-05      4.301e-06      3.176e-08      7.668e-08      6.589e-09      7.953e-06      3.564e-06      1.282e-05      1.844e-06      9.209e-06      1.106e-07      8.279e-09      2.485e-08      4.166e-07      2.499e-06      4.643e-09      1.785e-09      2.728e-09      9.304e-07      2.899e-07      1.247e-07      4.323e-07      2.447e-08      8.601e-08      
2.97500e-05     5.54600e-05     2.82900e-04     4.38500e+05     1.24300e+02     4.68400e-02     5.27200e+01     8.500e-02      3.888e-04      1.953e-05      4.272e-06      3.150e-08      7.538e-08      6.573e-09      7.921e-06      3.502e-06      1.271e-05      1.837e-06      9.201e-06      1.097e-07      8.277e-09      2.511e-08      4.147e-07      2.495e-06      4.645e-09      1.789e-09      2.729e-09      9.636e-07      2.892e-07      1.249e-07      4.351e-07      2.479e-08      8.753e-08      
3.00700e-05     5.60400e-05     2.85900e-04     4.29400e+05     1.22600e+02     4.66400e-02     5.28800e+01     8.500e-02      3.887e-04      1.952e-05      4.244e-06      3.124e-08      7.410e-08      6.557e-09      7.889e-06      3.441e-06      1.261e-05      1.829e-06      9.194e-06      1.088e-07      8.275e-09      2.536e-08      4.128e-07      2.491e-06      4.647e-09      1.792e-09      2.731e-09      9.969e-07      2.884e-07      1.251e-07      4.376e-07      2.510e-08      8.903e-08      
3.03800e-05     5.66200e-05     2.88800e-04     4.20600e+05     1.21000e+02     4.64300e-02     5.30400e+01     8.500e-02      3.887e-04      1.952e-05      4.216e-06      3.099e-08      7.284e-08      6.542e-09      7.857e-06      3.380e-06      1.251e-05      1.822e-06      9.187e-06      1.080e-07      8.272e-09      2.560e-08      4.110e-07      2.488e-06      4.650e-09      1.795e-09      2.733e-09      1.031e-06      2.876e-07      1.253e-07      4.398e-07      2.542e-08      9.050e-08      
3.07000e-05     5.71900e-05     2.91800e-04     4.12100e+05     1.19300e+02     4.62300e-02     5.32000e+01     8.500e-02      3.886e-04      1.952e-05      4.188e-06      3.074e-08      7.160e-08      6.526e-09      7.825e-06      3.320e-06      1.240e-05      1.815e-06      9.180e-06      1.071e-07      8.270e-09      2.582e-08      4.091e-07      2.484e-06      4.652e-09      1.798e-09      2.734e-09      1.064e-06      2.868e-07      1.256e-07      4.418e-07      2.573e-08      9.195e-08      
3.10100e-05     5.77700e-05     2.94700e-04     4.03800e+05     1.17800e+02     4.60300e-02     5.33600e+01     8.500e-02      3.885e-04      1.952e-05      4.160e-06      3.048e-08      7.038e-08      6.510e-09      7.793e-06      3.260e-06      1.230e-05      1.808e-06      9.172e-06      1.063e-07      8.268e-09      2.604e-08      4.073e-07      2.480e-06      4.654e-09      1.802e-09      2.736e-09      1.098e-06      2.859e-07      1.258e-07      4.435e-07      2.604e-08      9.337e-08      
3.13300e-05     5.83500e-05     2.97600e-04     3.95800e+05     1.16200e+02     4.58200e-02     5.35100e+01     8.500e-02      3.885e-04      1.951e-05      4.132e-06      3.023e-08      6.918e-08      6.494e-09      7.761e-06      3.201e-06      1.220e-05      1.800e-06      9.165e-06      1.055e-07      8.265e-09      2.625e-08      4.055e-07      2.476e-06      4.656e-09      1.805e-09      2.737e-09      1.132e-06      2.850e-07      1.260e-07      4.449e-07      2.634e-08      9.476e-08      
3.16400e-05     5.89200e-05     3.00600e-04     3.88000e+05     1.14700e+02     4.56200e-02     5.36700e+01     8.500e-02      3.884e-04      1.951e-05      4.104e-06      2.998e-08      6.801e-08      6.478e-09      7.729e-06      3.143e-06      1.210e-05      1.793e-06      9.158e-06      1.046e-07      8.263e-09      2.645e-08      4.037e-07      2.473e-06      4.658e-09      1.808e-09      2.738e-09      1.166e-06      2.840e-07      1.262e-07      4.461e-07      2.665e-08      9.613e-08      
3.19600e-05     5.95000e-05     3.03500e-04     3.80400e+05     1.13200e+02     4.53900e-02     5.38300e+01     8.500e-02      3.883e-04      1.951e-05      4.077e-06      2.973e-08      6.685e-08      6.462e-09      7.698e-06      3.085e-06      1.200e-05      1.786e-06      9.151e-06      1.038e-07      8.260e-09      2.664e-08      4.019e-07      2.469e-06      4.661e-09      1.810e-09      2.740e-09      1.201e-06      2.830e-07      1.263e-07      4.470e-07      2.695e-08      9.747e-08      
3.22700e-05     6.00700e-05     3.06500e-04     3.73100e+05     1.11800e+02     4.52300e-02     5.39900e+01     8.500e-02      3.883e-04      1.950e-05      4.050e-06      2.949e-08      6.571e-08      6.447e-09      7.666e-06      3.028e-06      1.191e-05      1.779e-06      9.143e-06      1.030e-07      8.258e-09      2.682e-08      4.002e-07      2.465e-06      4.663e-09      1.813e-09      2.741e-09      1.235e-06      2.819e-07      1.265e-07      4.477e-07      2.725e-08      9.878e-08      
3.25900e-05     6.06500e-05     3.09400e-04     3.65900e+05     1.10400e+02     4.50100e-02     5.41500e+01     8.500e-02      3.882e-04      1.950e-05      4.022e-06      2.924e-08      6.459e-08      6.431e-09      7.635e-06      2.971e-06      1.181e-05      1.772e-06      9.136e-06      1.022e-07      8.255e-09      2.699e-08      3.985e-07      2.461e-06      4.665e-09      1.816e-09      2.743e-09      1.269e-06      2.808e-07      1.267e-07      4.481e-07      2.754e-08      1.001e-07      
3.29100e-05     6.12300e-05     3.12400e-04     3.59000e+05     1.09000e+02     4.48200e-02     5.43100e+01     8.500e-02      3.881e-04      1.950e-05      3.996e-06      2.900e-08      6.348e-08      6.415e-09      7.603e-06      2.916e-06      1.171e-05      1.764e-06      9.129e-06      1.014e-07      8.252e-09      2.716e-08      3.968e-07      2.457e-06      4.667e-09      1.819e-09      2.744e-09      1.303e-06      2.796e-07      1.269e-07      4.483e-07      2.784e-08      1.013e-07      
3.32200e-05     6.18000e-05     3.15300e-04     3.52200e+05     1.07600e+02     4.46200e-02     5.44700e+01     8.500e-02      3.881e-04      1.950e-05      3.969e-06      2.875e-08      6.240e-08      6.400e-09      7.572e-06      2.860e-06      1.161e-05      1.757e-06      9.121e-06      1.006e-07      8.250e-09      2.731e-08      3.951e-07      2.454e-06      4.669e-09      1.821e-09      2.745e-09      1.337e-06      2.784e-07      1.271e-07      4.483e-07      2.812e-08      1.026e-07      
3.35400e-05     6.23800e-05     3.18200e-04     3.45600e+05     1.06300e+02     4.44300e-02     5.46300e+01     8.500e-02      3.880e-04      1.949e-05      3.942e-06      2.851e-08      6.134e-08      6.384e-09      7.541e-06      2.806e-06      1.152e-05      1.750e-06      9.114e-06      9.976e-08      8.247e-09      2.746e-08      3.934e-07      2.450e-06      4.670e-09      1.824e-09      2.747e-09      1.371e-06      2.772e-07      1.273e-07      4.481e-07      2.841e-08      1.038e-07      
3.38500e-05     6.29600e-05     3.21200e-04     3.39200e+05     1.05000e+02     4.42400e-02     5.47900e+01     8.500e-02      3.879e-04      1.949e-05      3.916e-06      2.827e-08      6.029e-08      6.368e-09      7.509e-06      2.752e-06      1.142e-05      1.743e-06      9.107e-06      9.898e-08      8.244e-09      2.761e-08      3.917e-07      2.446e-06      4.672e-09      1.826e-09      2.748e-09      1.405e-06      2.759e-07      1.275e-07      4.476e-07      2.869e-08      1.049e-07      
3.41700e-05     6.35300e-05     3.24100e-04     3.33000e+05     1.03700e+02     4.40500e-02     5.49500e+01     8.500e-02      3.879e-04      1.949e-05      3.890e-06      2.803e-08      5.926e-08      6.353e-09      7.478e-06      2.699e-06      1.133e-05      1.736e-06      9.099e-06      9.819e-08      8.241e-09      2.775e-08      3.901e-07      2.442e-06      4.674e-09      1.829e-09      2.749e-09      1.439e-06      2.746e-07      1.276e-07      4.470e-07      2.897e-08      1.061e-07      
3.44800e-05     6.41100e-05     3.27100e-04     3.27000e+05     1.02500e+02     4.38600e-02     5.51100e+01     8.500e-02      3.878e-04      1.948e-05      3.863e-06      2.779e-08      5.824e-08      6.337e-09      7.447e-06      2.646e-06      1.124e-05      1.729e-06      9.092e-06      9.742e-08      8.238e-09      2.788e-08      3.885e-07      2.438e-06      4.676e-09      1.831e-09      2.750e-09      1.473e-06      2.733e-07      1.278e-07      4.461e-07      2.925e-08      1.072e-07      
3.48000e-05     6.46900e-05     3.30000e-04     3.21100e+05     1.01300e+02     4.36800e-02     5.52700e+01     8.500e-02      3.877e-04      1.948e-05      3.838e-06      2.756e-08      5.725e-08      6.322e-09      7.416e-06      2.595e-06      1.114e-05      1.723e-06      9.085e-06      9.665e-08      8.235e-09      2.800e-08      3.869e-07      2.434e-06      4.678e-09      1.834e-09      2.752e-09      1.506e-06      2.719e-07      1.280e-07      4.450e-07      2.952e-08      1.083e-07      
3.51200e-05     6.52600e-05     3.32900e-04     3.15400e+05     1.00100e+02     4.34900e-02     5.54300e+01     8.500e-02      3.877e-04      1.948e-05      3.812e-06      2.732e-08      5.627e-08      6.306e-09      7.386e-06      2.544e-06      1.105e-05      1.716e-06      9.077e-06      9.588e-08      8.232e-09      2.812e-08      3.853e-07      2.430e-06      4.680e-09      1.836e-09      2.753e-09      1.540e-06      2.704e-07      1.282e-07      4.438e-07      2.979e-08      1.094e-07      
3.54300e-05     6.58400e-05     3.35900e-04     3.09800e+05     9.89300e+01     4.32800e-02     5.55900e+01     8.500e-02      3.876e-04      1.948e-05      3.786e-06      2.709e-08      5.530e-08      6.291e-09      7.355e-06      2.493e-06      1.096e-05      1.709e-06      9.070e-06      9.512e-08      8.229e-09      2.823e-08      3.837e-07      2.427e-06      4.681e-09      1.838e-09      2.754e-09      1.573e-06      2.690e-07      1.283e-07      4.424e-07      3.005e-08      1.105e-07      
3.57500e-05     6.64200e-05     3.38800e-04     3.04400e+05     9.77800e+01     4.31000e-02     5.57400e+01     8.500e-02      3.875e-04      1.947e-05      3.761e-06      2.686e-08      5.436e-08      6.275e-09      7.324e-06      2.444e-06      1.087e-05      1.702e-06      9.062e-06      9.437e-08      8.226e-09      2.834e-08      3.822e-07      2.423e-06      4.683e-09      1.840e-09      2.755e-09      1.606e-06      2.675e-07      1.285e-07      4.407e-07      3.031e-08      1.115e-07      
3.60600e-05     6.69900e-05     3.41800e-04     2.99100e+05     9.66600e+01     4.29100e-02     5.59000e+01     8.500e-02      3.875e-04      1.947e-05      3.735e-06      2.663e-08      5.342e-08      6.260e-09      7.294e-06      2.395e-06      1.078e-05      1.695e-06      9.055e-06      9.362e-08      8.222e-09      2.844e-08      3.806e-07      2.419e-06      4.685e-09      1.842e-09      2.756e-09      1.639e-06      2.660e-07      1.287e-07      4.390e-07      3.057e-08      1.125e-07      
3.63800e-05     6.75700e-05     3.44700e-04     2.93900e+05     9.55600e+01     4.27300e-02     5.60600e+01     8.500e-02      3.874e-04      1.947e-05      3.710e-06      2.640e-08      5.251e-08      6.245e-09      7.263e-06      2.347e-06      1.069e-05      1.689e-06      9.047e-06      9.288e-08      8.219e-09      2.853e-08      3.791e-07      2.415e-06      4.686e-09      1.845e-09      2.757e-09      1.671e-06      2.644e-07      1.288e-07      4.370e-07      3.082e-08      1.135e-07      
3.67000e-05     6.81400e-05     3.47700e-04     2.88900e+05     9.44800e+01     4.25600e-02     5.62200e+01     8.500e-02      3.873e-04      1.946e-05      3.685e-06      2.617e-08      5.161e-08      6.229e-09      7.233e-06      2.300e-06      1.060e-05      1.682e-06      9.040e-06      9.214e-08      8.215e-09      2.862e-08      3.776e-07      2.411e-06      4.688e-09      1.847e-09      2.758e-09      1.703e-06      2.628e-07      1.290e-07      4.349e-07      3.107e-08      1.144e-07      
3.70100e-05     6.87200e-05     3.50600e-04     2.84000e+05     9.34300e+01     4.24200e-02     5.63800e+01     8.500e-02      3.873e-04      1.946e-05      3.660e-06      2.594e-08      5.072e-08      6.214e-09      7.203e-06      2.253e-06      1.051e-05      1.675e-06      9.032e-06      9.141e-08      8.212e-09      2.871e-08      3.761e-07      2.407e-06      4.690e-09      1.849e-09      2.759e-09      1.735e-06      2.612e-07      1.292e-07      4.327e-07      3.131e-08      1.153e-07      
3.73300e-05     6.93000e-05     3.53500e-04     2.79200e+05     9.23900e+01     4.22400e-02     5.65400e+01     8.500e-02      3.872e-04      1.946e-05      3.636e-06      2.572e-08      4.985e-08      6.199e-09      7.172e-06      2.207e-06      1.042e-05      1.668e-06      9.025e-06      9.068e-08      8.208e-09      2.879e-08      3.746e-07      2.403e-06      4.691e-09      1.850e-09      2.760e-09      1.767e-06      2.596e-07      1.293e-07      4.303e-07      3.155e-08      1.162e-07      
3.76500e-05     6.98700e-05     3.56500e-04     2.74500e+05     9.13700e+01     4.20700e-02     5.67000e+01     8.500e-02      3.871e-04      1.946e-05      3.611e-06      2.549e-08      4.899e-08      6.184e-09      7.142e-06      2.162e-06      1.034e-05      1.662e-06      9.017e-06      8.996e-08      8.204e-09      2.886e-08      3.732e-07      2.399e-06      4.693e-09      1.852e-09      2.761e-09      1.798e-06      2.579e-07      1.295e-07      4.278e-07      3.179e-08      1.171e-07      
3.79600e-05     7.04500e-05     3.59400e-04     2.70000e+05     9.03800e+01     4.18900e-02     5.68600e+01     8.500e-02      3.871e-04      1.945e-05      3.587e-06      2.527e-08      4.815e-08      6.169e-09      7.112e-06      2.118e-06      1.025e-05      1.655e-06      9.009e-06      8.925e-08      8.199e-09      2.894e-08      3.717e-07      2.395e-06      4.694e-09      1.854e-09      2.762e-09      1.829e-06      2.563e-07      1.297e-07      4.252e-07      3.202e-08      1.179e-07      
3.82800e-05     7.10300e-05     3.62400e-04     2.65500e+05     8.94000e+01     4.17200e-02     5.70200e+01     8.500e-02      3.870e-04      1.945e-05      3.563e-06      2.505e-08      4.732e-08      6.153e-09      7.082e-06      2.075e-06      1.016e-05      1.649e-06      9.002e-06      8.854e-08      8.195e-09      2.900e-08      3.703e-07      2.391e-06      4.696e-09      1.856e-09      2.763e-09      1.860e-06      2.546e-07      1.298e-07      4.224e-07      3.225e-08      1.188e-07      
3.86000e-05     7.16000e-05     3.65300e-04     2.61200e+05     8.84400e+01     4.15400e-02     5.71800e+01     8.500e-02      3.869e-04      1.945e-05      3.539e-06      2.483e-08      4.651e-08      6.138e-09      7.052e-06      2.032e-06      1.008e-05      1.642e-06      8.994e-06      8.783e-08      8.191e-09      2.906e-08      3.689e-07      2.387e-06      4.697e-09      1.858e-09      2.764e-09      1.890e-06      2.528e-07      1.300e-07      4.195e-07      3.247e-08      1.196e-07      
3.89100e-05     7.21800e-05     3.68300e-04     2.57000e+05     8.74900e+01     4.13700e-02     5.73400e+01     8.500e-02      3.868e-04      1.945e-05      3.515e-06      2.461e-08      4.571e-08      6.123e-09      7.023e-06      1.990e-06      9.993e-06      1.636e-06      8.987e-06      8.713e-08      8.186e-09      2.912e-08      3.675e-07      2.383e-06      4.699e-09      1.859e-09      2.765e-09      1.920e-06      2.511e-07      1.301e-07      4.165e-07      3.269e-08      1.204e-07      
3.92300e-05     7.27500e-05     3.71200e-04     2.52800e+05     8.65700e+01     4.12100e-02     5.75000e+01     8.500e-02      3.868e-04      1.944e-05      3.491e-06      2.439e-08      4.492e-08      6.108e-09      6.993e-06      1.949e-06      9.909e-06      1.629e-06      8.979e-06      8.644e-08      8.181e-09      2.917e-08      3.661e-07      2.379e-06      4.700e-09      1.861e-09      2.765e-09      1.949e-06      2.493e-07      1.303e-07      4.134e-07      3.291e-08      1.211e-07      
3.95500e-05     7.33300e-05     3.74100e-04     2.48800e+05     8.56600e+01     4.10400e-02     5.76600e+01     8.500e-02      3.867e-04      1.944e-05      3.467e-06      2.418e-08      4.415e-08      6.093e-09      6.963e-06      1.908e-06      9.826e-06      1.623e-06      8.971e-06      8.575e-08      8.176e-09      2.922e-08      3.648e-07      2.375e-06      4.701e-09      1.863e-09      2.766e-09      1.979e-06      2.475e-07      1.305e-07      4.102e-07      3.312e-08      1.218e-07      
3.98600e-05     7.39100e-05     3.77100e-04     2.44900e+05     8.47600e+01     4.08700e-02     5.78100e+01     8.500e-02      3.866e-04      1.944e-05      3.444e-06      2.396e-08      4.339e-08      6.078e-09      6.934e-06      1.868e-06      9.743e-06      1.616e-06      8.964e-06      8.507e-08      8.171e-09      2.926e-08      3.634e-07      2.371e-06      4.703e-09      1.864e-09      2.767e-09      2.007e-06      2.457e-07      1.306e-07      4.069e-07      3.332e-08      1.225e-07      
4.01800e-05     7.44800e-05     3.80000e-04     2.41000e+05     8.38900e+01     4.07000e-02     5.79700e+01     8.500e-02      3.865e-04      1.943e-05      3.421e-06      2.375e-08      4.264e-08      6.063e-09      6.904e-06      1.829e-06      9.661e-06      1.610e-06      8.956e-06      8.439e-08      8.165e-09      2.930e-08      3.621e-07      2.367e-06      4.704e-09      1.866e-09      2.768e-09      2.036e-06      2.439e-07      1.308e-07      4.035e-07      3.352e-08      1.232e-07      
4.05000e-05     7.50600e-05     3.83000e-04     2.37300e+05     8.30200e+01     4.05400e-02     5.81300e+01     8.500e-02      3.865e-04      1.943e-05      3.397e-06      2.354e-08      4.190e-08      6.048e-09      6.875e-06      1.791e-06      9.579e-06      1.604e-06      8.948e-06      8.371e-08      8.159e-09      2.934e-08      3.608e-07      2.363e-06      4.705e-09      1.867e-09      2.769e-09      2.064e-06      2.421e-07      1.310e-07      4.000e-07      3.372e-08      1.239e-07      
4.08100e-05     7.56400e-05     3.85900e-04     2.33600e+05     8.21800e+01     4.03700e-02     5.82900e+01     8.500e-02      3.864e-04      1.943e-05      3.374e-06      2.333e-08      4.118e-08      6.033e-09      6.846e-06      1.753e-06      9.498e-06      1.597e-06      8.940e-06      8.305e-08      8.153e-09      2.937e-08      3.595e-07      2.359e-06      4.707e-09      1.869e-09      2.769e-09      2.091e-06      2.402e-07      1.311e-07      3.965e-07      3.391e-08      1.245e-07      
4.11300e-05     7.62100e-05     3.88900e-04     2.30000e+05     8.13500e+01     4.02100e-02     5.84500e+01     8.500e-02      3.863e-04      1.943e-05      3.352e-06      2.312e-08      4.047e-08      6.018e-09      6.816e-06      1.716e-06      9.418e-06      1.591e-06      8.932e-06      8.238e-08      8.147e-09      2.940e-08      3.582e-07      2.355e-06      4.708e-09      1.870e-09      2.770e-09      2.119e-06      2.383e-07      1.313e-07      3.929e-07      3.410e-08      1.252e-07      
4.14500e-05     7.67900e-05     3.91800e-04     2.26500e+05     8.05300e+01     4.00500e-02     5.86100e+01     8.500e-02      3.862e-04      1.942e-05      3.329e-06      2.291e-08      3.977e-08      6.003e-09      6.787e-06      1.680e-06      9.338e-06      1.585e-06      8.925e-06      8.172e-08      8.141e-09      2.942e-08      3.569e-07      2.351e-06      4.709e-09      1.872e-09      2.771e-09      2.146e-06      2.365e-07      1.314e-07      3.892e-07      3.429e-08      1.258e-07      
4.17600e-05     7.73600e-05     3.94700e-04     2.23000e+05     7.97200e+01     3.98900e-02     5.87700e+01     8.500e-02      3.862e-04      1.942e-05      3.306e-06      2.271e-08      3.908e-08      5.989e-09      6.758e-06      1.645e-06      9.259e-06      1.579e-06      8.917e-06      8.107e-08      8.134e-09      2.944e-08      3.556e-07      2.347e-06      4.710e-09      1.873e-09      2.771e-09      2.172e-06      2.346e-07      1.316e-07      3.854e-07      3.447e-08      1.263e-07      
4.20800e-05     7.79400e-05     3.97700e-04     2.19700e+05     7.89300e+01     3.97300e-02     5.89300e+01     8.500e-02      3.861e-04      1.942e-05      3.284e-06      2.251e-08      3.841e-08      5.974e-09      6.729e-06      1.610e-06      9.180e-06      1.572e-06      8.909e-06      8.042e-08      8.127e-09      2.946e-08      3.544e-07      2.343e-06      4.712e-09      1.874e-09      2.772e-09      2.198e-06      2.327e-07      1.318e-07      3.816e-07      3.464e-08      1.269e-07      
4.24000e-05     7.85200e-05     4.00600e-04     2.16400e+05     7.81600e+01     3.95700e-02     5.90900e+01     8.500e-02      3.860e-04      1.941e-05      3.261e-06      2.230e-08      3.774e-08      5.959e-09      6.700e-06      1.576e-06      9.102e-06      1.566e-06      8.901e-06      7.978e-08      8.119e-09      2.947e-08      3.531e-07      2.339e-06      4.713e-09      1.876e-09      2.773e-09      2.224e-06      2.308e-07      1.319e-07      3.777e-07      3.481e-08      1.274e-07      
4.27200e-05     7.90900e-05     4.03600e-04     2.13200e+05     7.73900e+01     3.94100e-02     5.92500e+01     8.500e-02      3.859e-04      1.941e-05      3.239e-06      2.210e-08      3.709e-08      5.944e-09      6.672e-06      1.543e-06      9.025e-06      1.560e-06      8.893e-06      7.914e-08      8.112e-09      2.948e-08      3.519e-07      2.335e-06      4.714e-09      1.877e-09      2.773e-09      2.249e-06      2.289e-07      1.321e-07      3.738e-07      3.498e-08      1.279e-07      
4.30300e-05     7.96700e-05     4.06500e-04     2.10000e+05     7.66400e+01     3.92500e-02     5.94100e+01     8.500e-02      3.858e-04      1.941e-05      3.217e-06      2.190e-08      3.645e-08      5.929e-09      6.643e-06      1.510e-06      8.948e-06      1.554e-06      8.885e-06      7.850e-08      8.104e-09      2.948e-08      3.507e-07      2.331e-06      4.715e-09      1.878e-09      2.774e-09      2.273e-06      2.270e-07      1.323e-07      3.699e-07      3.514e-08      1.284e-07      
4.33500e-05     8.02400e-05     4.09500e-04     2.07000e+05     7.59000e+01     3.91000e-02     5.95700e+01     8.500e-02      3.858e-04      1.941e-05      3.195e-06      2.170e-08      3.582e-08      5.915e-09      6.614e-06      1.478e-06      8.872e-06      1.548e-06      8.877e-06      7.787e-08      8.095e-09      2.949e-08      3.495e-07      2.327e-06      4.716e-09      1.879e-09      2.775e-09      2.298e-06      2.250e-07      1.324e-07      3.659e-07      3.529e-08      1.289e-07      
4.36700e-05     8.08200e-05     4.12400e-04     2.03900e+05     7.51800e+01     3.89600e-02     5.97300e+01     8.500e-02      3.857e-04      1.940e-05      3.174e-06      2.151e-08      3.520e-08      5.900e-09      6.586e-06      1.446e-06      8.796e-06      1.542e-06      8.869e-06      7.725e-08      8.086e-09      2.948e-08      3.483e-07      2.322e-06      4.717e-09      1.880e-09      2.775e-09      2.322e-06      2.231e-07      1.326e-07      3.618e-07      3.545e-08      1.294e-07      
4.39900e-05     8.14000e-05     4.15400e-04     2.01000e+05     7.44600e+01     3.88100e-02     5.98900e+01     8.500e-02      3.856e-04      1.940e-05      3.152e-06      2.131e-08      3.458e-08      5.885e-09      6.557e-06      1.416e-06      8.721e-06      1.536e-06      8.861e-06      7.663e-08      8.077e-09      2.948e-08      3.471e-07      2.318e-06      4.718e-09      1.882e-09      2.776e-09      2.345e-06      2.212e-07      1.328e-07      3.578e-07      3.559e-08      1.298e-07      
4.43000e-05     8.19700e-05     4.18300e-04     1.98100e+05     7.37600e+01     3.86600e-02     6.00400e+01     8.500e-02      3.855e-04      1.940e-05      3.131e-06      2.112e-08      3.398e-08      5.871e-09      6.529e-06      1.386e-06      8.646e-06      1.530e-06      8.853e-06      7.601e-08      8.068e-09      2.947e-08      3.459e-07      2.314e-06      4.720e-09      1.883e-09      2.776e-09      2.368e-06      2.193e-07      1.330e-07      3.537e-07      3.574e-08      1.302e-07      
4.46200e-05     8.25500e-05     4.21200e-04     1.95300e+05     7.30600e+01     3.84900e-02     6.02000e+01     8.500e-02      3.854e-04      1.939e-05      3.109e-06      2.092e-08      3.340e-08      5.856e-09      6.500e-06      1.356e-06      8.572e-06      1.524e-06      8.845e-06      7.540e-08      8.058e-09      2.946e-08      3.448e-07      2.310e-06      4.721e-09      1.884e-09      2.777e-09      2.391e-06      2.173e-07      1.331e-07      3.495e-07      3.587e-08      1.306e-07      
4.49400e-05     8.31200e-05     4.24200e-04     1.92500e+05     7.23800e+01     3.83700e-02     6.03600e+01     8.500e-02      3.853e-04      1.939e-05      3.088e-06      2.073e-08      3.282e-08      5.842e-09      6.472e-06      1.327e-06      8.499e-06      1.518e-06      8.837e-06      7.480e-08      8.047e-09      2.945e-08      3.436e-07      2.306e-06      4.722e-09      1.885e-09      2.778e-09      2.413e-06      2.154e-07      1.333e-07      3.454e-07      3.601e-08      1.310e-07      
4.52600e-05     8.37000e-05     4.27100e-04     1.89800e+05     7.17100e+01     3.82200e-02     6.05200e+01     8.500e-02      3.853e-04      1.939e-05      3.067e-06      2.054e-08      3.225e-08      5.827e-09      6.444e-06      1.299e-06      8.426e-06      1.512e-06      8.829e-06      7.419e-08      8.036e-09      2.943e-08      3.425e-07      2.302e-06      4.723e-09      1.886e-09      2.778e-09      2.435e-06      2.135e-07      1.335e-07      3.412e-07      3.614e-08      1.314e-07      
4.55700e-05     8.42800e-05     4.30100e-04     1.87200e+05     7.10500e+01     3.80700e-02     6.06800e+01     8.500e-02      3.852e-04      1.939e-05      3.046e-06      2.035e-08      3.168e-08      5.813e-09      6.416e-06      1.272e-06      8.354e-06      1.506e-06      8.821e-06      7.360e-08      8.025e-09      2.941e-08      3.414e-07      2.298e-06      4.724e-09      1.887e-09      2.779e-09      2.456e-06      2.115e-07      1.336e-07      3.371e-07      3.626e-08      1.317e-07      
4.58900e-05     8.48500e-05     4.33000e-04     1.84600e+05     7.04000e+01     3.79200e-02     6.08400e+01     8.500e-02      3.851e-04      1.938e-05      3.025e-06      2.017e-08      3.113e-08      5.798e-09      6.388e-06      1.245e-06      8.282e-06      1.500e-06      8.813e-06      7.300e-08      8.013e-09      2.939e-08      3.403e-07      2.293e-06      4.725e-09      1.888e-09      2.779e-09      2.478e-06      2.096e-07      1.338e-07      3.329e-07      3.638e-08      1.320e-07      
4.62100e-05     8.54300e-05     4.36000e-04     1.82000e+05     6.97600e+01     3.77400e-02     6.10000e+01     8.500e-02      3.850e-04      1.938e-05      3.005e-06      1.998e-08      3.059e-08      5.784e-09      6.360e-06      1.218e-06      8.211e-06      1.495e-06      8.805e-06      7.242e-08      8.001e-09      2.936e-08      3.392e-07      2.289e-06      4.726e-09      1.889e-09      2.780e-09      2.498e-06      2.077e-07      1.340e-07      3.287e-07      3.650e-08      1.324e-07      
4.65300e-05     8.60000e-05     4.38900e-04     1.79500e+05     6.91400e+01     3.76000e-02     6.11600e+01     8.500e-02      3.849e-04      1.938e-05      2.984e-06      1.980e-08      3.006e-08      5.770e-09      6.332e-06      1.192e-06      8.140e-06      1.489e-06      8.797e-06      7.183e-08      7.989e-09      2.933e-08      3.381e-07      2.285e-06      4.726e-09      1.890e-09      2.780e-09      2.518e-06      2.057e-07      1.342e-07      3.245e-07      3.661e-08      1.326e-07      
4.68400e-05     8.65800e-05     4.41800e-04     1.77100e+05     6.85200e+01     3.74500e-02     6.13200e+01     8.500e-02      3.848e-04      1.937e-05      2.964e-06      1.961e-08      2.954e-08      5.755e-09      6.304e-06      1.167e-06      8.070e-06      1.483e-06      8.789e-06      7.125e-08      7.975e-09      2.930e-08      3.370e-07      2.281e-06      4.727e-09      1.891e-09      2.781e-09      2.538e-06      2.038e-07      1.344e-07      3.203e-07      3.672e-08      1.329e-07      
4.71600e-05     8.71600e-05     4.44800e-04     1.74700e+05     6.79100e+01     3.73100e-02     6.14800e+01     8.500e-02      3.847e-04      1.937e-05      2.944e-06      1.943e-08      2.902e-08      5.741e-09      6.277e-06      1.143e-06      8.000e-06      1.477e-06      8.780e-06      7.068e-08      7.962e-09      2.926e-08      3.359e-07      2.277e-06      4.728e-09      1.892e-09      2.781e-09      2.558e-06      2.019e-07      1.345e-07      3.161e-07      3.682e-08      1.332e-07      
4.74800e-05     8.77300e-05     4.47700e-04     1.72300e+05     6.73000e+01     3.71600e-02     6.16400e+01     8.500e-02      3.847e-04      1.937e-05      2.924e-06      1.925e-08      2.852e-08      5.727e-09      6.249e-06      1.118e-06      7.931e-06      1.471e-06      8.772e-06      7.011e-08      7.948e-09      2.923e-08      3.349e-07      2.272e-06      4.729e-09      1.892e-09      2.781e-09      2.577e-06      2.000e-07      1.347e-07      3.119e-07      3.692e-08      1.334e-07      
4.78000e-05     8.83100e-05     4.50700e-04     1.70000e+05     6.67100e+01     3.70200e-02     6.18000e+01     8.500e-02      3.846e-04      1.937e-05      2.904e-06      1.907e-08      2.802e-08      5.712e-09      6.222e-06      1.095e-06      7.863e-06      1.466e-06      8.764e-06      6.954e-08      7.933e-09      2.919e-08      3.338e-07      2.268e-06      4.730e-09      1.893e-09      2.782e-09      2.595e-06      1.981e-07      1.349e-07      3.077e-07      3.702e-08      1.336e-07      
4.81100e-05     8.88800e-05     4.53600e-04     1.67800e+05     6.61300e+01     3.68900e-02     6.19600e+01     8.500e-02      3.845e-04      1.936e-05      2.884e-06      1.890e-08      2.753e-08      5.698e-09      6.194e-06      1.072e-06      7.795e-06      1.460e-06      8.756e-06      6.898e-08      7.918e-09      2.914e-08      3.328e-07      2.264e-06      4.731e-09      1.894e-09      2.782e-09      2.613e-06      1.962e-07      1.351e-07      3.035e-07      3.711e-08      1.339e-07      
4.84300e-05     8.94600e-05     4.56600e-04     1.65500e+05     6.55600e+01     3.67500e-02     6.21200e+01     8.500e-02      3.844e-04      1.936e-05      2.864e-06      1.872e-08      2.705e-08      5.684e-09      6.167e-06      1.049e-06      7.727e-06      1.455e-06      8.747e-06      6.842e-08      7.902e-09      2.910e-08      3.318e-07      2.260e-06      4.732e-09      1.895e-09      2.783e-09      2.631e-06      1.943e-07      1.353e-07      2.993e-07      3.719e-08      1.340e-07      
4.87500e-05     9.00300e-05     4.59500e-04     1.63400e+05     6.49900e+01     3.66100e-02     6.22700e+01     8.500e-02      3.843e-04      1.936e-05      2.844e-06      1.855e-08      2.658e-08      5.670e-09      6.140e-06      1.027e-06      7.660e-06      1.449e-06      8.739e-06      6.787e-08      7.886e-09      2.905e-08      3.308e-07      2.255e-06      4.733e-09      1.896e-09      2.783e-09      2.649e-06      1.924e-07      1.354e-07      2.952e-07      3.727e-08      1.342e-07      
4.90700e-05     9.06100e-05     4.62500e-04     1.61200e+05     6.44300e+01     3.64700e-02     6.24300e+01     8.500e-02      3.842e-04      1.936e-05      2.825e-06      1.837e-08      2.611e-08      5.655e-09      6.112e-06      1.006e-06      7.594e-06      1.443e-06      8.731e-06      6.732e-08      7.869e-09      2.900e-08      3.298e-07      2.251e-06      4.733e-09      1.896e-09      2.783e-09      2.666e-06      1.905e-07      1.356e-07      2.910e-07      3.735e-08      1.344e-07      
4.93900e-05     9.11900e-05     4.65400e-04     1.59100e+05     6.38800e+01     3.63300e-02     6.25900e+01     8.500e-02      3.841e-04      1.935e-05      2.806e-06      1.820e-08      2.566e-08      5.641e-09      6.085e-06      9.848e-07      7.528e-06      1.438e-06      8.722e-06      6.677e-08      7.851e-09      2.895e-08      3.288e-07      2.247e-06      4.734e-09      1.897e-09      2.784e-09      2.682e-06      1.886e-07      1.358e-07      2.869e-07      3.743e-08      1.345e-07      
4.97000e-05     9.17600e-05     4.68300e-04     1.57100e+05     6.33400e+01     3.62000e-02     6.27500e+01     8.500e-02      3.840e-04      1.935e-05      2.786e-06      1.803e-08      2.521e-08      5.627e-09      6.058e-06      9.643e-07      7.463e-06      1.432e-06      8.714e-06      6.623e-08      7.833e-09      2.889e-08      3.278e-07      2.243e-06      4.735e-09      1.898e-09      2.784e-09      2.699e-06      1.868e-07      1.360e-07      2.828e-07      3.750e-08      1.347e-07      
5.00200e-05     9.23400e-05     4.71300e-04     1.55100e+05     6.28100e+01     3.60600e-02     6.29100e+01     8.500e-02      3.839e-04      1.935e-05      2.767e-06      1.786e-08      2.477e-08      5.613e-09      6.031e-06      9.443e-07      7.398e-06      1.427e-06      8.705e-06      6.569e-08      7.815e-09      2.884e-08      3.268e-07      2.238e-06      4.736e-09      1.899e-09      2.785e-09      2.715e-06      1.849e-07      1.362e-07      2.787e-07      3.756e-08      1.348e-07      
5.03400e-05     9.29100e-05     4.74200e-04     1.53100e+05     6.22800e+01     3.59300e-02     6.30700e+01     8.500e-02      3.838e-04      1.934e-05      2.748e-06      1.769e-08      2.433e-08      5.599e-09      6.004e-06      9.247e-07      7.333e-06      1.421e-06      8.697e-06      6.516e-08      7.796e-09      2.878e-08      3.259e-07      2.234e-06      4.736e-09      1.899e-09      2.785e-09      2.730e-06      1.831e-07      1.364e-07      2.746e-07      3.762e-08      1.349e-07      
5.06600e-05     9.34900e-05     4.77200e-04     1.51200e+05     6.17700e+01     3.57900e-02     6.32300e+01     8.500e-02      3.837e-04      1.934e-05      2.729e-06      1.753e-08      2.391e-08      5.585e-09      5.977e-06      9.056e-07      7.269e-06      1.416e-06      8.688e-06      6.463e-08      7.776e-09      2.871e-08      3.249e-07      2.230e-06      4.737e-09      1.900e-09      2.785e-09      2.746e-06      1.812e-07      1.366e-07      2.706e-07      3.768e-08      1.350e-07      
5.09800e-05     9.40600e-05     4.80100e-04     1.49300e+05     6.12500e+01     3.56600e-02     6.33900e+01     8.500e-02      3.836e-04      1.934e-05      2.711e-06      1.736e-08      2.349e-08      5.571e-09      5.951e-06      8.869e-07      7.206e-06      1.410e-06      8.680e-06      6.410e-08      7.756e-09      2.865e-08      3.240e-07      2.225e-06      4.738e-09      1.901e-09      2.786e-09      2.761e-06      1.794e-07      1.368e-07      2.666e-07      3.774e-08      1.351e-07      
5.12900e-05     9.46400e-05     4.83100e-04     1.47400e+05     6.07500e+01     3.55200e-02     6.35500e+01     8.500e-02      3.835e-04      1.934e-05      2.692e-06      1.720e-08      2.308e-08      5.557e-09      5.924e-06      8.687e-07      7.143e-06      1.405e-06      8.671e-06      6.358e-08      7.735e-09      2.858e-08      3.231e-07      2.221e-06      4.739e-09      1.901e-09      2.786e-09      2.775e-06      1.776e-07      1.370e-07      2.626e-07      3.779e-08      1.351e-07      
5.16100e-05     9.52200e-05     4.86000e-04     1.45600e+05     6.02600e+01     3.53700e-02     6.37100e+01     8.500e-02      3.835e-04      1.933e-05      2.674e-06      1.703e-08      2.267e-08      5.543e-09      5.897e-06      8.509e-07      7.081e-06      1.400e-06      8.663e-06      6.307e-08      7.714e-09      2.852e-08      3.221e-07      2.217e-06      4.739e-09      1.902e-09      2.786e-09      2.790e-06      1.758e-07      1.372e-07      2.586e-07      3.783e-08      1.352e-07      
5.19300e-05     9.57900e-05     4.88900e-04     1.43800e+05     5.97700e+01     3.52400e-02     6.38700e+01     8.500e-02      3.834e-04      1.933e-05      2.655e-06      1.687e-08      2.227e-08      5.529e-09      5.871e-06      8.336e-07      7.019e-06      1.394e-06      8.654e-06      6.255e-08      7.692e-09      2.844e-08      3.212e-07      2.212e-06      4.740e-09      1.903e-09      2.786e-09      2.803e-06      1.740e-07      1.374e-07      2.547e-07      3.787e-08      1.352e-07      
5.22500e-05     9.63700e-05     4.91900e-04     1.42000e+05     5.92800e+01     3.51100e-02     6.40300e+01     8.500e-02      3.833e-04      1.933e-05      2.637e-06      1.671e-08      2.188e-08      5.515e-09      5.844e-06      8.166e-07      6.958e-06      1.389e-06      8.646e-06      6.204e-08      7.669e-09      2.837e-08      3.203e-07      2.208e-06      4.741e-09      1.903e-09      2.787e-09      2.817e-06      1.722e-07      1.376e-07      2.508e-07      3.791e-08      1.352e-07      
5.25700e-05     9.69400e-05     4.94800e-04     1.40300e+05     5.88100e+01     3.49800e-02     6.41900e+01     8.500e-02      3.832e-04      1.932e-05      2.619e-06      1.656e-08      2.150e-08      5.502e-09      5.818e-06      8.001e-07      6.897e-06      1.384e-06      8.637e-06      6.154e-08      7.646e-09      2.830e-08      3.194e-07      2.204e-06      4.741e-09      1.904e-09      2.787e-09      2.830e-06      1.705e-07      1.378e-07      2.469e-07      3.795e-08      1.352e-07      
5.28800e-05     9.75200e-05     4.97800e-04     1.38600e+05     5.83400e+01     3.48500e-02     6.43400e+01     8.500e-02      3.831e-04      1.932e-05      2.601e-06      1.640e-08      2.112e-08      5.488e-09      5.792e-06      7.839e-07      6.836e-06      1.378e-06      8.628e-06      6.103e-08      7.622e-09      2.822e-08      3.185e-07      2.199e-06      4.742e-09      1.904e-09      2.787e-09      2.843e-06      1.687e-07      1.380e-07      2.430e-07      3.798e-08      1.352e-07      
5.32000e-05     9.80900e-05     5.00700e-04     1.36900e+05     5.78800e+01     3.47200e-02     6.45000e+01     8.500e-02      3.830e-04      1.932e-05      2.583e-06      1.624e-08      2.075e-08      5.474e-09      5.765e-06      7.682e-07      6.776e-06      1.373e-06      8.620e-06      6.054e-08      7.598e-09      2.814e-08      3.177e-07      2.195e-06      4.743e-09      1.905e-09      2.788e-09      2.856e-06      1.670e-07      1.382e-07      2.392e-07      3.801e-08      1.352e-07      
5.35200e-05     9.86700e-05     5.03700e-04     1.35300e+05     5.74200e+01     3.46100e-02     6.46600e+01     8.500e-02      3.829e-04      1.932e-05      2.565e-06      1.609e-08      2.038e-08      5.460e-09      5.739e-06      7.528e-07      6.717e-06      1.368e-06      8.611e-06      6.004e-08      7.573e-09      2.806e-08      3.168e-07      2.191e-06      4.743e-09      1.905e-09      2.788e-09      2.868e-06      1.653e-07      1.384e-07      2.355e-07      3.803e-08      1.352e-07      
5.38400e-05     9.92400e-05     5.06600e-04     1.33700e+05     5.69700e+01     3.44900e-02     6.48200e+01     8.500e-02      3.828e-04      1.931e-05      2.548e-06      1.593e-08      2.002e-08      5.446e-09      5.713e-06      7.378e-07      6.658e-06      1.363e-06      8.602e-06      5.955e-08      7.548e-09      2.798e-08      3.159e-07      2.186e-06      4.744e-09      1.906e-09      2.788e-09      2.880e-06      1.636e-07      1.386e-07      2.317e-07      3.805e-08      1.351e-07      
5.41600e-05     9.98200e-05     5.09600e-04     1.32100e+05     5.65300e+01     3.43600e-02     6.49800e+01     8.500e-02      3.827e-04      1.931e-05      2.530e-06      1.578e-08      1.967e-08      5.433e-09      5.687e-06      7.232e-07      6.599e-06      1.357e-06      8.594e-06      5.906e-08      7.522e-09      2.790e-08      3.151e-07      2.182e-06      4.745e-09      1.907e-09      2.788e-09      2.892e-06      1.619e-07      1.388e-07      2.280e-07      3.807e-08      1.351e-07      
5.44700e-05     1.00400e-04     5.12500e-04     1.30500e+05     5.60900e+01     3.42400e-02     6.51400e+01     8.500e-02      3.826e-04      1.931e-05      2.513e-06      1.563e-08      1.932e-08      5.419e-09      5.661e-06      7.089e-07      6.541e-06      1.352e-06      8.585e-06      5.858e-08      7.495e-09      2.781e-08      3.142e-07      2.177e-06      4.745e-09      1.907e-09      2.789e-09      2.903e-06      1.602e-07      1.390e-07      2.244e-07      3.809e-08      1.350e-07      
5.47900e-05     1.01000e-04     5.15400e-04     1.29000e+05     5.56600e+01     3.41100e-02     6.53000e+01     8.500e-02      3.825e-04      1.930e-05      2.495e-06      1.548e-08      1.898e-08      5.405e-09      5.635e-06      6.950e-07      6.483e-06      1.347e-06      8.576e-06      5.810e-08      7.468e-09      2.772e-08      3.134e-07      2.173e-06      4.746e-09      1.908e-09      2.789e-09      2.915e-06      1.585e-07      1.392e-07      2.208e-07      3.810e-08      1.350e-07      
5.51100e-05     1.01500e-04     5.18400e-04     1.27500e+05     5.52300e+01     3.39900e-02     6.54600e+01     8.500e-02      3.824e-04      1.930e-05      2.478e-06      1.533e-08      1.865e-08      5.392e-09      5.610e-06      6.814e-07      6.426e-06      1.342e-06      8.567e-06      5.763e-08      7.441e-09      2.763e-08      3.126e-07      2.168e-06      4.746e-09      1.908e-09      2.789e-09      2.925e-06      1.569e-07      1.394e-07      2.172e-07      3.810e-08      1.349e-07      
5.54300e-05     1.02100e-04     5.21300e-04     1.26000e+05     5.48100e+01     3.38700e-02     6.56200e+01     8.500e-02      3.823e-04      1.930e-05      2.461e-06      1.519e-08      1.832e-08      5.378e-09      5.584e-06      6.681e-07      6.369e-06      1.337e-06      8.558e-06      5.715e-08      7.413e-09      2.754e-08      3.117e-07      2.164e-06      4.747e-09      1.908e-09      2.789e-09      2.936e-06      1.552e-07      1.396e-07      2.136e-07      3.811e-08      1.348e-07      
5.57500e-05     1.02700e-04     5.24300e-04     1.24600e+05     5.44000e+01     3.37400e-02     6.57800e+01     8.500e-02      3.822e-04      1.929e-05      2.444e-06      1.504e-08      1.800e-08      5.365e-09      5.558e-06      6.552e-07      6.313e-06      1.332e-06      8.550e-06      5.669e-08      7.384e-09      2.745e-08      3.109e-07      2.160e-06      4.748e-09      1.909e-09      2.789e-09      2.946e-06      1.536e-07      1.398e-07      2.101e-07      3.811e-08      1.347e-07      
5.60700e-05     1.03300e-04     5.27200e-04     1.23200e+05     5.39900e+01     3.36200e-02     6.59400e+01     8.500e-02      3.821e-04      1.929e-05      2.427e-06      1.490e-08      1.768e-08      5.351e-09      5.533e-06      6.426e-07      6.257e-06      1.327e-06      8.541e-06      5.622e-08      7.355e-09      2.736e-08      3.101e-07      2.155e-06      4.748e-09      1.909e-09      2.790e-09      2.956e-06      1.520e-07      1.400e-07      2.067e-07      3.811e-08      1.346e-07      
5.63800e-05     1.03800e-04     5.30200e-04     1.21800e+05     5.35900e+01     3.35000e-02     6.61000e+01     8.500e-02      3.820e-04      1.929e-05      2.410e-06      1.475e-08      1.737e-08      5.338e-09      5.507e-06      6.303e-07      6.202e-06      1.322e-06      8.532e-06      5.576e-08      7.325e-09      2.726e-08      3.093e-07      2.151e-06      4.749e-09      1.910e-09      2.790e-09      2.966e-06      1.504e-07      1.403e-07      2.032e-07      3.810e-08      1.344e-07      
5.67000e-05     1.04400e-04     5.33100e-04     1.20400e+05     5.31900e+01     3.33800e-02     6.62600e+01     8.500e-02      3.819e-04      1.929e-05      2.394e-06      1.461e-08      1.706e-08      5.324e-09      5.482e-06      6.183e-07      6.147e-06      1.317e-06      8.523e-06      5.530e-08      7.295e-09      2.716e-08      3.085e-07      2.146e-06      4.749e-09      1.910e-09      2.790e-09      2.976e-06      1.489e-07      1.405e-07      1.999e-07      3.810e-08      1.343e-07      
5.70200e-05     1.05000e-04     5.36100e-04     1.19000e+05     5.27900e+01     3.32700e-02     6.64200e+01     8.500e-02      3.818e-04      1.928e-05      2.377e-06      1.447e-08      1.676e-08      5.311e-09      5.457e-06      6.066e-07      6.093e-06      1.312e-06      8.514e-06      5.485e-08      7.265e-09      2.707e-08      3.078e-07      2.142e-06      4.750e-09      1.911e-09      2.790e-09      2.985e-06      1.473e-07      1.407e-07      1.965e-07      3.808e-08      1.342e-07      
5.73400e-05     1.05600e-04     5.39000e-04     1.17700e+05     5.24100e+01     3.31600e-02     6.65700e+01     8.500e-02      3.816e-04      1.928e-05      2.361e-06      1.433e-08      1.646e-08      5.297e-09      5.431e-06      5.952e-07      6.039e-06      1.307e-06      8.505e-06      5.439e-08      7.234e-09      2.697e-08      3.070e-07      2.137e-06      4.750e-09      1.911e-09      2.790e-09      2.994e-06      1.458e-07      1.409e-07      1.932e-07      3.807e-08      1.340e-07      
5.76600e-05     1.06100e-04     5.41900e-04     1.16400e+05     5.20200e+01     3.30400e-02     6.67300e+01     8.500e-02      3.815e-04      1.928e-05      2.345e-06      1.419e-08      1.617e-08      5.284e-09      5.406e-06      5.841e-07      5.985e-06      1.302e-06      8.496e-06      5.395e-08      7.202e-09      2.687e-08      3.062e-07      2.133e-06      4.751e-09      1.912e-09      2.791e-09      3.003e-06      1.442e-07      1.411e-07      1.900e-07      3.805e-08      1.338e-07      
5.79700e-05     1.06700e-04     5.44900e-04     1.15100e+05     5.16400e+01     3.29200e-02     6.68900e+01     8.500e-02      3.814e-04      1.927e-05      2.328e-06      1.405e-08      1.588e-08      5.271e-09      5.381e-06      5.732e-07      5.932e-06      1.297e-06      8.487e-06      5.350e-08      7.171e-09      2.676e-08      3.055e-07      2.128e-06      4.751e-09      1.912e-09      2.791e-09      3.012e-06      1.427e-07      1.413e-07      1.867e-07      3.803e-08      1.337e-07      
5.82900e-05     1.07300e-04     5.47800e-04     1.13800e+05     5.12700e+01     3.28000e-02     6.70500e+01     8.500e-02      3.813e-04      1.927e-05      2.312e-06      1.392e-08      1.560e-08      5.257e-09      5.356e-06      5.627e-07      5.879e-06      1.292e-06      8.478e-06      5.306e-08      7.138e-09      2.666e-08      3.047e-07      2.124e-06      4.752e-09      1.912e-09      2.791e-09      3.020e-06      1.412e-07      1.416e-07      1.836e-07      3.801e-08      1.335e-07      
5.86100e-05     1.07900e-04     5.50800e-04     1.12600e+05     5.09000e+01     3.26900e-02     6.72100e+01     8.500e-02      3.812e-04      1.927e-05      2.296e-06      1.378e-08      1.533e-08      5.244e-09      5.331e-06      5.524e-07      5.827e-06      1.287e-06      8.469e-06      5.262e-08      7.106e-09      2.656e-08      3.040e-07      2.119e-06      4.752e-09      1.913e-09      2.791e-09      3.028e-06      1.397e-07      1.418e-07      1.804e-07      3.799e-08      1.333e-07      
5.89300e-05     1.08500e-04     5.53700e-04     1.11400e+05     5.05400e+01     3.25700e-02     6.73700e+01     8.500e-02      3.811e-04      1.927e-05      2.280e-06      1.365e-08      1.505e-08      5.231e-09      5.306e-06      5.423e-07      5.775e-06      1.282e-06      8.460e-06      5.219e-08      7.073e-09      2.645e-08      3.032e-07      2.115e-06      4.753e-09      1.913e-09      2.791e-09      3.036e-06      1.383e-07      1.420e-07      1.773e-07      3.796e-08      1.331e-07      
5.92500e-05     1.09000e-04     5.56700e-04     1.10200e+05     5.01800e+01     3.24500e-02     6.75300e+01     8.500e-02      3.810e-04      1.926e-05      2.265e-06      1.352e-08      1.479e-08      5.217e-09      5.282e-06      5.325e-07      5.723e-06      1.278e-06      8.451e-06      5.176e-08      7.039e-09      2.634e-08      3.025e-07      2.110e-06      4.753e-09      1.913e-09      2.791e-09      3.044e-06      1.368e-07      1.422e-07      1.743e-07      3.793e-08      1.329e-07      
5.95700e-05     1.09600e-04     5.59600e-04     1.09000e+05     4.98200e+01     3.23300e-02     6.76900e+01     8.500e-02      3.809e-04      1.926e-05      2.249e-06      1.338e-08      1.452e-08      5.204e-09      5.257e-06      5.230e-07      5.672e-06      1.273e-06      8.442e-06      5.133e-08      7.006e-09      2.623e-08      3.018e-07      2.105e-06      4.754e-09      1.914e-09      2.792e-09      3.051e-06      1.354e-07      1.425e-07      1.713e-07      3.789e-08      1.327e-07      
5.98800e-05     1.10200e-04     5.62600e-04     1.07800e+05     4.94700e+01     3.22200e-02     6.78500e+01     8.500e-02      3.808e-04      1.926e-05      2.233e-06      1.325e-08      1.427e-08      5.191e-09      5.232e-06      5.137e-07      5.621e-06      1.268e-06      8.432e-06      5.091e-08      6.971e-09      2.613e-08      3.010e-07      2.101e-06      4.754e-09      1.914e-09      2.792e-09      3.058e-06      1.340e-07      1.427e-07      1.683e-07      3.786e-08      1.324e-07      
6.02000e-05     1.10800e-04     5.65500e-04     1.06700e+05     4.91200e+01     3.21100e-02     6.80100e+01     8.500e-02      3.807e-04      1.925e-05      2.218e-06      1.312e-08      1.401e-08      5.178e-09      5.208e-06      5.046e-07      5.571e-06      1.263e-06      8.423e-06      5.049e-08      6.937e-09      2.601e-08      3.003e-07      2.096e-06      4.755e-09      1.914e-09      2.792e-09      3.065e-06      1.326e-07      1.429e-07      1.654e-07      3.782e-08      1.322e-07      
6.05200e-05     1.11300e-04     5.68400e-04     1.05500e+05     4.87800e+01     3.19900e-02     6.81700e+01     8.500e-02      3.806e-04      1.925e-05      2.203e-06      1.300e-08      1.376e-08      5.165e-09      5.183e-06      4.958e-07      5.521e-06      1.258e-06      8.414e-06      5.007e-08      6.902e-09      2.590e-08      2.996e-07      2.092e-06      4.755e-09      1.915e-09      2.792e-09      3.072e-06      1.312e-07      1.431e-07      1.625e-07      3.778e-08      1.319e-07      
6.08400e-05     1.11900e-04     5.71400e-04     1.04400e+05     4.84400e+01     3.18800e-02     6.83300e+01     8.500e-02      3.805e-04      1.925e-05      2.187e-06      1.287e-08      1.352e-08      5.152e-09      5.159e-06      4.872e-07      5.472e-06      1.254e-06      8.405e-06      4.965e-08      6.867e-09      2.579e-08      2.989e-07      2.087e-06      4.755e-09      1.915e-09      2.792e-09      3.079e-06      1.298e-07      1.434e-07      1.597e-07      3.773e-08      1.317e-07      
6.11600e-05     1.12500e-04     5.74300e-04     1.03300e+05     4.81100e+01     3.17600e-02     6.84900e+01     8.500e-02      3.804e-04      1.924e-05      2.172e-06      1.274e-08      1.328e-08      5.138e-09      5.135e-06      4.788e-07      5.423e-06      1.249e-06      8.395e-06      4.924e-08      6.832e-09      2.568e-08      2.982e-07      2.082e-06      4.756e-09      1.915e-09      2.792e-09      3.085e-06      1.284e-07      1.436e-07      1.569e-07      3.769e-08      1.314e-07      
6.14800e-05     1.13100e-04     5.77300e-04     1.02200e+05     4.77800e+01     3.16600e-02     6.86500e+01     8.500e-02      3.802e-04      1.924e-05      2.157e-06      1.262e-08      1.304e-08      5.125e-09      5.110e-06      4.706e-07      5.374e-06      1.244e-06      8.386e-06      4.884e-08      6.796e-09      2.556e-08      2.975e-07      2.078e-06      4.756e-09      1.916e-09      2.792e-09      3.092e-06      1.271e-07      1.438e-07      1.541e-07      3.764e-08      1.312e-07      
6.17900e-05     1.13600e-04     5.80200e-04     1.01200e+05     4.74500e+01     3.15500e-02     6.88000e+01     8.500e-02      3.801e-04      1.924e-05      2.142e-06      1.250e-08      1.281e-08      5.112e-09      5.086e-06      4.626e-07      5.326e-06      1.240e-06      8.377e-06      4.843e-08      6.760e-09      2.545e-08      2.969e-07      2.073e-06      4.757e-09      1.916e-09      2.792e-09      3.098e-06      1.258e-07      1.441e-07      1.514e-07      3.759e-08      1.309e-07      
6.21100e-05     1.14200e-04     5.83200e-04     1.00100e+05     4.71300e+01     3.14400e-02     6.89600e+01     8.500e-02      3.800e-04      1.924e-05      2.127e-06      1.237e-08      1.258e-08      5.099e-09      5.062e-06      4.548e-07      5.278e-06      1.235e-06      8.368e-06      4.803e-08      6.724e-09      2.533e-08      2.962e-07      2.069e-06      4.757e-09      1.916e-09      2.793e-09      3.104e-06      1.245e-07      1.443e-07      1.487e-07      3.754e-08      1.306e-07      
6.24300e-05     1.14800e-04     5.86100e-04     9.91200e+04     4.68100e+01     3.13200e-02     6.91200e+01     8.500e-02      3.799e-04      1.923e-05      2.113e-06      1.225e-08      1.236e-08      5.086e-09      5.038e-06      4.473e-07      5.231e-06      1.230e-06      8.358e-06      4.763e-08      6.688e-09      2.522e-08      2.955e-07      2.064e-06      4.758e-09      1.917e-09      2.793e-09      3.110e-06      1.232e-07      1.445e-07      1.461e-07      3.748e-08      1.303e-07      
6.27500e-05     1.15400e-04     5.89100e-04     9.81000e+04     4.65000e+01     3.12200e-02     6.92800e+01     8.500e-02      3.798e-04      1.923e-05      2.098e-06      1.213e-08      1.214e-08      5.073e-09      5.014e-06      4.399e-07      5.184e-06      1.226e-06      8.349e-06      4.723e-08      6.651e-09      2.510e-08      2.949e-07      2.059e-06      4.758e-09      1.917e-09      2.793e-09      3.115e-06      1.219e-07      1.448e-07      1.435e-07      3.742e-08      1.300e-07      
6.30700e-05     1.15900e-04     5.92000e-04     9.71100e+04     4.61900e+01     3.11000e-02     6.94400e+01     8.500e-02      3.797e-04      1.923e-05      2.083e-06      1.201e-08      1.192e-08      5.061e-09      4.990e-06      4.327e-07      5.137e-06      1.221e-06      8.339e-06      4.684e-08      6.614e-09      2.498e-08      2.942e-07      2.055e-06      4.758e-09      1.917e-09      2.793e-09      3.121e-06      1.206e-07      1.450e-07      1.410e-07      3.736e-08      1.297e-07      
6.33900e-05     1.16500e-04     5.94900e-04     9.61300e+04     4.58800e+01     3.09900e-02     6.96000e+01     8.500e-02      3.796e-04      1.922e-05      2.069e-06      1.189e-08      1.171e-08      5.048e-09      4.966e-06      4.257e-07      5.091e-06      1.217e-06      8.330e-06      4.645e-08      6.577e-09      2.486e-08      2.935e-07      2.050e-06      4.759e-09      1.917e-09      2.793e-09      3.126e-06      1.194e-07      1.452e-07      1.385e-07      3.730e-08      1.294e-07      
6.37100e-05     1.17100e-04     5.97900e-04     9.51600e+04     4.55800e+01     3.08900e-02     6.97600e+01     8.500e-02      3.795e-04      1.922e-05      2.055e-06      1.178e-08      1.150e-08      5.035e-09      4.943e-06      4.189e-07      5.045e-06      1.212e-06      8.321e-06      4.607e-08      6.540e-09      2.474e-08      2.929e-07      2.045e-06      4.759e-09      1.918e-09      2.793e-09      3.131e-06      1.182e-07      1.455e-07      1.360e-07      3.724e-08      1.291e-07      
6.40200e-05     1.17700e-04     6.00800e-04     9.42100e+04     4.52800e+01     3.07900e-02     6.99200e+01     8.500e-02      3.794e-04      1.922e-05      2.040e-06      1.166e-08      1.129e-08      5.022e-09      4.919e-06      4.122e-07      4.999e-06      1.208e-06      8.311e-06      4.568e-08      6.503e-09      2.462e-08      2.923e-07      2.041e-06      4.760e-09      1.918e-09      2.793e-09      3.136e-06      1.169e-07      1.457e-07      1.336e-07      3.717e-08      1.288e-07      
6.43400e-05     1.18200e-04     6.03800e-04     9.32700e+04     4.49800e+01     3.06800e-02     7.00800e+01     8.500e-02      3.793e-04      1.921e-05      2.026e-06      1.155e-08      1.109e-08      5.009e-09      4.895e-06      4.057e-07      4.954e-06      1.203e-06      8.302e-06      4.530e-08      6.465e-09      2.450e-08      2.916e-07      2.036e-06      4.760e-09      1.918e-09      2.793e-09      3.141e-06      1.157e-07      1.459e-07      1.312e-07      3.710e-08      1.285e-07      
6.46600e-05     1.18800e-04     6.06700e-04     9.23400e+04     4.46900e+01     3.05800e-02     7.02400e+01     8.500e-02      3.791e-04      1.921e-05      2.012e-06      1.143e-08      1.089e-08      4.996e-09      4.872e-06      3.994e-07      4.909e-06      1.199e-06      8.292e-06      4.492e-08      6.428e-09      2.438e-08      2.910e-07      2.031e-06      4.760e-09      1.918e-09      2.793e-09      3.145e-06      1.146e-07      1.462e-07      1.288e-07      3.704e-08      1.281e-07      
6.49800e-05     1.19400e-04     6.09700e-04     9.14300e+04     4.44000e+01     3.04700e-02     7.04000e+01     8.500e-02      3.790e-04      1.921e-05      1.998e-06      1.132e-08      1.070e-08      4.984e-09      4.848e-06      3.933e-07      4.865e-06      1.194e-06      8.283e-06      4.455e-08      6.390e-09      2.426e-08      2.904e-07      2.026e-06      4.761e-09      1.919e-09      2.793e-09      3.150e-06      1.134e-07      1.464e-07      1.265e-07      3.696e-08      1.278e-07      
6.53000e-05     1.20000e-04     6.12600e-04     9.05400e+04     4.41100e+01     3.03700e-02     7.05600e+01     8.500e-02      3.789e-04      1.920e-05      1.984e-06      1.121e-08      1.051e-08      4.971e-09      4.825e-06      3.873e-07      4.821e-06      1.190e-06      8.273e-06      4.418e-08      6.352e-09      2.413e-08      2.897e-07      2.022e-06      4.761e-09      1.919e-09      2.793e-09      3.154e-06      1.122e-07      1.467e-07      1.242e-07      3.689e-08      1.274e-07      
6.56200e-05     1.20500e-04     6.15600e-04     8.96500e+04     4.38300e+01     3.02700e-02     7.07200e+01     8.500e-02      3.788e-04      1.920e-05      1.970e-06      1.110e-08      1.032e-08      4.958e-09      4.802e-06      3.814e-07      4.777e-06      1.185e-06      8.264e-06      4.381e-08      6.314e-09      2.401e-08      2.891e-07      2.017e-06      4.761e-09      1.919e-09      2.794e-09      3.159e-06      1.111e-07      1.469e-07      1.220e-07      3.682e-08      1.271e-07      
