# Collapse Model Output 
 
# Crich/ev_output/ev_4117235.dat in GNUPLOT format produced by evolve_output.pl 
 
X                 Y                 Z                 R                 DENSITY           TEMP              AV                TIME              CO                N2                CH4               NH3               H2S               HCP               H2O               C2H2              HCN               CS                SiC2              HCl               HF                C2H4              SiO               SiS               CN                C2H               C4H               C6H               HC3N              HC5N              HC7N              HCO+              CH                CH2               CH3               NH                NH2               SO                SO2               HS                HCNH+             NH4+              H2CO              H2CS              CH3CN             SiC               SiN               C                 N                 H                 O                 S                 Si                Cl                F                 P                 C+                N+                H+                O+                S+                Si+               Cl+               P+              
#  (CM)              (CM)              (CM)              (CM)              (CM-3)            (K)               (MAG)             (YR)              (wrt              Hnuc)           
 
1.80049e+14  2.38029e+12  -4.79514e+12  1.80129e+14  6.52800e+06  5.23600e+02  1.31300e+00  2.53900e+03  4.014e-04  1.998e-05  2.978e-08  5.647e-11  6.056e-10  5.745e-10  1.767e-06  2.326e-08  1.698e-05  1.990e-06  8.911e-06  1.625e-07  8.197e-09  1.656e-14  6.407e-07  1.213e-06  7.707e-10  1.118e-11  6.224e-10  1.736e-08  3.275e-07  1.837e-09  6.546e-09  4.568e-12  5.952e-13  1.273e-09  2.411e-10  7.352e-13  9.010e-13  3.790e-09  6.342e-12  3.388e-08  2.379e-11  9.939e-15  7.772e-12  2.423e-08  5.497e-10  5.757e-07  1.494e-08  8.125e-09  2.737e-09  1.049e-05  3.467e-09  3.778e-06  2.717e-06  2.432e-11  7.808e-14  7.654e-09  5.553e-14  2.476e-41  3.711e-18  1.063e-26  5.995e-10  5.112e-08  3.702e-21  9.623e-12
2.26026e+14  2.59012e+13  -6.81009e+12  2.27607e+14  2.59100e+06  3.56800e+02  9.50300e-01  2.54000e+03  4.014e-04  1.998e-05  2.960e-08  5.570e-11  5.963e-10  5.722e-10  1.759e-06  3.132e-08  1.697e-05  1.981e-06  8.905e-06  1.617e-07  8.202e-09  2.135e-14  6.362e-07  1.211e-06  2.949e-08  1.845e-10  6.346e-10  2.212e-08  3.186e-07  1.824e-09  7.041e-09  1.734e-11  1.108e-11  2.190e-09  2.472e-10  8.200e-13  1.257e-12  3.822e-09  6.424e-12  3.230e-08  6.788e-11  1.456e-14  7.779e-12  2.406e-08  5.475e-10  5.756e-07  1.491e-08  1.700e-08  3.377e-09  1.072e-05  1.014e-08  3.791e-06  2.702e-06  7.684e-10  2.170e-13  7.646e-09  8.465e-13  2.363e-40  4.679e-17  3.146e-25  3.238e-09  8.299e-08  1.259e-18  2.946e-11
2.68948e+14  4.81366e+13  -8.77875e+12  2.73362e+14  1.32400e+06  2.76300e+02  7.73800e-01  2.54200e+03  4.014e-04  1.998e-05  2.931e-08  5.473e-11  5.809e-10  5.689e-10  1.745e-06  4.391e-08  1.685e-05  1.966e-06  8.894e-06  1.589e-07  8.200e-09  4.837e-14  6.287e-07  1.208e-06  1.721e-07  1.115e-09  6.630e-10  2.946e-08  3.042e-07  1.805e-09  8.417e-09  3.732e-11  1.456e-10  3.846e-09  2.874e-10  9.978e-13  1.776e-12  3.889e-09  6.579e-12  3.172e-08  1.113e-10  1.816e-14  7.884e-12  2.382e-08  5.474e-10  5.754e-07  1.484e-08  3.347e-08  4.643e-09  1.104e-05  2.193e-08  3.810e-06  2.681e-06  3.580e-09  5.414e-13  7.631e-09  5.014e-12  1.623e-39  1.959e-16  3.510e-24  8.133e-09  1.314e-07  2.324e-17  6.489e-11
3.08876e+14  6.87489e+13  -1.05931e+13  3.16612e+14  8.75700e+05  2.65000e+02  7.11200e-01  2.54400e+03  4.014e-04  1.998e-05  2.898e-08  5.367e-11  5.629e-10  5.652e-10  1.729e-06  5.799e-08  1.672e-05  1.948e-06  8.881e-06  1.558e-07  8.193e-09  9.216e-14  6.200e-07  1.205e-06  3.327e-07  2.150e-09  7.071e-10  3.773e-08  2.881e-07  1.785e-09  1.061e-08  5.665e-11  3.433e-10  5.893e-09  3.441e-10  1.295e-12  2.360e-12  4.007e-09  6.821e-12  3.151e-08  1.397e-10  2.007e-14  8.175e-12  2.353e-08  5.535e-10  5.750e-07  1.475e-08  5.368e-08  6.388e-09  1.142e-05  3.640e-08  3.831e-06  2.665e-06  6.675e-09  8.070e-13  7.613e-09  1.438e-11  6.935e-39  4.198e-16  2.055e-23  1.333e-08  1.800e-07  8.420e-17  1.066e-10
3.44979e+14  8.74481e+13  -1.19909e+13  3.56092e+14  7.47100e+05  3.03900e+02  6.62700e-01  2.54500e+03  4.014e-04  1.998e-05  2.860e-08  5.255e-11  5.434e-10  5.611e-10  1.714e-06  7.420e-08  1.668e-05  1.929e-06  8.866e-06  1.541e-07  8.185e-09  1.179e-13  6.104e-07  1.202e-06  3.987e-07  1.812e-09  7.672e-10  4.668e-08  2.712e-07  1.764e-09  1.306e-08  7.308e-11  1.908e-10  8.634e-09  4.138e-10  1.893e-12  2.987e-12  4.182e-09  7.163e-12  3.146e-08  1.661e-10  2.248e-14  8.775e-12  2.322e-08  5.685e-10  5.746e-07  1.466e-08  7.694e-08  8.607e-09  1.198e-05  5.341e-08  3.856e-06  2.657e-06  8.379e-09  7.783e-13  7.594e-09  2.985e-11  2.285e-38  6.691e-16  8.276e-23  1.832e-08  2.247e-07  1.504e-16  1.522e-10
3.76761e+14  1.04296e+14  -1.25279e+13  3.91131e+14  7.33700e+05  3.56400e+02  6.22400e-01  2.54700e+03  4.013e-04  1.998e-05  2.819e-08  5.137e-11  5.230e-10  5.568e-10  1.709e-06  9.089e-08  1.683e-05  1.908e-06  8.849e-06  1.561e-07  8.175e-09  1.361e-13  6.003e-07  1.198e-06  2.857e-07  1.230e-09  8.472e-10  5.609e-08  2.539e-07  1.742e-09  1.493e-08  8.462e-11  9.209e-11  1.162e-08  4.959e-10  3.097e-12  3.635e-12  4.388e-09  7.575e-12  3.152e-08  1.920e-10  2.456e-14  9.812e-12  2.291e-08  5.954e-10  5.743e-07  1.455e-08  1.025e-07  1.110e-08  1.279e-05  7.282e-08  3.884e-06  2.661e-06  6.343e-09  6.892e-13  7.576e-09  4.941e-11  6.595e-38  8.565e-16  2.330e-22  2.242e-08  2.613e-07  1.362e-16  1.993e-10
4.03915e+14  1.19601e+14  -1.18768e+13  4.21418e+14  7.63800e+05  4.04600e+02  5.79300e-01  2.54800e+03  4.013e-04  1.998e-05  2.773e-08  5.014e-11  5.015e-10  5.521e-10  1.717e-06  1.075e-07  1.699e-05  1.885e-06  8.830e-06  1.595e-07  8.165e-09  1.558e-13  5.893e-07  1.194e-06  1.505e-07  8.780e-10  9.527e-10  6.602e-08  2.361e-07  1.718e-09  1.581e-08  9.366e-11  5.713e-11  1.483e-08  5.938e-10  5.009e-12  4.300e-12  4.533e-09  7.922e-12  3.167e-08  2.232e-10  2.648e-14  1.132e-11  2.258e-08  6.374e-10  5.741e-07  1.443e-08  1.308e-07  1.375e-08  1.371e-05  9.514e-08  3.916e-06  2.677e-06  2.969e-09  6.274e-13  7.560e-09  7.329e-11  1.671e-37  9.977e-16  5.011e-22  2.569e-08  2.892e-07  7.280e-17  2.475e-10
