    4.97500e+00    0.00000e+00    0.00000e+00    2.63240e+00    1.18704e+03    1.18704e+03    3.25000e-04    0.00000e+00    1.30000e-17    2.150565984000e+12
    4.91262e+00    0.00000e+00    1.65590e-02    2.76350e+00    1.13641e+03    1.13641e+03    6.53234e-04    0.00000e+00    1.30000e-17    4.301131968000e+12
    4.84893e+00    0.00000e+00    3.29850e-02    2.89805e+00    1.08925e+03    1.08925e+03    1.35301e-03    0.00000e+00    1.30000e-17    6.451666416000e+12
    4.78401e+00    0.00000e+00    4.93200e-02    3.04213e+00    1.04108e+03    1.04108e+03    2.10141e-03    0.00000e+00    1.30000e-17    8.602232400000e+12
    4.71785e+00    0.00000e+00    6.55670e-02    3.23776e+00    9.80602e+02    9.80602e+02    2.90770e-03    0.00000e+00    1.30000e-17    1.075279838400e+13
    4.65046e+00    0.00000e+00    8.17220e-02    3.43394e+00    9.25989e+02    9.25989e+02    3.78030e-03    0.00000e+00    1.30000e-17    1.290333283200e+13
    4.58187e+00    0.00000e+00    9.77900e-02    3.64784e+00    8.73121e+02    8.73121e+02    4.72291e-03    0.00000e+00    1.30000e-17    1.505389881600e+13
    4.51226e+00    0.00000e+00    1.13769e-01    3.85226e+00    8.27069e+02    8.27069e+02    5.73613e-03    0.00000e+00    1.30000e-17    1.720446480000e+13
    4.44168e+00    0.00000e+00    1.29623e-01    4.09506e+00    7.78542e+02    7.78542e+02    6.82474e-03    0.00000e+00    1.30000e-17    1.935499924800e+13
    4.37024e+00    0.00000e+00    1.45337e-01    4.32355e+00    7.37933e+02    7.37933e+02    7.99185e-03    0.00000e+00    1.30000e-17    2.150556523200e+13
    4.29790e+00    0.00000e+00    1.61068e-01    4.50792e+00    7.05367e+02    7.05367e+02    9.23164e-03    0.00000e+00    1.30000e-17    2.365613121600e+13
    4.22454e+00    0.00000e+00    1.77009e-01    4.71085e+00    6.71971e+02    6.71971e+02    1.05441e-02    0.00000e+00    1.30000e-17    2.580669720000e+13
    4.15018e+00    0.00000e+00    1.93262e-01    4.98888e+00    6.32005e+02    6.32005e+02    1.19438e-02    0.00000e+00    1.30000e-17    2.795723164800e+13
    4.07481e+00    0.00000e+00    2.09937e-01    5.31109e+00    5.91525e+02    5.91525e+02    1.34506e-02    0.00000e+00    1.30000e-17    3.010779763200e+13
    3.99844e+00    0.00000e+00    2.27030e-01    5.66070e+00    5.53132e+02    5.53132e+02    1.50765e-02    0.00000e+00    1.30000e-17    3.225836361600e+13
    3.92082e+00    0.00000e+00    2.44581e-01    6.00478e+00    5.19412e+02    5.19412e+02    1.68340e-02    0.00000e+00    1.30000e-17    3.440889806400e+13
    3.84203e+00    0.00000e+00    2.62759e-01    6.41813e+00    4.84394e+02    4.84394e+02    1.87333e-02    0.00000e+00    1.30000e-17    3.655946404800e+13
    3.76246e+00    0.00000e+00    2.81703e-01    6.89367e+00    4.50493e+02    4.50493e+02    2.07891e-02    0.00000e+00    1.30000e-17    3.871003003200e+13
    3.68257e+00    0.00000e+00    3.01499e-01    7.34529e+00    4.21849e+02    4.21849e+02    2.29966e-02    0.00000e+00    1.30000e-17    4.086056448000e+13
    3.60249e+00    0.00000e+00    3.22330e-01    7.73588e+00    3.98058e+02    3.98058e+02    2.53404e-02    0.00000e+00    1.30000e-17    4.301113046400e+13
    3.52225e+00    0.00000e+00    3.44462e-01    8.11691e+00    3.76699e+02    3.76699e+02    2.78088e-02    0.00000e+00    1.30000e-17    4.516169644800e+13
    3.44208e+00    0.00000e+00    3.68138e-01    8.50509e+00    3.57039e+02    3.57039e+02    3.03950e-02    0.00000e+00    1.30000e-17    4.731223089600e+13
    3.36216e+00    0.00000e+00    3.93526e-01    8.93378e+00    3.37766e+02    3.37766e+02    3.30997e-02    0.00000e+00    1.30000e-17    4.946279688000e+13
    3.28250e+00    0.00000e+00    4.20730e-01    9.43015e+00    3.17878e+02    3.17878e+02    3.59387e-02    0.00000e+00    1.30000e-17    5.161336286400e+13
    3.20317e+00    0.00000e+00    4.49866e-01    1.00126e+01    2.97179e+02    2.97179e+02    3.89319e-02    0.00000e+00    1.30000e-17    5.376389731200e+13
    3.12423e+00    0.00000e+00    4.81026e-01    1.07214e+01    2.75324e+02    2.75324e+02    4.21086e-02    0.00000e+00    1.30000e-17    5.591446329600e+13
    3.04569e+00    0.00000e+00    5.14278e-01    1.15464e+01    2.53247e+02    2.53247e+02    4.55024e-02    0.00000e+00    1.30000e-17    5.806502928000e+13
    2.96759e+00    0.00000e+00    5.49623e-01    1.23384e+01    2.34746e+02    2.34746e+02    4.91229e-02    0.00000e+00    1.30000e-17    6.021559526400e+13
    2.88987e+00    0.00000e+00    5.87023e-01    1.32031e+01    2.17202e+02    2.17202e+02    5.29751e-02    0.00000e+00    1.30000e-17    6.236612971200e+13
    2.81266e+00    0.00000e+00    6.26511e-01    1.40963e+01    2.01574e+02    2.01574e+02    5.70659e-02    0.00000e+00    1.30000e-17    6.451669569600e+13
    2.73613e+00    0.00000e+00    6.68127e-01    1.49679e+01    1.87792e+02    1.87792e+02    6.13825e-02    0.00000e+00    1.30000e-17    6.666726168000e+13
    2.66027e+00    0.00000e+00    7.11850e-01    1.58673e+01    1.75174e+02    1.75174e+02    6.59218e-02    0.00000e+00    1.30000e-17    6.881779612800e+13
    2.58520e+00    0.00000e+00    7.57656e-01    1.69261e+01    1.62536e+02    1.62536e+02    7.06992e-02    0.00000e+00    1.30000e-17    7.096836211200e+13
    2.51091e+00    0.00000e+00    8.05515e-01    1.81057e+01    1.50522e+02    1.50522e+02    7.57501e-02    0.00000e+00    1.30000e-17    7.311889656000e+13
    2.43742e+00    0.00000e+00    8.55380e-01    1.94425e+01    1.39285e+02    1.39285e+02    8.11055e-02    0.00000e+00    1.30000e-17    7.526946254400e+13
    2.36484e+00    0.00000e+00    9.07150e-01    2.11183e+01    1.27641e+02    1.27641e+02    8.68182e-02    0.00000e+00    1.30000e-17    7.742002852800e+13
    2.29347e+00    0.00000e+00    9.60789e-01    2.30172e+01    1.16850e+02    1.16850e+02    9.29316e-02    0.00000e+00    1.30000e-17    7.957059451200e+13
    2.22350e+00    0.00000e+00    1.01635e+00    2.50651e+01    1.07408e+02    1.07408e+02    9.94604e-02    0.00000e+00    1.30000e-17    8.172112896000e+13
    2.15522e+00    0.00000e+00    1.07374e+00    2.73845e+01    9.87661e+01    9.87661e+01    1.06410e-01    0.00000e+00    1.30000e-17    8.387169494400e+13
    2.08889e+00    0.00000e+00    1.13289e+00    2.98795e+01    9.12884e+01    9.12884e+01    1.13782e-01    0.00000e+00    1.30000e-17    8.602226092800e+13
    2.02450e+00    0.00000e+00    1.19384e+00    3.25233e+01    8.46903e+01    8.46903e+01    1.21580e-01    0.00000e+00    1.29999e-17    8.817282691200e+13
    1.96188e+00    0.00000e+00    1.25662e+00    3.52578e+01    7.90426e+01    7.90426e+01    1.29816e-01    0.00000e+00    1.29999e-17    9.032336136000e+13
    1.90101e+00    0.00000e+00    1.32118e+00    3.82848e+01    7.37050e+01    7.37050e+01    1.38504e-01    0.00000e+00    1.29999e-17    9.247392734400e+13
    1.84185e+00    0.00000e+00    1.38746e+00    4.15206e+01    6.88496e+01    6.88496e+01    1.47667e-01    0.00000e+00    1.29999e-17    9.462449332800e+13
    1.78427e+00    0.00000e+00    1.45542e+00    4.49493e+01    6.46133e+01    6.46133e+01    1.57330e-01    0.00000e+00    1.29999e-17    9.677502777600e+13
    1.72821e+00    0.00000e+00    1.52504e+00    4.86671e+01    6.07873e+01    6.07873e+01    1.67514e-01    0.00000e+00    1.29999e-17    9.892559376000e+13
    1.67353e+00    0.00000e+00    1.59629e+00    5.26902e+01    5.73413e+01    5.73413e+01    1.78270e-01    0.00000e+00    1.29999e-17    1.010761597440e+14
    1.62013e+00    0.00000e+00    1.66908e+00    5.70813e+01    5.41876e+01    5.41876e+01    1.89647e-01    0.00000e+00    1.29999e-17    1.032266941920e+14
    1.56786e+00    0.00000e+00    1.74335e+00    6.18193e+01    5.13351e+01    5.13351e+01    2.01707e-01    0.00000e+00    1.29999e-17    1.053772601760e+14
    1.51678e+00    0.00000e+00    1.81905e+00    6.72578e+01    4.86591e+01    4.86591e+01    2.14503e-01    0.00000e+00    1.29999e-17    1.075277946240e+14
    1.46682e+00    0.00000e+00    1.89625e+00    7.31292e+01    4.62983e+01    4.62983e+01    2.28114e-01    0.00000e+00    1.29999e-17    1.096783606080e+14
    1.41778e+00    0.00000e+00    1.97484e+00    7.92788e+01    4.41987e+01    4.41987e+01    2.42618e-01    0.00000e+00    1.29999e-17    1.118289265920e+14
    1.36964e+00    0.00000e+00    2.05468e+00    8.60245e+01    4.22601e+01    4.22601e+01    2.58062e-01    0.00000e+00    1.29999e-17    1.139794610400e+14
    1.32246e+00    0.00000e+00    2.13573e+00    9.30799e+01    4.05397e+01    4.05397e+01    2.74462e-01    0.00000e+00    1.29999e-17    1.161300270240e+14
    1.27625e+00    0.00000e+00    2.21801e+00    1.00731e+02    3.89776e+01    3.89776e+01    2.91842e-01    0.00000e+00    1.29999e-17    1.182805930080e+14
    1.23100e+00    0.00000e+00    2.30158e+00    1.09069e+02    3.75652e+01    3.75652e+01    3.10267e-01    0.00000e+00    1.29999e-17    1.204311589920e+14
    1.18656e+00    0.00000e+00    2.38633e+00    1.17605e+02    3.62939e+01    3.62939e+01    3.29814e-01    0.00000e+00    1.29999e-17    1.225816934400e+14
    1.14287e+00    0.00000e+00    2.47219e+00    1.27069e+02    3.50692e+01    3.50692e+01    3.50560e-01    0.00000e+00    1.29999e-17    1.247322594240e+14
    1.09989e+00    0.00000e+00    2.55902e+00    1.37235e+02    3.39349e+01    3.39349e+01    3.72605e-01    0.00000e+00    1.29998e-17    1.268828254080e+14
    1.05752e+00    0.00000e+00    2.64667e+00    1.48113e+02    3.28973e+01    3.28973e+01    3.96069e-01    0.00000e+00    1.29998e-17    1.290333598560e+14
    1.01567e+00    0.00000e+00    2.73508e+00    1.59872e+02    3.19396e+01    3.19396e+01    4.21081e-01    0.00000e+00    1.29998e-17    1.311839258400e+14
    9.74355e-01    0.00000e+00    2.82427e+00    1.72260e+02    3.10728e+01    3.10728e+01    4.47713e-01    0.00000e+00    1.29998e-17    1.333344918240e+14
    9.33511e-01    0.00000e+00    2.91428e+00    1.86335e+02    3.02248e+01    3.02248e+01    4.76137e-01    0.00000e+00    1.29998e-17    1.354850578080e+14
    8.93440e-01    0.00000e+00    3.00516e+00    2.01531e+02    2.94364e+01    2.94364e+01    5.06299e-01    0.00000e+00    1.29998e-17    1.376355922560e+14
    8.54349e-01    0.00000e+00    3.09696e+00    2.18587e+02    2.86705e+01    2.86705e+01    5.38171e-01    0.00000e+00    1.29998e-17    1.397861582400e+14
    8.16401e-01    0.00000e+00    3.18970e+00    2.37766e+02    2.79245e+01    2.79245e+01    5.71779e-01    0.00000e+00    1.29998e-17    1.419367242240e+14
    7.79673e-01    0.00000e+00    3.28336e+00    2.58648e+02    2.72242e+01    2.72242e+01    6.07162e-01    0.00000e+00    1.29997e-17    1.440872586720e+14
    7.44206e-01    0.00000e+00    3.37794e+00    2.82355e+02    2.65395e+01    2.65395e+01    6.44400e-01    0.00000e+00    1.29997e-17    1.462378246560e+14
    7.10048e-01    0.00000e+00    3.47341e+00    3.08672e+02    2.58854e+01    2.58854e+01    6.83579e-01    0.00000e+00    1.29997e-17    1.483883591040e+14
    6.77140e-01    0.00000e+00    3.56962e+00    3.37392e+02    2.52733e+01    2.52733e+01    7.24839e-01    0.00000e+00    1.29997e-17    1.505389250880e+14
    6.45269e-01    0.00000e+00    3.66654e+00    3.68604e+02    2.47127e+01    2.47127e+01    7.68504e-01    0.00000e+00    1.29997e-17    1.526894910720e+14
    6.14597e-01    0.00000e+00    3.76418e+00    4.02519e+02    2.41858e+01    2.41858e+01    8.14406e-01    0.00000e+00    1.29997e-17    1.548400255200e+14
    5.84997e-01    0.00000e+00    3.86247e+00    4.39424e+02    2.36780e+01    2.36780e+01    8.62770e-01    0.00000e+00    1.29996e-17    1.569906230400e+14
    5.56435e-01    0.00000e+00    3.96139e+00    4.79821e+02    2.31969e+01    2.31969e+01    9.13725e-01    0.00000e+00    1.29996e-17    1.591411574880e+14
    5.28932e-01    0.00000e+00    4.06109e+00    5.24612e+02    2.27288e+01    2.27288e+01    9.67336e-01    0.00000e+00    1.29996e-17    1.612917234720e+14
    5.02246e-01    0.00000e+00    4.16163e+00    5.75069e+02    2.22514e+01    2.22514e+01    1.02429e+00    0.00000e+00    1.29996e-17    1.634422894560e+14
    4.76399e-01    0.00000e+00    4.26316e+00    6.32408e+02    2.17588e+01    2.17588e+01    1.08486e+00    0.00000e+00    1.29996e-17    1.655928239040e+14
    4.51060e-01    0.00000e+00    4.36621e+00    6.98042e+02    2.12358e+01    2.12358e+01    1.15028e+00    0.00000e+00    1.29995e-17    1.677433898880e+14
    4.26114e-01    0.00000e+00    4.47130e+00    7.71503e+02    2.07273e+01    2.07273e+01    1.22142e+00    0.00000e+00    1.29995e-17    1.698939558720e+14
    4.01134e-01    0.00000e+00    4.57863e+00    8.51275e+02    2.02682e+01    2.02682e+01    1.30009e+00    0.00000e+00    1.29995e-17    1.720444903200e+14
    3.76192e-01    0.00000e+00    4.68799e+00    9.37386e+02    1.98707e+01    1.98707e+01    1.38667e+00    0.00000e+00    1.29994e-17    1.741950563040e+14
    3.51334e-01    0.00000e+00    4.79845e+00    1.02505e+03    1.95684e+01    1.95684e+01    1.48135e+00    0.00000e+00    1.29994e-17    1.763456222880e+14
    3.26221e-01    0.00000e+00    4.90921e+00    1.12745e+03    1.92660e+01    1.92660e+01    1.58625e+00    0.00000e+00    1.29993e-17    1.784961567360e+14
    3.00553e-01    0.00000e+00    5.02050e+00    1.26171e+03    1.88599e+01    1.88599e+01    1.70526e+00    0.00000e+00    1.29993e-17    1.806467227200e+14
    2.74474e-01    0.00000e+00    5.13300e+00    1.43020e+03    1.84111e+01    1.84111e+01    1.84150e+00    0.00000e+00    1.29992e-17    1.827972887040e+14
    2.48036e-01    0.00000e+00    5.24699e+00    1.62460e+03    1.79976e+01    1.79976e+01    1.99824e+00    0.00000e+00    1.29992e-17    1.849478231520e+14
    2.21915e-01    0.00000e+00    5.36348e+00    1.87642e+03    1.75183e+01    1.75183e+01    2.17571e+00    0.00000e+00    1.29991e-17    1.870983891360e+14
    1.96655e-01    0.00000e+00    5.48542e+00    2.21992e+03    1.69139e+01    1.69139e+01    2.37652e+00    0.00000e+00    1.29990e-17    1.892489551200e+14
    1.71804e-01    0.00000e+00    5.61418e+00    2.63804e+03    1.63378e+01    1.63378e+01    2.61081e+00    0.00000e+00    1.29989e-17    1.913995211040e+14
    1.46502e-01    0.00000e+00    5.74669e+00    3.10241e+03    1.58894e+01    1.58894e+01    2.89268e+00    0.00000e+00    1.29988e-17    1.935500555520e+14
    1.23202e-01    0.00000e+00    5.87969e+00    3.61822e+03    1.54873e+01    1.54873e+01    3.19657e+00    0.00000e+00    1.29987e-17    1.957005900000e+14
    1.02842e-01    0.00000e+00    6.01265e+00    4.18766e+03    1.50828e+01    1.50828e+01    3.50501e+00    0.00000e+00    1.29985e-17    1.978511559840e+14
    8.55650e-02    0.00000e+00    6.14590e+00    4.80278e+03    1.46932e+01    1.46932e+01    3.80645e+00    0.00000e+00    1.29984e-17    2.000017219680e+14
    7.11900e-02    0.00000e+00    6.27951e+00    5.46334e+03    1.43163e+01    1.43163e+01    4.09284e+00    0.00000e+00    1.29983e-17    2.021522879520e+14
    5.94460e-02    0.00000e+00    6.41380e+00    6.17033e+03    1.39506e+01    1.39506e+01    4.35799e+00    0.00000e+00    1.29982e-17    2.043028539360e+14
    4.99090e-02    0.00000e+00    6.54910e+00    6.92715e+03    1.35955e+01    1.35955e+01    4.60039e+00    0.00000e+00    1.29981e-17    2.064533883840e+14
    4.21380e-02    0.00000e+00    6.68571e+00    7.73960e+03    1.32504e+01    1.32504e+01    4.82160e+00    0.00000e+00    1.29980e-17    2.086039228320e+14
    3.56900e-02    0.00000e+00    6.82387e+00    8.61631e+03    1.29147e+01    1.29147e+01    5.02626e+00    0.00000e+00    1.29979e-17    2.107544888160e+14
    3.01240e-02    0.00000e+00    6.96373e+00    9.56936e+03    1.25879e+01    1.25879e+01    5.22269e+00    0.00000e+00    1.29978e-17    2.129050548000e+14
    2.50000e-02    0.00000e+00    7.10541e+00    1.06151e+04    1.22697e+01    1.22697e+01    5.42341e+00    0.00000e+00    1.29978e-17    2.150556207840e+14
