# Collapse Model Output 
 
# evolved_ab.dat in GNUPLOT format produced by evolve_output.pl 
 
# X               Y               Z              DENSITY         TEMP            AV              TIME            1  CO          
#(PC)            (PC)            (PC)           (CM-3)          (K)             (MAG)           (YR)	       (wrt Hnuc)     
 
4.97500e+00     0.00000e+00     0.00000e+00     2.63200e+00     1.18700e+03     3.25000e-04     6.81900e+04     5.284e-09      
4.91300e+00     0.00000e+00     1.65600e-02     2.76400e+00     1.13600e+03     6.53200e-04     1.36400e+05     4.291e-09      
4.84900e+00     0.00000e+00     3.29900e-02     2.89800e+00     1.08900e+03     1.35300e-03     2.04600e+05     3.726e-09      
4.78400e+00     0.00000e+00     4.93200e-02     3.04200e+00     1.04100e+03     2.10100e-03     2.72800e+05     3.167e-09      
4.71800e+00     0.00000e+00     6.55700e-02     3.23800e+00     9.80600e+02     2.90800e-03     3.41000e+05     2.561e-09      
4.65000e+00     0.00000e+00     8.17200e-02     3.43400e+00     9.26000e+02     3.78000e-03     4.09200e+05     2.058e-09      
4.58200e+00     0.00000e+00     9.77900e-02     3.64800e+00     8.73100e+02     4.72300e-03     4.77400e+05     1.626e-09      
4.51200e+00     0.00000e+00     1.13800e-01     3.85200e+00     8.27100e+02     5.73600e-03     5.45600e+05     1.289e-09      
4.44200e+00     0.00000e+00     1.29600e-01     4.09500e+00     7.78500e+02     6.82500e-03     6.13700e+05     9.888e-10      
4.37000e+00     0.00000e+00     1.45300e-01     4.32400e+00     7.37900e+02     7.99200e-03     6.81900e+05     7.730e-10      
4.29800e+00     0.00000e+00     1.61100e-01     4.50800e+00     7.05400e+02     9.23200e-03     7.50100e+05     6.225e-10      
4.22500e+00     0.00000e+00     1.77000e-01     4.71100e+00     6.72000e+02     1.05400e-02     8.18300e+05     4.955e-10      
4.15000e+00     0.00000e+00     1.93300e-01     4.98900e+00     6.32000e+02     1.19400e-02     8.86500e+05     3.781e-10      
4.07500e+00     0.00000e+00     2.09900e-01     5.31100e+00     5.91500e+02     1.34500e-02     9.54700e+05     2.912e-10      
3.99800e+00     0.00000e+00     2.27000e-01     5.66100e+00     5.53100e+02     1.50800e-02     1.02300e+06     2.354e-10      
3.92100e+00     0.00000e+00     2.44600e-01     6.00500e+00     5.19400e+02     1.68300e-02     1.09100e+06     2.055e-10      
3.84200e+00     0.00000e+00     2.62800e-01     6.41800e+00     4.84400e+02     1.87300e-02     1.15900e+06     1.918e-10      
3.76200e+00     0.00000e+00     2.81700e-01     6.89400e+00     4.50500e+02     2.07900e-02     1.22700e+06     1.941e-10      
3.68300e+00     0.00000e+00     3.01500e-01     7.34500e+00     4.21800e+02     2.30000e-02     1.29600e+06     2.073e-10      
3.60200e+00     0.00000e+00     3.22300e-01     7.73600e+00     3.98100e+02     2.53400e-02     1.36400e+06     2.255e-10      
3.52200e+00     0.00000e+00     3.44500e-01     8.11700e+00     3.76700e+02     2.78100e-02     1.43200e+06     2.483e-10      
3.44200e+00     0.00000e+00     3.68100e-01     8.50500e+00     3.57000e+02     3.03900e-02     1.50000e+06     2.752e-10      
3.36200e+00     0.00000e+00     3.93500e-01     8.93400e+00     3.37800e+02     3.31000e-02     1.56800e+06     3.084e-10      
3.28300e+00     0.00000e+00     4.20700e-01     9.43000e+00     3.17900e+02     3.59400e-02     1.63700e+06     3.496e-10      
3.20300e+00     0.00000e+00     4.49900e-01     1.00100e+01     2.97200e+02     3.89300e-02     1.70500e+06     4.006e-10      
3.12400e+00     0.00000e+00     4.81000e-01     1.07200e+01     2.75300e+02     4.21100e-02     1.77300e+06     4.654e-10      
3.04600e+00     0.00000e+00     5.14300e-01     1.15500e+01     2.53200e+02     4.55000e-02     1.84100e+06     5.458e-10      
2.96800e+00     0.00000e+00     5.49600e-01     1.23400e+01     2.34700e+02     4.91200e-02     1.90900e+06     6.333e-10      
2.89000e+00     0.00000e+00     5.87000e-01     1.32000e+01     2.17200e+02     5.29800e-02     1.97800e+06     7.397e-10      
2.81300e+00     0.00000e+00     6.26500e-01     1.41000e+01     2.01600e+02     5.70700e-02     2.04600e+06     8.629e-10      
2.73600e+00     0.00000e+00     6.68100e-01     1.49700e+01     1.87800e+02     6.13800e-02     2.11400e+06     9.987e-10      
2.66000e+00     0.00000e+00     7.11800e-01     1.58700e+01     1.75200e+02     6.59200e-02     2.18200e+06     1.153e-09      
2.58500e+00     0.00000e+00     7.57700e-01     1.69300e+01     1.62500e+02     7.07000e-02     2.25000e+06     1.342e-09      
2.51100e+00     0.00000e+00     8.05500e-01     1.81100e+01     1.50500e+02     7.57500e-02     2.31900e+06     1.567e-09      
2.43700e+00     0.00000e+00     8.55400e-01     1.94400e+01     1.39300e+02     8.11100e-02     2.38700e+06     1.841e-09      
2.36500e+00     0.00000e+00     9.07200e-01     2.11200e+01     1.27600e+02     8.68200e-02     2.45500e+06     2.198e-09      
2.29300e+00     0.00000e+00     9.60800e-01     2.30200e+01     1.16800e+02     9.29300e-02     2.52300e+06     2.628e-09      
2.22400e+00     0.00000e+00     1.01600e+00     2.50700e+01     1.07400e+02     9.94600e-02     2.59100e+06     3.130e-09      
2.15500e+00     0.00000e+00     1.07400e+00     2.73800e+01     9.87700e+01     1.06400e-01     2.66000e+06     3.689e-09      
2.08900e+00     0.00000e+00     1.13300e+00     2.98800e+01     9.12900e+01     1.13800e-01     2.72800e+06     4.137e-09      
2.02500e+00     0.00000e+00     1.19400e+00     3.25200e+01     8.46900e+01     1.21600e-01     2.79600e+06     4.594e-09      
1.96200e+00     0.00000e+00     1.25700e+00     3.52600e+01     7.90400e+01     1.29800e-01     2.86400e+06     5.091e-09      
1.90100e+00     0.00000e+00     1.32100e+00     3.82800e+01     7.37000e+01     1.38500e-01     2.93200e+06     5.587e-09      
1.84200e+00     0.00000e+00     1.38700e+00     4.15200e+01     6.88500e+01     1.47700e-01     3.00100e+06     6.047e-09      
1.78400e+00     0.00000e+00     1.45500e+00     4.49500e+01     6.46100e+01     1.57300e-01     3.06900e+06     6.501e-09      
1.72800e+00     0.00000e+00     1.52500e+00     4.86700e+01     6.07900e+01     1.67500e-01     3.13700e+06     6.915e-09      
1.67400e+00     0.00000e+00     1.59600e+00     5.26900e+01     5.73400e+01     1.78300e-01     3.20500e+06     7.284e-09      
1.62000e+00     0.00000e+00     1.66900e+00     5.70800e+01     5.41900e+01     1.89600e-01     3.27300e+06     7.586e-09      
1.56800e+00     0.00000e+00     1.74300e+00     6.18200e+01     5.13400e+01     2.01700e-01     3.34100e+06     7.847e-09      
1.51700e+00     0.00000e+00     1.81900e+00     6.72600e+01     4.86600e+01     2.14500e-01     3.41000e+06     8.225e-09      
1.46700e+00     0.00000e+00     1.89600e+00     7.31300e+01     4.63000e+01     2.28100e-01     3.47800e+06     8.710e-09      
1.41800e+00     0.00000e+00     1.97500e+00     7.92800e+01     4.42000e+01     2.42600e-01     3.54600e+06     9.202e-09      
1.37000e+00     0.00000e+00     2.05500e+00     8.60200e+01     4.22600e+01     2.58100e-01     3.61400e+06     9.724e-09      
1.32200e+00     0.00000e+00     2.13600e+00     9.30800e+01     4.05400e+01     2.74500e-01     3.68200e+06     1.034e-08      
1.27600e+00     0.00000e+00     2.21800e+00     1.00700e+02     3.89800e+01     2.91800e-01     3.75100e+06     1.113e-08      
1.23100e+00     0.00000e+00     2.30200e+00     1.09100e+02     3.75700e+01     3.10300e-01     3.81900e+06     1.218e-08      
1.18700e+00     0.00000e+00     2.38600e+00     1.17600e+02     3.62900e+01     3.29800e-01     3.88700e+06     1.363e-08      
1.14300e+00     0.00000e+00     2.47200e+00     1.27100e+02     3.50700e+01     3.50600e-01     3.95500e+06     1.558e-08      
1.10000e+00     0.00000e+00     2.55900e+00     1.37200e+02     3.39300e+01     3.72600e-01     4.02300e+06     1.822e-08      
1.05800e+00     0.00000e+00     2.64700e+00     1.48100e+02     3.29000e+01     3.96100e-01     4.09200e+06     2.188e-08      
1.01600e+00     0.00000e+00     2.73500e+00     1.59900e+02     3.19400e+01     4.21100e-01     4.16000e+06     2.698e-08      
9.74400e-01     0.00000e+00     2.82400e+00     1.72300e+02     3.10700e+01     4.47700e-01     4.22800e+06     3.409e-08      
9.33500e-01     0.00000e+00     2.91400e+00     1.86300e+02     3.02200e+01     4.76100e-01     4.29600e+06     4.424e-08      
8.93400e-01     0.00000e+00     3.00500e+00     2.01500e+02     2.94400e+01     5.06300e-01     4.36400e+06     5.873e-08      
8.54300e-01     0.00000e+00     3.09700e+00     2.18600e+02     2.86700e+01     5.38200e-01     4.43300e+06     8.027e-08      
8.16400e-01     0.00000e+00     3.19000e+00     2.37800e+02     2.79200e+01     5.71800e-01     4.50100e+06     1.125e-07      
7.79700e-01     0.00000e+00     3.28300e+00     2.58600e+02     2.72200e+01     6.07200e-01     4.56900e+06     1.630e-07      
7.44200e-01     0.00000e+00     3.37800e+00     2.82400e+02     2.65400e+01     6.44400e-01     4.63700e+06     2.541e-07      
7.10000e-01     0.00000e+00     3.47300e+00     3.08700e+02     2.58900e+01     6.83600e-01     4.70500e+06     4.453e-07      
6.77100e-01     0.00000e+00     3.57000e+00     3.37400e+02     2.52700e+01     7.24800e-01     4.77400e+06     8.330e-07      
6.45300e-01     0.00000e+00     3.66700e+00     3.68600e+02     2.47100e+01     7.68500e-01     4.84200e+06     1.431e-06      
6.14600e-01     0.00000e+00     3.76400e+00     4.02500e+02     2.41900e+01     8.14400e-01     4.91000e+06     2.197e-06      
5.85000e-01     0.00000e+00     3.86200e+00     4.39400e+02     2.36800e+01     8.62800e-01     4.97800e+06     3.191e-06      
5.56400e-01     0.00000e+00     3.96100e+00     4.79800e+02     2.32000e+01     9.13700e-01     5.04600e+06     4.530e-06      
5.28900e-01     0.00000e+00     4.06100e+00     5.24600e+02     2.27300e+01     9.67300e-01     5.11500e+06     6.339e-06      
5.02200e-01     0.00000e+00     4.16200e+00     5.75100e+02     2.22500e+01     1.02400e+00     5.18300e+06     8.758e-06      
4.76400e-01     0.00000e+00     4.26300e+00     6.32400e+02     2.17600e+01     1.08500e+00     5.25100e+06     1.197e-05      
4.51100e-01     0.00000e+00     4.36600e+00     6.98000e+02     2.12400e+01     1.15000e+00     5.31900e+06     1.618e-05      
4.26100e-01     0.00000e+00     4.47100e+00     7.71500e+02     2.07300e+01     1.22100e+00     5.38700e+06     2.157e-05      
4.01100e-01     0.00000e+00     4.57900e+00     8.51300e+02     2.02700e+01     1.30000e+00     5.45500e+06     2.817e-05      
3.76200e-01     0.00000e+00     4.68800e+00     9.37400e+02     1.98700e+01     1.38700e+00     5.52400e+06     3.586e-05      
3.51300e-01     0.00000e+00     4.79800e+00     1.02500e+03     1.95700e+01     1.48100e+00     5.59200e+06     4.425e-05      
3.26200e-01     0.00000e+00     4.90900e+00     1.12700e+03     1.92700e+01     1.58600e+00     5.66000e+06     5.299e-05      
3.00600e-01     0.00000e+00     5.02100e+00     1.26200e+03     1.88600e+01     1.70500e+00     5.72800e+06     6.185e-05      
2.74500e-01     0.00000e+00     5.13300e+00     1.43000e+03     1.84100e+01     1.84100e+00     5.79600e+06     7.090e-05      
2.48000e-01     0.00000e+00     5.24700e+00     1.62500e+03     1.80000e+01     1.99800e+00     5.86500e+06     9.915e-05      
2.21900e-01     0.00000e+00     5.36300e+00     1.87600e+03     1.75200e+01     2.17600e+00     5.93300e+06     1.240e-04      
1.96700e-01     0.00000e+00     5.48500e+00     2.22000e+03     1.69100e+01     2.37700e+00     6.00100e+06     1.307e-04      
1.71800e-01     0.00000e+00     5.61400e+00     2.63800e+03     1.63400e+01     2.61100e+00     6.06900e+06     1.316e-04      
1.46500e-01     0.00000e+00     5.74700e+00     3.10200e+03     1.58900e+01     2.89300e+00     6.13700e+06     1.305e-04      
1.23200e-01     0.00000e+00     5.88000e+00     3.61800e+03     1.54900e+01     3.19700e+00     6.20600e+06     1.283e-04      
1.02800e-01     0.00000e+00     6.01300e+00     4.18800e+03     1.50800e+01     3.50500e+00     6.27400e+06     1.253e-04      
8.55700e-02     0.00000e+00     6.14600e+00     4.80300e+03     1.46900e+01     3.80600e+00     6.34200e+06     1.218e-04      
7.11900e-02     0.00000e+00     6.28000e+00     5.46300e+03     1.43200e+01     4.09300e+00     6.41000e+06     1.177e-04      
5.94500e-02     0.00000e+00     6.41400e+00     6.17000e+03     1.39500e+01     4.35800e+00     6.47800e+06     1.132e-04      
4.99100e-02     0.00000e+00     6.54900e+00     6.92700e+03     1.36000e+01     4.60000e+00     6.54700e+06     1.084e-04      
4.21400e-02     0.00000e+00     6.68600e+00     7.74000e+03     1.32500e+01     4.82200e+00     6.61500e+06     1.033e-04      
3.56900e-02     0.00000e+00     6.82400e+00     8.61600e+03     1.29100e+01     5.02600e+00     6.68300e+06     9.797e-05      
3.01200e-02     0.00000e+00     6.96400e+00     9.56900e+03     1.25900e+01     5.22300e+00     6.75100e+06     9.243e-05      
2.50000e-02     0.00000e+00     7.10500e+00     1.06200e+04     1.22700e+01     5.42300e+00     6.81900e+06     8.671e-05      
