    1.38041173955243e-05    3.60874219670947e-05    8.32861374296704e-06    1.7563486E+07    2266.71    2266.71    1.4417479459966562    0.00000e+00    0.00000e+00    5.41450164E+10
    1.55834645690811e-05    5.36968967295938e-05    1.08901738540363e-05    1.4513034E+07    2269.78    2269.78    0.9462959343034451    0.00000e+00    0.00000e+00    5.41952436E+10
    1.56058057531340e-05    7.37207925902001e-05    1.27723601904437e-05    7.8793290E+06    1671.33    1671.33    0.6788894126814456    0.00000e+00    0.00000e+00    5.42454709E+10
    1.52179824426262e-05    9.37072075051199e-05    1.33829587811171e-05    5.0496635E+06    1407.17    1407.17    0.5474469663222616    0.00000e+00    0.00000e+00    5.42956982E+10
    1.50231484293440e-05    1.13322739953991e-04    1.34943486028615e-05    3.5817070E+06    1225.60    1225.60    0.4932258819930442    0.00000e+00    0.00000e+00    5.43459255E+10
    1.50950705389366e-05    1.32719660217776e-04    1.33530355959054e-05    2.6937025E+06    1110.93    1110.93    0.4725130030730861    0.00000e+00    0.00000e+00    5.43961528E+10
    1.52671158851382e-05    1.51609203571733e-04    1.29263525296019e-05    2.1828161E+06    1065.52    1065.52    0.4539730371232659    0.00000e+00    0.00000e+00    5.44463801E+10
    1.54497868927887e-05    1.69653828186662e-04    1.23115559372638e-05    1.8883487E+06    1053.08    1053.08    0.4310758980637642    0.00000e+00    0.00000e+00    5.44966074E+10
    1.56047939469815e-05    1.86761981847023e-04    1.17048445826855e-05    1.6867745E+06    1028.86    1028.86    0.4166969891563306    0.00000e+00    0.00000e+00    5.45468347E+10
    1.56707896941362e-05    2.03080786112486e-04    1.12975812131926e-05    1.5002732E+06    984.68    984.68    0.4043132963184036    0.00000e+00    0.00000e+00    5.45970619E+10
    1.56124700019945e-05    2.18871061047214e-04    1.11945292171359e-05    1.2966446E+06    928.89    928.89    0.3956992657140558    0.00000e+00    0.00000e+00    5.46472892E+10
    1.54441470552364e-05    2.34361459327628e-04    1.14197833496530e-05    1.0858409E+06    869.63    869.63    0.3850394051819709    0.00000e+00    0.00000e+00    5.46975165E+10
    1.52065825337286e-05    2.49672306861244e-04    1.19485133932522e-05    8.9181177E+05    808.18    808.18    0.3867129095984571    0.00000e+00    0.00000e+00    5.47477438E+10
    1.49461134746704e-05    2.64842432375780e-04    1.27207299574740e-05    7.2939274E+05    748.39    748.39    0.3746433720600040    0.00000e+00    0.00000e+00    5.47979711E+10
    1.47031815808990e-05    2.79874778690282e-04    1.36654524408944e-05    6.0074762E+05    695.60    695.60    0.3621141483469915    0.00000e+00    0.00000e+00    5.48481984E+10
    1.45039871533688e-05    2.94760779147004e-04    1.47221848227574e-05    5.0138782E+05    651.34    651.34    0.3542305069936933    0.00000e+00    0.00000e+00    5.48984257E+10
    1.43604313983239e-05    3.09490829586924e-04    1.58461686192092e-05    4.2520372E+05    615.10    615.10    0.3403464275691334    0.00000e+00    0.00000e+00    5.49486530E+10
    1.42720469553756e-05    3.24056494251990e-04    1.70061871621368e-05    3.6662338E+05    586.54    586.54    0.3332920127471712    0.00000e+00    0.00000e+00    5.49988803E+10
    1.42295234625918e-05    3.38451431779253e-04    1.81814162494955e-05    3.2118310E+05    564.04    564.04    0.3279919074353993    0.00000e+00    0.00000e+00    5.50491075E+10
    1.42180324087221e-05    3.52672854490047e-04    1.93590592241725e-05    2.8548783E+05    545.59    545.59    0.3237332194943597    0.00000e+00    0.00000e+00    5.50993348E+10
    1.42210096495378e-05    3.66722003507396e-04    2.05321337995324e-05    2.5698491E+05    529.90    529.90    0.3157199150760653    0.00000e+00    0.00000e+00    5.51495621E+10
    1.42242157224110e-05    3.80603615460964e-04    2.16977941192670e-05    2.3374521E+05    515.81    515.81    0.3105507530406751    0.00000e+00    0.00000e+00    5.51997894E+10
    1.42181274322036e-05    3.94323595381386e-04    2.28561919300587e-05    2.1432266E+05    502.67    502.67    0.3037336594567905    0.00000e+00    0.00000e+00    5.52500167E+10
    1.41978539785006e-05    4.07886529606087e-04    2.40092994539621e-05    1.9765145E+05    490.01    490.01    0.2995097234848726    0.00000e+00    0.00000e+00    5.53002440E+10
    1.41618119598196e-05    4.21296219074325e-04    2.51601036280665e-05    1.8296364E+05    477.44    477.44    0.2919242170517073    0.00000e+00    0.00000e+00    5.53504713E+10
    1.41102767503313e-05    4.34556396851447e-04    2.63121057767769e-05    1.6972302E+05    464.76    464.76    0.2873364658575233    0.00000e+00    0.00000e+00    5.54006986E+10
    1.40442262192306e-05    4.47670534203408e-04    2.74687592279440e-05    1.5757504E+05    451.93    451.93    0.2781362076815349    0.00000e+00    0.00000e+00    5.54509258E+10
    1.39647279262433e-05    4.60642461158289e-04    2.86330688567631e-05    1.4630652E+05    439.12    439.12    0.2722986352738987    0.00000e+00    0.00000e+00    5.55011531E+10
    1.38723505578174e-05    4.73476196821506e-04    2.98073675866677e-05    1.3581310E+05    426.45    426.45    0.2668460162054226    0.00000e+00    0.00000e+00    5.55513804E+10
    1.37669287924875e-05    4.86177171106288e-04    3.09933013601054e-05    1.2608246E+05    414.19    414.19    0.2632311670376509    0.00000e+00    0.00000e+00    5.56016077E+10
    1.36477203805079e-05    4.98754401547105e-04    3.21917137528811e-05    1.1718329E+05    402.67    402.67    0.2594814092442895    0.00000e+00    0.00000e+00    5.56518350E+10
    1.35138899879060e-05    5.11222742835143e-04    3.34026653667050e-05    1.0926388E+05    392.40    392.40    0.2535978493176275    0.00000e+00    0.00000e+00    5.57020623E+10
    1.33655762713946e-05    5.23605175138890e-04    3.46254595243174e-05    1.0252327E+05    384.11    384.11    0.2486793472586824    0.00000e+00    0.00000e+00    5.57522896E+10
    1.32051989360562e-05    5.35936071748334e-04    3.58580187990947e-05    9.7123127E+04    379.01    379.01    0.2443068712748592    0.00000e+00    0.00000e+00    5.58025169E+10
    1.30364042655864e-05    5.48260471854451e-04    3.70975065461887e-05    9.3111053E+04    377.88    377.88    0.2425636392939078    0.00000e+00    0.00000e+00    5.58527441E+10
    1.28628303018482e-05    5.60633110921839e-04    3.83407506296840e-05    9.0434643E+04    381.10    381.10    0.2382030590307397    0.00000e+00    0.00000e+00    5.59029714E+10
    1.26881669617686e-05    5.73114639142004e-04    3.95838754490137e-05    8.8915690E+04    387.54    387.54    0.2364851175695735    0.00000e+00    0.00000e+00    5.59531987E+10
    1.25161880350412e-05    5.85759598054071e-04    4.08230747319674e-05    8.8236441E+04    395.20    395.20    0.2325461861396595    0.00000e+00    0.00000e+00    5.60034260E+10
    1.23494746697044e-05    5.98606384901584e-04    4.20555448010274e-05    8.8030573E+04    402.17    402.17    0.2272312901636264    0.00000e+00    0.00000e+00    5.60536533E+10
    1.21880627419705e-05    6.11675458821886e-04    4.32796629848029e-05    8.7960102E+04    407.27    407.27    0.2228614146514679    0.00000e+00    0.00000e+00    5.61038806E+10
    1.20287505422895e-05    6.24969777178431e-04    4.44944989258399e-05    8.7756354E+04    409.99    409.99    0.2193443363343680    0.00000e+00    0.00000e+00    5.61541079E+10
    1.18667578077657e-05    6.38478237737922e-04    4.57002266722499e-05    8.7239605E+04    410.41    410.41    0.2155385647237983    0.00000e+00    0.00000e+00    5.62043352E+10
    1.16972926399749e-05    6.52180817695329e-04    4.68974992680613e-05    8.6319197E+04    408.83    408.83    0.2123432038476975    0.00000e+00    0.00000e+00    5.62545624E+10
    1.15162084275026e-05    6.66054876251745e-04    4.80874952953329e-05    8.4967275E+04    405.63    405.63    0.2072115765318815    0.00000e+00    0.00000e+00    5.63047897E+10
    1.13198327067144e-05    6.80078548310152e-04    4.92718519698659e-05    8.3198308E+04    401.15    401.15    0.2028762270472084    0.00000e+00    0.00000e+00    5.63550170E+10
    1.11055872384543e-05    6.94230986882261e-04    5.04520920914326e-05    8.1060050E+04    395.71    395.71    0.1994898907119862    0.00000e+00    0.00000e+00    5.64052443E+10
    1.08719138315510e-05    7.08494350824608e-04    5.16287979212639e-05    7.8618179E+04    389.56    389.56    0.1963358786710794    0.00000e+00    0.00000e+00    5.64554716E+10
    1.06181221113228e-05    7.22851962546562e-04    5.28017706857508e-05    7.5950236E+04    382.92    382.92    0.1922969609980589    0.00000e+00    0.00000e+00    5.65056989E+10
    1.03444050336146e-05    7.37287920159384e-04    5.39704625454334e-05    7.3135409E+04    375.99    375.99    0.1893240610257661    0.00000e+00    0.00000e+00    5.65559262E+10
    1.00514103095044e-05    7.51786564181173e-04    5.51347522968916e-05    7.0246911E+04    368.92    368.92    0.1867449150761927    0.00000e+00    0.00000e+00    5.66061535E+10
    9.73964796298486e-06    7.66332574499607e-04    5.62949938541125e-05    6.7346715E+04    361.84    361.84    0.1826770257962761    0.00000e+00    0.00000e+00    5.66563808E+10
    9.40940936707821e-06    7.80911794555197e-04    5.74518998932074e-05    6.4485013E+04    354.79    354.79    0.1790755774299880    0.00000e+00    0.00000e+00    5.67066080E+10
    9.06111534005967e-06    7.95511619192234e-04    5.86065612449587e-05    6.1698279E+04    347.85    347.85    0.1754009196864619    0.00000e+00    0.00000e+00    5.67568353E+10
    8.69535444573811e-06    8.10121043140157e-04    5.97602869063055e-05    5.9016546E+04    341.07    341.07    0.1734406894515376    0.00000e+00    0.00000e+00    5.68070626E+10
    8.31293874702940e-06    8.24730127718503e-04    6.09145361664279e-05    5.6462497E+04    334.51    334.51    0.1697682514533237    0.00000e+00    0.00000e+00    5.68572899E+10
    7.91492319850363e-06    8.39329855392803e-04    6.20707343775484e-05    5.4047237E+04    328.18    328.18    0.1666583431201789    0.00000e+00    0.00000e+00    5.69075172E+10
    7.50257364868218e-06    8.53912226737320e-04    6.32301856884691e-05    5.1773410E+04    322.10    322.10    0.1642936002312150    0.00000e+00    0.00000e+00    5.69577445E+10
    7.07725290882264e-06    8.68470018028205e-04    6.43939809299725e-05    4.9641433E+04    316.28    316.28    0.1618638185174636    0.00000e+00    0.00000e+00    5.70079718E+10
    6.64029567098910e-06    8.82996635799395e-04    6.55628909558117e-05    4.7648489E+04    310.72    310.72    0.1593427881521112    0.00000e+00    0.00000e+00    5.70581991E+10
    6.19304147538248e-06    8.97486019879875e-04    6.67372793762474e-05    4.5787750E+04    305.41    305.41    0.1564214712502080    0.00000e+00    0.00000e+00    5.71084263E+10
    5.73681725704798e-06    9.11933079725994e-04    6.79171025580483e-05    4.4048167E+04    300.33    300.33    0.1548478441112047    0.00000e+00    0.00000e+00    5.71586536E+10
    5.27290340891739e-06    9.26333694421463e-04    6.91019096244910e-05    4.2416779E+04    295.46    295.46    0.1533772448153449    0.00000e+00    0.00000e+00    5.72088809E+10
    4.80267389296299e-06    9.40684615714618e-04    7.02909297218226e-05    4.0880904E+04    290.74    290.74    0.1499471480445972    0.00000e+00    0.00000e+00    5.72591082E+10
    4.32762290494996e-06    9.54983322574318e-04    7.14833435149219e-05    3.9429930E+04    286.19    286.19    0.1471735762159966    0.00000e+00    0.00000e+00    5.73093355E+10
    3.84904960009956e-06    9.69228069671310e-04    7.26781183506482e-05    3.8054075E+04    281.78    281.78    0.1448725056602770    0.00000e+00    0.00000e+00    5.73595628E+10
    3.36816334613933e-06    9.83417935859601e-04    7.38740276503884e-05    3.6744476E+04    277.48    277.48    0.1423646948243355    0.00000e+00    0.00000e+00    5.74097901E+10
    2.88617995881874e-06    9.97552775695085e-04    7.50697333283825e-05    3.5493544E+04    273.29    273.29    0.1393973455395450    0.00000e+00    0.00000e+00    5.74600174E+10
    2.40429857629666e-06    1.01163297702871e-03    7.62638391212289e-05    3.4295087E+04    269.19    269.19    0.1375341623752575    0.00000e+00    0.00000e+00    5.75102446E+10
    1.92365143244395e-06    1.02565917011826e-03    7.74549439173892e-05    3.3144188E+04    265.17    265.17    0.1362399556822418    0.00000e+00    0.00000e+00    5.75604719E+10
    1.44522599576629e-06    1.03963188825878e-03    7.86417387199245e-05    3.2036856E+04    261.24    261.24    0.1349169118158272    0.00000e+00    0.00000e+00    5.76106992E+10
    9.69886301206153e-07    1.05355171322669e-03    7.98229727095375e-05    3.0969997E+04    257.39    257.39    0.1329656875000350    0.00000e+00    0.00000e+00    5.76609265E+10
    4.98276763108475e-07    1.06741946920525e-03    8.09974193076149e-05    2.9941398E+04    253.61    253.61    0.1310383409991216    0.00000e+00    0.00000e+00    5.77111538E+10
    3.09026004773887e-08    1.08123631974730e-03    8.21639004169116e-05    2.8949614E+04    249.90    249.90    0.1306461708300637    0.00000e+00    0.00000e+00    5.77613811E+10
    -4.31818188573087e-07    1.09500381625661e-03    8.33213397510557e-05    2.7993606E+04    246.27    246.27    0.1292641775202804    0.00000e+00    0.00000e+00    5.78116084E+10
    -8.89524409608694e-07    1.10872399495064e-03    8.44687482901377e-05    2.7072670E+04    242.71    242.71    0.1269755528197892    0.00000e+00    0.00000e+00    5.78618357E+10
    -1.34188180250404e-06    1.12239927989780e-03    8.56052485213947e-05    2.6186297E+04    239.23    239.23    0.1252453589347380    0.00000e+00    0.00000e+00    5.79120629E+10
    -1.78854098627983e-06    1.13603238605470e-03    8.67300889836209e-05    2.5334169E+04    235.83    235.83    0.1234001293732749    0.00000e+00    0.00000e+00    5.79622902E+10
    -2.22910654689776e-06    1.14962631926617e-03    8.78426685078520e-05    2.4515988E+04    232.52    232.52    0.1213798814503805    0.00000e+00    0.00000e+00    5.80125175E+10
    -2.66315979926281e-06    1.16318413385840e-03    8.89425216729539e-05    2.3731431E+04    229.31    229.31    0.1196034680959893    0.00000e+00    0.00000e+00    5.80627448E+10
    -3.09029408165928e-06    1.17670873871347e-03    9.00292800205290e-05    2.2980138E+04    226.18    226.18    0.1179660903605497    0.00000e+00    0.00000e+00    5.81129721E+10
    -3.51014447482939e-06    1.19020323663895e-03    9.11026962956000e-05    2.2261662E+04    223.15    223.15    0.1168127577040640    0.00000e+00    0.00000e+00    5.81631994E+10
    -3.92241815130975e-06    1.20367048803555e-03    9.21626444466098e-05    2.1575472E+04    220.22    220.22    0.1159248070674580    0.00000e+00    0.00000e+00    5.82134267E+10
    -4.32691105302199e-06    1.21711340178535e-03    9.32091002328743e-05    2.0920927E+04    217.37    217.37    0.1145105480381075    0.00000e+00    0.00000e+00    5.82636540E+10
    -4.72351254548407e-06    1.23053483828908e-03    9.42421218320352e-05    2.0297312E+04    214.62    214.62    0.1141012522206749    0.00000e+00    0.00000e+00    5.83138813E+10
    -5.11219300658007e-06    1.24393770642883e-03    9.52618255993761e-05    1.9703838E+04    211.96    211.96    0.1134909605055207    0.00000e+00    0.00000e+00    5.83641085E+10
    -5.49297294392872e-06    1.25732481812394e-03    9.62684200047798e-05    1.9139629E+04    209.39    209.39    0.1125661109103069    0.00000e+00    0.00000e+00    5.84143358E+10
    -5.86588532486032e-06    1.27069908225650e-03    9.72621571513604e-05    1.8603761E+04    206.93    206.93    0.1106223665601502    0.00000e+00    0.00000e+00    5.84645631E+10
    -6.23095293561789e-06    1.28406345618996e-03    9.82433424717372e-05    1.8095260E+04    204.56    204.56    0.1091875158714914    0.00000e+00    0.00000e+00    5.85147904E+10
    -6.58818547247504e-06    1.29742060639958e-03    9.92123007910763e-05    1.7613139E+04    202.30    202.30    0.1076794848180313    0.00000e+00    0.00000e+00    5.85650177E+10
    -6.93758826838228e-06    1.31077315087923e-03    1.00169390871502e-04    1.7156350E+04    200.12    200.12    0.1057778150232898    0.00000e+00    0.00000e+00    5.86152450E+10
    -7.27918071588684e-06    1.32412356217868e-03    1.01114961778864e-04    1.6723846E+04    198.03    198.03    0.1042137145455949    0.00000e+00    0.00000e+00    5.86654723E+10
    -7.61302002300310e-06    1.33747397347813e-03    1.02049377123424e-04    1.6314614E+04    196.03    196.03    0.1030155974775471    0.00000e+00    0.00000e+00    5.87156996E+10
    -7.93922545389661e-06    1.35082651795777e-03    1.02972995667306e-04    1.5927663E+04    194.12    194.12    0.1019249153135740    0.00000e+00    0.00000e+00    5.87659268E+10
    -8.25798269220723e-06    1.36418318335371e-03    1.03886190717044e-04    1.5561988E+04    192.30    192.30    0.1018642826680511    0.00000e+00    0.00000e+00    5.88161541E+10
    -8.56954917399964e-06    1.37754581195792e-03    1.04789345275446e-04    1.5216540E+04    190.56    190.56    0.1012941695973417    0.00000e+00    0.00000e+00    5.88663814E+10
    -8.87423954335287e-06    1.39091624606240e-03    1.05682837497184e-04    1.4890284E+04    188.92    188.92    0.1011097197784223    0.00000e+00    0.00000e+00    5.89166087E+10
    -9.17239850279419e-06    1.40429632795914e-03    1.06567060081339e-04    1.4582198E+04    187.35    187.35    0.0996751728675723    0.00000e+00    0.00000e+00    5.89668360E+10
    -9.46437414854664e-06    1.41768780297738e-03    1.07442386334445e-04    1.4291255E+04    185.87    185.87    0.0988087522637846    0.00000e+00    0.00000e+00    5.90170633E+10
    -9.75050342611859e-06    1.43109241644637e-03    1.08309194411175e-04    1.4016446E+04    184.46    184.46    0.0978968394329551    0.00000e+00    0.00000e+00    5.90672906E+10
    -1.00311116454901e-05    1.44451176825128e-03    1.09167852769924e-04    1.3756713E+04    183.13    183.13    0.0968030767937915    0.00000e+00    0.00000e+00    5.91175179E+10
    -1.03065207229453e-05    1.45794721587039e-03    1.10018720172819e-04    1.3510972E+04    181.88    181.88    0.0954146203476518    0.00000e+00    0.00000e+00    5.91677451E+10
    -1.05770637254833e-05    1.47139997133792e-03    1.10862121445024e-04    1.3278130E+04    180.68    180.68    0.0938107071782549    0.00000e+00    0.00000e+00    5.92179724E+10
    -1.08430926278364e-05    1.48487114972534e-03    1.11698371715433e-04    1.3057086E+04    179.54    179.54    0.0926045203176481    0.00000e+00    0.00000e+00    5.92681997E+10
    -1.11049904328128e-05    1.49836157521589e-03    1.12527776416665e-04    1.2846765E+04    178.44    178.44    0.0915309793650125    0.00000e+00    0.00000e+00    5.93184270E+10
    -1.13631910486571e-05    1.51187197503011e-03    1.13350655525749e-04    1.2646116E+04    177.39    177.39    0.0911172475585574    0.00000e+00    0.00000e+00    5.93686543E+10
    -1.16181948030882e-05    1.52540293094440e-03    1.14167362956673e-04    1.2454153E+04    176.37    176.37    0.0909575843351072    0.00000e+00    0.00000e+00    5.94188816E+10
    -1.18705393544783e-05    1.53895492777246e-03    1.14978305952928e-04    1.2269938E+04    175.38    175.38    0.0896784439508282    0.00000e+00    0.00000e+00    5.94691089E+10
    -1.21207715726599e-05    1.55252830488385e-03    1.15783886909870e-04    1.2092602E+04    174.41    174.41    0.0892582514003277    0.00000e+00    0.00000e+00    5.95193362E+10
    -1.23694213589863e-05    1.56612340164815e-03    1.16584522767264e-04    1.1921351E+04    173.46    173.46    0.0892112051845856    0.00000e+00    0.00000e+00    5.95695635E+10
    -1.26169827385986e-05    1.57974055743495e-03    1.17380630464878e-04    1.1755451E+04    172.52    172.52    0.0883303779391924    0.00000e+00    0.00000e+00    5.96197907E+10
    -1.28639085274750e-05    1.59337991768834e-03    1.18172617246201e-04    1.1594248E+04    171.59    171.59    0.0874270624190184    0.00000e+00    0.00000e+00    5.96700180E+10
    -1.31106258464685e-05    1.60704148240833e-03    1.18960895202865e-04    1.1437151E+04    170.67    170.67    0.0862940260636948    0.00000e+00    0.00000e+00    5.97202453E+10
    -1.33575424238850e-05    1.62072515463217e-03    1.19745861882086e-04    1.1283644E+04    169.75    169.75    0.0852983967659394    0.00000e+00    0.00000e+00    5.97704726E+10
    -1.36050558069428e-05    1.63443064347166e-03    1.20527909982947e-04    1.1133262E+04    168.84    168.84    0.0841908614468835    0.00000e+00    0.00000e+00    5.98206999E+10
    -1.38535577250965e-05    1.64815770651997e-03    1.21307417660119e-04    1.0985600E+04    167.92    167.92    0.0831489054062859    0.00000e+00    0.00000e+00    5.98709272E+10
    -1.41034292418993e-05    1.66190595592614e-03    1.22084767916410e-04    1.0840310E+04    167.00    167.00    0.0829877941612068    0.00000e+00    0.00000e+00    5.99211545E+10
    -1.43550533601594e-05    1.67567514928333e-03    1.22860387387859e-04    1.0697084E+04    166.07    166.07    0.0819759385520099    0.00000e+00    0.00000e+00    5.99713818E+10
    -1.46087990230879e-05    1.68946494722197e-03    1.23634697862370e-04    1.0555673E+04    165.14    165.14    0.0811575913950029    0.00000e+00    0.00000e+00    6.00216090E+10
    -1.48650046306344e-05    1.70327505885384e-03    1.24408130824117e-04    1.0415866E+04    164.21    164.21    0.0810392112742853    0.00000e+00    0.00000e+00    6.00718363E+10
    -1.51239683432128e-05    1.71710514480938e-03    1.25181127453552e-04    1.0277496E+04    163.26    163.26    0.0807053972258078    0.00000e+00    0.00000e+00    6.01220636E+10
    -1.53859451728192e-05    1.73095476875627e-03    1.25954109538576e-04    1.0140438E+04    162.31    162.31    0.0798871482857742    0.00000e+00    0.00000e+00    6.01722909E+10
    -1.56511605578154e-05    1.74482349436220e-03    1.26727523107777e-04    1.0004593E+04    161.36    161.36    0.0792942668093061    0.00000e+00    0.00000e+00    6.02225182E+10
    -1.59198064844192e-05    1.75871078833211e-03    1.27501785100919e-04    9.8698935E+03    160.40    160.40    0.0785083646219747    0.00000e+00    0.00000e+00    6.02727455E+10
    -1.61920487589095e-05    1.77261602040822e-03    1.28277312457769e-04    9.7363009E+03    159.43    159.43    0.0778538383148240    0.00000e+00    0.00000e+00    6.03229728E+10
    -1.64680371887137e-05    1.78653856033274e-03    1.29054488181135e-04    9.6037943E+03    158.46    158.46    0.0768366393420668    0.00000e+00    0.00000e+00    6.03732001E+10
    -1.67479099457309e-05    1.80047763240380e-03    1.29833704970098e-04    9.4723752E+03    157.48    157.48    0.0758777990337934    0.00000e+00    0.00000e+00    6.04234273E+10
    -1.70317964752140e-05    1.81443255788222e-03    1.30615331283057e-04    9.3420630E+03    156.50    156.50    0.0750789574085692    0.00000e+00    0.00000e+00    6.04736546E+10
    -1.73198174957697e-05    1.82840260954750e-03    1.31399711337724e-04    9.2128802E+03    155.52    155.52    0.0744416310512011    0.00000e+00    0.00000e+00    6.05238819E+10
    -1.76120801512213e-05    1.84238706017910e-03    1.32187194199950e-04    9.0848695E+03    154.54    154.54    0.0738837097385654    0.00000e+00    0.00000e+00    6.05741092E+10
    -1.79086663750811e-05    1.85638527951925e-03    1.32978099846765e-04    8.9580725E+03    153.56    153.56    0.0736510306147746    0.00000e+00    0.00000e+00    6.06243365E+10
    -1.82096261031582e-05    1.87039649186605e-03    1.33772738558924e-04    8.8325399E+03    152.57    152.57    0.0732704327765542    0.00000e+00    0.00000e+00    6.06745638E+10
    -1.85149748494904e-05    1.88442006696172e-03    1.34571396376500e-04    8.7083250E+03    151.60    151.60    0.0726528958296757    0.00000e+00    0.00000e+00    6.07247911E+10
    -1.88247024329904e-05    1.89845527758574e-03    1.35374349643291e-04    8.5854802E+03    150.62    150.62    0.0722299613886190    0.00000e+00    0.00000e+00    6.07750184E+10
    -1.91387773407688e-05    1.91250144499895e-03    1.36181845614273e-04    8.4640598E+03    149.65    149.65    0.0714628550717684    0.00000e+00    0.00000e+00    6.08252456E+10
    -1.94571569092219e-05    1.92655779349946e-03    1.36994117000014e-04    8.3441131E+03    148.68    148.68    0.0710287383883051    0.00000e+00    0.00000e+00    6.08754729E+10
    -1.97797950810498e-05    1.94062359586676e-03    1.37811367422261e-04    8.2256869E+03    147.71    147.71    0.0704067816223222    0.00000e+00    0.00000e+00    6.09257002E+10
    -2.01066472533939e-05    1.95469812488031e-03    1.38633795654621e-04    8.1088217E+03    146.75    146.75    0.0695587103539852    0.00000e+00    0.00000e+00    6.09759275E+10
    -2.04376688233955e-05    1.96878060483824e-03    1.39461585926295e-04    7.9935556E+03    145.80    145.80    0.0687819332411845    0.00000e+00    0.00000e+00    6.10261548E+10
    -2.07728287629791e-05    1.98287035700138e-03    1.40294912770207e-04    7.8799191E+03    144.85    144.85    0.0683508654325971    0.00000e+00    0.00000e+00    6.10763821E+10
    -2.11121154366163e-05    1.99696670263058e-03    1.41133970111829e-04    7.7679339E+03    143.91    143.91    0.0678893433884898    0.00000e+00    0.00000e+00    6.11266094E+10
    -2.14555050884368e-05    2.01106905994943e-03    1.41978922787814e-04    7.6576185E+03    142.98    142.98    0.0675421831838136    0.00000e+00    0.00000e+00    6.11768367E+10
    -2.18029574789049e-05    2.02517675021878e-03    1.42829935634813e-04    7.5489853E+03    142.06    142.06    0.0670874667229506    0.00000e+00    0.00000e+00    6.12270640E+10
    -2.21544129759380e-05    2.03928924014356e-03    1.43687144400657e-04    7.4420425E+03    141.15    141.15    0.0666202432529188    0.00000e+00    0.00000e+00    6.12772912E+10
    -2.25097988574838e-05    2.05340599642874e-03    1.44550660592491e-04    7.3367915E+03    140.24    140.24    0.0663417440342165    0.00000e+00    0.00000e+00    6.13275185E+10
    -2.28690370685397e-05    2.06752638881653e-03    1.45420590869327e-04    7.2332284E+03    139.35    139.35    0.0655269819029648    0.00000e+00    0.00000e+00    6.13777458E+10
    -2.32320485844757e-05    2.08164993249324e-03    1.46297017649490e-04    7.1313497E+03    138.46    138.46    0.0651403119192386    0.00000e+00    0.00000e+00    6.14279731E+10
    -2.35987597136122e-05    2.09577599720110e-03    1.47180003958758e-04    7.0311459E+03    137.58    137.58    0.0648402715800918    0.00000e+00    0.00000e+00    6.14782004E+10
    -2.39691040364749e-05    2.10990419508915e-03    1.48069598278499e-04    6.9326036E+03    136.71    136.71    0.0640901816375475    0.00000e+00    0.00000e+00    6.15284277E+10
    -2.43430282235590e-05    2.12403389589962e-03    1.48965863634493e-04    6.8357100E+03    135.85    135.85    0.0635786795876816    0.00000e+00    0.00000e+00    6.15786550E+10
    -2.47204915505152e-05    2.13816471178155e-03    1.49868882445064e-04    6.7404490E+03    135.00    135.00    0.0630753665903115    0.00000e+00    0.00000e+00    6.16288823E+10
    -2.51014513537395e-05    2.15229620640264e-03    1.50778722584129e-04    6.6467980E+03    134.15    134.15    0.0625810959280006    0.00000e+00    0.00000e+00    6.16791095E+10
    -2.54858572126092e-05    2.16642799191193e-03    1.51695437381191e-04    6.5547388E+03    133.32    133.32    0.0620602007764768    0.00000e+00    0.00000e+00    6.17293368E+10
    -2.58736461013456e-05    2.18055972893985e-03    1.52619065621347e-04    6.4642460E+03    132.50    132.50    0.0617398496776530    0.00000e+00    0.00000e+00    6.17795641E+10
    -2.62647467523378e-05    2.19469107811683e-03    1.53549636393416e-04    6.3752986E+03    131.68    131.68    0.0613769875364256    0.00000e+00    0.00000e+00    6.18297914E+10
    -2.66590811105829e-05    2.20882174855466e-03    1.54487144849261e-04    6.2878703E+03    130.88    130.88    0.0607585620509611    0.00000e+00    0.00000e+00    6.18800187E+10
    -2.70565701514509e-05    2.22295135240239e-03    1.55431586140747e-04    6.2019337E+03    130.08    130.08    0.0604354325452634    0.00000e+00    0.00000e+00    6.19302460E+10
    -2.74571372743804e-05    2.23707964725318e-03    1.56382931179051e-04    6.1174657E+03    129.29    129.29    0.0601062787465918    0.00000e+00    0.00000e+00    6.19804733E+10
    -2.78607150902695e-05    2.25120629373745e-03    1.57341131482807e-04    6.0344462E+03    128.51    128.51    0.0597679897034557    0.00000e+00    0.00000e+00    6.20307006E+10
    -2.82672425125945e-05    2.26533104944837e-03    1.58306133722508e-04    5.9528535E+03    127.74    127.74    0.0594534096898854    0.00000e+00    0.00000e+00    6.20809278E+10
    -2.86766676662916e-05    2.27945362349773e-03    1.59277860327966e-04    5.8726698E+03    126.97    126.97    0.0589782655970566    0.00000e+00    0.00000e+00    6.21311551E+10
    -2.90889415851788e-05    2.29357377347867e-03    1.60256233728992e-04    5.7938761E+03    126.22    126.22    0.0583764218779570    0.00000e+00    0.00000e+00    6.21813824E+10
    -2.95040148182607e-05    2.30769140242848e-03    1.61241161810987e-04    5.7164520E+03    125.47    125.47    0.0578055304163970    0.00000e+00    0.00000e+00    6.22316097E+10
    -2.99218316119640e-05    2.32180621945893e-03    1.62232528218667e-04    5.6403796E+03    124.73    124.73    0.0574519288712728    0.00000e+00    0.00000e+00    6.22818370E+10
    -3.03423289405102e-05    2.33591817608867e-03    1.63230231141159e-04    5.5656399E+03    123.99    123.99    0.0571810515006273    0.00000e+00    0.00000e+00    6.23320643E+10
    -3.07654398996112e-05    2.35002712687358e-03    1.64234134830633e-04    5.4922159E+03    123.27    123.27    0.0565201479813747    0.00000e+00    0.00000e+00    6.23822916E+10
    -3.11910927368423e-05    2.36413282940683e-03    1.65244098691120e-04    5.4200918E+03    122.55    122.55    0.0562814352978653    0.00000e+00    0.00000e+00    6.24325189E+10
    -3.16192200631018e-05    2.37823518672568e-03    1.66259982126654e-04    5.3492516E+03    121.85    121.85    0.0558933349051260    0.00000e+00    0.00000e+00    6.24827461E+10
    -3.20497743666489e-05    2.39233400490466e-03    1.67281629996856e-04    5.2796761E+03    121.15    121.15    0.0556339731275673    0.00000e+00    0.00000e+00    6.25329734E+10
    -3.24827260738491e-05    2.40642913849966e-03    1.68308882313212e-04    5.2113491E+03    120.45    120.45    0.0553635069600362    0.00000e+00    0.00000e+00    6.25832007E+10
    -3.29180557921552e-05    2.42052034510385e-03    1.69341564542796e-04    5.1442525E+03    119.77    119.77    0.0551715538250768    0.00000e+00    0.00000e+00    6.26334280E+10
    -3.33557509164114e-05    2.43460747927311e-03    1.70379507000820e-04    5.0783672E+03    119.09    119.09    0.0549005466395001    0.00000e+00    0.00000e+00    6.26836553E+10
    -3.37957993262757e-05    2.44869044404472e-03    1.71422530306223e-04    5.0136773E+03    118.42    118.42    0.0543925814616965    0.00000e+00    0.00000e+00    6.27338826E+10
    -3.42381859925239e-05    2.46276909397456e-03    1.72470440533530e-04    4.9501637E+03    117.76    117.76    0.0538889582881382    0.00000e+00    0.00000e+00    6.27841099E+10
    -3.46828910377953e-05    2.47684333209991e-03    1.73523058301682e-04    4.8878099E+03    117.11    117.11    0.0534535013540144    0.00000e+00    0.00000e+00    6.28343372E+10
    -3.51298877973372e-05    2.49091306145802e-03    1.74580184837068e-04    4.8265970E+03    116.47    116.47    0.0531485343703231    0.00000e+00    0.00000e+00    6.28845645E+10
    -3.55791442734468e-05    2.50497823356753e-03    1.75641631062352e-04    4.7665067E+03    115.83    115.83    0.0527865725764576    0.00000e+00    0.00000e+00    6.29347917E+10
    -3.60306255595391e-05    2.51903875146570e-03    1.76707198203926e-04    4.7075218E+03    115.20    115.20    0.0525234024484525    0.00000e+00    0.00000e+00    6.29850190E+10
    -3.64842977186562e-05    2.53309446970843e-03    1.77776672943769e-04    4.6496250E+03    114.58    114.58    0.0522266756686549    0.00000e+00    0.00000e+00    6.30352463E+10
    -3.69401268138406e-05    2.54714538829571e-03    1.78849856508273e-04    4.5927969E+03    113.96    113.96    0.0519756366079857    0.00000e+00    0.00000e+00    6.30854736E+10
    -3.73980847258988e-05    2.56119141026482e-03    1.79926530731281e-04    4.5370198E+03    113.36    113.36    0.0517299197157957    0.00000e+00    0.00000e+00    6.31357009E+10
    -3.78581496382150e-05    2.57523239017164e-03    1.81006491991047e-04    4.4822748E+03    112.76    112.76    0.0516686370821555    0.00000e+00    0.00000e+00    6.31859282E+10
    -3.83203021582421e-05    2.58926832801618e-03    1.82089531817688e-04    4.4285432E+03    112.17    112.17    0.0512756873581626    0.00000e+00    0.00000e+00    6.32361555E+10
    -3.87845248326876e-05    2.60329917531706e-03    1.83175451437595e-04    4.3758044E+03    111.59    111.59    0.0508179991940828    0.00000e+00    0.00000e+00    6.32863828E+10
    -3.92507958449357e-05    2.61732488359293e-03    1.84264042380885e-04    4.3240388E+03    111.01    111.01    0.0503764321088816    0.00000e+00    0.00000e+00    6.33366100E+10
    -3.97190894998614e-05    2.63134550132515e-03    1.85355120418359e-04    4.2732259E+03    110.44    110.44    0.0500111863493432    0.00000e+00    0.00000e+00    6.33868373E+10
    -4.01893747693892e-05    2.64536102851371e-03    1.86448491624544e-04    4.2233478E+03    109.88    109.88    0.0497915142842373    0.00000e+00    0.00000e+00    6.34370646E+10
    -4.06616172317475e-05    2.65937141667725e-03    1.87543966922106e-04    4.1743826E+03    109.33    109.33    0.0494062057204094    0.00000e+00    0.00000e+00    6.34872919E+10
    -4.11357814955378e-05    2.67337666581578e-03    1.88641357233708e-04    4.1263119E+03    108.78    108.78    0.0491449724113773    0.00000e+00    0.00000e+00    6.35375192E+10
    -4.16118316845476e-05    2.68737682441065e-03    1.89740483178288e-04    4.0791163E+03    108.24    108.24    0.0489540193335922    0.00000e+00    0.00000e+00    6.35877465E+10
    -4.20897265896140e-05    2.70137189246187e-03    1.90841184767332e-04    4.0327748E+03    107.71    107.71    0.0486908087736636    0.00000e+00    0.00000e+00    6.36379738E+10
    -4.25694283952700e-05    2.71536177300670e-03    1.91943292316051e-04    3.9872689E+03    107.19    107.19    0.0484345880279414    0.00000e+00    0.00000e+00    6.36882011E+10
    -4.30509031645577e-05    2.72934656300789e-03    1.93046655532204e-04    3.9425787E+03    106.67    106.67    0.0483407883297331    0.00000e+00    0.00000e+00    6.37384283E+10
    -4.35341203542153e-05    2.74332621398405e-03    1.94151119275413e-04    3.8986877E+03    106.15    106.15    0.0480441815151515    0.00000e+00    0.00000e+00    6.37886556E+10
    -4.40190479665399e-05    2.75730082289793e-03    1.95256547797848e-04    3.8555748E+03    105.65    105.65    0.0476780253632117    0.00000e+00    0.00000e+00    6.38388829E+10
    -4.45056515797601e-05    2.77127038974952e-03    1.96362800503540e-04    3.8132251E+03    105.15    105.15    0.0472982382222663    0.00000e+00    0.00000e+00    6.38891102E+10
    -4.49938928935951e-05    2.78523501150157e-03    1.97469746492797e-04    3.7716199E+03    104.65    104.65    0.0469865766432942    0.00000e+00    0.00000e+00    6.39393375E+10
    -4.54837282748136e-05    2.79919468815407e-03    1.98577250017787e-04    3.7307413E+03    104.17    104.17    0.0470305358274720    0.00000e+00    0.00000e+00    6.39895648E+10
    -4.59751121509295e-05    2.81314951666976e-03    1.99685194723226e-04    3.6905731E+03    103.69    103.69    0.0464116266778513    0.00000e+00    0.00000e+00    6.40397921E+10
    -4.64679974950158e-05    2.82709954553000e-03    2.00793459405696e-04    3.6511007E+03    103.21    103.21    0.0461727504331398    0.00000e+00    0.00000e+00    6.40900194E+10
    -4.69623397042139e-05    2.84104482321617e-03    2.01901932558048e-04    3.6123075E+03    102.74    102.74    0.0459229493264947    0.00000e+00    0.00000e+00    6.41402466E+10
    -4.74580965997334e-05    2.85498544669100e-03    2.03010492976862e-04    3.5741786E+03    102.27    102.27    0.0457266841576317    0.00000e+00    0.00000e+00    6.41904739E+10
    -4.79552298812936e-05    2.86892136747313e-03    2.04119043699403e-04    3.5367018E+03    101.82    101.82    0.0455352063971663    0.00000e+00    0.00000e+00    6.42407012E+10
    -4.84537065815642e-05    2.88285273100665e-03    2.05227478066661e-04    3.4998594E+03    101.36    101.36    0.0453476745686148    0.00000e+00    0.00000e+00    6.42909285E+10
    -4.89534942180285e-05    2.89677958577294e-03    2.06335703964035e-04    3.4636412E+03    100.91    100.91    0.0450885837583456    0.00000e+00    0.00000e+00    6.43411558E+10
    -4.94545637018656e-05    2.91070202873473e-03    2.07443624428791e-04    3.4280324E+03    100.47    100.47    0.0448469381152852    0.00000e+00    0.00000e+00    6.43913831E+10
    -4.99568694605896e-05    2.92462010837339e-03    2.08551157042602e-04    3.3930201E+03    100.03    100.03    0.0445650709093343    0.00000e+00    0.00000e+00    6.44416104E+10
    -5.04603727091059e-05    2.93853392165166e-03    2.09658219387142e-04    3.3585915E+03    99.60    99.60    0.0443025945370984    0.00000e+00    0.00000e+00    6.44918377E+10
    -5.09650249660464e-05    2.95244351705090e-03    2.10764738740359e-04    3.3247352E+03    99.17    99.17    0.0441330622104521    0.00000e+00    0.00000e+00    6.45420650E+10
    -5.14707729019063e-05    2.96634908849659e-03    2.11870632683927e-04    3.2914392E+03    98.75    98.75    0.0437713697329578    0.00000e+00    0.00000e+00    6.45922922E+10
    -5.19775631871805e-05    2.98025058750736e-03    2.12975838192069e-04    3.2586905E+03    98.33    98.33    0.0435239309595431    0.00000e+00    0.00000e+00    6.46425195E+10
    -5.24853570367747e-05    2.99414815952731e-03    2.14080287390868e-04    3.2264787E+03    97.91    97.91    0.0433276523985420    0.00000e+00    0.00000e+00    6.46927468E+10
    -5.29941059693206e-05    3.00804180455644e-03    2.15183917254545e-04    3.1947916E+03    97.51    97.51    0.0431358346397089    0.00000e+00    0.00000e+00    6.47429741E+10
    -5.35037615034502e-05    3.02193171652023e-03    2.16286674453597e-04    3.1636193E+03    97.10    97.10    0.0430257361005218    0.00000e+00    0.00000e+00    6.47932014E+10
    -5.40142945503426e-05    3.03581784693730e-03    2.17388505658518e-04    3.1329511E+03    96.70    96.70    0.0429679215829923    0.00000e+00    0.00000e+00    6.48434287E+10
    -5.45256614767665e-05    3.04970034125177e-03    2.18489367236076e-04    3.1027756E+03    96.31    96.31    0.0424883186534639    0.00000e+00    0.00000e+00    6.48936560E+10
    -5.50378283457642e-05    3.06357934490773e-03    2.19589210704905e-04    3.0730839E+03    95.92    95.92    0.0422699888826603    0.00000e+00    0.00000e+00    6.49438833E+10
    -5.55507418278308e-05    3.07745485790519e-03    2.20687997279908e-04    3.0438649E+03    95.53    95.53    0.0420318176327299    0.00000e+00    0.00000e+00    6.49941105E+10
    -5.60643679860087e-05    3.09132702568825e-03    2.21785697872266e-04    3.0151101E+03    95.15    95.15    0.0418578428287252    0.00000e+00    0.00000e+00    6.50443378E+10
    -5.65786486426561e-05    3.10519589673828e-03    2.22882278545020e-04    2.9868091E+03    94.77    94.77    0.0417075399709663    0.00000e+00    0.00000e+00    6.50945651E+10
    -5.70935353164048e-05    3.11906166498075e-03    2.23977705361214e-04    2.9589519E+03    94.39    94.39    0.0413722085455846    0.00000e+00    0.00000e+00    6.51447924E+10
    -5.76089843740237e-05    3.13292433041566e-03    2.25071954080162e-04    2.9315315E+03    94.02    94.02    0.0411888704885157    0.00000e+00    0.00000e+00    6.51950197E+10
    -5.81249424860077e-05    3.14678399000575e-03    2.26165005309318e-04    2.9045372E+03    93.66    93.66    0.0409769951072811    0.00000e+00    0.00000e+00    6.52452470E+10
    -5.86413708672624e-05    3.16064069223238e-03    2.27256839656134e-04    2.8779617E+03    93.30    93.30    0.0408037044017162    0.00000e+00    0.00000e+00    6.52954743E+10
    -5.91582307326933e-05    3.17449453405829e-03    2.28347432879927e-04    2.8517958E+03    92.94    92.94    0.0406751715719390    0.00000e+00    0.00000e+00    6.53457016E+10
    -5.96754736009322e-05    3.18834566092759e-03    2.29436770436286e-04    2.8260313E+03    92.58    92.58    0.0405911862092631    0.00000e+00    0.00000e+00    6.53959288E+10
    -6.01930703831584e-05    3.20219407284028e-03    2.30524847477073e-04    2.8006605E+03    92.23    92.23    0.0403002123473864    0.00000e+00    0.00000e+00    6.54461561E+10
    -6.07109822942773e-05    3.21603986675908e-03    2.31611659154154e-04    2.7756749E+03    91.88    91.88    0.0400126108048383    0.00000e+00    0.00000e+00    6.54963834E+10
    -6.12291608529208e-05    3.22988318812812e-03    2.32697190923115e-04    2.7510679E+03    91.54    91.54    0.0397643463447214    0.00000e+00    0.00000e+00    6.55466107E+10
    -6.17475672739944e-05    3.24372413391011e-03    2.33781442783959e-04    2.7268304E+03    91.20    91.20    0.0398073125356353    0.00000e+00    0.00000e+00    6.55968380E+10
    -6.22661482279932e-05    3.25756275258644e-03    2.34864414736685e-04    2.7029564E+03    90.86    90.86    0.0395522889247143    0.00000e+00    0.00000e+00    6.56470653E+10
    -6.27848600816859e-05    3.27139914111983e-03    2.35946101933156e-04    2.6794379E+03    90.53    90.53    0.0392460279049367    0.00000e+00    0.00000e+00    6.56972926E+10
    -6.33036640499780e-05    3.28523339647303e-03    2.37026504373371e-04    2.6562684E+03    90.20    90.20    0.0390688973244225    0.00000e+00    0.00000e+00    6.57475199E+10
    -6.38225019552278e-05    3.29906556712740e-03    2.38105617209195e-04    2.6334395E+03    89.87    89.87    0.0388899047343028    0.00000e+00    0.00000e+00    6.57977472E+10
    -6.43413495567513e-05    3.31289575004567e-03    2.39183445288765e-04    2.6109450E+03    89.55    89.55    0.0387506630841330    0.00000e+00    0.00000e+00    6.58479744E+10
    -6.48601632213170e-05    3.32672404219059e-03    2.40259988612079e-04    2.5887793E+03    89.23    89.23    0.0385911224978875    0.00000e+00    0.00000e+00    6.58982017E+10
    -6.53789041638306e-05    3.34055044356216e-03    2.41335256875412e-04    2.5669341E+03    88.91    88.91    0.0385390225912569    0.00000e+00    0.00000e+00    6.59484290E+10
    -6.58975481436080e-05    3.35437514808584e-03    2.42409254926900e-04    2.5454042E+03    88.60    88.60    0.0383000666323781    0.00000e+00    0.00000e+00    6.59986563E+10
    -6.64160466792810e-05    3.36819815576163e-03    2.43481997310954e-04    2.5241831E+03    88.29    88.29    0.0380019569590852    0.00000e+00    0.00000e+00    6.60488836E+10
    -6.69343706820288e-05    3.38201951507091e-03    2.44553493723848e-04    2.5032644E+03    87.98    87.98    0.0378054068568475    0.00000e+00    0.00000e+00    6.60991109E+10
    -6.74524716704833e-05    3.39583941993915e-03    2.45623753861855e-04    2.4826418E+03    87.68    87.68    0.0377910400865129    0.00000e+00    0.00000e+00    6.61493382E+10
    -6.79703157076869e-05    3.40965787036634e-03    2.46692801965659e-04    2.4623108E+03    87.37    87.37    0.0375444195764822    0.00000e+00    0.00000e+00    6.61995655E+10
    -6.84878591604081e-05    3.42347496331522e-03    2.47760647731534e-04    2.4422639E+03    87.07    87.07    0.0372743669498399    0.00000e+00    0.00000e+00    6.62497927E+10
    -6.90050632435526e-05    3.43729074726717e-03    2.48827300855754e-04    2.4224968E+03    86.78    86.78    0.0370920148737356    0.00000e+00    0.00000e+00    6.63000200E+10
    -6.95218940201626e-05    3.45110527070355e-03    2.49892790427139e-04    2.4030039E+03    86.49    86.49    0.0369491260215258    0.00000e+00    0.00000e+00    6.63502473E+10
    -7.00383127051436e-05    3.46491863058709e-03    2.50957126141962e-04    2.3837795E+03    86.20    86.20    0.0368165300447993    0.00000e+00    0.00000e+00    6.64004746E+10
    -7.05542950578117e-05    3.47873082691779e-03    2.52020327392772e-04    2.3648183E+03    85.91    85.91    0.0368745281872715    0.00000e+00    0.00000e+00    6.64507019E+10
    -7.10698071412091e-05    3.49254195665840e-03    2.53082418420253e-04    2.3461158E+03    85.62    85.62    0.0366981961540988    0.00000e+00    0.00000e+00    6.65009292E+10
    -7.15848247146518e-05    3.50635206829028e-03    2.54143423465087e-04    2.3276673E+03    85.34    85.34    0.0364535385498366    0.00000e+00    0.00000e+00    6.65511565E+10
    -7.20993089930452e-05    3.52016121029479e-03    2.55203357071687e-04    2.3094672E+03    85.06    85.06    0.0361800859850724    0.00000e+00    0.00000e+00    6.66013838E+10
    -7.26132357357054e-05    3.53396947963468e-03    2.56262253177008e-04    2.2915106E+03    84.78    84.78    0.0359355420625804    0.00000e+00    0.00000e+00    6.66516110E+10
    -7.31265661575378e-05    3.54777692479132e-03    2.57320131173600e-04    2.2737933E+03    84.51    84.51    0.0359217755133383    0.00000e+00    0.00000e+00    6.67018383E+10
    -7.36392711697215e-05    3.56158364272743e-03    2.58377015302145e-04    2.2563105E+03    84.24    84.24    0.0356990691131871    0.00000e+00    0.00000e+00    6.67520656E+10
    -7.41513119871622e-05    3.57538958496165e-03    2.59432934651465e-04    2.2390584E+03    83.97    83.97    0.0354792662843936    0.00000e+00    0.00000e+00    6.68022929E+10
    -7.46626643691757e-05    3.58919484845671e-03    2.60487913462243e-04    2.2220311E+03    83.70    83.70    0.0353060301779514    0.00000e+00    0.00000e+00    6.68525202E+10
    -7.51732943788043e-05    3.60299948169399e-03    2.61541971127028e-04    2.2052262E+03    83.43    83.43    0.0351349426098578    0.00000e+00    0.00000e+00    6.69027475E+10
    -7.56831826235008e-05    3.61680348467349e-03    2.62595146430912e-04    2.1886375E+03    83.17    83.17    0.0350548423353129    0.00000e+00    0.00000e+00    6.69529748E+10
    -7.61923000144444e-05    3.63060690587657e-03    2.63647453918308e-04    2.1722626E+03    82.91    82.91    0.0351178422535181    0.00000e+00    0.00000e+00    6.70032021E+10
    -7.67006271590877e-05    3.64440984226596e-03    2.64698927526172e-04    2.1560968E+03    82.65    82.65    0.0350073965997251    0.00000e+00    0.00000e+00    6.70534293E+10
    -7.72081349686100e-05    3.65821224536031e-03    2.65749596343325e-04    2.1401361E+03    82.39    82.39    0.0347613817462206    0.00000e+00    0.00000e+00    6.71036566E+10
    -7.77148088986007e-05    3.67201426060371e-03    2.66799489458589e-04    2.1243772E+03    82.14    82.14    0.0345122803856895    0.00000e+00    0.00000e+00    6.71538839E+10
    -7.82206150121023e-05    3.68581583951480e-03    2.67848631112646e-04    2.1088157E+03    81.89    81.89    0.0342797139925764    0.00000e+00    0.00000e+00    6.72041112E+10
    -7.87255339165675e-05    3.69961707905632e-03    2.68897055242456e-04    2.0934483E+03    81.64    81.64    0.0342953700770864    0.00000e+00    0.00000e+00    6.72543385E+10
    -7.92295316750385e-05    3.71341797922825e-03    2.69944790936839e-04    2.0782708E+03    81.39    81.39    0.0340383057226308    0.00000e+00    0.00000e+00    6.73045658E+10
    -7.97325888949682e-05    3.72721854003061e-03    2.70991862436478e-04    2.0632802E+03    81.14    81.14    0.0338693566902812    0.00000e+00    0.00000e+00    6.73547931E+10
    -8.02346813356725e-05    3.74101890690750e-03    2.72038298830196e-04    2.0484731E+03    80.90    80.90    0.0336589556038668    0.00000e+00    0.00000e+00    6.74050204E+10
    -8.07357896046041e-05    3.75481893441481e-03    2.73084134054948e-04    2.0338459E+03    80.65    80.65    0.0335332505278254    0.00000e+00    0.00000e+00    6.74552477E+10
    -8.12358894610790e-05    3.76861881647802e-03    2.74129387503284e-04    2.0193958E+03    80.41    80.41    0.0334267866896010    0.00000e+00    0.00000e+00    6.75054749E+10
    -8.17349663606868e-05    3.78241845613438e-03    2.75174097960296e-04    2.0051185E+03    80.17    80.17    0.0335064376526964    0.00000e+00    0.00000e+00    6.75557022E+10
    -8.22330057590170e-05    3.79621790186528e-03    2.76218284818533e-04    1.9910113E+03    79.93    79.93    0.0334323064851327    0.00000e+00    0.00000e+00    6.76059295E+10
    -8.27299882635224e-05    3.81001720215207e-03    2.77261982014952e-04    1.9770717E+03    79.70    79.70    0.0332303314324584    0.00000e+00    0.00000e+00    6.76561568E+10
    -8.32258944816557e-05    3.82381635699475e-03    2.78305218638374e-04    1.9632958E+03    79.46    79.46    0.0329673580703059    0.00000e+00    0.00000e+00    6.77063841E+10
    -8.37207147171433e-05    3.83761541487470e-03    2.79348023777620e-04    1.9496809E+03    79.23    79.23    0.0329359694672584    0.00000e+00    0.00000e+00    6.77566114E+10
    -8.42144150330276e-05    3.85141442427328e-03    2.80390421673373e-04    1.9362245E+03    79.00    79.00    0.0327627015901930    0.00000e+00    0.00000e+00    6.78068387E+10
    -8.47069905811717e-05    3.86521333670912e-03    2.81432446262592e-04    1.9229230E+03    78.77    78.77    0.0325610253741179    0.00000e+00    0.00000e+00    6.78570660E+10
    -8.51984122727548e-05    3.87901224914497e-03    2.82474121785961e-04    1.9097744E+03    78.54    78.54    0.0323198091900612    0.00000e+00    0.00000e+00    6.79072932E+10
    -8.56886655633664e-05    3.89281106461807e-03    2.83515477332301e-04    1.8967752E+03    78.32    78.32    0.0321808714390829    0.00000e+00    0.00000e+00    6.79575205E+10
    -8.61777407567329e-05    3.90660992857255e-03    2.84556537142294e-04    1.8839238E+03    78.09    78.09    0.0320397247057379    0.00000e+00    0.00000e+00    6.80077478E+10
    -8.66656233084438e-05    3.92040869556429e-03    2.85597325456627e-04    1.8712165E+03    77.87    77.87    0.0320157202603893    0.00000e+00    0.00000e+00    6.80579751E+10
    -8.71523035222256e-05    3.93420751103740e-03    2.86637876212255e-04    1.8586513E+03    77.65    77.65    0.0319804537644770    0.00000e+00    0.00000e+00    6.81082024E+10
    -8.76377717018047e-05    3.94800632651050e-03    2.87678213649864e-04    1.8462255E+03    77.43    77.43    0.0319264853373311    0.00000e+00    0.00000e+00    6.81584297E+10
    -8.81220084546337e-05    3.96180514198361e-03    2.88718357162001e-04    1.8339368E+03    77.21    77.21    0.0317752183174377    0.00000e+00    0.00000e+00    6.82086570E+10
    -8.86050137807127e-05    3.97560405441946e-03    2.89758345533759e-04    1.8217832E+03    77.00    77.00    0.0315760993763068    0.00000e+00    0.00000e+00    6.82588843E+10
    -8.90867682874944e-05    3.98940296685530e-03    2.90798193309550e-04    1.8097618E+03    76.78    76.78    0.0315241235389932    0.00000e+00    0.00000e+00    6.83091115E+10
    -8.95672574305684e-05    4.00320197625388e-03    2.91837929578194e-04    1.7978707E+03    76.57    76.57    0.0313508829730632    0.00000e+00    0.00000e+00    6.83593388E+10
    -9.00464715136612e-05    4.01700103413383e-03    2.92877583428513e-04    1.7861072E+03    76.35    76.35    0.0311721665397420    0.00000e+00    0.00000e+00    6.84095661E+10
    -9.05244008404989e-05    4.03080018897651e-03    2.93917174253053e-04    1.7744695E+03    76.14    76.14    0.0309742709727817    0.00000e+00    0.00000e+00    6.84597934E+10
    -9.10010308666713e-05    4.04459944078193e-03    2.94956721444362e-04    1.7629549E+03    75.93    75.93    0.0308223677212655    0.00000e+00    0.00000e+00    6.85100207E+10
    -9.14763615921784e-05    4.05839874106872e-03    2.95996258939397e-04    1.7515618E+03    75.72    75.72    0.0306705598074525    0.00000e+00    0.00000e+00    6.85602480E+10
    -9.19503833207464e-05    4.07219813831825e-03    2.97035801282568e-04    1.7402881E+03    75.51    75.51    0.0306394158149419    0.00000e+00    0.00000e+00    6.86104753E+10
    -9.24230912042387e-05    4.08599763253051e-03    2.98075372714561e-04    1.7291311E+03    75.31    75.31    0.0306119829639017    0.00000e+00    0.00000e+00    6.86607026E+10
    -9.28944852426551e-05    4.09979722370551e-03    2.99114997476059e-04    1.7180894E+03    75.10    75.10    0.0305679363687483    0.00000e+00    0.00000e+00    6.87109298E+10
    -9.33645557397221e-05    4.11359691184324e-03    3.00154699807746e-04    1.7071610E+03    74.90    74.90    0.0304531205516317    0.00000e+00    0.00000e+00    6.87611571E+10
    -9.38333026954396e-05    4.12739674542508e-03    3.01194494254032e-04    1.6963443E+03    74.70    74.70    0.0302736660337872    0.00000e+00    0.00000e+00    6.88113844E+10
    -9.43007164135341e-05    4.14119667596965e-03    3.02234409903738e-04    1.6856366E+03    74.50    74.50    0.0302140087960806    0.00000e+00    0.00000e+00    6.88616117E+10
    -9.47667871977320e-05    4.15499670347696e-03    3.03274461301275e-04    1.6750369E+03    74.29    74.29    0.0300354746811229    0.00000e+00    0.00000e+00    6.89118390E+10
    -9.52315150480332e-05    4.16879687642838e-03    3.04314672687327e-04    1.6645434E+03    74.10    74.10    0.0298844314614204    0.00000e+00    0.00000e+00    6.89620663E+10
    -9.56948951163008e-05    4.18259719482390e-03    3.05355063454441e-04    1.6541537E+03    73.90    73.90    0.0297064772042584    0.00000e+00    0.00000e+00    6.90122936E+10
    -9.61569225543982e-05    4.19639761018215e-03    3.06395648147027e-04    1.6438671E+03    73.70    73.70    0.0295316599292832    0.00000e+00    0.00000e+00    6.90625209E+10
    -9.66175973623253e-05    4.21019817098451e-03    3.07436451005770e-04    1.6336813E+03    73.51    73.51    0.0294141470363253    0.00000e+00    0.00000e+00    6.91127482E+10
    -9.70769195400821e-05    4.22399878026824e-03    3.08477481726942e-04    1.6235947E+03    73.31    73.31    0.0293778369394886    0.00000e+00    0.00000e+00    6.91629754E+10
    -9.75348939358054e-05    4.23779958347744e-03    3.09518769399366e-04    1.6136060E+03    73.12    73.12    0.0293229740422892    0.00000e+00    0.00000e+00    6.92132027E+10
    -9.79915205494953e-05    4.25160043516801e-03    3.10560318871178e-04    1.6037135E+03    72.92    72.92    0.0292933690947580    0.00000e+00    0.00000e+00    6.92634300E+10
    -9.84467993811516e-05    4.26540148078405e-03    3.11602154383062e-04    1.5939157E+03    72.73    72.73    0.0292218594104691    0.00000e+00    0.00000e+00    6.93136573E+10
    -9.89007304307745e-05    4.27920262336283e-03    3.12644295327564e-04    1.5842114E+03    72.54    72.54    0.0291844535787379    0.00000e+00    0.00000e+00    6.93638846E+10
    -9.93533136983638e-05    4.29300386290434e-03    3.13686751400960e-04    1.5745985E+03    72.35    72.35    0.0289707726191686    0.00000e+00    0.00000e+00    6.94141119E+10
    -9.98045443357829e-05    4.30680524788996e-03    3.14729537147658e-04    1.5650765E+03    72.17    72.17    0.0288190628574614    0.00000e+00    0.00000e+00    6.94643392E+10
    -1.00254427191168e-04    4.32060677831968e-03    3.15772671960207e-04    1.5556434E+03    71.98    71.98    0.0286868582709156    0.00000e+00    0.00000e+00    6.95145665E+10
    -1.00702962264521e-04    4.33440840571214e-03    3.16816165534880e-04    1.5462982E+03    71.79    71.79    0.0285270326654428    0.00000e+00    0.00000e+00    6.95647937E+10
    -1.01150154403976e-04    4.34821013006733e-03    3.17860037264224e-04    1.5370393E+03    71.61    71.61    0.0283632064139924    0.00000e+00    0.00000e+00    6.96150210E+10
    -1.01596008457672e-04    4.36201199986663e-03    3.18904291996376e-04    1.5278654E+03    71.42    71.42    0.0282202679317406    0.00000e+00    0.00000e+00    6.96652483E+10
    -1.02040529273744e-04    4.37581391814730e-03    3.19948944275747e-04    1.5187754E+03    71.24    71.24    0.0282079760976071    0.00000e+00    0.00000e+00    6.97154756E+10
    -1.02483716852194e-04    4.38961598187207e-03    3.20994008646747e-04    1.5097684E+03    71.06    71.06    0.0281623911360918    0.00000e+00    0.00000e+00    6.97657029E+10
    -1.02925590585567e-04    4.40341814255958e-03    3.22039499653786e-04    1.5008427E+03    70.88    70.88    0.0281296268330371    0.00000e+00    0.00000e+00    6.98159302E+10
    -1.03366145625728e-04    4.41722035172845e-03    3.23085422145001e-04    1.4919976E+03    70.70    70.70    0.0280957837848417    0.00000e+00    0.00000e+00    6.98661575E+10
    -1.03805386820814e-04    4.43102270634143e-03    3.24131790664803e-04    1.4832315E+03    70.52    70.52    0.0280041771234541    0.00000e+00    0.00000e+00    6.99163848E+10
    -1.04243319018960e-04    4.44482515791715e-03    3.25178610061328e-04    1.4745438E+03    70.34    70.34    0.0278347199293424    0.00000e+00    0.00000e+00    6.99666120E+10
    -1.04679951916441e-04    4.45862770645560e-03    3.26225899727124e-04    1.4659333E+03    70.16    70.16    0.0276931066242362    0.00000e+00    0.00000e+00    7.00168393E+10
    -1.05115285513256e-04    4.47243035195679e-03    3.27273664510328e-04    1.4573983E+03    69.98    69.98    0.0275626740183746    0.00000e+00    0.00000e+00    7.00670666E+10
    -1.05549329505680e-04    4.48623304593935e-03    3.28321909259076e-04    1.4489388E+03    69.81    69.81    0.0274172679782725    0.00000e+00    0.00000e+00    7.01172939E+10
    -1.05982083893712e-04    4.50003583688464e-03    3.29370643669641e-04    1.4405534E+03    69.63    69.63    0.0272932239525672    0.00000e+00    0.00000e+00    7.01675212E+10
    -1.06413568069899e-04    4.51383867631130e-03    3.30419872590162e-04    1.4322408E+03    69.46    69.46    0.0271794438899103    0.00000e+00    0.00000e+00    7.02177485E+10
    -1.06843786882379e-04    4.52764156421933e-03    3.31469610565047e-04    1.4240003E+03    69.28    69.28    0.0271213683067446    0.00000e+00    0.00000e+00    7.02679758E+10
    -1.07272750027425e-04    4.54144454909009e-03    3.32519862442435e-04    1.4158312E+03    69.11    69.11    0.0270705470332713    0.00000e+00    0.00000e+00    7.03182031E+10
    -1.07700467201310e-04    4.55524758244223e-03    3.33570633070461e-04    1.4077320E+03    68.94    68.94    0.0270294020644739    0.00000e+00    0.00000e+00    7.03684303E+10
    -1.08126948100309e-04    4.56905061579436e-03    3.34621927297263e-04    1.3997023E+03    68.77    68.77    0.0270106243791956    0.00000e+00    0.00000e+00    7.04186576E+10
    -1.08552197572557e-04    4.58285374610923e-03    3.35673754819115e-04    1.3917410E+03    68.60    68.60    0.0269133646898861    0.00000e+00    0.00000e+00    7.04688849E+10
    -1.08976230162466e-04    4.59665692490547e-03    3.36726120484152e-04    1.3838472E+03    68.43    68.43    0.0267588806301294    0.00000e+00    0.00000e+00    7.05191122E+10
    -1.09399050718172e-04    4.61046015218307e-03    3.37779029140512e-04    1.3760200E+03    68.26    68.26    0.0266463169951789    0.00000e+00    0.00000e+00    7.05693395E+10
    -1.09820664087812e-04    4.62426342794205e-03    3.38832480788195e-04    1.3682590E+03    68.09    68.09    0.0265168147427308    0.00000e+00    0.00000e+00    7.06195668E+10
    -1.10241084815797e-04    4.63806670370102e-03    3.39886485123474e-04    1.3605627E+03    67.92    67.92    0.0263944353018298    0.00000e+00    0.00000e+00    7.06697941E+10
    -1.10660322598399e-04    4.65186997946000e-03    3.40941042146350e-04    1.3529308E+03    67.76    67.76    0.0262065199761372    0.00000e+00    0.00000e+00    7.07200214E+10
    -1.11078396828167e-04    4.66567330370034e-03    3.41996156704959e-04    1.3453623E+03    67.59    67.59    0.0261404387665291    0.00000e+00    0.00000e+00    7.07702487E+10
    -1.11495307505101e-04    4.67947662794068e-03    3.43051833647438e-04    1.3378565E+03    67.43    67.43    0.0260721064937584    0.00000e+00    0.00000e+00    7.08204759E+10
    -1.11911078869883e-04    4.69327995218102e-03    3.44108068125651e-04    1.3304128E+03    67.26    67.26    0.0260505517732359    0.00000e+00    0.00000e+00    7.08707032E+10
    -1.12325715770652e-04    4.70708327642136e-03    3.45164869835870e-04    1.3230301E+03    67.10    67.10    0.0260296903804192    0.00000e+00    0.00000e+00    7.09209305E+10
    -1.12739232751818e-04    4.72088660066170e-03    3.46222243626233e-04    1.3157078E+03    66.94    66.94    0.0259976464563794    0.00000e+00    0.00000e+00    7.09711578E+10
    -1.13151644357790e-04    4.73468987642068e-03    3.47280184648603e-04    1.3084453E+03    66.78    66.78    0.0259104663001795    0.00000e+00    0.00000e+00    7.10213851E+10
    -1.13562950588570e-04    4.74849320066102e-03    3.48338697751117e-04    1.3012417E+03    66.62    66.62    0.0257853745363837    0.00000e+00    0.00000e+00    7.10716124E+10
    -1.13973170836704e-04    4.76229652490136e-03    3.49397782933774e-04    1.2940962E+03    66.46    66.46    0.0256645090047964    0.00000e+00    0.00000e+00    7.11218397E+10
    -1.14382319646603e-04    4.77609980066034e-03    3.50457440196575e-04    1.2870088E+03    66.30    66.30    0.0255433901794416    0.00000e+00    0.00000e+00    7.11720670E+10
    -1.14790401866403e-04    4.78990302793794e-03    3.51517674387657e-04    1.2799780E+03    66.14    66.14    0.0254249096246475    0.00000e+00    0.00000e+00    7.12222942E+10
    -1.15197436888652e-04    4.80370620673418e-03    3.52578480658882e-04    1.2730033E+03    65.98    65.98    0.0252618203813359    0.00000e+00    0.00000e+00    7.12725215E+10
    -1.15603434409624e-04    4.81750938553042e-03    3.53639859010251e-04    1.2660842E+03    65.82    65.82    0.0252018287917123    0.00000e+00    0.00000e+00    7.13227488E+10
    -1.16008413821865e-04    4.83131251584529e-03    3.54701809441764e-04    1.2592205E+03    65.67    65.67    0.0250917875920954    0.00000e+00    0.00000e+00    7.13729761E+10
    -1.16412384821650e-04    4.84511554919742e-03    3.55764331953421e-04    1.2524105E+03    65.51    65.51    0.0250788364327586    0.00000e+00    0.00000e+00    7.14232034E+10
    -1.16815366801525e-04    4.85891858254955e-03    3.56827431393358e-04    1.2456547E+03    65.36    65.36    0.0251169254401280    0.00000e+00    0.00000e+00    7.14734307E+10
    -1.17217374305901e-04    4.87272171286442e-03    3.57891098065302e-04    1.2389516E+03    65.20    65.20    0.0250535620135405    0.00000e+00    0.00000e+00    7.15236580E+10
    -1.17618412182915e-04    4.88652435836561e-03    3.58955336817389e-04    1.2323011E+03    65.05    65.05    0.0249813047002494    0.00000e+00    0.00000e+00    7.15738853E+10
    -1.18018494976977e-04    4.90032700386680e-03    3.60020142801484e-04    1.2257022E+03    64.89    64.89    0.0248667476243818    0.00000e+00    0.00000e+00    7.16241125E+10
    -1.18417637232497e-04    4.91413013418167e-03    3.61085516017585e-04    1.2191548E+03    64.74    64.74    0.0247765075670002    0.00000e+00    0.00000e+00    7.16743398E+10
    -1.18815858342024e-04    4.92793277968286e-03    3.62151456465693e-04    1.2126581E+03    64.59    64.59    0.0246636860968556    0.00000e+00    0.00000e+00    7.17245671E+10
    -1.19213163153693e-04    4.94173542518405e-03    3.63217954449535e-04    1.2062115E+03    64.44    64.44    0.0245451482545951    0.00000e+00    0.00000e+00    7.17747944E+10
    -1.19609571060052e-04    4.95553758587156e-03    3.64285014817247e-04    1.1998143E+03    64.29    64.29    0.0243661565511588    0.00000e+00    0.00000e+00    7.18250217E+10
    -1.20005101453649e-04    4.96934023137274e-03    3.65352632720692e-04    1.1934663E+03    64.14    64.14    0.0243045556189174    0.00000e+00    0.00000e+00    7.18752490E+10
    -1.20399764030756e-04    4.98314239206025e-03    3.66420803311733e-04    1.1871664E+03    63.99    63.99    0.0241910050646531    0.00000e+00    0.00000e+00    7.19254763E+10
    -1.20793578183921e-04    4.99694455274776e-03    3.67489526590371e-04    1.1809148E+03    63.84    63.84    0.0242817234245807    0.00000e+00    0.00000e+00    7.19757036E+10
    -1.21186553609418e-04    5.01074671343527e-03    3.68558797708468e-04    1.1747103E+03    63.69    63.69    0.0242480380815147    0.00000e+00    0.00000e+00    7.20259308E+10
    -1.21578714547931e-04    5.02454887412277e-03    3.69628616666026e-04    1.1685526E+03    63.55    63.55    0.0241904453845830    0.00000e+00    0.00000e+00    7.20761581E+10
    -1.21970060999459e-04    5.03835054999660e-03    3.70698973766769e-04    1.1624414E+03    63.40    63.40    0.0240918568929348    0.00000e+00    0.00000e+00    7.21263854E+10
    -1.22360622052824e-04    5.05215222587043e-03    3.71769873858835e-04    1.1563759E+03    63.26    63.26    0.0240031027437676    0.00000e+00    0.00000e+00    7.21766127E+10
    -1.22750397708026e-04    5.06595390174425e-03    3.72841307245950e-04    1.1503557E+03    63.11    63.11    0.0239174665170609    0.00000e+00    0.00000e+00    7.22268400E+10
    -1.23139407357611e-04    5.07975557761808e-03    3.73913273928114e-04    1.1443805E+03    62.97    62.97    0.0238186338827149    0.00000e+00    0.00000e+00    7.22770673E+10
    -1.23527665545991e-04    5.09355676867822e-03    3.74985764209055e-04    1.1384493E+03    62.82    62.82    0.0236228167443692    0.00000e+00    0.00000e+00    7.23272946E+10
    -1.23915191665713e-04    5.10735795973837e-03    3.76058778088770e-04    1.1325620E+03    62.68    62.68    0.0235254455134880    0.00000e+00    0.00000e+00    7.23775219E+10
    -1.24301995413049e-04    5.12115915079851e-03    3.77132310719125e-04    1.1267181E+03    62.54    62.54    0.0234851071501585    0.00000e+00    0.00000e+00    7.24277492E+10
    -1.24688096180548e-04    5.13496034185866e-03    3.78206352403844e-04    1.1209173E+03    62.39    62.39    0.0234805262144311    0.00000e+00    0.00000e+00    7.24779764E+10
    -1.25073513360756e-04    5.14876104810512e-03    3.79280907991066e-04    1.1151588E+03    62.25    62.25    0.0234568873228190    0.00000e+00    0.00000e+00    7.25282037E+10
    -1.25458256649948e-04    5.16256175435159e-03    3.80355962936379e-04    1.1094424E+03    62.11    62.11    0.0234202822585204    0.00000e+00    0.00000e+00    7.25784310E+10
    -1.25842335744397e-04    5.17636197578437e-03    3.81431522087921e-04    1.1037673E+03    61.97    61.97    0.0233566701666679    0.00000e+00    0.00000e+00    7.26286583E+10
    -1.26225774884786e-04    5.19016219721715e-03    3.82507575749417e-04    1.0981336E+03    61.83    61.83    0.0232654672535314    0.00000e+00    0.00000e+00    7.26788856E+10
    -1.26608583767390e-04    5.20396241864994e-03    3.83584123920868e-04    1.0925403E+03    61.69    61.69    0.0231889598966778    0.00000e+00    0.00000e+00    7.27291129E+10
    -1.26990772088482e-04    5.21776215526904e-03    3.84661152057863e-04    1.0869874E+03    61.55    61.55    0.0230978948188209    0.00000e+00    0.00000e+00    7.27793402E+10
    -1.27372359240610e-04    5.23156189188814e-03    3.85738665008539e-04    1.0814743E+03    61.42    61.42    0.0230111588394631    0.00000e+00    0.00000e+00    7.28295675E+10
    -1.27753359768184e-04    5.24536162850724e-03    3.86816653076623e-04    1.0760005E+03    61.28    61.28    0.0228284096083689    0.00000e+00    0.00000e+00    7.28797947E+10
    -1.28133788215613e-04    5.25916088031266e-03    3.87895111413978e-04    1.0705658E+03    61.14    61.14    0.0227234813892319    0.00000e+00    0.00000e+00    7.29300220E+10
    -1.28513668823584e-04    5.27296013211808e-03    3.88974044868740e-04    1.0651696E+03    61.01    61.01    0.0226927808996724    0.00000e+00    0.00000e+00    7.29802493E+10
    -1.28893011288368e-04    5.28675938392350e-03    3.90053443744636e-04    1.0598116E+03    60.87    60.87    0.0226801661933463    0.00000e+00    0.00000e+00    7.30304766E+10
    -1.29271830154376e-04    5.30055815091524e-03    3.91133298345392e-04    1.0544914E+03    60.73    60.73    0.0226787788340943    0.00000e+00    0.00000e+00    7.30807039E+10
    -1.29650144814157e-04    5.31435643309330e-03    3.92213618367282e-04    1.0492085E+03    60.60    60.60    0.0226513397336680    0.00000e+00    0.00000e+00    7.31309312E+10
    -1.30027964963982e-04    5.32815471527136e-03    3.93294389265895e-04    1.0439627E+03    60.47    60.47    0.0225995244057540    0.00000e+00    0.00000e+00    7.31811585E+10
    -1.30405309996400e-04    5.34195299744942e-03    3.94375611041232e-04    1.0387534E+03    60.33    60.33    0.0224918481445219    0.00000e+00    0.00000e+00    7.32313858E+10
    -1.30782189607684e-04    5.35575079481380e-03    3.95457273997019e-04    1.0335802E+03    60.20    60.20    0.0224176469317638    0.00000e+00    0.00000e+00    7.32816130E+10
    -1.31158623190382e-04    5.36954859217817e-03    3.96539382981392e-04    1.0284430E+03    60.07    60.07    0.0223407654373803    0.00000e+00    0.00000e+00    7.33318403E+10
    -1.31534620440766e-04    5.38334590472887e-03    3.97621928298079e-04    1.0233411E+03    59.94    59.94    0.0222583016002902    0.00000e+00    0.00000e+00    7.33820676E+10
    -1.31910200751385e-04    5.39714273246589e-03    3.98704905098941e-04    1.0182741E+03    59.80    59.80    0.0220870610954907    0.00000e+00    0.00000e+00    7.34322949E+10
    -1.32285378666648e-04    5.41094004501658e-03    3.99788308535843e-04    1.0132422E+03    59.67    59.67    0.0219829344071322    0.00000e+00    0.00000e+00    7.34825222E+10
    -1.32660168730967e-04    5.42473638793991e-03    4.00872133760647e-04    1.0082444E+03    59.54    59.54    0.0219556489708031    0.00000e+00    0.00000e+00    7.35327495E+10
    -1.33034590336888e-04    5.43853273086325e-03    4.01956380773354e-04    1.0032806E+03    59.41    59.41    0.0219662477311938    0.00000e+00    0.00000e+00    7.35829768E+10
    -1.33408653180685e-04    5.45232907378658e-03    4.03041039877690e-04    9.9835075E+02    59.28    59.28    0.0219522575885395    0.00000e+00    0.00000e+00    7.36332041E+10
    -1.33782376654905e-04    5.46612493189624e-03    4.04126111073655e-04    9.9345400E+02    59.15    59.15    0.0219184795022112    0.00000e+00    0.00000e+00    7.36834314E+10
    -1.34155770455822e-04    5.47992030519221e-03    4.05211589513112e-04    9.8859012E+02    59.03    59.03    0.0218784009548123    0.00000e+00    0.00000e+00    7.37336586E+10
    -1.34528849127846e-04    5.49371567848818e-03    4.06297465499788e-04    9.8375882E+02    58.90    58.90    0.0217453818857635    0.00000e+00    0.00000e+00    7.37838859E+10
    -1.34901632063525e-04    5.50751056697047e-03    4.07383743881818e-04    9.7896006E+02    58.77    58.77    0.0216907947218236    0.00000e+00    0.00000e+00    7.38341132E+10
    -1.35274124110995e-04    5.52130545545276e-03    4.08470410114794e-04    9.7419312E+02    58.64    58.64    0.0216153235069016    0.00000e+00    0.00000e+00    7.38843405E+10
    -1.35646344662803e-04    5.53509985912137e-03    4.09557464198715e-04    9.6945795E+02    58.52    58.52    0.0215344677752582    0.00000e+00    0.00000e+00    7.39345678E+10
    -1.36018308263361e-04    5.54889377797630e-03    4.10644901285443e-04    9.6475385E+02    58.39    58.39    0.0213991018062657    0.00000e+00    0.00000e+00    7.39847951E+10
    -1.36390024608941e-04    5.56268769683123e-03    4.11732716526843e-04    9.6008099E+02    58.27    58.27    0.0212888654024324    0.00000e+00    0.00000e+00    7.40350224E+10
    -1.36761522788365e-04    5.57648113087248e-03    4.12820905074778e-04    9.5543869E+02    58.14    58.14    0.0212591617592159    0.00000e+00    0.00000e+00    7.40852497E+10
    -1.37132802801633e-04    5.59027456491372e-03    4.13909462081110e-04    9.5082691E+02    58.02    58.02    0.0212622981520907    0.00000e+00    0.00000e+00    7.41354769E+10
    -1.37503884041291e-04    5.60406751414129e-03    4.14998387545840e-04    9.4624519E+02    57.89    57.89    0.0212737731860281    0.00000e+00    0.00000e+00    7.41857042E+10
    -1.37874776203613e-04    5.61785997855518e-03    4.16087671772693e-04    9.4169306E+02    57.77    57.77    0.0212332292727378    0.00000e+00    0.00000e+00    7.42359315E+10
    -1.38245498681147e-04    5.63165195815538e-03    4.17177309913534e-04    9.3717050E+02    57.65    57.65    0.0210851963425450    0.00000e+00    0.00000e+00    7.42861588E+10
    -1.38616061170166e-04    5.64544393775558e-03    4.18267301968362e-04    9.3267727E+02    57.52    57.52    0.0210511059809921    0.00000e+00    0.00000e+00    7.43363861E+10
    -1.38986478215081e-04    5.65923591735579e-03    4.19357638240904e-04    9.2821272E+02    57.40    57.40    0.0209983312701077    0.00000e+00    0.00000e+00    7.43866134E+10
    -1.39356759512165e-04    5.67302692732863e-03    4.20448318731159e-04    9.2377682E+02    57.28    57.28    0.0209332200585134    0.00000e+00    0.00000e+00    7.44368407E+10
    -1.39726919605829e-04    5.68681793730147e-03    4.21539333742855e-04    9.1936935E+02    57.16    57.16    0.0208797815838282    0.00000e+00    0.00000e+00    7.44870680E+10
    -1.40096968192347e-04    5.70060894727431e-03    4.22630683275990e-04    9.1498986E+02    57.04    57.04    0.0207545770433607    0.00000e+00    0.00000e+00    7.45372952E+10
    -1.40466929512401e-04    5.71439898761979e-03    4.23722362482428e-04    9.1063795E+02    56.92    56.92    0.0206467532198876    0.00000e+00    0.00000e+00    7.45875225E+10
    -1.40836808414130e-04    5.72818902796527e-03    4.24814366514033e-04    9.0631380E+02    56.80    56.80    0.0205963752749223    0.00000e+00    0.00000e+00    7.46377498E+10
    -1.41206619441944e-04    5.74197858349707e-03    4.25906690522667e-04    9.0201658E+02    56.68    56.68    0.0205912681181877    0.00000e+00    0.00000e+00    7.46879771E+10
    -1.41576377140252e-04    5.75576813902887e-03    4.26999329660194e-04    8.9774648E+02    56.56    56.56    0.0205970691982320    0.00000e+00    0.00000e+00    7.47382044E+10
    -1.41946096053467e-04    5.76955720974699e-03    4.28092283926614e-04    8.9350310E+02    56.44    56.44    0.0205829601548957    0.00000e+00    0.00000e+00    7.47884317E+10
    -1.42315781029723e-04    5.78334579565142e-03    4.29185543625653e-04    8.8928584E+02    56.32    56.32    0.0204164459951855    0.00000e+00    0.00000e+00    7.48386590E+10
    -1.42685451461569e-04    5.79713389674218e-03    4.30279108757311e-04    8.8509508E+02    56.20    56.20    0.0203875557719390    0.00000e+00    0.00000e+00    7.48888863E+10
    -1.43055107349005e-04    5.81092199783293e-03    4.31372969625314e-04    8.8093003E+02    56.09    56.09    0.0203476507369880    0.00000e+00    0.00000e+00    7.49391135E+10
    -1.43424772932714e-04    5.82470961411001e-03    4.32467131077800e-04    8.7679050E+02    55.97    55.97    0.0202836533932264    0.00000e+00    0.00000e+00    7.49893408E+10
    -1.43794453060833e-04    5.83849674557340e-03    4.33561578570357e-04    8.7267649E+02    55.85    55.85    0.0202425454037798    0.00000e+00    0.00000e+00    7.50395681E+10
    -1.44164162277774e-04    5.85228387703679e-03    4.34656316951124e-04    8.6858780E+02    55.74    55.74    0.0201261289264093    0.00000e+00    0.00000e+00    7.50897954E+10
    -1.44533915127946e-04    5.86607052368650e-03    4.35751336523825e-04    8.6452387E+02    55.62    55.62    0.0200234543968649    0.00000e+00    0.00000e+00    7.51400227E+10
    -1.44903716459486e-04    5.87985668552253e-03    4.36846637288461e-04    8.6048450E+02    55.51    55.51    0.0199793350740630    0.00000e+00    0.00000e+00    7.51902500E+10
    -1.45273590513078e-04    5.89364236254489e-03    4.37942214396896e-04    8.5646971E+02    55.39    55.39    0.0199523825583017    0.00000e+00    0.00000e+00    7.52404773E+10
    -1.45643532440585e-04    5.90742803956724e-03    4.39038063000991e-04    8.5247911E+02    55.28    55.28    0.0199833128309862    0.00000e+00    0.00000e+00    7.52907046E+10
    -1.46013566482692e-04    5.92121323177590e-03    4.40134178252612e-04    8.4851236E+02    55.16    55.16    0.0199672944980294    0.00000e+00    0.00000e+00    7.53409319E+10
    -1.46383697487535e-04    5.93499793917089e-03    4.41230560151757e-04    8.4456964E+02    55.05    55.05    0.0197919616023917    0.00000e+00    0.00000e+00    7.53911591E+10
    -1.46753930303251e-04    5.94878264656588e-03    4.42327203850290e-04    8.4065023E+02    54.94    54.94    0.0197638475404546    0.00000e+00    0.00000e+00    7.54413864E+10
    -1.47124284322388e-04    5.96256638433350e-03    4.43424104500074e-04    8.3675414E+02    54.82    54.82    0.0197179108589301    0.00000e+00    0.00000e+00    7.54916137E+10
    -1.47494764393081e-04    5.97635012210113e-03    4.44521257252972e-04    8.3288119E+02    54.71    54.71    0.0196717846175675    0.00000e+00    0.00000e+00    7.55418410E+10
    -1.47865385059742e-04    5.99013337505507e-03    4.45618662108985e-04    8.2903123E+02    54.60    54.60    0.0196348655127951    0.00000e+00    0.00000e+00    7.55920683E+10
    -1.48236151170507e-04    6.00391662800902e-03    4.46716314219974e-04    8.2520390E+02    54.49    54.49    0.0195552134929929    0.00000e+00    0.00000e+00    7.56422956E+10
    -1.48607077269788e-04    6.01769939614928e-03    4.47814208737804e-04    8.2139887E+02    54.37    54.37    0.0194477624023355    0.00000e+00    0.00000e+00    7.56925229E+10
    -1.48978177901993e-04    6.03148167947586e-03    4.48912345662475e-04    8.1761634E+02    54.26    54.26    0.0193676316364819    0.00000e+00    0.00000e+00    7.57427502E+10
    -1.49349457915260e-04    6.04526347798876e-03    4.50010720145850e-04    8.1385578E+02    54.15    54.15    0.0193564472627140    0.00000e+00    0.00000e+00    7.57929774E+10
    -1.49720927005863e-04    6.05904479168798e-03    4.51109327339791e-04    8.1011705E+02    54.04    54.04    0.0193646588821604    0.00000e+00    0.00000e+00    7.58432047E+10
    -1.50092594870075e-04    6.07282610538720e-03    4.52208167244300e-04    8.0639999E+02    53.93    53.93    0.0193694871252372    0.00000e+00    0.00000e+00    7.58934320E+10
    -1.50464466356033e-04    6.08660693427274e-03    4.53307235011238e-04    8.0270446E+02    53.82    53.82    0.0191912133928293    0.00000e+00    0.00000e+00    7.59436593E+10
    -1.50836560856285e-04    6.10038776315828e-03    4.54406525792470e-04    7.9903029E+02    53.71    53.71    0.0191599809563704    0.00000e+00    0.00000e+00    7.59938866E+10
    -1.51208873522693e-04    6.11416762241646e-03    4.55506039587995e-04    7.9537717E+02    53.60    53.60    0.0191265062795527    0.00000e+00    0.00000e+00    7.60441139E+10
    -1.51581423747805e-04    6.12794748167463e-03    4.56605776397813e-04    7.9174495E+02    53.50    53.50    0.0190719119757072    0.00000e+00    0.00000e+00    7.60943412E+10
    -1.51954216379757e-04    6.14172685611913e-03    4.57705726525652e-04    7.8813350E+02    53.39    53.39    0.0190635864162942    0.00000e+00    0.00000e+00    7.61445685E+10
    -1.52327261114824e-04    6.15550574574994e-03    4.58805889971509e-04    7.8454266E+02    53.28    53.28    0.0189946224747860    0.00000e+00    0.00000e+00    7.61947957E+10
    -1.52700572497415e-04    6.16928463538076e-03    4.59906261887250e-04    7.8097214E+02    53.17    53.17    0.0189072433657208    0.00000e+00    0.00000e+00    7.62450230E+10
    -1.53074150527531e-04    6.18306304019789e-03    4.61006847121011e-04    7.7742194E+02    53.07    53.07    0.0188340841797350    0.00000e+00    0.00000e+00    7.62952503E+10
    -1.53448004901445e-04    6.19684096020134e-03    4.62107631128380e-04    7.7389195E+02    52.96    52.96    0.0187860520470839    0.00000e+00    0.00000e+00    7.63454776E+10
    -1.53822150163567e-04    6.21061839539111e-03    4.63208623605633e-04    7.7038169E+02    52.85    52.85    0.0187807246684881    0.00000e+00    0.00000e+00    7.63957049E+10
    -1.54196586313899e-04    6.22439583058088e-03    4.64309814856494e-04    7.6689135E+02    52.75    52.75    0.0186711031591678    0.00000e+00    0.00000e+00    7.64459322E+10
    -1.54571327896849e-04    6.23817278095697e-03    4.65411204880965e-04    7.6342048E+02    52.64    52.64    0.0186376947725244    0.00000e+00    0.00000e+00    7.64961595E+10
    -1.54946374912419e-04    6.25194924651938e-03    4.66512793679046e-04    7.5996926E+02    52.53    52.53    0.0186100891090329    0.00000e+00    0.00000e+00    7.65463868E+10
    -1.55321737056881e-04    6.26572571208179e-03    4.67614571554462e-04    7.5653710E+02    52.43    52.43    0.0185656065790604    0.00000e+00    0.00000e+00    7.65966140E+10
    -1.55697424026510e-04    6.27950169283052e-03    4.68716538507213e-04    7.5312432E+02    52.32    52.32    0.0185679140039826    0.00000e+00    0.00000e+00    7.66468413E+10
    -1.56073440669441e-04    6.29327718876556e-03    4.69818699385437e-04    7.4973034E+02    52.22    52.22    0.0184908994927346    0.00000e+00    0.00000e+00    7.66970686E+10
    -1.56449796681950e-04    6.30705219988693e-03    4.70921044492860e-04    7.4635534E+02    52.12    52.12    0.0184280343916064    0.00000e+00    0.00000e+00    7.67472959E+10
    -1.56826496912172e-04    6.32082721100829e-03    4.72023573829482e-04    7.4299904E+02    52.01    52.01    0.0183557961769176    0.00000e+00    0.00000e+00    7.67975232E+10
    -1.57203555904518e-04    6.33460173731598e-03    4.73126282547165e-04    7.3966116E+02    51.91    51.91    0.0182763671229386    0.00000e+00    0.00000e+00    7.68477505E+10
    -1.57580968810851e-04    6.34837577880998e-03    4.74229175494048e-04    7.3634189E+02    51.81    51.81    0.0182209081738695    0.00000e+00    0.00000e+00    7.68979778E+10
    -1.57958755023719e-04    6.36214982030398e-03    4.75332242973855e-04    7.3304079E+02    51.70    51.70    0.0182047954291525    0.00000e+00    0.00000e+00    7.69482051E+10
    -1.58336904846848e-04    6.37592289217062e-03    4.76435489834725e-04    7.2975791E+02    51.60    51.60    0.0181503600811491    0.00000e+00    0.00000e+00    7.69984324E+10
    -1.58715437672785e-04    6.38969644885095e-03    4.77538911228520e-04    7.2649312E+02    51.50    51.50    0.0181139169827723    0.00000e+00    0.00000e+00    7.70486596E+10
    -1.59094353501529e-04    6.40346903590391e-03    4.78642507155240e-04    7.2324615E+02    51.40    51.40    0.0180752953963078    0.00000e+00    0.00000e+00    7.70988869E+10
    -1.59473657181219e-04    6.41724162295687e-03    4.79746267918612e-04    7.2001689E+02    51.29    51.29    0.0180234745982596    0.00000e+00    0.00000e+00    7.71491142E+10
    -1.59853358408127e-04    6.43101372519614e-03    4.80850203214908e-04    7.1680523E+02    51.19    51.19    0.0180504451931157    0.00000e+00    0.00000e+00    7.71993415E+10
    -1.60233457182254e-04    6.44478534262174e-03    4.81954303347857e-04    7.1361119E+02    51.09    51.09    0.0179840560923726    0.00000e+00    0.00000e+00    7.72495688E+10
    -1.60613968048009e-04    6.45855696004734e-03    4.83058563469320e-04    7.1043452E+02    50.99    50.99    0.0179243986695027    0.00000e+00    0.00000e+00    7.72997961E+10
    -1.60994891005394e-04    6.47232809265926e-03    4.84162993275572e-04    7.0727509E+02    50.89    50.89    0.0178594716374724    0.00000e+00    0.00000e+00    7.73500234E+10
    -1.61376235750681e-04    6.48609922527117e-03    4.85267563677791e-04    7.0413281E+02    50.79    50.79    0.0177832773703974    0.00000e+00    0.00000e+00    7.74002507E+10
    -1.61758002283871e-04    6.49986987306941e-03    4.86372357094303e-04    7.0100756E+02    50.69    50.69    0.0177231307150898    0.00000e+00    0.00000e+00    7.74504779E+10
    -1.62140200301237e-04    6.51364003605396e-03    4.87477247473552e-04    6.9789924E+02    50.59    50.59    0.0176960527351910    0.00000e+00    0.00000e+00    7.75007052E+10
    -1.62522829802779e-04    6.52740971422483e-03    4.88582331778273e-04    6.9480772E+02    50.49    50.49    0.0176398771874650    0.00000e+00    0.00000e+00    7.75509325E+10
    -1.62905895636634e-04    6.54117939239571e-03    4.89687513045730e-04    6.9173291E+02    50.39    50.39    0.0176028609851294    0.00000e+00    0.00000e+00    7.76011598E+10
    -1.63289402650939e-04    6.55494858575290e-03    4.90792888238660e-04    6.8867456E+02    50.30    50.30    0.0175671181011388    0.00000e+00    0.00000e+00    7.76513871E+10
    -1.63673360541967e-04    6.56871777911009e-03    4.91898457357062e-04    6.8563284E+02    50.20    50.20    0.0175285015344862    0.00000e+00    0.00000e+00    7.77016144E+10
    -1.64057764461582e-04    6.58248648765360e-03    4.93004123438201e-04    6.8260737E+02    50.10    50.10    0.0175676119445774    0.00000e+00    0.00000e+00    7.77518417E+10
    -1.64442628954194e-04    6.59625471138343e-03    4.94109934963443e-04    6.7959831E+02    50.00    50.00    0.0175077589943558    0.00000e+00    0.00000e+00    7.78020690E+10
    -1.64827954019803e-04    6.61002293511326e-03    4.95215940414158e-04    6.7660530E+02    49.91    49.91    0.0174479038554743    0.00000e+00    0.00000e+00    7.78522962E+10
    -1.65213739658409e-04    6.62379067402941e-03    4.96322042827610e-04    6.7362836E+02    49.81    49.81    0.0173888851646948    0.00000e+00    0.00000e+00    7.79025235E+10
    -1.65599995566286e-04    6.63755792813188e-03    4.97428339166534e-04    6.7066740E+02    49.71    49.71    0.0173221193823991    0.00000e+00    0.00000e+00    7.79527508E+10
    -1.65986726591570e-04    6.65132518223434e-03    4.98534732468194e-04    6.6772230E+02    49.62    49.62    0.0172637009203203    0.00000e+00    0.00000e+00    7.80029781E+10
    -1.66373932734262e-04    6.66509195152313e-03    4.99641319695326e-04    6.6479284E+02    49.52    49.52    0.0172180934527138    0.00000e+00    0.00000e+00    7.80532054E+10
    -1.66761618842498e-04    6.67885872081192e-03    5.00748003885195e-04    6.6187919E+02    49.42    49.42    0.0171644426668687    0.00000e+00    0.00000e+00    7.81034327E+10
    -1.67149784916278e-04    6.69262500528702e-03    5.01854882000536e-04    6.5898110E+02    49.33    49.33    0.0171235128850467    0.00000e+00    0.00000e+00    7.81536600E+10
    -1.67538435803740e-04    6.70639128976213e-03    5.02961857078614e-04    6.5609848E+02    49.23    49.23    0.0170727132400624    0.00000e+00    0.00000e+00    7.82038873E+10
    -1.67927576353019e-04    6.72015708942355e-03    5.04068977600795e-04    6.5323124E+02    49.14    49.14    0.0171573365066568    0.00000e+00    0.00000e+00    7.82541145E+10
    -1.68317206564117e-04    6.73392240427130e-03    5.05176243567081e-04    6.5037927E+02    49.05    49.05    0.0170946220022465    0.00000e+00    0.00000e+00    7.83043418E+10
    -1.68707331285169e-04    6.74768771911904e-03    5.06283654977472e-04    6.4754248E+02    48.95    48.95    0.0170463093045105    0.00000e+00    0.00000e+00    7.83545691E+10
    -1.69097955364312e-04    6.76145254915310e-03    5.07391163350598e-04    6.4472078E+02    48.86    48.86    0.0169856202594656    0.00000e+00    0.00000e+00    7.84047964E+10
    -1.69489083649684e-04    6.77521737918716e-03    5.08498865649197e-04    6.4191418E+02    48.76    48.76    0.0169314438715323    0.00000e+00    0.00000e+00    7.84550237E+10
    -1.69880711293148e-04    6.78898172440754e-03    5.09606664910533e-04    6.3912261E+02    48.67    48.67    0.0168752843103996    0.00000e+00    0.00000e+00    7.85052510E+10
    -1.70272847990976e-04    6.80274606962792e-03    5.10714609615972e-04    6.3634570E+02    48.58    48.58    0.0168189753658003    0.00000e+00    0.00000e+00    7.85554783E+10
    -1.70665493743170e-04    6.81650993003462e-03    5.11822699765516e-04    6.3358375E+02    48.49    48.49    0.0167663192550328    0.00000e+00    0.00000e+00    7.86057056E+10
    -1.71058648549729e-04    6.83027379044132e-03    5.12930886877796e-04    6.3083641E+02    48.39    48.39    0.0167004889819046    0.00000e+00    0.00000e+00    7.86559329E+10
    -1.71452312410653e-04    6.84403716603434e-03    5.14039219434181e-04    6.2810370E+02    48.30    48.30    0.0166546048152700    0.00000e+00    0.00000e+00    7.87061601E+10
    -1.71846490174079e-04    6.85780005681368e-03    5.15147697434670e-04    6.2538542E+02    48.21    48.21    0.0166126959442094    0.00000e+00    0.00000e+00    7.87563874E+10
    -1.72241186688144e-04    6.87156294759302e-03    5.16256272397895e-04    6.2268172E+02    48.12    48.12    0.0167045289665684    0.00000e+00    0.00000e+00    7.88066147E+10
    -1.72636397104711e-04    6.88532583837235e-03    5.17364992805224e-04    6.1999238E+02    48.03    48.03    0.0166544188120286    0.00000e+00    0.00000e+00    7.88568420E+10
    -1.73032131120053e-04    6.89908824433801e-03    5.18473858656658e-04    6.1731731E+02    47.94    47.94    0.0165992500186509    0.00000e+00    0.00000e+00    7.89070693E+10
    -1.73428383886035e-04    6.91285065030367e-03    5.19582821470828e-04    6.1465642E+02    47.85    47.85    0.0165476532655990    0.00000e+00    0.00000e+00    7.89572966E+10
    -1.73825165098928e-04    6.92661257145564e-03    5.20691929729102e-04    6.1200974E+02    47.75    47.75    0.0164945394462841    0.00000e+00    0.00000e+00    7.90075239E+10
    -1.74222465062461e-04    6.94037449260762e-03    5.21801134950113e-04    6.0937718E+02    47.66    47.66    0.0164477537372906    0.00000e+00    0.00000e+00    7.90577512E+10
    -1.74620298321043e-04    6.95413592894591e-03    5.22910485615228e-04    6.0675853E+02    47.58    47.58    0.0163976420674660    0.00000e+00    0.00000e+00    7.91079784E+10
    -1.75018655178400e-04    6.96789688047052e-03    5.24019981724447e-04    6.0415394E+02    47.49    47.49    0.0163179310830742    0.00000e+00    0.00000e+00    7.91582057E+10
    -1.75417540482669e-04    6.98165831680882e-03    5.25129574796402e-04    6.0156307E+02    47.40    47.40    0.0162720951876819    0.00000e+00    0.00000e+00    7.92084330E+10
    -1.75816954233852e-04    6.99541926833343e-03    5.26239313312462e-04    5.9898609E+02    47.31    47.31    0.0162223016622954    0.00000e+00    0.00000e+00    7.92586603E+10
    -1.76216896431946e-04    7.00917973504436e-03    5.27349148791258e-04    5.9642277E+02    47.22    47.22    0.0161979206772642    0.00000e+00    0.00000e+00    7.93088876E+10
    -1.76617371925090e-04    7.02294020175530e-03    5.28459129714158e-04    5.9387316E+02    47.13    47.13    0.0162652225894575    0.00000e+00    0.00000e+00    7.93591149E+10
    -1.77018375865146e-04    7.03670066846623e-03    5.29569207599795e-04    5.9133715E+02    47.04    47.04    0.0162299883993359    0.00000e+00    0.00000e+00    7.94093422E+10
    -1.77419913100251e-04    7.05046065036348e-03    5.30679382448167e-04    5.8881467E+02    46.96    46.96    0.0161807564901021    0.00000e+00    0.00000e+00    7.94595695E+10
    -1.77821988478543e-04    7.06422014744705e-03    5.31789702740644e-04    5.8630551E+02    46.87    46.87    0.0161259272192209    0.00000e+00    0.00000e+00    7.95097967E+10
    -1.78224592303746e-04    7.07798012934430e-03    5.32900168477226e-04    5.8380981E+02    46.78    46.78    0.0160748340274126    0.00000e+00    0.00000e+00    7.95600240E+10
    -1.78627734272136e-04    7.09173962642787e-03    5.34010731176543e-04    5.8132748E+02    46.69    46.69    0.0160269119592625    0.00000e+00    0.00000e+00    7.96102513E+10
    -1.79031414383712e-04    7.10549863869776e-03    5.35121390838597e-04    5.7885833E+02    46.61    46.61    0.0159812841349921    0.00000e+00    0.00000e+00    7.96604786E+10
    -1.79435622942200e-04    7.11925765096765e-03    5.36232195944756e-04    5.7640249E+02    46.52    46.52    0.0158956947215510    0.00000e+00    0.00000e+00    7.97107059E+10
    -1.79840369643875e-04    7.13301666323754e-03    5.37343098013650e-04    5.7395966E+02    46.44    46.44    0.0158548671804485    0.00000e+00    0.00000e+00    7.97609332E+10
    -1.80245649640598e-04    7.14677519069374e-03    5.38454145526649e-04    5.7152996E+02    46.35    46.35    0.0158099882046759    0.00000e+00    0.00000e+00    7.98111605E+10
    -1.80651462932371e-04    7.16053371814995e-03    5.39565290002384e-04    5.6911321E+02    46.27    46.27    0.0158749167264407    0.00000e+00    0.00000e+00    7.98613878E+10
    -1.81057809519193e-04    7.17429224560616e-03    5.40676579922223e-04    5.6670943E+02    46.18    46.18    0.0158452435662931    0.00000e+00    0.00000e+00    7.99116151E+10
    -1.81464694249201e-04    7.18805028824868e-03    5.41787966804798e-04    5.6431843E+02    46.10    46.10    0.0158142996785373    0.00000e+00    0.00000e+00    7.99618423E+10
    -1.81872112274258e-04    7.20180833089121e-03    5.42899450650110e-04    5.6194033E+02    46.01    46.01    0.0157771745600201    0.00000e+00    0.00000e+00    8.00120696E+10
    -1.82280068442501e-04    7.21556637353374e-03    5.44011031458158e-04    5.5957494E+02    45.93    45.93    0.0157293823216458    0.00000e+00    0.00000e+00    8.00622969E+10
    -1.82688553057657e-04    7.22932393136258e-03    5.45122757710310e-04    5.5722229E+02    45.84    45.84    0.0156773821412775    0.00000e+00    0.00000e+00    8.01125242E+10
    -1.83097575815999e-04    7.24308148919143e-03    5.46234629406567e-04    5.5488230E+02    45.76    45.76    0.0156293463911587    0.00000e+00    0.00000e+00    8.01627515E+10
    -1.83507131869390e-04    7.25683904702027e-03    5.47346549584192e-04    5.5255477E+02    45.68    45.68    0.0155781210996585    0.00000e+00    0.00000e+00    8.02129788E+10
    -1.83917216369693e-04    7.27059612003544e-03    5.48458663687289e-04    5.5023983E+02    45.59    45.59    0.0155037530731633    0.00000e+00    0.00000e+00    8.02632061E+10
    -1.84327834165045e-04    7.28435319305060e-03    5.49570826271754e-04    5.4793740E+02    45.51    45.51    0.0154586500724270    0.00000e+00    0.00000e+00    8.03134334E+10
    -1.84738980407310e-04    7.29811026606577e-03    5.50683134300324e-04    5.4564728E+02    45.43    45.43    0.0154115285441595    0.00000e+00    0.00000e+00    8.03636606E+10
