    -1.96021380164893e-05    2.30903966927564e-05    2.81981536541544e-05    1.0579828E+07    679.73    679.73    1.4488034948411381    0.00000e+00    0.00000e+00    5.75102446E+10
    -3.39826067642534e-05    2.59898583647760e-05    3.56560206940467e-05    1.7393473E+07    2773.82    2773.82    1.0105141105142028    0.00000e+00    0.00000e+00    5.75604719E+10
    -4.53240384052750e-05    2.70368154483868e-05    4.13299406481759e-05    1.3373505E+07    2159.14    2159.14    0.8127375008494681    0.00000e+00    0.00000e+00    5.76106992E+10
    -5.64744233974912e-05    2.85947157312642e-05    4.63551803817943e-05    9.0687540E+06    1710.33    1710.33    0.6870166265537689    0.00000e+00    0.00000e+00    5.76609265E+10
    -6.67267492230937e-05    3.06202299602864e-05    4.99506638454714e-05    6.8546150E+06    1459.81    1459.81    0.5903103083683708    0.00000e+00    0.00000e+00    5.77111538E+10
    -7.58935966092391e-05    3.24930041238887e-05    5.28609082585725e-05    5.3297419E+06    1267.06    1267.06    0.5591701362401998    0.00000e+00    0.00000e+00    5.77613811E+10
    -8.43998514179152e-05    3.44100761983477e-05    5.48719881298671e-05    4.0513458E+06    1101.97    1101.97    0.5348547182837829    0.00000e+00    0.00000e+00    5.78116084E+10
    -9.20731042078457e-05    3.64089184027036e-05    5.57693103796855e-05    3.0336128E+06    960.00    960.00    0.5379381525260243    0.00000e+00    0.00000e+00    5.78618357E+10
    -9.86670793253005e-05    3.82787536257710e-05    5.55882712548855e-05    2.2823736E+06    842.66    842.66    0.5329253538309980    0.00000e+00    0.00000e+00    5.79120629E+10
    -1.04208683929581e-04    3.98191366207226e-05    5.45367200768326e-05    1.7535498E+06    750.31    750.31    0.5470073048704844    0.00000e+00    0.00000e+00    5.79622902E+10
    -1.08934521641480e-04    4.09813547633214e-05    5.28871754638151e-05    1.3898096E+06    678.70    678.70    0.5382004418438853    0.00000e+00    0.00000e+00    5.80125175E+10
    -1.13098208193859e-04    4.18423392581132e-05    5.08549965011186e-05    1.1491821E+06    629.55    629.55    0.5083417098245648    0.00000e+00    0.00000e+00    5.80627448E+10
    -1.17030764671905e-04    4.24828891531919e-05    4.87913094972869e-05    1.1012783E+06    740.59    740.59    0.4633415309976541    0.00000e+00    0.00000e+00    5.81129721E+10
    -1.21903796665525e-04    4.29218714577714e-05    4.83562614557296e-05    1.2945232E+06    1199.94    1199.94    0.4312463229840293    0.00000e+00    0.00000e+00    5.81631994E+10
    -1.28379966906607e-04    4.33857150079183e-05    5.04962731621921e-05    1.4007554E+06    1475.91    1475.91    0.4119792260495305    0.00000e+00    0.00000e+00    5.82134267E+10
    -1.35820916373097e-04    4.42050637037764e-05    5.41299565502449e-05    1.4044892E+06    1603.84    1603.84    0.3953207003269995    0.00000e+00    0.00000e+00    5.82636540E+10
    -1.43974726180017e-04    4.53179903546031e-05    5.81871440812941e-05    1.3563497E+06    1618.47    1618.47    0.3823658907029803    0.00000e+00    0.00000e+00    5.83138813E+10
    -1.52632005298496e-04    4.64941497994159e-05    6.19367658130474e-05    1.2281129E+06    1536.52    1536.52    0.3775766600078002    0.00000e+00    0.00000e+00    5.83641085E+10
    -1.61339418999738e-04    4.74849300673555e-05    6.50344149545814e-05    1.0586562E+06    1426.49    1426.49    0.3728166815335534    0.00000e+00    0.00000e+00    5.84143358E+10
    -1.69787515559228e-04    4.82182442121777e-05    6.74796309328991e-05    8.9978555E+05    1323.73    1323.73    0.3669621438093527    0.00000e+00    0.00000e+00    5.84645631E+10
    -1.77859474272366e-04    4.88032989396208e-05    6.94751870701245e-05    7.7191880E+05    1239.05    1239.05    0.3621101431310070    0.00000e+00    0.00000e+00    5.85147904E+10
    -1.85578129863532e-04    4.93591329768760e-05    7.12383623137205e-05    6.7120018E+05    1168.53    1168.53    0.3604169488798298    0.00000e+00    0.00000e+00    5.85650177E+10
    -1.93002251447151e-04    4.99448800182558e-05    7.28961730000009e-05    5.8773245E+05    1104.85    1104.85    0.3569593535877094    0.00000e+00    0.00000e+00    5.86152450E+10
    -2.00197138577931e-04    5.05767570813931e-05    7.44586935572592e-05    5.1563605E+05    1044.47    1044.47    0.3526001322067031    0.00000e+00    0.00000e+00    5.86654723E+10
    -2.07226490925432e-04    5.12502117658223e-05    7.58779710642970e-05    4.5269896E+05    987.21    987.21    0.3479459870679648    0.00000e+00    0.00000e+00    5.87156996E+10
    -2.14138072333519e-04    5.19545733224223e-05    7.71041181933279e-05    3.9779391E+05    933.49    933.49    0.3467701625686271    0.00000e+00    0.00000e+00    5.87659268E+10
    -2.20957922145003e-04    5.26809066350502e-05    7.81067856079146e-05    3.5006097E+05    883.46    883.46    0.3412445937991080    0.00000e+00    0.00000e+00    5.88161541E+10
    -2.27691319980871e-04    5.34245284035464e-05    7.88795737674664e-05    3.0882630E+05    837.43    837.43    0.3383585713139251    0.00000e+00    0.00000e+00    5.88663814E+10
    -2.34326785453155e-04    5.41826412529710e-05    7.94313644586212e-05    2.7428942E+05    797.16    797.16    0.3310464831768377    0.00000e+00    0.00000e+00    5.89166087E+10
    -2.40862733221118e-04    5.49548233954214e-05    7.97991683577950e-05    2.5051613E+05    777.90    777.90    0.3316619771182021    0.00000e+00    0.00000e+00    5.89668360E+10
    -2.47433907551150e-04    5.57743863789267e-05    8.01902336173883e-05    2.4850308E+05    850.60    850.60    0.3229462134327761    0.00000e+00    0.00000e+00    5.90170633E+10
    -2.54435063134959e-04    5.67181198424377e-05    8.11926537769977e-05    2.7592437E+05    1042.38    1042.38    0.3176953734396890    0.00000e+00    0.00000e+00    5.90672906E+10
    -2.62163725280503e-04    5.77655404079276e-05    8.33699229300397e-05    3.1497849E+05    1184.01    1184.01    0.3089597254700661    0.00000e+00    0.00000e+00    5.91175179E+10
    -2.70521690128538e-04    5.87974178468011e-05    8.67081172275931e-05    3.3857521E+05    1220.83    1220.83    0.3011402950224968    0.00000e+00    0.00000e+00    5.91677451E+10
    -2.79217696163864e-04    5.97673118565448e-05    9.08215189049669e-05    3.3968338E+05    1202.57    1202.57    0.2984592882837349    0.00000e+00    0.00000e+00    5.92179724E+10
    -2.88014417393303e-04    6.06371888038756e-05    9.53033159542055e-05    3.2832395E+05    1169.80    1169.80    0.2931504858572987    0.00000e+00    0.00000e+00    5.92681997E+10
    -2.96803182830235e-04    6.13835885547646e-05    9.98593379780219e-05    3.1232927E+05    1131.86    1131.86    0.2857614132137275    0.00000e+00    0.00000e+00    5.93184270E+10
    -3.05544261993494e-04    6.20083485530632e-05    1.04324282903705e-04    2.9362621E+05    1089.46    1089.46    0.2850127415476272    0.00000e+00    0.00000e+00    5.93686543E+10
    -3.14222834128846e-04    6.25404703531754e-05    1.08624643280925e-04    2.7294068E+05    1044.76    1044.76    0.2871393237383600    0.00000e+00    0.00000e+00    5.94188816E+10
    -3.22820413290633e-04    6.30195002070693e-05    1.12735960259470e-04    2.5165205E+05    1000.70    1000.70    0.2865204187861543    0.00000e+00    0.00000e+00    5.94691089E+10
    -3.31312419425221e-04    6.34850522406284e-05    1.16654331089207e-04    2.3102957E+05    959.04    959.04    0.2860582193049871    0.00000e+00    0.00000e+00    5.95193362E+10
    -3.39678010392460e-04    6.39648335557280e-05    1.20381787139460e-04    2.1164673E+05    919.80    919.80    0.2854771251925791    0.00000e+00    0.00000e+00    5.95695635E+10
    -3.47907412348539e-04    6.44757302128812e-05    1.23929420947253e-04    1.9370461E+05    882.79    882.79    0.2851820592606305    0.00000e+00    0.00000e+00    5.96197907E+10
    -3.56003776582384e-04    6.50285438609032e-05    1.27317386217309e-04    1.7730720E+05    848.16    848.16    0.2857114663200191    0.00000e+00    0.00000e+00    5.96700180E+10
    -3.63978864673900e-04    6.56291601378825e-05    1.30565962705909e-04    1.6250357E+05    816.04    816.04    0.2833914536574388    0.00000e+00    0.00000e+00    5.97202453E+10
    -3.71850125067469e-04    6.62794213358075e-05    1.33695658031765e-04    1.4928664E+05    786.53    786.53    0.2823103168300439    0.00000e+00    0.00000e+00    5.97704726E+10
    -3.79637052121209e-04    6.69781251167489e-05    1.36726078060139e-04    1.3758199E+05    759.54    759.54    0.2784266069198471    0.00000e+00    0.00000e+00    5.98206999E+10
    -3.87358083299413e-04    6.77222316989263e-05    1.39673822811474e-04    1.2727125E+05    734.86    734.86    0.2775095065703413    0.00000e+00    0.00000e+00    5.98709272E+10
    -3.95028674462234e-04    6.85076104697765e-05    1.42551545922847e-04    1.1824385E+05    712.49    712.49    0.2727568160534413    0.00000e+00    0.00000e+00    5.99211545E+10
    -4.02660975040521e-04    6.93292775446578e-05    1.45369399392739e-04    1.1045562E+05    692.75    692.75    0.2698985435403903    0.00000e+00    0.00000e+00    5.99713818E+10
    -4.10265393984008e-04    7.01813715261654e-05    1.48138747253836e-04    1.0395317E+05    676.34    676.34    0.2667270791204864    0.00000e+00    0.00000e+00    6.00216090E+10
    -4.17853372895568e-04    7.10572407705947e-05    1.50875903486507e-04    9.8820752E+04    664.75    664.75    0.2663595123087963    0.00000e+00    0.00000e+00    6.00718363E+10
    -4.25441298477623e-04    7.19500736457261e-05    1.53607101359038e-04    9.5098614E+04    659.27    659.27    0.2618743469195366    0.00000e+00    0.00000e+00    6.01220636E+10
    -4.33053794417037e-04    7.28534075851902e-05    1.56375261426616e-04    9.2754886E+04    660.72    660.72    0.2576438083040343    0.00000e+00    0.00000e+00    6.01722909E+10
    -4.40720521614820e-04    7.37632477242549e-05    1.59236806305450e-04    9.1622999E+04    668.38    668.38    0.2548403993806153    0.00000e+00    0.00000e+00    6.02225182E+10
    -4.48468299963810e-04    7.46766076106443e-05    1.62248207093114e-04    9.1387207E+04    679.53    679.53    0.2535274725756807    0.00000e+00    0.00000e+00    6.02727455E+10
    -4.56313467685062e-04    7.55919746256737e-05    1.65454890831530e-04    9.1642275E+04    690.94    690.94    0.2529239948672156    0.00000e+00    0.00000e+00    6.03229728E+10
    -4.64258070692310e-04    7.65095523910888e-05    1.68882203579945e-04    9.2005956E+04    700.10    700.10    0.2493184812310967    0.00000e+00    0.00000e+00    6.03732001E+10
    -4.72293265984009e-04    7.74310716917314e-05    1.72533456615801e-04    9.2183601E+04    705.73    705.73    0.2490945153809671    0.00000e+00    0.00000e+00    6.04234273E+10
    -4.80403025619863e-04    7.83601056044312e-05    1.76394066743571e-04    9.1995300E+04    707.55    707.55    0.2454391564077706    0.00000e+00    0.00000e+00    6.04736546E+10
    -4.88568078256048e-04    7.93016719507876e-05    1.80439482998443e-04    9.1373096E+04    705.92    705.92    0.2415735695793332    0.00000e+00    0.00000e+00    6.05238819E+10
    -4.96769574336642e-04    8.02592613893047e-05    1.84641411653987e-04    9.0317417E+04    701.41    701.41    0.2385442028906871    0.00000e+00    0.00000e+00    6.05741092E+10
    -5.04990220557640e-04    8.12344398681725e-05    1.88970826915116e-04    8.8864370E+04    694.65    694.65    0.2337513681936587    0.00000e+00    0.00000e+00    6.06243365E+10
    -5.13215714915448e-04    8.22269504361399e-05    1.93399071445139e-04    8.7062168E+04    686.19    686.19    0.2319778603542748    0.00000e+00    0.00000e+00    6.06745638E+10
    -5.21434567325826e-04    8.32349120161243e-05    1.97900202863981e-04    8.4959664E+04    676.50    676.50    0.2283583309886734    0.00000e+00    0.00000e+00    6.07247911E+10
    -5.29636790626941e-04    8.42562399092969e-05    2.02450213198151e-04    8.2597334E+04    665.83    665.83    0.2234417837848361    0.00000e+00    0.00000e+00    6.07750184E+10
    -5.37814385393057e-04    8.52896978407709e-05    2.07028308788869e-04    8.0011314E+04    654.17    654.17    0.2206625930556798    0.00000e+00    0.00000e+00    6.08252456E+10
    -5.45959837012114e-04    8.63348349338228e-05    2.11616682429625e-04    7.7232010E+04    641.66    641.66    0.2183897710728283    0.00000e+00    0.00000e+00    6.08754729E+10
    -5.54066164167106e-04    8.73909918418463e-05    2.16200212781708e-04    7.4293439E+04    628.44    628.44    0.2156052267124359    0.00000e+00    0.00000e+00    6.09257002E+10
    -5.62127306687019e-04    8.84556814706573e-05    2.20766706781036e-04    7.1232782E+04    614.71    614.71    0.2139123022197896    0.00000e+00    0.00000e+00    6.09759275E+10
    -5.70137689214519e-04    8.95252725657843e-05    2.25305479134079e-04    6.8090980E+04    600.69    600.69    0.2118475206316341    0.00000e+00    0.00000e+00    6.10261548E+10
    -5.78092754501005e-04    9.05955375519281e-05    2.29807211721885e-04    6.4912448E+04    586.57    586.57    0.2083036625018908    0.00000e+00    0.00000e+00    6.10763821E+10
    -5.85989545183021e-04    9.16620888652746e-05    2.34264326906618e-04    6.1745922E+04    572.56    572.56    0.2062777423843994    0.00000e+00    0.00000e+00    6.11266094E+10
    -5.93826315931316e-04    9.27206262084724e-05    2.38670459084646e-04    5.8644058E+04    558.85    558.85    0.2008409270153532    0.00000e+00    0.00000e+00    6.11768367E+10
    -6.01602727376313e-04    9.37672516795253e-05    2.43019552933091e-04    5.5656245E+04    545.63    545.63    0.1997047792671355    0.00000e+00    0.00000e+00    6.12270640E+10
    -6.09320670291368e-04    9.47986249121704e-05    2.47307715398094e-04    5.2824389E+04    533.07    533.07    0.1985343602547630    0.00000e+00    0.00000e+00    6.12772912E+10
    -6.16984023185931e-04    9.58121085199827e-05    2.51533724749180e-04    5.0182372E+04    521.34    521.34    0.1965080010132365    0.00000e+00    0.00000e+00    6.13275185E+10
    -6.24598022047756e-04    9.68057390075535e-05    2.55698511828614e-04    4.7758263E+04    510.63    510.63    0.1952675709984904    0.00000e+00    0.00000e+00    6.13777458E+10
    -6.32169357305644e-04    9.77780764782500e-05    2.59805523661671e-04    4.5574176E+04    501.15    501.15    0.1933573756565332    0.00000e+00    0.00000e+00    6.14279731E+10
    -6.39705592053019e-04    9.87280834307945e-05    2.63861140396394e-04    4.3640240E+04    493.04    493.04    0.1912788606877689    0.00000e+00    0.00000e+00    6.14782004E+10
    -6.47215355973406e-04    9.96550132521183e-05    2.67874525011354e-04    4.1955072E+04    486.37    486.37    0.1892927127267783    0.00000e+00    0.00000e+00    6.15284277E+10
    -6.54708005970849e-04    1.00558473243140e-04    2.71857526352920e-04    4.0507810E+04    481.14    481.14    0.1867781983301217    0.00000e+00    0.00000e+00    6.15786550E+10
    -6.62193820095389e-04    1.01438628240510e-04    2.75824562779967e-04    3.9279654E+04    477.26    477.26    0.1841346633998056    0.00000e+00    0.00000e+00    6.16288823E+10
    -6.69683561210746e-04    1.02295982450458e-04    2.79791807676897e-04    3.8245706E+04    474.52    474.52    0.1819199689420317    0.00000e+00    0.00000e+00    6.16791095E+10
    -6.77187507366959e-04    1.03131355208104e-04    2.83775841671604e-04    3.7377310E+04    472.66    472.66    0.1789765905627048    0.00000e+00    0.00000e+00    6.17293368E+10
    -6.84714433691657e-04    1.03945958547651e-04    2.87792372727355e-04    3.6644467E+04    471.38    471.38    0.1791506191707478    0.00000e+00    0.00000e+00    6.17795641E+10
    -6.92271176057744e-04    1.04741552342762e-04    2.91855014412317e-04    3.6017879E+04    470.39    470.39    0.1764248047105838    0.00000e+00    0.00000e+00    6.18297914E+10
    -6.99861516011931e-04    1.05520841853778e-04    2.95973656925583e-04    3.5469890E+04    469.43    469.43    0.1743281910416100    0.00000e+00    0.00000e+00    6.18800187E+10
    -7.07486471662949e-04    1.06287274105970e-04    3.00154190753380e-04    3.4975311E+04    468.31    468.31    0.1738281234822973    0.00000e+00    0.00000e+00    6.19302460E+10
    -7.15144346162915e-04    1.07044630646052e-04    3.04398952697651e-04    3.4512504E+04    466.91    466.91    0.1722313708177202    0.00000e+00    0.00000e+00    6.19804733E+10
    -7.22831648853324e-04    1.07796935427577e-04    3.08707264019241e-04    3.4063398E+04    465.17    465.17    0.1700387781119682    0.00000e+00    0.00000e+00    6.20307006E+10
    -7.30543095265052e-04    1.08548289974287e-04    3.13076312798801e-04    3.3613336E+04    463.05    463.05    0.1678507611747429    0.00000e+00    0.00000e+00    6.20809278E+10
    -7.38272625227086e-04    1.09302495225442e-04    3.17501672687421e-04    3.3150577E+04    460.56    460.56    0.1665827032709643    0.00000e+00    0.00000e+00    6.21311551E+10
    -7.46013936161570e-04    1.10062668533011e-04    3.21978068912253e-04    3.2666131E+04    457.69    457.69    0.1646745085367036    0.00000e+00    0.00000e+00    6.21813824E+10
    -7.53761307267069e-04    1.10830817025635e-04    3.26500764843629e-04    3.2153703E+04    454.48    454.48    0.1621756692845053    0.00000e+00    0.00000e+00    6.22316097E+10
    -7.61509454074457e-04    1.11608574525418e-04    3.31065334132644e-04    3.1610031E+04    450.95    450.95    0.1602700117760213    0.00000e+00    0.00000e+00    6.22818370E+10
    -7.69253722372396e-04    1.12397473043593e-04    3.35667025605221e-04    3.1035398E+04    447.15    447.15    0.1580342917731488    0.00000e+00    0.00000e+00    6.23320643E+10
    -7.76990233651438e-04    1.13199136705992e-04    3.40300952339455e-04    3.0432669E+04    443.11    443.11    0.1559420496027566    0.00000e+00    0.00000e+00    6.23822916E+10
    -7.84715885104023e-04    1.14015538704296e-04    3.44962726771532e-04    2.9806500E+04    438.86    438.86    0.1542002174738002    0.00000e+00    0.00000e+00    6.24325189E+10
    -7.92428155699009e-04    1.14848695863420e-04    3.49647985578321e-04    2.9163011E+04    434.45    434.45    0.1534223809821871    0.00000e+00    0.00000e+00    6.24827461E+10
    -8.00125348588513e-04    1.15700353512615e-04    3.54352098789170e-04    2.8509330E+04    429.92    429.92    0.1537075880770111    0.00000e+00    0.00000e+00    6.25329734E+10
    -8.07806688070644e-04    1.16572077600070e-04    3.59070329774412e-04    2.7852666E+04    425.34    425.34    0.1511307543801055    0.00000e+00    0.00000e+00    6.25832007E+10
    -8.15471980219931e-04    1.17465031678622e-04    3.63797941904383e-04    2.7200027E+04    420.75    420.75    0.1500562823702968    0.00000e+00    0.00000e+00    6.26334280E+10
    -8.23121758331422e-04    1.18379875094876e-04    3.68530314904703e-04    2.6557947E+04    416.19    416.19    0.1488939484895944    0.00000e+00    0.00000e+00    6.26836553E+10
    -8.30757088995216e-04    1.19316699963431e-04    3.73263129085473e-04    2.5932101E+04    411.71    411.71    0.1472672686527660    0.00000e+00    0.00000e+00    6.27338826E+10
    -8.38379814503301e-04    1.20274885722776e-04    3.77992559266749e-04    2.5327091E+04    407.35    407.35    0.1451757854850805    0.00000e+00    0.00000e+00    6.27841099E+10
    -8.45992358924083e-04    1.21253297908897e-04    3.82715386285688e-04    2.4746421E+04    403.13    403.13    0.1435751139563031    0.00000e+00    0.00000e+00    6.28343372E+10
    -8.53597534176912e-04    1.22250506321434e-04    3.87429069718601e-04    2.4192563E+04    399.09    399.09    0.1418799207383262    0.00000e+00    0.00000e+00    6.28845645E+10
    -8.61198346106611e-04    1.23264935315924e-04    3.92131670310764e-04    2.3667063E+04    395.22    395.22    0.1417877848157100    0.00000e+00    0.00000e+00    6.29347917E+10
    -8.68797800558003e-04    1.24294892892621e-04    3.96821791798775e-04    2.3170886E+04    391.55    391.55    0.1397826506728397    0.00000e+00    0.00000e+00    6.29850190E+10
    -8.76398757931807e-04    1.25338638570408e-04    4.01498474251546e-04    2.2704416E+04    388.08    388.08    0.1391486169152109    0.00000e+00    0.00000e+00    6.30352463E+10
    -8.84003739259163e-04    1.26394349449845e-04    4.06161097107565e-04    2.2267414E+04    384.80    384.80    0.1382303118716896    0.00000e+00    0.00000e+00    6.30854736E+10
    -8.91614974683006e-04    1.27460168694533e-04    4.10809282212160e-04    2.1859032E+04    381.72    381.72    0.1362347875009257    0.00000e+00    0.00000e+00    6.31357009E+10
    -8.99234258013956e-04    1.28534249164347e-04    4.15442811399176e-04    2.1477951E+04    378.82    378.82    0.1356194577032603    0.00000e+00    0.00000e+00    6.31859282E+10
    -9.06863043693055e-04    1.29614704934068e-04    4.20061641035380e-04    2.1122531E+04    376.10    376.10    0.1355341232035687    0.00000e+00    0.00000e+00    6.32361555E+10
    -9.14502737679979e-04    1.30699562812013e-04    4.24666032920161e-04    2.0790881E+04    373.53    373.53    0.1343308622391587    0.00000e+00    0.00000e+00    6.32863828E+10
    -9.22154358083458e-04    1.31786830213953e-04    4.29256578526209e-04    2.0480966E+04    371.09    371.09    0.1328899511287316    0.00000e+00    0.00000e+00    6.33366100E+10
    -9.29818826049487e-04    1.32874558188890e-04    4.33834203847656e-04    2.0190725E+04    368.77    368.77    0.1307614183361114    0.00000e+00    0.00000e+00    6.33868373E+10
    -9.37496820317219e-04    1.33960943229931e-04    4.38400101526156e-04    1.9918048E+04    366.56    366.56    0.1304133037160122    0.00000e+00    0.00000e+00    6.34370646E+10
    -9.45188874181703e-04    1.35044375755654e-04    4.42955672673249e-04    1.9660787E+04    364.43    364.43    0.1288549266696742    0.00000e+00    0.00000e+00    6.34872919E+10
    -9.52895084605675e-04    1.36123444958247e-04    4.47502371729978e-04    1.9416821E+04    362.36    362.36    0.1268270108606055    0.00000e+00    0.00000e+00    6.35375192E+10
    -9.60615306145031e-04    1.37196909714686e-04    4.52041638592975e-04    1.9184039E+04    360.33    360.33    0.1263212238272628    0.00000e+00    0.00000e+00    6.35877465E+10
    -9.68349005504722e-04    1.38263654953505e-04    4.56574787107317e-04    1.8960357E+04    358.34    358.34    0.1259206032069383    0.00000e+00    0.00000e+00    6.36379738E+10
    -9.76095503945595e-04    1.39322652869699e-04    4.61102995370248e-04    1.8743722E+04    356.37    356.37    0.1248450061531774    0.00000e+00    0.00000e+00    6.36882011E+10
    -9.83853734877550e-04    1.40372793239940e-04    4.65627344516278e-04    1.8532045E+04    354.40    354.40    0.1241587858490675    0.00000e+00    0.00000e+00    6.37384283E+10
    -9.91622777154594e-04    1.41412960992761e-04    4.70148920528051e-04    1.8323319E+04    352.41    352.41    0.1233793929932181    0.00000e+00    0.00000e+00    6.37886556E+10
    -9.99401515705261e-04    1.42442079841789e-04    4.74668702729205e-04    1.8115624E+04    350.40    350.40    0.1219465334840181    0.00000e+00    0.00000e+00    6.38388829E+10
    -1.00718873849535e-03    1.43459112285747e-04    4.79187515302996e-04    1.7907196E+04    348.34    348.34    0.1214721511652124    0.00000e+00    0.00000e+00    6.38891102E+10
    -1.01498328197202e-03    1.44463142026777e-04    4.83706090318084e-04    1.7696449E+04    346.24    346.24    0.1197631142091475    0.00000e+00    0.00000e+00    6.39393375E+10
    -1.02278398258244e-03    1.45453470933180e-04    4.88225121058031e-04    1.7481978E+04    344.07    344.07    0.1184153382572336    0.00000e+00    0.00000e+00    6.39895648E+10
    -1.03058967677377e-03    1.46429575406179e-04    4.92745039007016e-04    1.7262741E+04    341.85    341.85    0.1173258380477745    0.00000e+00    0.00000e+00    6.40397921E+10
    -1.03839924947456e-03    1.47391145165018e-04    4.97266217471571e-04    1.7038019E+04    339.56    339.56    0.1160087665101111    0.00000e+00    0.00000e+00    6.40900194E+10
    -1.04621139168785e-03    1.48338020221182e-04    5.01788753414433e-04    1.6807337E+04    337.21    337.21    0.1162225896082746    0.00000e+00    0.00000e+00    6.41402466E+10
    -1.05402489137945e-03    1.49270171485851e-04    5.06312840761075e-04    1.6570457E+04    334.80    334.80    0.1155466961636299    0.00000e+00    0.00000e+00    6.41904739E+10
    -1.06183853651516e-03    1.50187628047846e-04    5.10838527992864e-04    1.6327375E+04    332.33    332.33    0.1147303246291754    0.00000e+00    0.00000e+00    6.42407012E+10
    -1.06965111506077e-03    1.51090409299714e-04    5.15366154479378e-04    1.6078313E+04    329.81    329.81    0.1127852188937325    0.00000e+00    0.00000e+00    6.42909285E+10
    -1.07746151194481e-03    1.51978515241455e-04    5.19896156552929e-04    1.5823701E+04    327.23    327.23    0.1132978831547785    0.00000e+00    0.00000e+00    6.43411558E+10
    -1.08526880602129e-03    1.52851999202573e-04    5.24428873583095e-04    1.5564167E+04    324.62    324.62    0.1126893814397103    0.00000e+00    0.00000e+00    6.43913831E+10
    -1.09307212462559e-03    1.53711006627173e-04    5.28964596458083e-04    1.5300528E+04    321.98    321.98    0.1111319646691543    0.00000e+00    0.00000e+00    6.44416104E+10
    -1.10087078901855e-03    1.54555779922096e-04    5.33503664547471e-04    1.5033716E+04    319.31    319.31    0.1098633385240395    0.00000e+00    0.00000e+00    6.44918377E+10
    -1.10866436286786e-03    1.55386711786423e-04    5.38046271776731e-04    1.4764716E+04    316.62    316.62    0.1090161281197152    0.00000e+00    0.00000e+00    6.45420650E+10
    -1.11645240984121e-03    1.56204345211478e-04    5.42592709034072e-04    1.4494592E+04    313.93    313.93    0.1072737950714654    0.00000e+00    0.00000e+00    6.45922922E+10
    -1.12423463905038e-03    1.57009363784550e-04    5.47143121763598e-04    1.4224433E+04    311.25    311.25    0.1067096314943013    0.00000e+00    0.00000e+00    6.46425195E+10
    -1.13201071112580e-03    1.57802543207529e-04    5.51697509965309e-04    1.3955303E+04    308.58    308.58    0.1063345602416808    0.00000e+00    0.00000e+00    6.46927468E+10
    -1.13978038366063e-03    1.58584712511810e-04    5.56255922120573e-04    1.3688214E+04    305.93    305.93    0.1058221650207280    0.00000e+00    0.00000e+00    6.47429741E+10
    -1.14754355969213e-03    1.59356734665746e-04    5.60818212785287e-04    1.3424103E+04    303.31    303.31    0.1056529472410106    0.00000e+00    0.00000e+00    6.47932014E+10
    -1.15529999681346e-03    1.60119467789551e-04    5.65384188033976e-04    1.3163822E+04    300.73    300.73    0.1043906037075040    0.00000e+00    0.00000e+00    6.48434287E+10
    -1.16304974350600e-03    1.60873755459032e-04    5.69953653941170e-04    1.2908119E+04    298.20    298.20    0.1046777921289844    0.00000e+00    0.00000e+00    6.48936560E+10
    -1.17079294521384e-03    1.61620421857446e-04    5.74526368100027e-04    1.2657653E+04    295.71    295.71    0.1034567956690933    0.00000e+00    0.00000e+00    6.49438833E+10
    -1.17852974738109e-03    1.62360310560597e-04    5.79102136585075e-04    1.2412992E+04    293.27    293.27    0.1024760231739005    0.00000e+00    0.00000e+00    6.49941105E+10
    -1.18626058634006e-03    1.63094265144292e-04    5.83680716989473e-04    1.2174590E+04    290.90    290.90    0.1020377816437704    0.00000e+00    0.00000e+00    6.50443378E+10
    -1.19398594690444e-03    1.63823167969430e-04    5.88261963869118e-04    1.1942821E+04    288.59    288.59    0.1011600662616860    0.00000e+00    0.00000e+00    6.50945651E+10
    -1.20170626540653e-03    1.64547925637594e-04    5.92845634817168e-04    1.1718007E+04    286.34    286.34    0.0990160933500474    0.00000e+00    0.00000e+00    6.51447924E+10
    -1.20942217210413e-03    1.65269444750369e-04    5.97431487426783e-04    1.1500382E+04    284.17    284.17    0.0988355384787319    0.00000e+00    0.00000e+00    6.51950197E+10
    -1.21713405484817e-03    1.65988607668653e-04    6.02019182328386e-04    1.1290111E+04    282.06    282.06    0.0982514161839337    0.00000e+00    0.00000e+00    6.52452470E+10
    -1.22484244693370e-03    1.66706243423842e-04    6.06608283189665e-04    1.1087276E+04    280.03    280.03    0.0983325240141762    0.00000e+00    0.00000e+00    6.52954743E+10
    -1.23254778469305e-03    1.67423127717825e-04    6.11198402159674e-04    1.0891902E+04    278.07    278.07    0.0974564500529854    0.00000e+00    0.00000e+00    6.53457016E+10
    -1.24025060142126e-03    1.68139934441619e-04    6.15789054424732e-04    1.0703953E+04    276.17    276.17    0.0964098762692130    0.00000e+00    0.00000e+00    6.53959288E+10
    -1.24795123648789e-03    1.68857259916052e-04    6.20379803652526e-04    1.0523345E+04    274.35    274.35    0.0959888668626458    0.00000e+00    0.00000e+00    6.54461561E+10
    -1.25565027166939e-03    1.69575622891762e-04    6.24970165029376e-04    1.0349955E+04    272.59    272.59    0.0955831574203257    0.00000e+00    0.00000e+00    6.54963834E+10
    -1.26334824026078e-03    1.70295483941747e-04    6.29559750704335e-04    1.0183613E+04    270.90    270.90    0.0948756252133017    0.00000e+00    0.00000e+00    6.55466107E+10
    -1.27104567555712e-03    1.71017260005773e-04    6.34148172826460e-04    1.0024126E+04    269.26    269.26    0.0945612969883634    0.00000e+00    0.00000e+00    6.55968380E+10
    -1.27874320781621e-03    1.71741348631057e-04    6.38735140507542e-04    9.8712732E+03    267.69    267.69    0.0929301938913123    0.00000e+00    0.00000e+00    6.56470653E+10
    -1.28644132185170e-03    1.72468123124135e-04    6.43320411340740e-04    9.7248179E+03    266.18    266.18    0.0918805626613125    0.00000e+00    0.00000e+00    6.56972926E+10
    -1.29414050247730e-03    1.73197927702719e-04    6.47903548993741e-04    9.5845130E+03    264.73    264.73    0.0913791716473048    0.00000e+00    0.00000e+00    6.57475199E+10
    -1.30184113754394e-03    1.73931043558746e-04    6.52484359541072e-04    9.4501029E+03    263.32    263.32    0.0911233959088137    0.00000e+00    0.00000e+00    6.57977472E+10
    -1.30954366338393e-03    1.74667693706508e-04    6.57062455131789e-04    9.3213250E+03    261.97    261.97    0.0909822368333771    0.00000e+00    0.00000e+00    6.58479744E+10
    -1.31724822544139e-03    1.75408033286383e-04    6.61637496396316e-04    9.1979079E+03    260.66    260.66    0.0906423556958044    0.00000e+00    0.00000e+00    6.58982017E+10
    -1.32495516308588e-03    1.76152139868560e-04    6.66209240927811e-04    9.0795925E+03    259.40    259.40    0.0892371163683971    0.00000e+00    0.00000e+00    6.59484290E+10
    -1.33266462176152e-03    1.76900008604903e-04    6.70777300875329e-04    8.9661223E+03    258.18    258.18    0.0884887349204198    0.00000e+00    0.00000e+00    6.59986563E+10
    -1.34037694083787e-03    1.77651581317769e-04    6.75341579276135e-04    8.8572411E+03    256.99    256.99    0.0880898951824664    0.00000e+00    0.00000e+00    6.60488836E+10
    -1.34809236272179e-03    1.78406770740697e-04    6.79901930686123e-04    8.7527017E+03    255.85    255.85    0.0881873408368679    0.00000e+00    0.00000e+00    6.60991109E+10
    -1.35581117830147e-03    1.79165455670265e-04    6.84458209661191e-04    8.6522545E+03    254.73    254.73    0.0870237287416794    0.00000e+00    0.00000e+00    6.61493382E+10
    -1.36353358150239e-03    1.79927519751191e-04    6.89010416201337e-04    8.5556564E+03    253.65    253.65    0.0863977294462878    0.00000e+00    0.00000e+00    6.61995655E+10
    -1.37125981473139e-03    1.80692836931917e-04    6.93558453343826e-04    8.4626617E+03    252.60    252.60    0.0851253554239110    0.00000e+00    0.00000e+00    6.62497927E+10
    -1.37898997495121e-03    1.81461271464612e-04    6.98102369570025e-04    8.3730306E+03    251.57    251.57    0.0848654757614849    0.00000e+00    0.00000e+00    6.63000200E+10
    -1.38672415912458e-03    1.82232663360762e-04    7.02642067917198e-04    8.2865279E+03    250.56    250.56    0.0847329424923413    0.00000e+00    0.00000e+00    6.63502473E+10
    -1.39446236725151e-03    1.83006833239305e-04    7.07177645348082e-04    8.2029216E+03    249.58    249.58    0.0845515411964007    0.00000e+00    0.00000e+00    6.64004746E+10
    -1.40220450236925e-03    1.83783553237811e-04    7.11709004899941e-04    8.1220003E+03    248.61    248.61    0.0839690162322232    0.00000e+00    0.00000e+00    6.64507019E+10
    -1.40995051599644e-03    1.84562595493849e-04    7.16236243535510e-04    8.0435596E+03    247.66    247.66    0.0834699668372522    0.00000e+00    0.00000e+00    6.65009292E+10
    -1.41770040813308e-03    1.85343693359895e-04    7.20759312773421e-04    7.9673937E+03    246.72    246.72    0.0830149359044090    0.00000e+00    0.00000e+00    6.65511565E+10
    -1.42545408181644e-03    1.86126555947740e-04    7.25278261095043e-04    7.8933086E+03    245.79    245.79    0.0823820734548113    0.00000e+00    0.00000e+00    6.66013838E+10
    -1.43321153704650e-03    1.86910902065450e-04    7.29793233944480e-04    7.8211173E+03    244.87    244.87    0.0821280841105783    0.00000e+00    0.00000e+00    6.66516110E+10
    -1.44097272534191e-03    1.87696445672952e-04    7.34304328284468e-04    7.7506412E+03    243.96    243.96    0.0820514703985615    0.00000e+00    0.00000e+00    6.67018383E+10
    -1.44873769518404e-03    1.88482920122721e-04    7.38811835003216e-04    7.6817130E+03    243.06    243.06    0.0813681814818576    0.00000e+00    0.00000e+00    6.67520656E+10
    -1.45650634961013e-03    1.89270073311644e-04    7.43315899544828e-04    7.6141710E+03    242.16    242.16    0.0796024616084626    0.00000e+00    0.00000e+00    6.68022929E+10
    -1.46427854317611e-03    1.90057657984743e-04    7.47816715834776e-04    7.5478691E+03    241.26    241.26    0.0795603297706954    0.00000e+00    0.00000e+00    6.68525202E+10
    -1.47205422740058e-03    1.90845422038905e-04    7.52314526279902e-04    7.4826620E+03    240.37    240.37    0.0793923019019422    0.00000e+00    0.00000e+00    6.69027475E+10
    -1.47983320835809e-03    1.91633098826603e-04    7.56809476324309e-04    7.4184206E+03    239.47    239.47    0.0790762422062556    0.00000e+00    0.00000e+00    6.69529748E+10
    -1.48761524364179e-03    1.92420378067083e-04    7.61301662930733e-04    7.3550181E+03    238.57    238.57    0.0787187231876922    0.00000e+00    0.00000e+00    6.70032021E+10
    -1.49540013932620e-03    1.93206925238905e-04    7.65791231543280e-04    7.2923376E+03    237.67    237.67    0.0783006366244670    0.00000e+00    0.00000e+00    6.70534293E+10
    -1.50318779844860e-03    1.93992376731808e-04    7.70278327606053e-04    7.2302737E+03    236.77    236.77    0.0778913513358117    0.00000e+00    0.00000e+00    6.71036566E+10
    -1.51097797860214e-03    1.94776398024351e-04    7.74763145044525e-04    7.1687270E+03    235.86    235.86    0.0777491418952833    0.00000e+00    0.00000e+00    6.71538839E+10
    -1.51877053434272e-03    1.95558649746958e-04    7.79245877784168e-04    7.1076083E+03    234.95    234.95    0.0774244961762650    0.00000e+00    0.00000e+00    6.72041112E+10
    -1.52656536870760e-03    1.96338836163283e-04    7.83726719750455e-04    7.0468344E+03    234.04    234.04    0.0771792115236950    0.00000e+00    0.00000e+00    6.72543385E+10
    -1.53436233625267e-03    1.97116695473939e-04    7.88205913350226e-04    6.9863373E+03    233.12    233.12    0.0756502644245574    0.00000e+00    0.00000e+00    6.73045658E+10
    -1.54216124305247e-03    1.97891990120222e-04    7.92683700990322e-04    6.9260617E+03    232.19    232.19    0.0750434598038574    0.00000e+00    0.00000e+00    6.73547931E+10
    -1.54996189518153e-03    1.98664501935976e-04    7.97160276596215e-04    6.8659574E+03    231.26    231.26    0.0747725986021310    0.00000e+00    0.00000e+00    6.74050204E+10
    -1.55776414719573e-03    1.99434036995728e-04    8.01635785612009e-04    6.8059857E+03    230.32    230.32    0.0748200738929682    0.00000e+00    0.00000e+00    6.74552477E+10
    -1.56556770820687e-03    2.00200401374005e-04    8.06110373481810e-04    6.7461156E+03    229.37    229.37    0.0743478704917688    0.00000e+00    0.00000e+00    6.75054749E+10
    -1.57337238428947e-03    2.00963396297198e-04    8.10584234131089e-04    6.6863193E+03    228.42    228.42    0.0739429242255989    0.00000e+00    0.00000e+00    6.75557022E+10
    -1.58117788455534e-03    2.01722837536109e-04    8.15057464522582e-04    6.6265818E+03    227.46    227.46    0.0734663772951113    0.00000e+00    0.00000e+00    6.76059295E+10
    -1.58898411204172e-03    2.02478536013402e-04    8.19530210100394e-04    6.5668920E+03    226.50    226.50    0.0732389698804675    0.00000e+00    0.00000e+00    6.76561568E+10
    -1.59679072737905e-03    2.03230336588698e-04    8.24002616308630e-04    6.5072507E+03    225.53    225.53    0.0730629206156904    0.00000e+00    0.00000e+00    6.77063841E+10
    -1.60459763360459e-03    2.03978098666031e-04    8.28474780110025e-04    6.4476592E+03    224.56    224.56    0.0726423080466038    0.00000e+00    0.00000e+00    6.77566114E+10
    -1.61240468527423e-03    2.04721720434527e-04    8.32946846948683e-04    6.3881256E+03    223.59    223.59    0.0726492205178932    0.00000e+00    0.00000e+00    6.78068387E+10
    -1.62021163998114e-03    2.05461143716545e-04    8.37418913787342e-04    6.3286634E+03    222.61    222.61    0.0713550874118227    0.00000e+00    0.00000e+00    6.78570660E+10
    -1.62801840076257e-03    2.06196320030716e-04    8.41891029107369e-04    6.2692899E+03    221.63    221.63    0.0708480092652611    0.00000e+00    0.00000e+00    6.79072932E+10
    -1.63582472521170e-03    2.06927239680768e-04    8.46363289871500e-04    6.2100244E+03    220.65    220.65    0.0705036442374639    0.00000e+00    0.00000e+00    6.79575205E+10
    -1.64363041940303e-03    2.07653897818562e-04    8.50835744561104e-04    6.1508894E+03    219.66    219.66    0.0704603419602287    0.00000e+00    0.00000e+00    6.80077478E+10
    -1.65143528941111e-03    2.08376299292236e-04    8.55308441657548e-04    6.0919078E+03    218.68    218.68    0.0700822793821837    0.00000e+00    0.00000e+00    6.80579751E+10
    -1.65923918979183e-03    2.09094415012969e-04    8.59781381160832e-04    6.0331069E+03    217.69    217.69    0.0698314797432156    0.00000e+00    0.00000e+00    6.81082024E+10
    -1.66704187813834e-03    2.09808230436351e-04    8.64254805477798e-04    5.9745150E+03    216.71    216.71    0.0694297245935609    0.00000e+00    0.00000e+00    6.81584297E+10
    -1.67484325748791e-03    2.10517711625423e-04    8.68728666127077e-04    5.9161607E+03    215.72    215.72    0.0694561228844697    0.00000e+00    0.00000e+00    6.82086570E+10
    -1.68264323087781e-03    2.11222848883913e-04    8.73203253996877e-04    5.8580722E+03    214.74    214.74    0.0690263105166762    0.00000e+00    0.00000e+00    6.82588843E+10
    -1.69044174982667e-03    2.11923651908093e-04    8.77678714531304e-04    5.8002780E+03    213.76    213.76    0.0685303852064414    0.00000e+00    0.00000e+00    6.83091115E+10
    -1.69823876585311e-03    2.12620164331196e-04    8.82155144693093e-04    5.7428083E+03    212.78    212.78    0.0686389105215252    0.00000e+00    0.00000e+00    6.83593388E+10
    -1.70603423047578e-03    2.13312454027137e-04    8.86632738407716e-04    5.6856910E+03    211.80    211.80    0.0678040632297265    0.00000e+00    0.00000e+00    6.84095661E+10
    -1.71382799825056e-03    2.14000613110514e-04    8.91111689600646e-04    5.6289534E+03    210.83    210.83    0.0672772924899082    0.00000e+00    0.00000e+00    6.84597934E+10
    -1.72162002069609e-03    2.14684753088475e-04    8.95592046753252e-04    5.5726205E+03    209.86    209.86    0.0666667789905285    0.00000e+00    0.00000e+00    6.85100207E+10
    -1.72941020084963e-03    2.15364980620029e-04    9.00073906828269e-04    5.5167193E+03    208.90    208.90    0.0665634956700202    0.00000e+00    0.00000e+00    6.85602480E+10
    -1.73719844174844e-03    2.16041402364187e-04    9.04557415269802e-04    5.4612727E+03    207.94    207.94    0.0662574687299439    0.00000e+00    0.00000e+00    6.86104753E+10
    -1.74498459794843e-03    2.16714134676231e-04    9.09042572077851e-04    5.4063039E+03    206.98    206.98    0.0658262803165147    0.00000e+00    0.00000e+00    6.86607026E+10
    -1.75276852400548e-03    2.17383284215172e-04    9.13529522696519e-04    5.3518312E+03    206.03    206.03    0.0657874593906931    0.00000e+00    0.00000e+00    6.87109298E+10
    -1.76055026840097e-03    2.18048952791883e-04    9.18018267125808e-04    5.2978739E+03    205.09    205.09    0.0658377327940248    0.00000e+00    0.00000e+00    6.87611571E+10
    -1.76832968569079e-03    2.18711271306057e-04    9.22508999291190e-04    5.2444513E+03    204.15    204.15    0.0652639504806296    0.00000e+00    0.00000e+00    6.88113844E+10
    -1.77610672739357e-03    2.19370370657389e-04    9.27001719192664e-04    5.1915781E+03    203.22    203.22    0.0648069331864574    0.00000e+00    0.00000e+00    6.88616117E+10
    -1.78388139350932e-03    2.20026401138119e-04    9.31496523792966e-04    5.1392714E+03    202.30    202.30    0.0651355924881316    0.00000e+00    0.00000e+00    6.89118390E+10
    -1.79165368403803e-03    2.20679537281173e-04    9.35993558536202e-04    5.0875448E+03    201.38    201.38    0.0642790793961776    0.00000e+00    0.00000e+00    6.89620663E+10
    -1.79942350201696e-03    2.21329948771339e-04    9.40492871903739e-04    5.0364100E+03    200.47    200.47    0.0638104625274611    0.00000e+00    0.00000e+00    6.90122936E+10
    -1.80719079896475e-03    2.21977814989679e-04    9.44994463895577e-04    4.9858799E+03    199.57    199.57    0.0632936668789495    0.00000e+00    0.00000e+00    6.90625209E+10
    -1.81495557488140e-03    2.22623310469119e-04    9.49498479955821e-04    4.9359644E+03    198.67    198.67    0.0632662454949632    0.00000e+00    0.00000e+00    6.91127482E+10
    -1.82271768432281e-03    2.23266585501899e-04    9.54004823121735e-04    4.8866715E+03    197.78    197.78    0.0628809792541173    0.00000e+00    0.00000e+00    6.91629754E+10
    -1.83047717577033e-03    2.23907800076535e-04    9.58513638837421e-04    4.8380059E+03    196.91    196.91    0.0625443576897559    0.00000e+00    0.00000e+00    6.92132027E+10
    -1.83823400074261e-03    2.24547089940856e-04    9.63024830140145e-04    4.7899733E+03    196.04    196.04    0.0627573216663950    0.00000e+00    0.00000e+00    6.92634300E+10
    -1.84598806227691e-03    2.25184605387105e-04    9.67538445511275e-04    4.7425753E+03    195.17    195.17    0.0624111645397999    0.00000e+00    0.00000e+00    6.93136573E+10
    -1.85373945733596e-03    2.25820482163111e-04    9.72054581913547e-04    4.6958159E+03    194.32    194.32    0.0618736741597851    0.00000e+00    0.00000e+00    6.93638846E+10
    -1.86148818591977e-03    2.26454875409253e-04    9.76573190865592e-04    4.6496955E+03    193.48    193.48    0.0615663823201679    0.00000e+00    0.00000e+00    6.94141119E+10
    -1.86923429650970e-03    2.27087949962183e-04    9.81094320848779e-04    4.6042145E+03    192.64    192.64    0.0619579435518350    0.00000e+00    0.00000e+00    6.94643392E+10
    -1.87697778910575e-03    2.27719875506688e-04    9.85618020344476e-04    4.5593746E+03    191.82    191.82    0.0609595823720236    0.00000e+00    0.00000e+00    6.95145665E+10
    -1.88471866370792e-03    2.28350812031284e-04    9.90144192389946e-04    4.5151760E+03    191.00    191.00    0.0605300347868566    0.00000e+00    0.00000e+00    6.95647937E+10
    -1.89245701727895e-03    2.28980929220759e-04    9.94672933947927e-04    4.4716171E+03    190.19    190.19    0.0601047159782562    0.00000e+00    0.00000e+00    6.96150210E+10
    -1.90019275285610e-03    2.29610382215491e-04    9.99204148055681e-04    4.4286976E+03    189.39    189.39    0.0600213595228065    0.00000e+00    0.00000e+00    6.96652483E+10
    -1.90792601588348e-03    2.30239316459584e-04    1.00373773775047e-03    4.3864153E+03    188.61    188.61    0.0596346269339001    0.00000e+00    0.00000e+00    6.97154756E+10
    -1.91565675787971e-03    2.30867858004595e-04    1.00827370303230e-03    4.3447678E+03    187.83    187.83    0.0595013757940644    0.00000e+00    0.00000e+00    6.97657029E+10
    -1.92338497884481e-03    2.31496132902082e-04    1.01281199541980e-03    4.3037507E+03    187.06    187.06    0.0597563615228699    0.00000e+00    0.00000e+00    6.98159302E+10
    -1.93111082422287e-03    2.32124262355464e-04    1.01735251795023e-03    4.2633605E+03    186.29    186.29    0.0592722566908135    0.00000e+00    0.00000e+00    6.98661575E+10
    -1.93883439097662e-03    2.32752372416299e-04    1.02189531910496e-03    4.2235919E+03    185.54    185.54    0.0589375935311084    0.00000e+00    0.00000e+00    6.99163848E+10
    -1.94655567910608e-03    2.33380579439871e-04    1.02644025343989e-03    4.1844397E+03    184.80    184.80    0.0587613176934165    0.00000e+00    0.00000e+00    6.99666120E+10
    -1.95427478557397e-03    2.34009019174009e-04    1.03098732095502e-03    4.1458977E+03    184.06    184.06    0.0592757027245654    0.00000e+00    0.00000e+00    7.00168393E+10
    -1.96199190430576e-03    2.34637832214682e-04    1.03553647316897e-03    4.1079605E+03    183.34    183.34    0.0579880082397511    0.00000e+00    0.00000e+00    7.00670666E+10
    -1.96970698682010e-03    2.35267144613446e-04    1.04008761311902e-03    4.0706213E+03    182.62    182.62    0.0576322644309428    0.00000e+00    0.00000e+00    7.01172939E+10
    -1.97742022704245e-03    2.35897087269995e-04    1.04464069232379e-03    4.0338739E+03    181.91    181.91    0.0572642929197566    0.00000e+00    0.00000e+00    7.01675212E+10
    -1.98513162497281e-03    2.36527771691477e-04    1.04919556533919e-03    3.9977130E+03    181.21    181.21    0.0572153489706245    0.00000e+00    0.00000e+00    7.02177485E+10
    -1.99284132605529e-03    2.37159304536901e-04    1.05375213520246e-03    3.9621311E+03    180.52    180.52    0.0570054578389641    0.00000e+00    0.00000e+00    7.02679758E+10
    -2.00054937877125e-03    2.37791773072729e-04    1.05831030495089e-03    3.9271221E+03    179.84    179.84    0.0577204499132727    0.00000e+00    0.00000e+00    7.03182031E+10
    -2.00825588008343e-03    2.38425274261698e-04    1.06287002610309e-03    3.8926794E+03    179.17    179.17    0.0569168261165849    0.00000e+00    0.00000e+00    7.03684303E+10
    -2.01596092695456e-03    2.39059875977723e-04    1.06743110473360e-03    3.8587942E+03    178.50    178.50    0.0564880181118289    0.00000e+00    0.00000e+00    7.04186576E+10
    -2.02366476179150e-03    2.39695675183541e-04    1.07199354084242e-03    3.8254601E+03    177.85    177.85    0.0560739450114387    0.00000e+00    0.00000e+00    7.04688849E+10
    -2.03136738459423e-03    2.40332754297476e-04    1.07655723746681e-03    3.7926700E+03    177.20    177.20    0.0559921470160948    0.00000e+00    0.00000e+00    7.05191122E+10
    -2.03906898928823e-03    2.40971205434130e-04    1.08112204916266e-03    3.7604156E+03    176.56    176.56    0.0565129727150224    0.00000e+00    0.00000e+00    7.05693395E+10
    -2.04676976979898e-03    2.41611120708100e-04    1.08568797592998e-03    3.7286887E+03    175.92    175.92    0.0551853811179608    0.00000e+00    0.00000e+00    7.06195668E+10
    -2.05446972612646e-03    2.42252597082123e-04    1.09025482384330e-03    3.6974825E+03    175.30    175.30    0.0549706407108954    0.00000e+00    0.00000e+00    7.06697941E+10
    -2.06216905219616e-03    2.42895712126388e-04    1.09482254442124e-03    3.6667866E+03    174.68    174.68    0.0546094225354714    0.00000e+00    0.00000e+00    7.07200214E+10
    -2.06986789345218e-03    2.43540543411085e-04    1.09939099221970e-03    3.6365947E+03    174.07    174.07    0.0545687869723252    0.00000e+00    0.00000e+00    7.07702487E+10
    -2.07756629837589e-03    2.44187149113854e-04    1.10396007027595e-03    3.6068953E+03    173.47    173.47    0.0544928634135724    0.00000e+00    0.00000e+00    7.08204759E+10
    -2.08526441241139e-03    2.44835582564202e-04    1.10852963314588e-03    3.5776824E+03    172.87    172.87    0.0550743945473450    0.00000e+00    0.00000e+00    7.08707032E+10
    -2.09296242948415e-03    2.45485882547221e-04    1.11309963234812e-03    3.5489451E+03    172.29    172.29    0.0542807934312484    0.00000e+00    0.00000e+00    7.09209305E+10
    -2.10066044655691e-03    2.46138107240555e-04    1.11766992243858e-03    3.5206765E+03    171.70    171.70    0.0538491417637498    0.00000e+00    0.00000e+00    7.09711578E+10
    -2.10835860907378e-03    2.46792295429296e-04    1.12224045493587e-03    3.4928662E+03    171.13    171.13    0.0535121335598396    0.00000e+00    0.00000e+00    7.10213851E+10
    -2.11605706247885e-03    2.47448495594815e-04    1.12681113287726e-03    3.4655076E+03    170.56    170.56    0.0536534359482082    0.00000e+00    0.00000e+00    7.10716124E+10
    -2.12375604917897e-03    2.48106761066615e-04    1.13138185930003e-03    3.4385883E+03    170.00    170.00    0.0541662357596705    0.00000e+00    0.00000e+00    7.11218397E+10
    -2.13145556917415e-03    2.48767145174202e-04    1.13595258572279e-03    3.4121010E+03    169.45    169.45    0.0527241377814028    0.00000e+00    0.00000e+00    7.11720670E+10
    -2.13915591335258e-03    2.49429691550806e-04    1.14052326366419e-03    3.3860364E+03    168.90    168.90    0.0525406882539675    0.00000e+00    0.00000e+00    7.12222942E+10
    -2.14685708171427e-03    2.50094443829659e-04    1.14509369919875e-03    3.3603851E+03    168.36    168.36    0.0522205849721335    0.00000e+00    0.00000e+00    7.12725215E+10
    -2.15455926818469e-03    2.50761426251446e-04    1.14966384384509e-03    3.3351359E+03    167.82    167.82    0.0522112844050448    0.00000e+00    0.00000e+00    7.13227488E+10
    -2.16226252124520e-03    2.51430663056849e-04    1.15423360064049e-03    3.3102813E+03    167.29    167.29    0.0521705418492849    0.00000e+00    0.00000e+00    7.13729761E+10
    -2.16996708330266e-03    2.52102159094007e-04    1.15880296958495e-03    3.2858117E+03    166.76    166.76    0.0526737228578828    0.00000e+00    0.00000e+00    7.14232034E+10
    -2.17767295435706e-03    2.52775919211055e-04    1.16337175675299e-03    3.2617166E+03    166.25    166.25    0.0518921021951160    0.00000e+00    0.00000e+00    7.14734307E+10
    -2.18538037681523e-03    2.53451962800542e-04    1.16793996214461e-03    3.2379882E+03    165.73    165.73    0.0516120245691858    0.00000e+00    0.00000e+00    7.15236580E+10
    -2.19308939915855e-03    2.54130304406876e-04    1.17250748879708e-03    3.2146154E+03    165.22    165.22    0.0511651247184617    0.00000e+00    0.00000e+00    7.15738853E+10
    -2.20080026379386e-03    2.54810948878197e-04    1.17707438519177e-03    3.1915908E+03    164.72    164.72    0.0514055750838836    0.00000e+00    0.00000e+00    7.16241125E+10
    -2.20851297072116e-03    2.55493925303323e-04    1.18164050588456e-03    3.1689049E+03    164.22    164.22    0.0520869592844942    0.00000e+00    0.00000e+00    7.16743398E+10
    -2.21622771386592e-03    2.56179238530392e-04    1.18620589935683e-03    3.1465466E+03    163.73    163.73    0.0504899982611768    0.00000e+00    0.00000e+00    7.17245671E+10
    -2.22394463867225e-03    2.56866912800088e-04    1.19077042016448e-03    3.1245092E+03    163.24    163.24    0.0502345320517621    0.00000e+00    0.00000e+00    7.17747944E+10
    -2.23166374514014e-03    2.57556943264275e-04    1.19533401982613e-03    3.1027839E+03    162.75    162.75    0.0500290799020921    0.00000e+00    0.00000e+00    7.18250217E+10
    -2.23938513023233e-03    2.58249325074814e-04    1.19989674682316e-03    3.0813603E+03    162.27    162.27    0.0500175885513759    0.00000e+00    0.00000e+00    7.18752490E+10
    -2.24710898787429e-03    2.58944048535434e-04    1.20445845571145e-03    3.0602313E+03    161.80    161.80    0.0506235993961792    0.00000e+00    0.00000e+00    7.19254763E+10
    -2.25483531806603e-03    2.59641089405449e-04    1.20901919497239e-03    3.0393881E+03    161.33    161.33    0.0501616571204396    0.00000e+00    0.00000e+00    7.19757036E+10
    -2.26256421777028e-03    2.60340428292313e-04    1.21357891612459e-03    3.0188229E+03    160.86    160.86    0.0498381970016252    0.00000e+00    0.00000e+00    7.20259308E+10
    -2.27029583243114e-03    2.61042036107204e-04    1.21813752220533e-03    2.9985282E+03    160.39    160.39    0.0493823224604366    0.00000e+00    0.00000e+00    7.20761581E+10
    -2.27803021052999e-03    2.61745893457576e-04    1.22269515865870e-03    2.9784938E+03    159.93    159.93    0.0489261262767645    0.00000e+00    0.00000e+00    7.21263854E+10
    -2.28576744902955e-03    2.62451976102744e-04    1.22725172852198e-03    2.9587146E+03    159.48    159.48    0.0491454134185966    0.00000e+00    0.00000e+00    7.21766127E+10
    -2.29350764489257e-03    2.63160274346434e-04    1.23180723179516e-03    2.9391809E+03    159.02    159.02    0.0486181520074469    0.00000e+00    0.00000e+00    7.22268400E+10
    -2.30125084660041e-03    2.63870759099827e-04    1.23636166847824e-03    2.9198852E+03    158.57    158.57    0.0483733760182819    0.00000e+00    0.00000e+00    7.22770673E+10
    -2.30899710263444e-03    2.64583406122237e-04    1.24091508705258e-03    2.9008199E+03    158.13    158.13    0.0481721441479053    0.00000e+00    0.00000e+00    7.23272946E+10
    -2.31674641299466e-03    2.65298181476707e-04    1.24546739055547e-03    2.8819790E+03    157.68    157.68    0.0479843393056120    0.00000e+00    0.00000e+00    7.23775219E+10
    -2.32449892312518e-03    2.66015046378143e-04    1.25001862746825e-03    2.8633544E+03    157.24    157.24    0.0479476739987326    0.00000e+00    0.00000e+00    7.24277492E+10
    -2.33225458454463e-03    2.66733957193313e-04    1.25456879779094e-03    2.8449384E+03    156.80    156.80    0.0480182886657747    0.00000e+00    0.00000e+00    7.24779764E+10
    -2.34001344573437e-03    2.67454850896439e-04    1.25911785304215e-03    2.8267254E+03    156.37    156.37    0.0482762336086262    0.00000e+00    0.00000e+00    7.25282037E+10
    -2.34777555517577e-03    2.68177688702426e-04    1.26366584170328e-03    2.8087090E+03    155.93    155.93    0.0477355296384074    0.00000e+00    0.00000e+00    7.25784310E+10
    -2.35554091286884e-03    2.68902407585496e-04    1.26821281225567e-03    2.7908818E+03    155.50    155.50    0.0473463050208111    0.00000e+00    0.00000e+00    7.26286583E+10
    -2.36330956729494e-03    2.69628959064280e-04    1.27275876469933e-03    2.7732380E+03    155.07    155.07    0.0470845029011739    0.00000e+00    0.00000e+00    7.26788856E+10
    -2.37108156693544e-03    2.70357304353685e-04    1.27730365055289e-03    2.7557715E+03    154.65    154.65    0.0474613910551064    0.00000e+00    0.00000e+00    7.27291129E+10
    -2.37885691179034e-03    2.71087394972341e-04    1.28184761526045e-03    2.7384775E+03    154.22    154.22    0.0465926773722974    0.00000e+00    0.00000e+00    7.27793402E+10
    -2.38663555337827e-03    2.71819182438881e-04    1.28639061034066e-03    2.7213486E+03    153.80    153.80    0.0463896227846209    0.00000e+00    0.00000e+00    7.28295675E+10
    -2.39441749169923e-03    2.72552613423801e-04    1.29093263579350e-03    2.7043803E+03    153.38    153.38    0.0462279587976117    0.00000e+00    0.00000e+00    7.28797947E+10
    -2.40220272675322e-03    2.73287634597594e-04    1.29547378858172e-03    2.6875662E+03    152.96    152.96    0.0459946464444472    0.00000e+00    0.00000e+00    7.29300220E+10
    -2.40999125854025e-03    2.74024178086346e-04    1.30001397174257e-03    2.6709031E+03    152.54    152.54    0.0460858619069293    0.00000e+00    0.00000e+00    7.29802493E+10
    -2.41778299009757e-03    2.74762176016141e-04    1.30455328223880e-03    2.6543841E+03    152.13    152.13    0.0460540931118463    0.00000e+00    0.00000e+00    7.30304766E+10
    -2.42557792142518e-03    2.75501565361202e-04    1.30909176855177e-03    2.6380052E+03    151.72    151.72    0.0461824765108932    0.00000e+00    0.00000e+00    7.30807039E+10
    -2.43337600404172e-03    2.76242273399474e-04    1.31362938220012e-03    2.6217624E+03    151.30    151.30    0.0457489753927781    0.00000e+00    0.00000e+00    7.31309312E+10
    -2.44117723794720e-03    2.76984232257044e-04    1.31816617166520e-03    2.6056502E+03    150.89    150.89    0.0454933957652998    0.00000e+00    0.00000e+00    7.31811585E+10
    -2.44898157466022e-03    2.77727383756270e-04    1.32270223390977e-03    2.5896657E+03    150.49    150.49    0.0451959777791356    0.00000e+00    0.00000e+00    7.32313858E+10
    -2.45678896569944e-03    2.78471660023236e-04    1.32723756893381e-03    2.5738037E+03    150.08    150.08    0.0456442539485106    0.00000e+00    0.00000e+00    7.32816130E+10
    -2.46459936258349e-03    2.79217007728437e-04    1.33177217673733e-03    2.5580615E+03    149.67    149.67    0.0447368340065136    0.00000e+00    0.00000e+00    7.33318403E+10
    -2.47241271683098e-03    2.79963358997958e-04    1.33630615428307e-03    2.5424348E+03    149.27    149.27    0.0445515183260901    0.00000e+00    0.00000e+00    7.33820676E+10
    -2.48022893147920e-03    2.80710636261609e-04    1.34083945308965e-03    2.5269202E+03    148.86    148.86    0.0444242513095010    0.00000e+00    0.00000e+00    7.34322949E+10
    -2.48804790956540e-03    2.81458771645477e-04    1.34537202467571e-03    2.5115138E+03    148.46    148.46    0.0442005828859995    0.00000e+00    0.00000e+00    7.34825222E+10
    -2.49586965108958e-03    2.82207677883097e-04    1.34990391752262e-03    2.4962132E+03    148.06    148.06    0.0443012644055162    0.00000e+00    0.00000e+00    7.35327495E+10
    -2.50369401060764e-03    2.82957277404281e-04    1.35443518011174e-03    2.4810137E+03    147.66    147.66    0.0447587861593984    0.00000e+00    0.00000e+00    7.35829768E+10
    -2.51152098811957e-03    2.83707478094430e-04    1.35896571548034e-03    2.4659131E+03    147.26    147.26    0.0442710967505891    0.00000e+00    0.00000e+00    7.36332041E+10
    -2.51935043818128e-03    2.84458212079628e-04    1.36349562059116e-03    2.4509079E+03    146.86    146.86    0.0439013387062738    0.00000e+00    0.00000e+00    7.36834314E+10
    -2.52718231231140e-03    2.85209387245276e-04    1.36802484696282e-03    2.4359966E+03    146.47    146.47    0.0437247647067940    0.00000e+00    0.00000e+00    7.37336586E+10
    -2.53501656202855e-03    2.85960940565595e-04    1.37255349155807e-03    2.4211757E+03    146.07    146.07    0.0434644649709628    0.00000e+00    0.00000e+00    7.37838859E+10
    -2.54285309037001e-03    2.86712799318534e-04    1.37708150589552e-03    2.4064434E+03    145.68    145.68    0.0435931796786723    0.00000e+00    0.00000e+00    7.38341132E+10
    -2.55069180037303e-03    2.87464890782039e-04    1.38160888997520e-03    2.3917969E+03    145.28    145.28    0.0429710720302528    0.00000e+00    0.00000e+00    7.38843405E+10
    -2.55853259507488e-03    2.88217151930333e-04    1.38613569227845e-03    2.3772352E+03    144.89    144.89    0.0428580955772857    0.00000e+00    0.00000e+00    7.39345678E+10
    -2.56637542599419e-03    2.88969510041362e-04    1.39066186432392e-03    2.3627543E+03    144.50    144.50    0.0427353899095898    0.00000e+00    0.00000e+00    7.39847951E+10
    -2.57422014768685e-03    2.89721892393076e-04    1.39518750307435e-03    2.3483546E+03    144.11    144.11    0.0425327443567401    0.00000e+00    0.00000e+00    7.40350224E+10
    -2.58206666319014e-03    2.90474226263422e-04    1.39971251156698e-03    2.3340331E+03    143.72    143.72    0.0432684496929005    0.00000e+00    0.00000e+00    7.40852497E+10
    -2.58991487554131e-03    2.91226438930348e-04    1.40423688980183e-03    2.3197887E+03    143.33    143.33    0.0429242311550042    0.00000e+00    0.00000e+00    7.41354769E+10
    -2.59776468777762e-03    2.91978452823664e-04    1.40876068626026e-03    2.3056192E+03    142.94    142.94    0.0425843648111182    0.00000e+00    0.00000e+00    7.41857042E+10
    -2.60561605141772e-03    2.92730200069456e-04    1.41328385246091e-03    2.2915236E+03    142.55    142.55    0.0422539568084198    0.00000e+00    0.00000e+00    7.42359315E+10
    -2.61346886949886e-03    2.93481622490081e-04    1.41780648536651e-03    2.2774999E+03    142.16    142.16    0.0420819300035005    0.00000e+00    0.00000e+00    7.42861588E+10
    -2.62132299657694e-03    2.94232661907898e-04    1.42232848801432e-03    2.2635479E+03    141.78    141.78    0.0418778100744228    0.00000e+00    0.00000e+00    7.43363861E+10
    -2.62917843265195e-03    2.94983260145265e-04    1.42684995736709e-03    2.2496654E+03    141.39    141.39    0.0417395187348317    0.00000e+00    0.00000e+00    7.43866134E+10
    -2.63703498379844e-03    2.95733363872678e-04    1.43137084494343e-03    2.2358511E+03    141.01    141.01    0.0413817617190378    0.00000e+00    0.00000e+00    7.44368407E+10
    -2.64489260153502e-03    2.96482924608768e-04    1.43589115074336e-03    2.2221049E+03    140.62    140.62    0.0413622983635993    0.00000e+00    0.00000e+00    7.44870680E+10
    -2.65275118889897e-03    2.97231884175893e-04    1.44041087476687e-03    2.2084247E+03    140.24    140.24    0.0411730953733251    0.00000e+00    0.00000e+00    7.45372952E+10
    -2.66061060044617e-03    2.97980189244549e-04    1.44493001701397e-03    2.1948107E+03    139.86    139.86    0.0410055866909506    0.00000e+00    0.00000e+00    7.45875225E+10
    -2.66847078769526e-03    2.98727776788957e-04    1.44944852900328e-03    2.1812627E+03    139.47    139.47    0.0415504717988461    0.00000e+00    0.00000e+00    7.46377498E+10
    -2.67633160520214e-03    2.99474598327748e-04    1.45396650769754e-03    2.1677789E+03    139.09    139.09    0.0413290205447261    0.00000e+00    0.00000e+00    7.46879771E+10
    -2.68419300448544e-03    3.00220590835145e-04    1.45848385613401e-03    2.1543592E+03    138.71    138.71    0.0410219461754047    0.00000e+00    0.00000e+00    7.47382044E+10
    -2.69205488858241e-03    3.00965710677916e-04    1.46300057431270e-03    2.1410024E+03    138.33    138.33    0.0406368546666619    0.00000e+00    0.00000e+00    7.47884317E+10
    -2.69991711204897e-03    3.01709904526556e-04    1.46751675919634e-03    2.1277098E+03    137.95    137.95    0.0404863350406700    0.00000e+00    0.00000e+00    7.48386590E+10
    -2.70777962640373e-03    3.02453133595970e-04    1.47203236230356e-03    2.1144790E+03    137.57    137.57    0.0403748675359946    0.00000e+00    0.00000e+00    7.48888863E+10
    -2.71564238316533e-03    3.03195363949202e-04    1.47654733515300e-03    2.1013112E+03    137.20    137.20    0.0402343888853808    0.00000e+00    0.00000e+00    7.49391135E+10
    -2.72350518840830e-03    3.03936551953019e-04    1.48106177470739e-03    2.0882047E+03    136.82    136.82    0.0398218629011718    0.00000e+00    0.00000e+00    7.49893408E+10
    -2.73136804213264e-03    3.04676673366738e-04    1.48557558400399e-03    2.0751600E+03    136.44    136.44    0.0398402708038312    0.00000e+00    0.00000e+00    7.50395681E+10
    -2.73923079889424e-03    3.05415679708990e-04    1.49008876304281e-03    2.0621773E+03    136.07    136.07    0.0397047699851289    0.00000e+00    0.00000e+00    7.50897954E+10
    -2.74709341021174e-03    3.06153541890954e-04    1.49460136030521e-03    2.0492559E+03    135.69    135.69    0.0395809294788050    0.00000e+00    0.00000e+00    7.51400227E+10
    -2.75495568215966e-03    3.06890216279400e-04    1.49911332730982e-03    2.0363960E+03    135.32    135.32    0.0399949669872075    0.00000e+00    0.00000e+00    7.51902500E+10
    -2.76281761473801e-03    3.07625664089233e-04    1.50362466405665e-03    2.0235976E+03    134.95    134.95    0.0398760057162275    0.00000e+00    0.00000e+00    7.52404773E+10
    -2.77067911098404e-03    3.08359861079768e-04    1.50813541902706e-03    2.0108612E+03    134.57    134.57    0.0394874301958169    0.00000e+00    0.00000e+00    7.52907046E+10
    -2.77854007393502e-03    3.09092768465912e-04    1.51264549525832e-03    1.9981858E+03    134.20    134.20    0.0394086815117156    0.00000e+00    0.00000e+00    7.53409319E+10
    -2.78640045510959e-03    3.09824366855117e-04    1.51715498971316e-03    1.9855724E+03    133.83    133.83    0.0390496307380844    0.00000e+00    0.00000e+00    7.53911591E+10
    -2.79426015754500e-03    3.10554636854835e-04    1.52166385391021e-03    1.9730212E+03    133.46    133.46    0.0389548740687300    0.00000e+00    0.00000e+00    7.54413864E+10
    -2.80211913275989e-03    3.11283554224384e-04    1.52617208784948e-03    1.9605321E+03    133.09    133.09    0.0387336938633798    0.00000e+00    0.00000e+00    7.54916137E+10
    -2.80997728379152e-03    3.12011114115625e-04    1.53067969153097e-03    1.9481056E+03    132.73    132.73    0.0385069304779688    0.00000e+00    0.00000e+00    7.55418410E+10
    -2.81783446519579e-03    3.12737292287875e-04    1.53518671343603e-03    1.9357423E+03    132.36    132.36    0.0386068053599248    0.00000e+00    0.00000e+00    7.55920683E+10
    -2.82569072545407e-03    3.13462074196723e-04    1.53969305660195e-03    1.9234422E+03    131.99    131.99    0.0386183305729147    0.00000e+00    0.00000e+00    7.56422956E+10
    -2.83354591912224e-03    3.14185445297759e-04    1.54419872102871e-03    1.9112056E+03    131.63    131.63    0.0389188120536060    0.00000e+00    0.00000e+00    7.56925229E+10
    -2.84139999771895e-03    3.14907386198436e-04    1.54870380367905e-03    1.8990336E+03    131.26    131.26    0.0386155650546037    0.00000e+00    0.00000e+00    7.57427502E+10
    -2.84925286428146e-03    3.15627882354344e-04    1.55320820759024e-03    1.8869266E+03    130.90    130.90    0.0384616467673299    0.00000e+00    0.00000e+00    7.57929774E+10
    -2.85710447032840e-03    3.16346919221071e-04    1.55771193276227e-03    1.8748851E+03    130.54    130.54    0.0390926696049537    0.00000e+00    0.00000e+00    7.58432047E+10
    -2.86495476737840e-03    3.17064487102344e-04    1.56221502767652e-03    1.8629094E+03    130.17    130.17    0.0380855663441302    0.00000e+00    0.00000e+00    7.58934320E+10
    -2.87280370695009e-03    3.17780585998164e-04    1.56671749233299e-03    1.8510008E+03    129.81    129.81    0.0377572359593617    0.00000e+00    0.00000e+00    7.59436593E+10
    -2.88065124056210e-03    3.18495215908530e-04    1.57121927825030e-03    1.8391593E+03    129.45    129.45    0.0376383577444876    0.00000e+00    0.00000e+00    7.59938866E+10
    -2.88849731973308e-03    3.19208381681579e-04    1.57572048239119e-03    1.8273866E+03    129.10    129.10    0.0374492264785269    0.00000e+00    0.00000e+00    7.60441139E+10
    -2.89634189598164e-03    3.19920093013584e-04    1.58022100779293e-03    1.8156825E+03    128.74    128.74    0.0372796913563623    0.00000e+00    0.00000e+00    7.60943412E+10
    -2.90418487234505e-03    3.20630349904546e-04    1.58472090293688e-03    1.8040482E+03    128.39    128.39    0.0372243529207090    0.00000e+00    0.00000e+00    7.61445685E+10
    -2.91202624882332e-03    3.21339166898876e-04    1.58922021630442e-03    1.7924845E+03    128.03    128.03    0.0374189604791948    0.00000e+00    0.00000e+00    7.61947957E+10
    -2.91986592845370e-03    3.22046534300299e-04    1.59371885093280e-03    1.7809914E+03    127.68    127.68    0.0372825765083053    0.00000e+00    0.00000e+00    7.62450230E+10
    -2.92770391123620e-03    3.22752471501362e-04    1.59821690378477e-03    1.7695701E+03    127.33    127.33    0.0371059010699923    0.00000e+00    0.00000e+00    7.62952503E+10
    -2.93554019717081e-03    3.23456973653930e-04    1.60271427789758e-03    1.7582207E+03    126.98    126.98    0.0381227114330299    0.00000e+00    0.00000e+00    7.63454776E+10
    -2.94337468929480e-03    3.24160060150549e-04    1.60721107023398e-03    1.7469452E+03    126.63    126.63    0.0369688100891662    0.00000e+00    0.00000e+00    7.63957049E+10
    -2.95120733912681e-03    3.24861735839355e-04    1.61170728079396e-03    1.7357432E+03    126.28    126.28    0.0368126413122958    0.00000e+00    0.00000e+00    7.64459322E+10
    -2.95903819514819e-03    3.25562029809171e-04    1.61620290957752e-03    1.7246157E+03    125.94    125.94    0.0364805221938551    0.00000e+00    0.00000e+00    7.64961595E+10
    -2.96686720887759e-03    3.26260951756269e-04    1.62069795658466e-03    1.7135639E+03    125.59    125.59    0.0363959936610898    0.00000e+00    0.00000e+00    7.65463868E+10
    -2.97469433183363e-03    3.26958535617607e-04    1.62519247029675e-03    1.7025880E+03    125.25    125.25    0.0362386650936382    0.00000e+00    0.00000e+00    7.65966140E+10
    -2.98251956401632e-03    3.27654791089459e-04    1.62968640223243e-03    1.6916886E+03    124.91    124.91    0.0360734863727016    0.00000e+00    0.00000e+00    7.66468413E+10
    -2.99034285694428e-03    3.28349756956919e-04    1.63417975239169e-03    1.6808671E+03    124.57    124.57    0.0360863282248558    0.00000e+00    0.00000e+00    7.66970686E+10
    -2.99816416213615e-03    3.29043438068124e-04    1.63867256925590e-03    1.6701233E+03    124.23    124.23    0.0361982693420320    0.00000e+00    0.00000e+00    7.67472959E+10
    -3.00598347959192e-03    3.29735868360032e-04    1.64316480434369e-03    1.6594584E+03    123.90    123.90    0.0360589263751501    0.00000e+00    0.00000e+00    7.67975232E+10
    -3.01380080931160e-03    3.30427057528916e-04    1.64765650613644e-03    1.6488726E+03    123.56    123.56    0.0358694744593564    0.00000e+00    0.00000e+00    7.68477505E+10
    -3.02161615129519e-03    3.31117039511734e-04    1.65214772311550e-03    1.6383665E+03    123.23    123.23    0.0369076595900042    0.00000e+00    0.00000e+00    7.68979778E+10
    -3.02942940857995e-03    3.31805828852897e-04    1.65663835831815e-03    1.6279413E+03    122.90    122.90    0.0357316265422397    0.00000e+00    0.00000e+00    7.69482051E+10
    -3.03724067812862e-03    3.32493464337499e-04    1.66112850870711e-03    1.6175970E+03    122.57    122.57    0.0356058213493028    0.00000e+00    0.00000e+00    7.69984324E+10
    -3.04504991145983e-03    3.33179975054360e-04    1.66561812580102e-03    1.6073341E+03    122.25    122.25    0.0352900404782724    0.00000e+00    0.00000e+00    7.70486596E+10
    -3.05285710857358e-03    3.33865390092302e-04    1.67010730656263e-03    1.5971532E+03    121.92    121.92    0.0351985701134513    0.00000e+00    0.00000e+00    7.70988869E+10
    -3.06066222098850e-03    3.34549753084557e-04    1.67459595402918e-03    1.5870548E+03    121.60    121.60    0.0350829683576213    0.00000e+00    0.00000e+00    7.71491142E+10
    -3.06846529718595e-03    3.35233093119944e-04    1.67908416516342e-03    1.5770388E+03    121.28    121.28    0.0349646051143785    0.00000e+00    0.00000e+00    7.71993415E+10
    -3.07626633716595e-03    3.35915439287284e-04    1.68357189148398e-03    1.5671065E+03    120.96    120.96    0.0350494019609425    0.00000e+00    0.00000e+00    7.72495688E+10
    -3.08406529244712e-03    3.36596835219810e-04    1.68805913299085e-03    1.5572571E+03    120.64    120.64    0.0350713580373444    0.00000e+00    0.00000e+00    7.72997961E+10
    -3.09186216302946e-03    3.37277305158205e-04    1.69254588968405e-03    1.5474920E+03    120.32    120.32    0.0349219536229676    0.00000e+00    0.00000e+00    7.73500234E+10
    -3.09965694891297e-03    3.37956878191290e-04    1.69703221004493e-03    1.5378108E+03    120.01    120.01    0.0347035086930043    0.00000e+00    0.00000e+00    7.74002507E+10
    -3.10744969857902e-03    3.38635588256023e-04    1.70151809407350e-03    1.5282142E+03    119.70    119.70    0.0346634353362195    0.00000e+00    0.00000e+00    7.74504779E+10
    -3.11524036354624e-03    3.39313474137497e-04    1.70600349328839e-03    1.5187033E+03    119.39    119.39    0.0345804025682685    0.00000e+00    0.00000e+00    7.75007052E+10
    -3.12302899229600e-03    3.39990564924535e-04    1.71048850465234e-03    1.5092777E+03    119.08    119.08    0.0344542276697201    0.00000e+00    0.00000e+00    7.75509325E+10
    -3.13081558482831e-03    3.40666909098503e-04    1.71497312816534e-03    1.4999379E+03    118.78    118.78    0.0341640107238857    0.00000e+00    0.00000e+00    7.76011598E+10
    -3.13860018962451e-03    3.41342540596361e-04    1.71945731534602e-03    1.4906845E+03    118.47    118.47    0.0340519464136253    0.00000e+00    0.00000e+00    7.76513871E+10
    -3.14638270972189e-03    3.42017503051338e-04    1.72394111467576e-03    1.4815175E+03    118.17    118.17    0.0339658364999088    0.00000e+00    0.00000e+00    7.77016144E+10
    -3.15416329056455e-03    3.42691835248530e-04    1.72842447767319e-03    1.4724373E+03    117.87    117.87    0.0338545826374973    0.00000e+00    0.00000e+00    7.77518417E+10
    -3.16194183518974e-03    3.43365575973032e-04    1.73290750130105e-03    1.4634440E+03    117.58    117.58    0.0340069258318739    0.00000e+00    0.00000e+00    7.78020690E+10
    -3.16971839207884e-03    3.44038759161799e-04    1.73739013707795e-03    1.4545372E+03    117.28    117.28    0.0339941338639380    0.00000e+00    0.00000e+00    7.78522962E+10
    -3.17749300971322e-03    3.44711418751792e-04    1.74187233652255e-03    1.4457174E+03    116.99    116.99    0.0338163473882734    0.00000e+00    0.00000e+00    7.79025235E+10
    -3.18526563961150e-03    3.45383593528103e-04    1.74635419659756e-03    1.4369846E+03    116.70    116.70    0.0336451551789171    0.00000e+00    0.00000e+00    7.79527508E+10
    -3.19303637873643e-03    3.46055317427690e-04    1.75083571730300e-03    1.4283385E+03    116.41    116.41    0.0336014306780777    0.00000e+00    0.00000e+00    7.80029781E+10
    -3.20080517860663e-03    3.46726629235649e-04    1.75531685015750e-03    1.4197793E+03    116.12    116.12    0.0335473506862403    0.00000e+00    0.00000e+00    7.80532054E+10
    -3.20857213618485e-03    3.47397562888937e-04    1.75979769212379e-03    1.4113063E+03    115.84    115.84    0.0334025011798044    0.00000e+00    0.00000e+00    7.81034327E+10
    -3.21633720298971e-03    3.48068166868921e-04    1.76427814623913e-03    1.4029203E+03    115.56    115.56    0.0330967416239390    0.00000e+00    0.00000e+00    7.81536600E+10
    -3.22410047598395e-03    3.48738479960697e-04    1.76875830946626e-03    1.3946200E+03    115.28    115.28    0.0329822244807568    0.00000e+00    0.00000e+00    7.82038873E+10
    -3.23186190668620e-03    3.49408540949358e-04    1.77323818180519e-03    1.3864061E+03    115.00    115.00    0.0329075277317700    0.00000e+00    0.00000e+00    7.82541145E+10
    -3.23962154357783e-03    3.50078393468137e-04    1.77771771477453e-03    1.3782778E+03    114.73    114.73    0.0328692685905445    0.00000e+00    0.00000e+00    7.83043418E+10
    -3.24737948362157e-03    3.50748066605853e-04    1.78219695685567e-03    1.3702350E+03    114.45    114.45    0.0330311719182128    0.00000e+00    0.00000e+00    7.83545691E+10
    -3.25513562985470e-03    3.51417603995739e-04    1.78667595652997e-03    1.3622774E+03    114.18    114.18    0.0329486556091507    0.00000e+00    0.00000e+00    7.84047964E+10
    -3.26289007923994e-03    3.52087034726615e-04    1.79115461683469e-03    1.3544044E+03    113.92    113.92    0.0327820693367924    0.00000e+00    0.00000e+00    7.84550237E+10
    -3.27064288025867e-03    3.52756397583576e-04    1.79563303473257e-03    1.3466155E+03    113.65    113.65    0.0326114131568257    0.00000e+00    0.00000e+00    7.85052510E+10
    -3.27839403291088e-03    3.53425721655442e-04    1.80011116174225e-03    1.3389108E+03    113.39    113.39    0.0325770731546257    0.00000e+00    0.00000e+00    7.85554783E+10
    -3.28614353719658e-03    3.54095045727308e-04    1.80458909482645e-03    1.3312896E+03    113.13    113.13    0.0325428275619692    0.00000e+00    0.00000e+00    7.86057056E+10
    -3.29389149007849e-03    3.54764408584269e-04    1.80906673702244e-03    1.3237516E+03    112.87    112.87    0.0324133081214735    0.00000e+00    0.00000e+00    7.86559329E+10
    -3.30163789155663e-03    3.55433849011419e-04    1.81354423377433e-03    1.3162962E+03    112.61    112.61    0.0321200949709355    0.00000e+00    0.00000e+00    7.87061601E+10
    -3.30938279011235e-03    3.56103400945715e-04    1.81802143963800e-03    1.3089225E+03    112.36    112.36    0.0320037225331264    0.00000e+00    0.00000e+00    7.87563874E+10
    -3.31712623422704e-03    3.56773108020389e-04    1.82249850005758e-03    1.3016304E+03    112.11    112.11    0.0319071498212138    0.00000e+00    0.00000e+00    7.88066147E+10
    -3.32486817541931e-03    3.57442999324263e-04    1.82697536655168e-03    1.2944191E+03    111.86    111.86    0.0318752066492652    0.00000e+00    0.00000e+00    7.88568420E+10
    -3.33260871065190e-03    3.58113108794292e-04    1.83145203912031e-03    1.2872879E+03    111.61    111.61    0.0320513198610097    0.00000e+00    0.00000e+00    7.89070693E+10
    -3.34034783992482e-03    3.58783465519299e-04    1.83592856624483e-03    1.2802364E+03    111.37    111.37    0.0319987453176032    0.00000e+00    0.00000e+00    7.89572966E+10
    -3.34808561171943e-03    3.59454103436241e-04    1.84040489944389e-03    1.2732640E+03    111.13    111.13    0.0318491825289656    0.00000e+00    0.00000e+00    7.90075239E+10
    -3.35582202603574e-03    3.60125046785802e-04    1.84488103871747e-03    1.2663695E+03    110.89    110.89    0.0316488453903650    0.00000e+00    0.00000e+00    7.90577512E+10
    -3.36355717983647e-03    3.60796329504940e-04    1.84935712950968e-03    1.2595524E+03    110.65    110.65    0.0316459037952639    0.00000e+00    0.00000e+00    7.91079784E+10
    -3.37129107312164e-03    3.61467985530612e-04    1.85383302637642e-03    1.2528124E+03    110.41    110.41    0.0316065896502226    0.00000e+00    0.00000e+00    7.91582057E+10
    -3.37902370589123e-03    3.62140039103503e-04    1.85830887476179e-03    1.2461481E+03    110.18    110.18    0.0314169575495154    0.00000e+00    0.00000e+00    7.92084330E+10
    -3.38675522358936e-03    3.62812529008707e-04    1.86278457770306e-03    1.2395591E+03    109.95    109.95    0.0311725011469613    0.00000e+00    0.00000e+00    7.92586603E+10
    -3.39448552925328e-03    3.63485484335045e-04    1.86726023216295e-03    1.2330447E+03    109.72    109.72    0.0311030689010988    0.00000e+00    0.00000e+00    7.93088876E+10
    -3.40221471984574e-03    3.64158939019474e-04    1.87173583814149e-03    1.2266039E+03    109.49    109.49    0.0310075563995781    0.00000e+00    0.00000e+00    7.93591149E+10
    -3.40994284384809e-03    3.64832917302679e-04    1.87621139563865e-03    1.2202360E+03    109.27    109.27    0.0309620273934256    0.00000e+00    0.00000e+00    7.94093422E+10
    -3.41766990126035e-03    3.65507443425343e-04    1.88068685617307e-03    1.2139401E+03    109.05    109.05    0.0311855756774244    0.00000e+00    0.00000e+00    7.94595695E+10
    -3.42539594056388e-03    3.66182541628152e-04    1.88516231670750e-03    1.2077151E+03    108.83    108.83    0.0310811764432594    0.00000e+00    0.00000e+00    7.95097967E+10
    -3.43312101024005e-03    3.66858236151788e-04    1.88963772876056e-03    1.2015607E+03    108.61    108.61    0.0308816053037939    0.00000e+00    0.00000e+00    7.95600240E+10
    -3.44084511028886e-03    3.67534551236935e-04    1.89411318929499e-03    1.1954760E+03    108.39    108.39    0.0307337157855830    0.00000e+00    0.00000e+00    7.96102513E+10
    -3.44856824071030e-03    3.68211511124279e-04    1.89858860134804e-03    1.1894598E+03    108.18    108.18    0.0307015728581294    0.00000e+00    0.00000e+00    7.96604786E+10
    -3.45629054694849e-03    3.68889135206366e-04    1.90306406188247e-03    1.1835115E+03    107.97    107.97    0.0306358514110032    0.00000e+00    0.00000e+00    7.97107059E+10
    -3.46401202900341e-03    3.69567452572017e-04    1.90753957089827e-03    1.1776305E+03    107.76    107.76    0.0305371254596374    0.00000e+00    0.00000e+00    7.97609332E+10
    -3.47173268687508e-03    3.70246487461916e-04    1.91201517687680e-03    1.1718152E+03    107.55    107.55    0.0303328192612847    0.00000e+00    0.00000e+00    7.98111605E+10
    -3.47945256904486e-03    3.70926264116746e-04    1.91649083133670e-03    1.1660655E+03    107.34    107.34    0.0302165967985587    0.00000e+00    0.00000e+00    7.98613878E+10
    -3.48717172399412e-03    3.71606801929057e-04    1.92096658275933e-03    1.1603803E+03    107.14    107.14    0.0301124383825688    0.00000e+00    0.00000e+00    7.99116151E+10
    -3.49489015172286e-03    3.72288125139530e-04    1.92544243114470e-03    1.1547586E+03    106.94    106.94    0.0301306335740750    0.00000e+00    0.00000e+00    7.99618423E+10
    -3.50260790071244e-03    3.72970248292578e-04    1.92991837649281e-03    1.1491996E+03    106.74    106.74    0.0303231274321127    0.00000e+00    0.00000e+00    8.00120696E+10
    -3.51032501944424e-03    3.73653185932610e-04    1.93439446728502e-03    1.1437024E+03    106.54    106.54    0.0301897866609417    0.00000e+00    0.00000e+00    8.00622969E+10
    -3.51804150791825e-03    3.74336952604036e-04    1.93887065503997e-03    1.1382661E+03    106.34    106.34    0.0299845462110678    0.00000e+00    0.00000e+00    8.01125242E+10
    -3.52575741461584e-03    3.75021567699405e-04    1.94334703672039e-03    1.1328899E+03    106.15    106.15    0.0298776980279843    0.00000e+00    0.00000e+00    8.01627515E+10
    -3.53347278801839e-03    3.75707045763125e-04    1.94782361232628e-03    1.1275728E+03    105.95    105.95    0.0297889380203754    0.00000e+00    0.00000e+00    8.02129788E+10
    -3.54118767660725e-03    3.76393401339609e-04    1.95230038185765e-03    1.1223141E+03    105.76    105.76    0.0297192247677588    0.00000e+00    0.00000e+00    8.02632061E+10
    -3.54890208038243e-03    3.77080658669539e-04    1.95677734531449e-03    1.1171128E+03    105.57    105.57    0.0296382053655555    0.00000e+00    0.00000e+00    8.03134334E+10
    -3.55661604782530e-03    3.77768822601053e-04    1.96125455117816e-03    1.1119682E+03    105.38    105.38    0.0294639064898090    0.00000e+00    0.00000e+00    8.03636606E+10
