    -1.83403435071137e-05    5.71720024106924e-05    -3.73009493960064e-06    6.2303500E+06    517.01    517.01    1.2451230678881851    0.00000e+00    0.00000e+00    6.18800187E+10
    -3.23906614102475e-05    7.09357319176983e-05    -5.25235555067093e-06    2.6838508E+06    385.98    385.98    0.8792295199842352    0.00000e+00    0.00000e+00    6.19302460E+10
    -4.55978529305331e-05    8.36504700628874e-05    -6.56886758653755e-06    2.1180647E+06    480.18    480.18    0.7465958307443706    0.00000e+00    0.00000e+00    6.19804733E+10
    -5.72109911269273e-05    9.47098361346120e-05    -7.27163507575405e-06    2.1270717E+06    576.26    576.26    0.7217955492942815    0.00000e+00    0.00000e+00    6.20307006E+10
    -6.70864809744769e-05    1.04019834456379e-04    -7.29551408880342e-06    1.9738428E+06    577.68    577.68    0.6758456857022777    0.00000e+00    0.00000e+00    6.20809278E+10
    -7.54961318090551e-05    1.11851650408853e-04    -6.87781995296142e-06    1.7159192E+06    543.17    543.17    0.6322853088681940    0.00000e+00    0.00000e+00    6.21311551E+10
    -8.28004656283453e-05    1.18514929642022e-04    -6.28725677247355e-06    1.5022545E+06    511.55    511.55    0.5907778658243600    0.00000e+00    0.00000e+00    6.21813824E+10
    -8.94068034946684e-05    1.24323259341102e-04    -5.73907212547882e-06    1.3408582E+06    487.47    487.47    0.5653423471161511    0.00000e+00    0.00000e+00    6.22316097E+10
    -9.56663929199884e-05    1.29572632802821e-04    -5.37652118253989e-06    1.1916749E+06    463.85    463.85    0.5319372481250668    0.00000e+00    0.00000e+00    6.22818370E+10
    -1.01810926362507e-04    1.34492822623203e-04    -5.23867119970793e-06    1.0419077E+06    439.72    439.72    0.5082963810933345    0.00000e+00    0.00000e+00    6.23320643E+10
    -1.07950917100835e-04    1.39219474822086e-04    -5.25989779710795e-06    9.1203047E+05    421.40    421.40    0.4792365977682498    0.00000e+00    0.00000e+00    6.23822916E+10
    -1.14151058672577e-04    1.43827216769403e-04    -5.30180557651674e-06    8.5207401E+05    452.57    452.57    0.4590322724380796    0.00000e+00    0.00000e+00    6.24325189E+10
    -1.20848216685782e-04    1.48721095751311e-04    -5.28774307088248e-06    9.2692013E+05    710.54    710.54    0.4329062616661955    0.00000e+00    0.00000e+00    6.24827461E+10
    -1.29026175062158e-04    1.55027537570773e-04    -5.35143110491511e-06    1.0805585E+06    1115.18    1115.18    0.4056640605038611    0.00000e+00    0.00000e+00    6.25329734E+10
    -1.38685195601092e-04    1.63186496098986e-04    -5.64358661654325e-06    1.2158975E+06    1378.03    1378.03    0.3775233704250111    0.00000e+00    0.00000e+00    6.25832007E+10
    -1.48956230386649e-04    1.72554628429255e-04    -6.15422680725917e-06    1.2963762E+06    1447.91    1447.91    0.3620276852127578    0.00000e+00    0.00000e+00    6.26334280E+10
    -1.59231575165831e-04    1.82464942443519e-04    -6.93077954504478e-06    1.2690639E+06    1393.87    1393.87    0.3495676370743849    0.00000e+00    0.00000e+00    6.26836553E+10
    -1.69480395788519e-04    1.92524923289278e-04    -7.97599372347196e-06    1.1685693E+06    1318.68    1318.68    0.3372201843652441    0.00000e+00    0.00000e+00    6.27338826E+10
    -1.79774832530462e-04    2.02431833911500e-04    -9.29856253665668e-06    1.0456906E+06    1243.20    1243.20    0.3255935408346689    0.00000e+00    0.00000e+00    6.27841099E+10
    -1.90196125620205e-04    2.12073725983081e-04    -1.09131705061861e-05    9.2073399E+05    1171.88    1171.88    0.3217387976471424    0.00000e+00    0.00000e+00    6.28343372E+10
    -2.00769116910767e-04    2.21468741231967e-04    -1.28371759010986e-05    8.0518801E+05    1107.10    1107.10    0.3231302238632813    0.00000e+00    0.00000e+00    6.28845645E+10
    -2.11418136682801e-04    2.30668003260831e-04    -1.50909462289514e-05    7.0179093E+05    1046.78    1046.78    0.3186554352404753    0.00000e+00    0.00000e+00    6.29347917E+10
    -2.22042203094667e-04    2.39735662615959e-04    -1.76613857025902e-05    6.1317015E+05    992.84    992.84    0.3185637249068937    0.00000e+00    0.00000e+00    6.29850190E+10
    -2.32559174164377e-04    2.48721742372966e-04    -2.04674926218027e-05    5.4057194E+05    944.70    944.70    0.3180517657503041    0.00000e+00    0.00000e+00    6.30352463E+10
    -2.42937566091479e-04    2.57668818869328e-04    -2.33916211291034e-05    4.8219374E+05    901.32    901.32    0.3152104425321036    0.00000e+00    0.00000e+00    6.30854736E+10
    -2.53198667044709e-04    2.66611847171452e-04    -2.63197798925352e-05    4.3451874E+05    861.51    861.51    0.3100436218654103    0.00000e+00    0.00000e+00    6.31357009E+10
    -2.63395535033330e-04    2.75579906403932e-04    -2.91717143097683e-05    3.9357979E+05    822.96    822.96    0.3079349026745757    0.00000e+00    0.00000e+00    6.31859282E+10
    -2.73579763929283e-04    2.84585979877148e-04    -3.19083522766146e-05    3.5598010E+05    783.88    783.88    0.3124369979357352    0.00000e+00    0.00000e+00    6.32361555E+10
    -2.83783133269367e-04    2.93623857127845e-04    -3.45229451866331e-05    3.2010124E+05    744.22    744.22    0.3101432846411263    0.00000e+00    0.00000e+00    6.32863828E+10
    -2.94018301538795e-04    3.02676957528128e-04    -3.70299715155965e-05    2.8597356E+05    705.15    705.15    0.3024943864012067    0.00000e+00    0.00000e+00    6.33366100E+10
    -3.04286994674272e-04    3.11729044667818e-04    -3.94564722313823e-05    2.5436389E+05    667.85    667.85    0.2958100037891363    0.00000e+00    0.00000e+00    6.33868373E+10
    -3.14585576573189e-04    3.20768070926939e-04    -4.18332683941397e-05    2.2593185E+05    633.06    633.06    0.2900531433798962    0.00000e+00    0.00000e+00    6.34370646E+10
    -3.24905204234003e-04    3.29783171630897e-04    -4.41885751904819e-05    2.0092560E+05    601.09    601.09    0.2827359437526017    0.00000e+00    0.00000e+00    6.34872919E+10
    -3.35233703985182e-04    3.38764728076260e-04    -4.65444337047933e-05    1.7922816E+05    572.05    572.05    0.2766025275416542    0.00000e+00    0.00000e+00    6.35375192E+10
    -3.45557835565094e-04    3.47704949307171e-04    -4.89161829571303e-05    1.6052113E+05    545.74    545.74    0.2680263599957309    0.00000e+00    0.00000e+00    6.35877465E+10
    -3.55864693233547e-04    3.56597872115352e-04    -5.13132617850506e-05    1.4441630E+05    522.17    522.17    0.2631061601349928    0.00000e+00    0.00000e+00    6.36379738E+10
    -3.66142680247291e-04    3.65439176810906e-04    -5.37403360354212e-05    1.3053210E+05    500.83    500.83    0.2569988587840758    0.00000e+00    0.00000e+00    6.36882011E+10
    -3.76382274865627e-04    3.74226187222313e-04    -5.61984529057932e-05    1.1852977E+05    481.48    481.48    0.2514661796650982    0.00000e+00    0.00000e+00    6.37384283E+10
    -3.86576597582422e-04    3.82957943418484e-04    -5.86859979666085e-05    1.0812286E+05    463.94    463.94    0.2465010357915286    0.00000e+00    0.00000e+00    6.37886556E+10
    -3.96721498392564e-04    3.91635318064044e-04    -6.11995193444577e-05    9.9070733E+04    447.99    447.99    0.2421747299418369    0.00000e+00    0.00000e+00    6.38388829E+10
    -4.06815231966802e-04    4.00261011571198e-04    -6.37345228165169e-05    9.1170948E+04    433.48    433.48    0.2362092502978431    0.00000e+00    0.00000e+00    6.38891102E+10
    -4.16857652861031e-04    4.08839149704372e-04    -6.62859905611865e-05    8.4253525E+04    420.26    420.26    0.2312147608531961    0.00000e+00    0.00000e+00    6.39393375E+10
    -4.26849507688321e-04    4.17374570904104e-04    -6.88487156795315e-05    7.8175405E+04    408.21    408.21    0.2265859404570872    0.00000e+00    0.00000e+00    6.39895648E+10
    -4.36791979394053e-04    4.25872099066520e-04    -7.14174427912487e-05    7.2816811E+04    397.21    397.21    0.2227865754861701    0.00000e+00    0.00000e+00    6.40397921E+10
    -4.46686473937902e-04    4.34336087818477e-04    -7.39870037824973e-05    6.8078371E+04    387.17    387.17    0.2167879400138563    0.00000e+00    0.00000e+00    6.40900194E+10
    -4.56534581508743e-04    4.42770202351404e-04    -7.65525165795087e-05    6.3878211E+04    378.05    378.05    0.2142587730542378    0.00000e+00    0.00000e+00    6.41402466E+10
    -4.66338091069058e-04    4.51177409725029e-04    -7.91095112001430e-05    6.0149808E+04    369.78    369.78    0.2082172580290531    0.00000e+00    0.00000e+00    6.41904739E+10
    -4.76099145495318e-04    4.59560075830117e-04    -8.16540655017200e-05    5.6840542E+04    362.34    362.34    0.2049097520702330    0.00000e+00    0.00000e+00    6.42407012E+10
    -4.85820542162464e-04    4.67920261124812e-04    -8.41829215363027e-05    5.3909486E+04    355.69    355.69    0.2003315355978970    0.00000e+00    0.00000e+00    6.42909285E+10
    -4.95506004439566e-04    4.76260123029994e-04    -8.66935291839285e-05    5.1324583E+04    349.84    349.84    0.1994646175193154    0.00000e+00    0.00000e+00    6.43411558E+10
    -5.05160341678341e-04    4.84582429831784e-04    -8.91841285709348e-05    4.9059958E+04    344.78    344.78    0.1955816260741025    0.00000e+00    0.00000e+00    6.43913831E+10
    -5.14789614049802e-04    4.92891161850502e-04    -9.16537112848650e-05    4.7093266E+04    340.55    340.55    0.1906448968876724    0.00000e+00    0.00000e+00    6.44416104E+10
    -5.24401142240535e-04    5.01191899291619e-04    -9.41017440306700e-05    4.5403121E+04    337.19    337.19    0.1872600339100262    0.00000e+00    0.00000e+00    6.44918377E+10
    -5.34003604415431e-04    5.09491715586742e-04    -9.65285467853791e-05    4.3967681E+04    334.69    334.69    0.1845558023928446    0.00000e+00    0.00000e+00    6.45420650E+10
    -5.43606793810849e-04    5.17798707124345e-04    -9.89353121906480e-05    4.2764934E+04    333.02    333.02    0.1827907605317596    0.00000e+00    0.00000e+00    6.45922922E+10
    -5.53221327846405e-04    5.26121600550689e-04    -1.01323800120139e-04    4.1774003E+04    332.13    332.13    0.1791342168859218    0.00000e+00    0.00000e+00    6.46425195E+10
    -5.62858357236764e-04    5.34469510362977e-04    -1.03696201931691e-04    4.0970310E+04    331.90    331.90    0.1768974465042426    0.00000e+00    0.00000e+00    6.46927468E+10
    -5.72528644845647e-04    5.42851066244735e-04    -1.06055024112035e-04    4.0324676E+04    332.17    332.17    0.1746267222731977    0.00000e+00    0.00000e+00    6.47429741E+10
    -5.82242274797621e-04    5.51273928252124e-04    -1.08402942832691e-04    3.9804419E+04    332.77    332.77    0.1719959313937268    0.00000e+00    0.00000e+00    6.47932014E+10
    -5.92007925257579e-04    5.59744302000261e-04    -1.10742697290957e-04    3.9375528E+04    333.48    333.48    0.1692471620133211    0.00000e+00    0.00000e+00    6.48434287E+10
    -6.01832965393472e-04    5.68267132588694e-04    -1.13077012139720e-04    3.9004892E+04    334.15    334.15    0.1670789316736024    0.00000e+00    0.00000e+00    6.48936560E+10
    -6.11723019044002e-04    5.76846104601400e-04    -1.15408616880007e-04    3.8661874E+04    334.59    334.59    0.1639309226094026    0.00000e+00    0.00000e+00    6.49438833E+10
    -6.21681528386305e-04    5.85483254255839e-04    -1.17740114961284e-04    3.8319698E+04    334.69    334.69    0.1609824024120164    0.00000e+00    0.00000e+00    6.49941105E+10
    -6.31709753935952e-04    5.94179260291164e-04    -1.20073755919031e-04    3.7956188E+04    334.36    334.36    0.1583516771966582    0.00000e+00    0.00000e+00    6.50443378E+10
    -6.41806968472420e-04    6.02933589412327e-04    -1.22411396589647e-04    3.7554424E+04    333.56    333.56    0.1559949048476559    0.00000e+00    0.00000e+00    6.50945651E+10
    -6.51970602483200e-04    6.11744496290076e-04    -1.24754341121935e-04    3.7103065E+04    332.29    332.29    0.1536217415106946    0.00000e+00    0.00000e+00    6.51447924E+10
    -6.62196777458844e-04    6.20609217486427e-04    -1.27103205229269e-04    3.6595747E+04    330.57    330.57    0.1513885874129810    0.00000e+00    0.00000e+00    6.51950197E+10
    -6.72480839188012e-04    6.29524504749719e-04    -1.29458352521910e-04    3.6030069E+04    328.45    328.45    0.1541919892264494    0.00000e+00    0.00000e+00    6.52452470E+10
    -6.82818084977997e-04    6.38486867421446e-04    -1.31820064191793e-04    3.5406882E+04    325.96    325.96    0.1510350867329413    0.00000e+00    0.00000e+00    6.52954743E+10
    -6.93203860617462e-04    6.47493445100890e-04    -1.34188296605687e-04    3.4729453E+04    323.15    323.15    0.1483613291971542    0.00000e+00    0.00000e+00    6.53457016E+10
    -7.03633754301908e-04    6.56541619794173e-04    -1.36563103093097e-04    3.4003116E+04    320.07    320.07    0.1466801565808352    0.00000e+00    0.00000e+00    6.53959288E+10
    -7.14103596633677e-04    6.65629258321099e-04    -1.38944716364590e-04    3.3234561E+04    316.74    316.74    0.1439689059524673    0.00000e+00    0.00000e+00    6.54461561E+10
    -7.24609557584689e-04    6.74754421426943e-04    -1.41333340041912e-04    3.2431152E+04    313.22    313.22    0.1407048252614665    0.00000e+00    0.00000e+00    6.54963834E+10
    -7.35147904089598e-04    6.83915363782453e-04    -1.43729134113578e-04    3.1600599E+04    309.53    309.53    0.1383670096426702    0.00000e+00    0.00000e+00    6.55466107E+10
    -7.45714903083062e-04    6.93110243095640e-04    -1.46132161605365e-04    3.0750676E+04    305.72    305.72    0.1385221426982693    0.00000e+00    0.00000e+00    6.55968380E+10
    -7.56306724536998e-04    7.02337217074516e-04    -1.48542403124728e-04    2.9888906E+04    301.81    301.81    0.1380005257811459    0.00000e+00    0.00000e+00    6.56470653E+10
    -7.66919489941958e-04    7.11594297982990e-04    -1.50959732620108e-04    2.9022192E+04    297.84    297.84    0.1368309579553764    0.00000e+00    0.00000e+00    6.56972926E+10
    -7.77549369269862e-04    7.20879498084968e-04    -1.53383931925349e-04    2.8156765E+04    293.83    293.83    0.1341344697101195    0.00000e+00    0.00000e+00    6.57475199E+10
    -7.88192629455364e-04    7.30190538756149e-04    -1.55814715000380e-04    2.7298245E+04    289.79    289.79    0.1312192533761616    0.00000e+00    0.00000e+00    6.57977472E+10
    -7.98845634395856e-04    7.39525189853600e-04    -1.58251742475624e-04    2.6451751E+04    285.77    285.77    0.1295356250168364    0.00000e+00    0.00000e+00    6.58479744E+10
    -8.09504941914203e-04    7.48880978827548e-04    -1.60694650740820e-04    2.5621804E+04    281.76    281.76    0.1292891030260077    0.00000e+00    0.00000e+00    6.58982017E+10
    -8.20167546165581e-04    7.58255481609586e-04    -1.63143105274527e-04    2.4812138E+04    277.81    277.81    0.1272715343845415    0.00000e+00    0.00000e+00    6.59484290E+10
    -8.30830489786536e-04    7.67646419575414e-04    -1.65596820036675e-04    2.4025610E+04    273.91    273.91    0.1248101646060538    0.00000e+00    0.00000e+00    6.59986563E+10
    -8.41491397190030e-04    7.77051562582098e-04    -1.68055552620422e-04    2.3264195E+04    270.09    270.09    0.1218604195682081    0.00000e+00    0.00000e+00    6.60488836E+10
    -8.52147892789027e-04    7.86468777449443e-04    -1.70519089707749e-04    2.2529054E+04    266.34    266.34    0.1200500755944654    0.00000e+00    0.00000e+00    6.60991109E+10
    -8.62798085810168e-04    7.95896270366826e-04    -1.72987256765730e-04    2.1820921E+04    262.69    262.69    0.1205487700288636    0.00000e+00    0.00000e+00    6.61493382E+10
    -8.73439940035995e-04    8.05332150560893e-04    -1.75459869565167e-04    2.1140246E+04    259.13    259.13    0.1176185201660616    0.00000e+00    0.00000e+00    6.61995655E+10
    -8.84071758618623e-04    8.14774575739655e-04    -1.77936695395493e-04    2.0487125E+04    255.66    255.66    0.1161597737795583    0.00000e+00    0.00000e+00    6.62497927E+10
    -8.94691699266064e-04    8.24221800573859e-04    -1.80417525786825e-04    1.9861330E+04    252.30    252.30    0.1152003363027012    0.00000e+00    0.00000e+00    6.63000200E+10
    -9.05298065130433e-04    8.33671788846047e-04    -1.82902176509964e-04    1.9262323E+04    249.03    249.03    0.1138644960332066    0.00000e+00    0.00000e+00    6.63502473E+10
    -9.15889256326584e-04    8.43122601301491e-04    -1.85390439095028e-04    1.8689332E+04    245.85    245.85    0.1129712916483841    0.00000e+00    0.00000e+00    6.64004746E+10
    -9.26463915376209e-04    8.52572444129574e-04    -1.87882061438901e-04    1.8141440E+04    242.78    242.78    0.1124467358357075    0.00000e+00    0.00000e+00    6.64507019E+10
    -9.37020878726473e-04    8.62019620482411e-04    -1.90376757501513e-04    1.7617687E+04    239.80    239.80    0.1113490282804975    0.00000e+00    0.00000e+00    6.65009292E+10
    -9.47559176750015e-04    8.71462530474854e-04    -1.92874246090928e-04    1.7117087E+04    236.90    236.90    0.1091493565660008    0.00000e+00    0.00000e+00    6.65511565E+10
    -9.58078130707681e-04    8.80899768147228e-04    -1.95374226622664e-04    1.6638660E+04    234.09    234.09    0.1076940653193954    0.00000e+00    0.00000e+00    6.66013838E+10
    -9.68577158823052e-04    8.90330072983961e-04    -1.97876403360375e-04    1.6181386E+04    231.36    231.36    0.1063798488090834    0.00000e+00    0.00000e+00    6.66516110E+10
    -9.79055630838345e-04    8.99752329913589e-04    -2.00380495112126e-04    1.5744192E+04    228.71    228.71    0.1049441276507350    0.00000e+00    0.00000e+00    6.67018383E+10
    -9.89512964977142e-04    9.09165375383276e-04    -2.02886181900889e-04    1.5326059E+04    226.14    226.14    0.1033844827032079    0.00000e+00    0.00000e+00    6.67520656E+10
    -9.99948530981656e-04    9.18568288247027e-04    -2.05393104964538e-04    1.4925969E+04    223.65    223.65    0.1020158019978611    0.00000e+00    0.00000e+00    6.68022929E+10
    -1.01036155315000e-03    9.27960147358849e-04    -2.07900837667035e-04    1.4542888E+04    221.22    221.22    0.1011325352954573    0.00000e+00    0.00000e+00    6.68525202E+10
    -1.02075154666849e-03    9.37339983091380e-04    -2.10408924283519e-04    1.4175803E+04    218.87    218.87    0.1000718708190791    0.00000e+00    0.00000e+00    6.69027475E+10
    -1.03111788127934e-03    9.46706971261361e-04    -2.12916899392856e-04    1.3823711E+04    216.57    216.57    0.0990017278660150    0.00000e+00    0.00000e+00    6.69529748E+10
    -1.04146031457572e-03    9.56060384648271e-04    -2.15424336359007e-04    1.3485669E+04    214.33    214.33    0.0977325115533142    0.00000e+00    0.00000e+00    6.70032021E+10
    -1.05177855566940e-03    9.65399592994324e-04    -2.17930832786617e-04    1.3160777E+04    212.15    212.15    0.0971567776120503    0.00000e+00    0.00000e+00    6.70534293E+10
    -1.06207250759766e-03    9.74723966041736e-04    -2.20436044457972e-04    1.2848254E+04    210.04    210.04    0.0967719585425439    0.00000e+00    0.00000e+00    6.71036566E+10
    -1.07234226732324e-03    9.84033164420929e-04    -2.22939651396043e-04    1.2547409E+04    207.98    207.98    0.0954686547736890    0.00000e+00    0.00000e+00    6.71538839E+10
    -1.08258793180886e-03    9.93326897243694e-04    -2.25441372408894e-04    1.2257586E+04    205.98    205.98    0.0942642934754715    0.00000e+00    0.00000e+00    6.72041112E+10
    -1.09280959801727e-03    1.00260487362182e-03    -2.27940974785958e-04    1.1978177E+04    204.03    204.03    0.0933184360872500    0.00000e+00    0.00000e+00    6.72543385E+10
    -1.10300736291120e-03    1.01186689962984e-03    -2.30438225816670e-04    1.1708623E+04    202.13    202.13    0.0922530650799494    0.00000e+00    0.00000e+00    6.73045658E+10
    -1.11318137193476e-03    1.02111282982365e-03    -2.32932950968102e-04    1.1448424E+04    200.28    200.28    0.0907229896280557    0.00000e+00    0.00000e+00    6.73547931E+10
    -1.12333181901341e-03    1.03034256724051e-03    -2.35424970859194e-04    1.1197129E+04    198.47    198.47    0.0899567398637661    0.00000e+00    0.00000e+00    6.74050204E+10
    -1.13345899503537e-03    1.03955606339905e-03    -2.37914130349568e-04    1.0954323E+04    196.71    196.71    0.0890870102024664    0.00000e+00    0.00000e+00    6.74552477E+10
    -1.14356309392611e-03    1.04875322133654e-03    -2.40400293691392e-04    1.0719630E+04    194.98    194.98    0.0883148798756522    0.00000e+00    0.00000e+00    6.75054749E+10
    -1.15364460049931e-03    1.05793408953435e-03    -2.42883363921931e-04    1.0492714E+04    193.30    193.30    0.0873848133870501    0.00000e+00    0.00000e+00    6.75557022E+10
    -1.16370395108729e-03    1.06709881343657e-03    -2.45363287711679e-04    1.0273269E+04    191.65    191.65    0.0879508882537944    0.00000e+00    0.00000e+00    6.76059295E+10
    -1.17374172746645e-03    1.07624744152458e-03    -2.47840021427405e-04    1.0061020E+04    190.05    190.05    0.0866583200024219    0.00000e+00    0.00000e+00    6.76561568E+10
    -1.18375860837596e-03    1.08538026468658e-03    -2.50313565069110e-04    9.8557239E+03    188.48    188.48    0.0856521970533045    0.00000e+00    0.00000e+00    6.77063841E+10
    -1.19375522407360e-03    1.09449762229216e-03    -2.52783952573751e-04    9.6571711E+03    186.94    186.94    0.0845587709345914    0.00000e+00    0.00000e+00    6.77566114E+10
    -1.20373235026126e-03    1.10359985371089e-03    -2.55251256663380e-04    9.4651729E+03    185.45    185.45    0.0837377044786984    0.00000e+00    0.00000e+00    6.78068387E+10
    -1.21369076264082e-03    1.11268749223781e-03    -2.57715574300734e-04    9.2795789E+03    183.99    183.99    0.0827797060458475    0.00000e+00    0.00000e+00    6.78570660E+10
    -1.22363118843282e-03    1.12176097420525e-03    -2.60177031537369e-04    9.1002569E+03    182.57    182.57    0.0819004479017581    0.00000e+00    0.00000e+00    6.79072932E+10
    -1.23355445182051e-03    1.13082083290825e-03    -2.62635759272979e-04    8.9270855E+03    181.19    181.19    0.0814348638550033    0.00000e+00    0.00000e+00    6.79575205E+10
    -1.24346142546851e-03    1.13986765012322e-03    -2.65091917496079e-04    8.7599467E+03    179.84    179.84    0.0804496826084238    0.00000e+00    0.00000e+00    6.80077478E+10
    -1.25335312748555e-03    1.14890215307070e-03    -2.67545656498911e-04    8.5987260E+03    178.54    178.54    0.0799681007751205    0.00000e+00    0.00000e+00    6.80579751E+10
    -1.26323047901764e-03    1.15792497200846e-03    -2.69997175055083e-04    8.4433030E+03    177.27    177.27    0.0791704096947123    0.00000e+00    0.00000e+00    6.81082024E+10
    -1.27309459513623e-03    1.16693693111977e-03    -2.72446686482615e-04    8.2935527E+03    176.03    176.03    0.0797943137608970    0.00000e+00    0.00000e+00    6.81584297E+10
    -1.28294673635690e-03    1.17593880610650e-03    -2.74894471973443e-04    8.1493369E+03    174.84    174.84    0.0788741991792540    0.00000e+00    0.00000e+00    6.82086570E+10
    -1.29278811471384e-03    1.18493151811467e-03    -2.77340827263911e-04    8.0105068E+03    173.68    173.68    0.0779303348368624    0.00000e+00    0.00000e+00    6.82588843E+10
    -1.30261999072264e-03    1.19391593980889e-03    -2.79786062634776e-04    7.8769043E+03    172.56    172.56    0.0771334777065900    0.00000e+00    0.00000e+00    6.83091115E+10
    -1.31244367338023e-03    1.20289313777926e-03    -2.82230502911204e-04    7.7483587E+03    171.48    171.48    0.0763300177727600    0.00000e+00    0.00000e+00    6.83593388E+10
    -1.32226032623944e-03    1.21186393620903e-03    -2.84674463222087e-04    7.6246885E+03    170.43    170.43    0.0753173085638301    0.00000e+00    0.00000e+00    6.84095661E+10
    -1.33207125829721e-03    1.22082935320695e-03    -2.87118273240730e-04    7.5057029E+03    169.43    169.43    0.0747417668646795    0.00000e+00    0.00000e+00    6.84597934E+10
    -1.34187753614365e-03    1.22979030991900e-03    -2.89562248096024e-04    7.3912001E+03    168.45    168.45    0.0743069726931853    0.00000e+00    0.00000e+00    6.85100207E+10
    -1.35168042029431e-03    1.23874767900982e-03    -2.92006688372452e-04    7.2809719E+03    167.51    167.51    0.0736414982059120    0.00000e+00    0.00000e+00    6.85602480E+10
    -1.36148092885794e-03    1.24770233314401e-03    -2.94451904350769e-04    7.1748017E+03    166.60    166.60    0.0729837353327502    0.00000e+00    0.00000e+00    6.86104753E+10
    -1.37128022538737e-03    1.25665509650485e-03    -2.96898196615459e-04    7.0724779E+03    165.72    165.72    0.0724057087148292    0.00000e+00    0.00000e+00    6.86607026E+10
    -1.38107937647269e-03    1.26560684175697e-03    -2.99345865751003e-04    6.9737814E+03    164.87    164.87    0.0731079888286696    0.00000e+00    0.00000e+00    6.87109298E+10
    -1.39087944870401e-03    1.27455829612087e-03    -3.01795192949337e-04    6.8784882E+03    164.05    164.05    0.0722472159840679    0.00000e+00    0.00000e+00    6.87611571E+10
    -1.40068141170868e-03    1.28351033226119e-03    -3.04246469098668e-04    6.7863701E+03    163.25    163.25    0.0713933076135373    0.00000e+00    0.00000e+00    6.88113844E+10
    -1.41048623511407e-03    1.29246372587981e-03    -3.06699965694659e-04    6.6972008E+03    162.47    162.47    0.0708174293803814    0.00000e+00    0.00000e+00    6.88616117E+10
    -1.42029479158481e-03    1.30141915571590e-03    -3.09155929992287e-04    6.6107585E+03    161.71    161.71    0.0701823273229703    0.00000e+00    0.00000e+00    6.89118390E+10
    -1.43010775986004e-03    1.31037730050860e-03    -3.11614594702119e-04    6.5268276E+03    160.96    160.96    0.0693156304714815    0.00000e+00    0.00000e+00    6.89620663E+10
    -1.43992591564166e-03    1.31933879051570e-03    -3.14076158597764e-04    6.4452048E+03    160.23    160.23    0.0687547551415614    0.00000e+00    0.00000e+00    6.90122936E+10
    -1.44974984070609e-03    1.32830415903225e-03    -3.16540810756557e-04    6.3656926E+03    159.51    159.51    0.0684397152771091    0.00000e+00    0.00000e+00    6.90625209E+10
    -1.45958006834837e-03    1.33727384239057e-03    -3.19008701470740e-04    6.2881048E+03    158.80    158.80    0.0679383473691602    0.00000e+00    0.00000e+00    6.91127482E+10
    -1.46941703490082e-03    1.34624832540432e-03    -3.21479976184417e-04    6.2122693E+03    158.10    158.10    0.0671811511903290    0.00000e+00    0.00000e+00    6.91629754E+10
    -1.47926127365848e-03    1.35522789896173e-03    -3.23954751252872e-04    6.1380235E+03    157.40    157.40    0.0679810849344693    0.00000e+00    0.00000e+00    6.92132027E+10
    -1.48911307550957e-03    1.36421295091373e-03    -3.26433128486978e-04    6.0652186E+03    156.71    156.71    0.0674344978469144    0.00000e+00    0.00000e+00    6.92634300E+10
    -1.49897287678640e-03    1.37320377214854e-03    -3.28915200001334e-04    5.9937200E+03    156.01    156.01    0.0664743378233594    0.00000e+00    0.00000e+00    6.93136573E+10
    -1.50884096837718e-03    1.38220065355436e-03    -3.31401028821718e-04    5.9234064E+03    155.32    155.32    0.0658105508402144    0.00000e+00    0.00000e+00    6.93638846E+10
    -1.51871759268874e-03    1.39120378905667e-03    -3.33890673125772e-04    5.8541657E+03    154.63    154.63    0.0652570750993480    0.00000e+00    0.00000e+00    6.94141119E+10
    -1.52860289516520e-03    1.40021346954367e-03    -3.36384171698592e-04    5.7859032E+03    153.94    153.94    0.0644588831514122    0.00000e+00    0.00000e+00    6.94643392E+10
    -1.53849706973202e-03    1.40922984045947e-03    -3.38881539084586e-04    5.7185330E+03    153.25    153.25    0.0640106069100923    0.00000e+00    0.00000e+00    6.95145665E+10
    -1.54840021335194e-03    1.41825304724818e-03    -3.41382775283756e-04    5.6519830E+03    152.56    152.56    0.0635319673249097    0.00000e+00    0.00000e+00    6.95647937E+10
    -1.55831232602496e-03    1.42728318687253e-03    -3.43887870599828e-04    5.5861883E+03    151.86    151.86    0.0632135927971221    0.00000e+00    0.00000e+00    6.96150210E+10
    -1.56823350471382e-03    1.43632025933251e-03    -3.46396786247706e-04    5.5210972E+03    151.16    151.16    0.0627887351259223    0.00000e+00    0.00000e+00    6.96652483E+10
    -1.57816374941851e-03    1.44536436159088e-03    -3.48909473746024e-04    5.4566656E+03    150.46    150.46    0.0623428505051039    0.00000e+00    0.00000e+00    6.97154756E+10
    -1.58810306013904e-03    1.45441549364761e-03    -3.51425865220865e-04    5.3928601E+03    149.76    149.76    0.0629230259458549    0.00000e+00    0.00000e+00    6.97657029E+10
    -1.59805143687541e-03    1.46347351005862e-03    -3.53945873405768e-04    5.3296513E+03    149.05    149.05    0.0622956720041012    0.00000e+00    0.00000e+00    6.98159302E+10
    -1.60800878266488e-03    1.47253850778664e-03    -3.56469415882406e-04    5.2670227E+03    148.34    148.34    0.0618086967713140    0.00000e+00    0.00000e+00    6.98661575E+10
    -1.61797519447018e-03    1.48161034138756e-03    -3.58996381143632e-04    5.2049589E+03    147.63    147.63    0.0610349601762292    0.00000e+00    0.00000e+00    6.99163848E+10
    -1.62795047836585e-03    1.49068905934276e-03    -3.61526657682300e-04    5.1434541E+03    146.92    146.92    0.0604432527517775    0.00000e+00    0.00000e+00    6.99666120E+10
    -1.63793463435188e-03    1.49977446772675e-03    -3.64060109750580e-04    5.0825048E+03    146.21    146.21    0.0596802787051964    0.00000e+00    0.00000e+00    7.00168393E+10
    -1.64792761394691e-03    1.50886651805817e-03    -3.66596587056230e-04    5.0221134E+03    145.49    145.49    0.0593121897349010    0.00000e+00    0.00000e+00    7.00670666E+10
    -1.65792917474410e-03    1.51796511337429e-03    -3.69135934458872e-04    4.9622858E+03    144.78    144.78    0.0587820428541795    0.00000e+00    0.00000e+00    7.01172939E+10
    -1.66793921978070e-03    1.52707001126827e-03    -3.71677977425580e-04    4.9030283E+03    144.06    144.06    0.0584261287533245    0.00000e+00    0.00000e+00    7.01675212E+10
    -1.67795770057536e-03    1.53618111477736e-03    -3.74222541423431e-04    4.8443514E+03    143.34    143.34    0.0580776268942695    0.00000e+00    0.00000e+00    7.02177485E+10
    -1.68798437472123e-03    1.54529818149473e-03    -3.76769456767635e-04    4.7862646E+03    142.63    142.63    0.0577495936060823    0.00000e+00    0.00000e+00    7.02679758E+10
    -1.69801924221830e-03    1.55442106597627e-03    -3.79318553773404e-04    4.7287801E+03    141.92    141.92    0.0580353737279017    0.00000e+00    0.00000e+00    7.03182031E+10
    -1.70806215762249e-03    1.56354947733378e-03    -3.81869638515266e-04    4.6719083E+03    141.20    141.20    0.0578709737273358    0.00000e+00    0.00000e+00    7.03684303E+10
    -1.71811302397104e-03    1.57268331860451e-03    -3.84422517067747e-04    4.6156622E+03    140.50    140.50    0.0574996891404707    0.00000e+00    0.00000e+00    7.04186576E+10
    -1.72817174430123e-03    1.58182234738163e-03    -3.86976971264693e-04    4.5600544E+03    139.79    139.79    0.0569252197315352    0.00000e+00    0.00000e+00    7.04688849E+10
    -1.73823822165032e-03    1.59096641822104e-03    -3.89532787788082e-04    4.5050964E+03    139.08    139.08    0.0559626493873839    0.00000e+00    0.00000e+00    7.05191122E+10
    -1.74831221361146e-03    1.60011528871589e-03    -3.92089738775485e-04    4.4507985E+03    138.38    138.38    0.0555388170690991    0.00000e+00    0.00000e+00    7.05693395E+10
    -1.75839367170329e-03    1.60926881342208e-03    -3.94647591516335e-04    4.3971718E+03    137.68    137.68    0.0551285249377378    0.00000e+00    0.00000e+00    7.06195668E+10
    -1.76848240200034e-03    1.61842679841414e-03    -3.97206122996338e-04    4.3442253E+03    136.99    136.99    0.0547567658004093    0.00000e+00    0.00000e+00    7.06697941E+10
    -1.77857825905850e-03    1.62758904976658e-03    -3.99765100504928e-04    4.2919679E+03    136.30    136.30    0.0544410130270034    0.00000e+00    0.00000e+00    7.07200214E+10
    -1.78868104895230e-03    1.63675527659122e-03    -4.02324296179675e-04    4.2404066E+03    135.61    135.61    0.0541573709056408    0.00000e+00    0.00000e+00    7.07702487E+10
    -1.79879062623764e-03    1.64592533344393e-03    -4.04883506398832e-04    4.1895498E+03    134.93    134.93    0.0539873846138282    0.00000e+00    0.00000e+00    7.08204759E+10
    -1.80890679698904e-03    1.65509897791789e-03    -4.07442508148106e-04    4.1394026E+03    134.25    134.25    0.0538168318344328    0.00000e+00    0.00000e+00    7.08707032E+10
    -1.81902946424377e-03    1.66427606456898e-03    -4.10001112350161e-04    4.0899710E+03    133.58    133.58    0.0537817306903039    0.00000e+00    0.00000e+00    7.09209305E+10
    -1.82915843407635e-03    1.67345635099036e-03    -4.12559120231389e-04    4.0412575E+03    132.91    132.91    0.0536645532575099    0.00000e+00    0.00000e+00    7.09711578E+10
    -1.83929356104268e-03    1.68263969173794e-03    -4.15116352410727e-04    3.9932670E+03    132.25    132.25    0.0532292260758195    0.00000e+00    0.00000e+00    7.10213851E+10
    -1.84943469969866e-03    1.69182584440487e-03    -4.17672629507113e-04    3.9460002E+03    131.59    131.59    0.0528165781383921    0.00000e+00    0.00000e+00    7.10716124E+10
    -1.85958165611881e-03    1.70101471202841e-03    -4.20227781835759e-04    3.8994583E+03    130.94    130.94    0.0520182432217523    0.00000e+00    0.00000e+00    7.11218397E+10
    -1.86973418789629e-03    1.71020605220172e-03    -4.22781639711877e-04    3.8536399E+03    130.30    130.30    0.0516735168330739    0.00000e+00    0.00000e+00    7.11720670E+10
    -1.87989214958700e-03    1.71939967099934e-03    -4.25334038298814e-04    3.8085460E+03    129.66    129.66    0.0512533014224367    0.00000e+00    0.00000e+00    7.12222942E+10
    -1.89005534726547e-03    1.72859537449578e-03    -4.27884822456194e-04    3.7641716E+03    129.02    129.02    0.0509934470844859    0.00000e+00    0.00000e+00    7.12725215E+10
    -1.90022358700622e-03    1.73779301724695e-03    -4.30433851588047e-04    3.7205139E+03    128.40    128.40    0.0508539649926314    0.00000e+00    0.00000e+00    7.13227488E+10
    -1.91039667488378e-03    1.74699235684601e-03    -4.32980985098408e-04    3.6775701E+03    127.77    127.77    0.0504872526764987    0.00000e+00    0.00000e+00    7.13729761E+10
    -1.92057441697268e-03    1.75619324784884e-03    -4.35526092087581e-04    3.6353341E+03    127.16    127.16    0.0502639619255307    0.00000e+00    0.00000e+00    7.14232034E+10
    -1.93075671631018e-03    1.76539554481135e-03    -4.38069070744695e-04    3.5938011E+03    126.55    126.55    0.0501736485253557    0.00000e+00    0.00000e+00    7.14734307E+10
    -1.94094328200808e-03    1.77459905380806e-03    -4.40609809562601e-04    3.5529637E+03    125.95    125.95    0.0500916731105496    0.00000e+00    0.00000e+00    7.15236580E+10
    -1.95113406558500e-03    1.78380362939487e-03    -4.43148211578565e-04    3.5128141E+03    125.35    125.35    0.0498260260073701    0.00000e+00    0.00000e+00    7.15738853E+10
    -1.96132882463411e-03    1.79300917460904e-03    -4.45684189526123e-04    3.4733473E+03    124.76    124.76    0.0494097711448876    0.00000e+00    0.00000e+00    7.16241125E+10
    -1.97152736522993e-03    1.80221554400647e-03    -4.48217660986950e-04    3.4345542E+03    124.17    124.17    0.0487421263629353    0.00000e+00    0.00000e+00    7.16743398E+10
    -1.98172954192836e-03    1.81142259214305e-03    -4.50748543542720e-04    3.3964259E+03    123.60    123.60    0.0484798423150602    0.00000e+00    0.00000e+00    7.17245671E+10
    -1.99193511232256e-03    1.82063017357469e-03    -4.53276779015791e-04    3.3589535E+03    123.02    123.02    0.0481946231280203    0.00000e+00    0.00000e+00    7.17747944E+10
    -2.00214393096842e-03    1.82983814285726e-03    -4.55802289835974e-04    3.3221283E+03    122.46    122.46    0.0480497592682856    0.00000e+00    0.00000e+00    7.18250217E+10
    -2.01235575545910e-03    1.83904635454668e-03    -4.58325032370038e-04    3.2859392E+03    121.90    121.90    0.0477577213344382    0.00000e+00    0.00000e+00    7.18752490E+10
    -2.02257048883187e-03    1.84825471168020e-03    -4.60844948440341e-04    3.2503777E+03    121.34    121.34    0.0474475544626168    0.00000e+00    0.00000e+00    7.19254763E+10
    -2.03278784019851e-03    1.85746306881372e-03    -4.63362008958062e-04    3.2154331E+03    120.80    120.80    0.0471800304014091    0.00000e+00    0.00000e+00    7.19757036E+10
    -2.04300776107767e-03    1.86667132898451e-03    -4.65876179986244e-04    3.1810950E+03    120.25    120.25    0.0469522262979676    0.00000e+00    0.00000e+00    7.20259308E+10
    -2.05323005754387e-03    1.87587944371119e-03    -4.68387442132339e-04    3.1473518E+03    119.72    119.72    0.0467794084195301    0.00000e+00    0.00000e+00    7.20761581E+10
    -2.06345458415299e-03    1.88508726754967e-03    -4.70895780851937e-04    3.1141937E+03    119.19    119.19    0.0465610442132222    0.00000e+00    0.00000e+00    7.21263854E+10
    -2.07368109849821e-03    1.89429475201856e-03    -4.73401181600628e-04    3.0816097E+03    118.67    118.67    0.0463065537345076    0.00000e+00    0.00000e+00    7.21766127E+10
    -2.08390950361679e-03    1.90350184863651e-03    -4.75903634682137e-04    3.0495872E+03    118.15    118.15    0.0460254277696742    0.00000e+00    0.00000e+00    7.22268400E+10
    -2.09413960558325e-03    1.91270841195941e-03    -4.78403120703919e-04    3.0181157E+03    117.64    117.64    0.0457717730433071    0.00000e+00    0.00000e+00    7.22770673E+10
    -2.10437125895349e-03    1.92191439350590e-03    -4.80899634817834e-04    2.9871832E+03    117.13    117.13    0.0455318628811767    0.00000e+00    0.00000e+00    7.23272946E+10
    -2.11460426980204e-03    1.93111974479460e-03    -4.83393172175748e-04    2.9567799E+03    116.64    116.64    0.0452786077889849    0.00000e+00    0.00000e+00    7.23775219E+10
    -2.12483849268479e-03    1.94032432038141e-03    -4.85883713385113e-04    2.9268914E+03    116.14    116.14    0.0450288239941171    0.00000e+00    0.00000e+00    7.24277492E+10
    -2.13507378215764e-03    1.94952812026633e-03    -4.88371340864254e-04    2.8975094E+03    115.65    115.65    0.0447300256239620    0.00000e+00    0.00000e+00    7.24779764E+10
    -2.14530999277648e-03    1.95873109596799e-03    -4.90855962498572e-04    2.8686212E+03    115.17    115.17    0.0445890729038459    0.00000e+00    0.00000e+00    7.25282037E+10
    -2.15554697909721e-03    1.96793315052366e-03    -4.93337675250804e-04    2.8402153E+03    114.69    114.69    0.0442397635819679    0.00000e+00    0.00000e+00    7.25784310E+10
    -2.16578464415710e-03    1.97713428393333e-03    -4.95816430639581e-04    2.8122823E+03    114.22    114.22    0.0441024403754001    0.00000e+00    0.00000e+00    7.26286583E+10
    -2.17602279403066e-03    1.98633449619701e-03    -4.98292325627639e-04    2.7848096E+03    113.75    113.75    0.0438952331713676    0.00000e+00    0.00000e+00    7.26788856E+10
    -2.18626138023654e-03    1.99553369035196e-03    -5.00765408696347e-04    2.7577884E+03    113.29    113.29    0.0436695070287960    0.00000e+00    0.00000e+00    7.27291129E+10
    -2.19650020884926e-03    2.00473186639818e-03    -5.03235631364336e-04    2.7312067E+03    112.83    112.83    0.0434118096670337    0.00000e+00    0.00000e+00    7.27793402E+10
    -2.20673918290609e-03    2.01392902433567e-03    -5.05703042112975e-04    2.7050554E+03    112.38    112.38    0.0431883307817051    0.00000e+00    0.00000e+00    7.28295675E+10
    -2.21697815696291e-03    2.02312511568306e-03    -5.08167689423632e-04    2.6793239E+03    111.93    111.93    0.0429985679145192    0.00000e+00    0.00000e+00    7.28797947E+10
    -2.22721698557563e-03    2.03232014044035e-03    -5.10629670259042e-04    2.6540019E+03    111.48    111.48    0.0428276163093882    0.00000e+00    0.00000e+00    7.29300220E+10
    -2.23745557178151e-03    2.04151400164480e-03    -5.13088936137838e-04    2.6290805E+03    111.04    111.04    0.0425611421159178    0.00000e+00    0.00000e+00    7.29802493E+10
    -2.24769377013645e-03    2.05070669929643e-03    -5.15545535541388e-04    2.6045490E+03    110.61    110.61    0.0423494145095851    0.00000e+00    0.00000e+00    7.30304766E+10
    -2.25793153215907e-03    2.05989828187658e-03    -5.17999565432429e-04    2.5803997E+03    110.18    110.18    0.0421417498701554    0.00000e+00    0.00000e+00    7.30807039E+10
    -2.26816876088664e-03    2.06908870090390e-03    -5.20451074292327e-04    2.5566235E+03    109.75    109.75    0.0418197238320713    0.00000e+00    0.00000e+00    7.31309312E+10
    -2.27840531087506e-03    2.07827795637839e-03    -5.22900062121084e-04    2.5332114E+03    109.33    109.33    0.0416442057688847    0.00000e+00    0.00000e+00    7.31811585E+10
    -2.28864118212433e-03    2.08746609678141e-03    -5.25346625881435e-04    2.5101539E+03    108.91    108.91    0.0415150577462736    0.00000e+00    0.00000e+00    7.32313858E+10
    -2.29887618070897e-03    2.09665307363159e-03    -5.27790814054749e-04    2.4874444E+03    108.49    108.49    0.0413718310411266    0.00000e+00    0.00000e+00    7.32816130E+10
    -2.30911025814761e-03    2.10583888692895e-03    -5.30232675122393e-04    2.4650737E+03    108.08    108.08    0.0411276120539318    0.00000e+00    0.00000e+00    7.33318403E+10
    -2.31934331747753e-03    2.11502358515483e-03    -5.32672257565736e-04    2.4430347E+03    107.67    107.67    0.0408969411881677    0.00000e+00    0.00000e+00    7.33820676E+10
    -2.32957526173598e-03    2.12420711982788e-03    -5.35109561384778e-04    2.4213182E+03    107.27    107.27    0.0407056556503513    0.00000e+00    0.00000e+00    7.34322949E+10
    -2.33980604244159e-03    2.13338949094809e-03    -5.37544732023623e-04    2.3999174E+03    106.87    106.87    0.0405441877308300    0.00000e+00    0.00000e+00    7.34825222E+10
    -2.35003551415027e-03    2.14257074699684e-03    -5.39977769482272e-04    2.3788250E+03    106.47    106.47    0.0403520141557720    0.00000e+00    0.00000e+00    7.35327495E+10
    -2.36026367686200e-03    2.15175083949275e-03    -5.42408770723459e-04    2.3580333E+03    106.08    106.08    0.0401032784279112    0.00000e+00    0.00000e+00    7.35829768E+10
    -2.37049043361406e-03    2.16092981691720e-03    -5.44837735747186e-04    2.3375352E+03    105.69    105.69    0.0399153917155999    0.00000e+00    0.00000e+00    7.36332041E+10
    -2.38071573592508e-03    2.17010763078881e-03    -5.47264713034820e-04    2.3173242E+03    105.31    105.31    0.0397053618042217    0.00000e+00    0.00000e+00    7.36834314E+10
    -2.39093953531369e-03    2.17928432958896e-03    -5.49689799549098e-04    2.2973930E+03    104.92    104.92    0.0394761656341461    0.00000e+00    0.00000e+00    7.37336586E+10
    -2.40116168633578e-03    2.18845996179901e-03    -5.52113043771388e-04    2.2777347E+03    104.54    104.54    0.0393470548261587    0.00000e+00    0.00000e+00    7.37838859E+10
    -2.41138218899135e-03    2.19763452741896e-03    -5.54534494183058e-04    2.2583430E+03    104.17    104.17    0.0392375433854584    0.00000e+00    0.00000e+00    7.38341132E+10
    -2.42160099479904e-03    2.20680797796744e-03    -5.56954150784107e-04    2.2392121E+03    103.79    103.79    0.0390478168622645    0.00000e+00    0.00000e+00    7.38843405E+10
    -2.43181795831474e-03    2.21598041040719e-03    -5.59372110537273e-04    2.2203354E+03    103.42    103.42    0.0388259263312579    0.00000e+00    0.00000e+00    7.39345678E+10
    -2.44203307953846e-03    2.22515172777547e-03    -5.61788373442555e-04    2.2017068E+03    103.06    103.06    0.0386721357483720    0.00000e+00    0.00000e+00    7.39847951E+10
    -2.45224626150745e-03    2.23432202703503e-03    -5.64202987981321e-04    2.1833213E+03    102.69    102.69    0.0384581539871353    0.00000e+00    0.00000e+00    7.40350224E+10
    -2.46245755270308e-03    2.24349125970449e-03    -5.66616051116307e-04    2.1651724E+03    102.33    102.33    0.0382928813496817    0.00000e+00    0.00000e+00    7.40852497E+10
    -2.47266680768125e-03    2.25265947426521e-03    -5.69027562847514e-04    2.1472549E+03    101.97    101.97    0.0381329225204765    0.00000e+00    0.00000e+00    7.41354769E+10
    -2.48287402644197e-03    2.26182662223584e-03    -5.71437571656310e-04    2.1295632E+03    101.62    101.62    0.0379554548531498    0.00000e+00    0.00000e+00    7.41857042E+10
    -2.49307916050385e-03    2.27099275209774e-03    -5.73846126024062e-04    2.1120930E+03    101.26    101.26    0.0377716660876633    0.00000e+00    0.00000e+00    7.42359315E+10
    -2.50328225834827e-03    2.28015791233227e-03    -5.76253274432139e-04    2.0948389E+03    100.91    100.91    0.0375733185011719    0.00000e+00    0.00000e+00    7.42861588E+10
    -2.51348317453113e-03    2.28932200597671e-03    -5.78659016880541e-04    2.0777958E+03    100.56    100.56    0.0374052825707459    0.00000e+00    0.00000e+00    7.43363861E+10
    -2.52368195753379e-03    2.29848512999378e-03    -5.81063498813372e-04    2.0609590E+03    100.22    100.22    0.0373162307166214    0.00000e+00    0.00000e+00    7.43866134E+10
    -2.53387855887489e-03    2.30764723590213e-03    -5.83466623267895e-04    2.0443249E+03    99.87    99.87    0.0371613202743581    0.00000e+00    0.00000e+00    7.44368407E+10
    -2.54407293007305e-03    2.31680842066448e-03    -5.85868487206848e-04    2.0278891E+03    99.53    99.53    0.0369440681110913    0.00000e+00    0.00000e+00    7.44870680E+10
    -2.55426507112828e-03    2.32596858731810e-03    -5.88269139111598e-04    2.0116474E+03    99.19    99.19    0.0367812749468368    0.00000e+00    0.00000e+00    7.45372952E+10
    -2.56445493355921e-03    2.33512778434436e-03    -5.90668627463514e-04    1.9955959E+03    98.86    98.86    0.0364797177454644    0.00000e+00    0.00000e+00    7.45875225E+10
    -2.57464251736583e-03    2.34428596326188e-03    -5.93066903781226e-04    1.9797305E+03    98.52    98.52    0.0364723997885563    0.00000e+00    0.00000e+00    7.46377498E+10
    -2.58482777406679e-03    2.35344322103342e-03    -5.95464065027472e-04    1.9640479E+03    98.19    98.19    0.0363339971324020    0.00000e+00    0.00000e+00    7.46879771E+10
    -2.59501075214345e-03    2.36259950917759e-03    -5.97860159683620e-04    1.9485443E+03    97.86    97.86    0.0361655313355637    0.00000e+00    0.00000e+00    7.47382044E+10
    -2.60519145159580e-03    2.37175487617576e-03    -6.00255187749669e-04    1.9332172E+03    97.53    97.53    0.0359898821689206    0.00000e+00    0.00000e+00    7.47884317E+10
    -2.61536982394249e-03    2.38090932202795e-03    -6.02649197706988e-04    1.9180622E+03    97.21    97.21    0.0358213650132516    0.00000e+00    0.00000e+00    7.48386590E+10
    -2.62554586918351e-03    2.39006284673414e-03    -6.05042189555577e-04    1.9030766E+03    96.88    96.88    0.0356428951616416    0.00000e+00    0.00000e+00    7.48888863E+10
    -2.63571958731885e-03    2.39921545029433e-03    -6.07434211776803e-04    1.8882577E+03    96.56    96.56    0.0355291186183002    0.00000e+00    0.00000e+00    7.49391135E+10
    -2.64589097834853e-03    2.40836722967127e-03    -6.09825264370667e-04    1.8736012E+03    96.24    96.24    0.0354042987116970    0.00000e+00    0.00000e+00    7.49893408E+10
    -2.65606004227254e-03    2.41751803942084e-03    -6.12215444299905e-04    1.8591059E+03    95.93    95.93    0.0352369299582009    0.00000e+00    0.00000e+00    7.50395681E+10
    -2.66622673060951e-03    2.42666802498716e-03    -6.14604703083149e-04    1.8447679E+03    95.61    95.61    0.0350608130117970    0.00000e+00    0.00000e+00    7.50897954E+10
    -2.67639114032218e-03    2.43581713788885e-03    -6.16993089201767e-04    1.8305851E+03    95.30    95.30    0.0348787845720433    0.00000e+00    0.00000e+00    7.51400227E+10
    -2.68655317444781e-03    2.44496537812591e-03    -6.19380651137128e-04    1.8165554E+03    94.99    94.99    0.0347626779881124    0.00000e+00    0.00000e+00    7.51902500E+10
    -2.69671292994915e-03    2.45411274569835e-03    -6.21767340407862e-04    1.8026752E+03    94.68    94.68    0.0346478716461383    0.00000e+00    0.00000e+00    7.52404773E+10
    -2.70687040682618e-03    2.46325928908753e-03    -6.24153253976706e-04    1.7889429E+03    94.37    94.37    0.0345139154992656    0.00000e+00    0.00000e+00    7.52907046E+10
    -2.71702555659754e-03    2.47240500829345e-03    -6.26538343362293e-04    1.7753566E+03    94.07    94.07    0.0343822657138756    0.00000e+00    0.00000e+00    7.53409319E+10
    -2.72717842774460e-03    2.48154995179749e-03    -6.28922705527357e-04    1.7619142E+03    93.76    93.76    0.0342400744902677    0.00000e+00    0.00000e+00    7.53911591E+10
    -2.73732906874872e-03    2.49069407111826e-03    -6.31306291990532e-04    1.7486130E+03    93.46    93.46    0.0340492404643758    0.00000e+00    0.00000e+00    7.54413864E+10
    -2.74747747960992e-03    2.49983736625578e-03    -6.33689199714554e-04    1.7354515E+03    93.16    93.16    0.0339518776322478    0.00000e+00    0.00000e+00    7.54916137E+10
    -2.75762366032818e-03    2.50897993417278e-03    -6.36071380218054e-04    1.7224274E+03    92.86    92.86    0.0338230673927977    0.00000e+00    0.00000e+00    7.55418410E+10
    -2.76776761090350e-03    2.51812172638788e-03    -6.38452833501032e-04    1.7095393E+03    92.57    92.57    0.0336397429695650    0.00000e+00    0.00000e+00    7.55920683E+10
    -2.77790933133590e-03    2.52726279138246e-03    -6.40833608044856e-04    1.6967849E+03    92.27    92.27    0.0334820933612159    0.00000e+00    0.00000e+00    7.56422956E+10
    -2.78804887010673e-03    2.53640308067516e-03    -6.43213752330896e-04    1.6841631E+03    91.98    91.98    0.0333225236175421    0.00000e+00    0.00000e+00    7.56925229E+10
    -2.79818627569736e-03    2.54554259426596e-03    -6.45593217877781e-04    1.6716719E+03    91.69    91.69    0.0332026869956006    0.00000e+00    0.00000e+00    7.57427502E+10
    -2.80832154810779e-03    2.55468142911761e-03    -6.47972053166881e-04    1.6593094E+03    91.40    91.40    0.0331095626215875    0.00000e+00    0.00000e+00    7.57929774E+10
    -2.81845473581940e-03    2.56381953674874e-03    -6.50350258198196e-04    1.6470742E+03    91.11    91.11    0.0329985459528487    0.00000e+00    0.00000e+00    7.58432047E+10
    -2.82858583883218e-03    2.57295691715935e-03    -6.52727832971725e-04    1.6349647E+03    90.83    90.83    0.0328877556205578    0.00000e+00    0.00000e+00    7.58934320E+10
    -2.83871485714613e-03    2.58209361883081e-03    -6.55104825968837e-04    1.6229796E+03    90.55    90.55    0.0327400015805568    0.00000e+00    0.00000e+00    7.59436593E+10
    -2.84884188772398e-03    2.59122964176311e-03    -6.57481188708164e-04    1.6111174E+03    90.26    90.26    0.0325936462634580    0.00000e+00    0.00000e+00    7.59938866E+10
    -2.85896688208438e-03    2.60036498595625e-03    -6.59857018152441e-04    1.5993761E+03    89.98    89.98    0.0325063035990845    0.00000e+00    0.00000e+00    7.60441139E+10
    -2.86908993719005e-03    2.60949969989161e-03    -6.62232265820301e-04    1.5877553E+03    89.70    89.70    0.0324009317865617    0.00000e+00    0.00000e+00    7.60943412E+10
    -2.87921100455963e-03    2.61863378356919e-03    -6.64606931711744e-04    1.5762530E+03    89.43    89.43    0.0322588355087011    0.00000e+00    0.00000e+00    7.61445685E+10
    -2.88933013267449e-03    2.62776718850761e-03    -6.66981064308137e-04    1.5648678E+03    89.15    89.15    0.0320921285136461    0.00000e+00    0.00000e+00    7.61947957E+10
    -2.89944737001598e-03    2.63689996318825e-03    -6.69354615128113e-04    1.5535989E+03    88.88    88.88    0.0319363696487346    0.00000e+00    0.00000e+00    7.62450230E+10
    -2.90956276506549e-03    2.64603210761110e-03    -6.71727681134408e-04    1.5424444E+03    88.61    88.61    0.0318421118465747    0.00000e+00    0.00000e+00    7.62952503E+10
    -2.91967631782302e-03    2.65516367025754e-03    -6.74100165364286e-04    1.5314037E+03    88.34    88.34    0.0317249822114273    0.00000e+00    0.00000e+00    7.63454776E+10
    -2.92978807676992e-03    2.66429460264619e-03    -6.76472116299114e-04    1.5204748E+03    88.07    88.07    0.0316071098575480    0.00000e+00    0.00000e+00    7.63957049E+10
    -2.93989804190620e-03    2.67342495325842e-03    -6.78843582420261e-04    1.5096575E+03    87.80    87.80    0.0314871744116688    0.00000e+00    0.00000e+00    7.64459322E+10
    -2.95000631019460e-03    2.68255472209423e-03    -6.81214466764991e-04    1.4989496E+03    87.54    87.54    0.0313748378664693    0.00000e+00    0.00000e+00    7.64961595E+10
    -2.96011288163511e-03    2.69168395763500e-03    -6.83584914777408e-04    1.4883505E+03    87.27    87.27    0.0312580560839070    0.00000e+00    0.00000e+00    7.65463868E+10
    -2.97021775622774e-03    2.70081261139934e-03    -6.85954781013408e-04    1.4778591E+03    87.01    87.01    0.0311661058763632    0.00000e+00    0.00000e+00    7.65966140E+10
    -2.98032103093522e-03    2.70994073186864e-03    -6.88324210917095e-04    1.4674740E+03    86.75    86.75    0.0310915256386783    0.00000e+00    0.00000e+00    7.66468413E+10
    -2.99042265727619e-03    2.71906827056152e-03    -6.90693107525732e-04    1.4571942E+03    86.49    86.49    0.0309510367581273    0.00000e+00    0.00000e+00    7.66970686E+10
    -3.00052268373201e-03    2.72819532444072e-03    -6.93061470839320e-04    1.4470184E+03    86.23    86.23    0.0307945739867820    0.00000e+00    0.00000e+00    7.67472959E+10
    -3.01062115878405e-03    2.73732184502487e-03    -6.95429397820595e-04    1.4369456E+03    85.98    85.98    0.0306872977603261    0.00000e+00    0.00000e+00    7.67975232E+10
    -3.02071817939504e-03    2.74644783231398e-03    -6.97796743025453e-04    1.4269748E+03    85.72    85.72    0.0305501461670264    0.00000e+00    0.00000e+00    7.68477505E+10
    -3.03081369708363e-03    2.75557333478940e-03    -7.00163651897998e-04    1.4171051E+03    85.47    85.47    0.0304407454753974    0.00000e+00    0.00000e+00    7.68979778E+10
    -3.04090776033117e-03    2.76469835245114e-03    -7.02530075956862e-04    1.4073352E+03    85.22    85.22    0.0303331505918024    0.00000e+00    0.00000e+00    7.69482051E+10
    -3.05100046610040e-03    2.77382288529919e-03    -7.04895966720676e-04    1.3976641E+03    84.97    84.97    0.0302260929418702    0.00000e+00    0.00000e+00    7.69984324E+10
    -3.06109181439133e-03    2.78294698181494e-03    -7.07261372670810e-04    1.3880908E+03    84.72    84.72    0.0301366761401163    0.00000e+00    0.00000e+00    7.70486596E+10
    -3.07118180520395e-03    2.79207064199837e-03    -7.09626293807262e-04    1.3786146E+03    84.47    84.47    0.0300087729764526    0.00000e+00    0.00000e+00    7.70988869E+10
    -3.08127053550100e-03    2.80119386584949e-03    -7.11990681648665e-04    1.3692338E+03    84.23    84.23    0.0299048951672475    0.00000e+00    0.00000e+00    7.71491142E+10
    -3.09135800528248e-03    2.81031665336830e-03    -7.14354633157755e-04    1.3599477E+03    83.98    83.98    0.0298004918872312    0.00000e+00    0.00000e+00    7.71993415E+10
    -3.10144426302975e-03    2.81943900455479e-03    -7.16718051371796e-04    1.3507557E+03    83.74    83.74    0.0297188455569720    0.00000e+00    0.00000e+00    7.72495688E+10
    -3.11152930874282e-03    2.82856096789034e-03    -7.19080984772156e-04    1.3416564E+03    83.50    83.50    0.0296269443194787    0.00000e+00    0.00000e+00    7.72997961E+10
    -3.12161319090306e-03    2.83768254337494e-03    -7.21443384877466e-04    1.3326486E+03    83.26    83.26    0.0294729525218314    0.00000e+00    0.00000e+00    7.73500234E+10
    -3.13169595799183e-03    2.84680373100860e-03    -7.23805300169096e-04    1.3237318E+03    83.02    83.02    0.0293577825790139    0.00000e+00    0.00000e+00    7.74002507E+10
    -3.14177765849050e-03    2.85592453079131e-03    -7.26166730647044e-04    1.3149048E+03    82.79    82.79    0.0292486226171436    0.00000e+00    0.00000e+00    7.74504779E+10
    -3.15185829239908e-03    2.86504499120445e-03    -7.28527627829943e-04    1.3061666E+03    82.55    82.55    0.0291506024686028    0.00000e+00    0.00000e+00    7.75007052E+10
    -3.16193795668029e-03    2.87416511224801e-03    -7.30887991717793e-04    1.2975165E+03    82.32    82.32    0.0290667328267811    0.00000e+00    0.00000e+00    7.75509325E+10
    -3.17201665133414e-03    2.88328489392199e-03    -7.33247870791962e-04    1.2889528E+03    82.09    82.09    0.0289541892522975    0.00000e+00    0.00000e+00    7.76011598E+10
    -3.18209442484200e-03    2.89240433622640e-03    -7.35607216571082e-04    1.2804754E+03    81.86    81.86    0.0288462977208006    0.00000e+00    0.00000e+00    7.76513871E+10
    -3.19217122872249e-03    2.90152343916123e-03    -7.37966029055152e-04    1.2720831E+03    81.63    81.63    0.0287608637870694    0.00000e+00    0.00000e+00    7.77016144E+10
    -3.20224720841973e-03    2.91064225120785e-03    -7.40324308244173e-04    1.2637745E+03    81.40    81.40    0.0286550362750382    0.00000e+00    0.00000e+00    7.77518417E+10
    -3.21232231545234e-03    2.91976077236626e-03    -7.42682102619513e-04    1.2555496E+03    81.17    81.17    0.0285843343494241    0.00000e+00    0.00000e+00    7.78020690E+10
    -3.22239664678306e-03    2.92887900263647e-03    -7.45039315218436e-04    1.2474065E+03    80.95    80.95    0.0284735779440349    0.00000e+00    0.00000e+00    7.78522962E+10
    -3.23247020241189e-03    2.93799699049983e-03    -7.47395946040941e-04    1.2393445E+03    80.72    80.72    0.0283595906402903    0.00000e+00    0.00000e+00    7.79025235E+10
    -3.24254298233883e-03    2.94711463899362e-03    -7.49752092049765e-04    1.2313630E+03    80.50    80.50    0.0282478557331150    0.00000e+00    0.00000e+00    7.79527508E+10
    -3.25261508352661e-03    2.95623204508056e-03    -7.52107656282172e-04    1.2234611E+03    80.28    80.28    0.0281325534210758    0.00000e+00    0.00000e+00    7.80029781E+10
    -3.26268650597525e-03    2.96534920876067e-03    -7.54462687219530e-04    1.2156376E+03    80.06    80.06    0.0280460568585282    0.00000e+00    0.00000e+00    7.80532054E+10
    -3.27275729816609e-03    2.97446613003393e-03    -7.56817087899102e-04    1.2078918E+03    79.85    79.85    0.0279622576410578    0.00000e+00    0.00000e+00    7.81034327E+10
    -3.28282750858052e-03    2.98358285738173e-03    -7.59171003764993e-04    1.2002229E+03    79.63    79.63    0.0278560497748537    0.00000e+00    0.00000e+00    7.81536600E+10
    -3.29289708873717e-03    2.99269934232268e-03    -7.61524289373099e-04    1.1926297E+03    79.41    79.41    0.0277497881295409    0.00000e+00    0.00000e+00    7.82038873E+10
    -3.30296613559877e-03    3.00181558485679e-03    -7.63876993204787e-04    1.1851115E+03    79.20    79.20    0.0276559152650135    0.00000e+00    0.00000e+00    7.82541145E+10
    -3.31303469764668e-03    3.01093168194680e-03    -7.66229115260058e-04    1.1776674E+03    78.99    78.99    0.0275787666528797    0.00000e+00    0.00000e+00    7.83043418E+10
    -3.32310272639955e-03    3.02004753662996e-03    -7.68580655538912e-04    1.1702968E+03    78.78    78.78    0.0275217221455124    0.00000e+00    0.00000e+00    7.83545691E+10
    -3.33317031882010e-03    3.02916324586902e-03    -7.70931565559980e-04    1.1629986E+03    78.57    78.57    0.0274369340559453    0.00000e+00    0.00000e+00    7.84047964E+10
    -3.34323747490834e-03    3.03827876118261e-03    -7.73281893804631e-04    1.1557722E+03    78.36    78.36    0.0273117460840481    0.00000e+00    0.00000e+00    7.84550237E+10
    -3.35330424314563e-03    3.04739413105210e-03    -7.75631591791497e-04    1.1486166E+03    78.15    78.15    0.0271917773639343    0.00000e+00    0.00000e+00    7.85052510E+10
    -3.36337062353198e-03    3.05650930699611e-03    -7.77980659520577e-04    1.1415310E+03    77.95    77.95    0.0270929007714610    0.00000e+00    0.00000e+00    7.85554783E+10
    -3.37343671303012e-03    3.06562438597739e-03    -7.80329096991871e-04    1.1345148E+03    77.74    77.74    0.0269828377745984    0.00000e+00    0.00000e+00    7.86057056E+10
    -3.38350246315869e-03    3.07473927103319e-03    -7.82676904205381e-04    1.1275669E+03    77.54    77.54    0.0269091537251972    0.00000e+00    0.00000e+00    7.86559329E+10
    -3.39356792239904e-03    3.08385410760763e-03    -7.85024081161104e-04    1.1206865E+03    77.34    77.34    0.0268140708710059    0.00000e+00    0.00000e+00    7.87061601E+10
    -3.40363313923256e-03    3.09296879873796e-03    -7.87370627859042e-04    1.1138732E+03    77.14    77.14    0.0267189148877535    0.00000e+00    0.00000e+00    7.87563874E+10
    -3.41369816214060e-03    3.10208334442419e-03    -7.89716495817827e-04    1.1071258E+03    76.94    76.94    0.0266192052453316    0.00000e+00    0.00000e+00    7.88066147E+10
    -3.42376294264180e-03    3.11119784162905e-03    -7.92061733518826e-04    1.1004437E+03    76.74    76.74    0.0265534542276959    0.00000e+00    0.00000e+00    7.88568420E+10
    -3.43382752921753e-03    3.12031224187117e-03    -7.94406292480672e-04    1.0938261E+03    76.54    76.54    0.0265178602749044    0.00000e+00    0.00000e+00    7.89070693E+10
    -3.44389197034916e-03    3.12942654515056e-03    -7.96750172703364e-04    1.0872722E+03    76.35    76.35    0.0264303598329446    0.00000e+00    0.00000e+00    7.89572966E+10
    -3.45395631451805e-03    3.13854079994858e-03    -7.99093374186903e-04    1.0807813E+03    76.15    76.15    0.0263264660166277    0.00000e+00    0.00000e+00    7.90075239E+10
    -3.46402051324283e-03    3.14765495778386e-03    -8.01435848449920e-04    1.0743527E+03    75.96    75.96    0.0262304200614048    0.00000e+00    0.00000e+00    7.90577512E+10
    -3.47408466348625e-03    3.15676906713777e-03    -8.03777692455151e-04    1.0679854E+03    75.77    75.77    0.0261309569872972    0.00000e+00    0.00000e+00    7.91079784E+10
    -3.48414881372967e-03    3.16588317649169e-03    -8.06118809239861e-04    1.0616789E+03    75.58    75.58    0.0260224612413538    0.00000e+00    0.00000e+00    7.91582057E+10
    -3.49421286701035e-03    3.17499718888287e-03    -8.08459247285417e-04    1.0554321E+03    75.39    75.39    0.0259291856442882    0.00000e+00    0.00000e+00    7.92084330E+10
    -3.50427696877239e-03    3.18411120127404e-03    -8.10799006591820e-04    1.0492448E+03    75.20    75.20    0.0258489912090118    0.00000e+00    0.00000e+00    7.92586603E+10
    -3.51434107053444e-03    3.19322521366522e-03    -8.13138038677701e-04    1.0431157E+03    75.01    75.01    0.0257514395555516    0.00000e+00    0.00000e+00    7.93088876E+10
    -3.52440522077786e-03    3.20233922605640e-03    -8.15476343543061e-04    1.0370444E+03    74.82    74.82    0.0256505673915928    0.00000e+00    0.00000e+00    7.93591149E+10
    -3.53446941950264e-03    3.21145323844758e-03    -8.17813921187898e-04    1.0310302E+03    74.64    74.64    0.0255808305926589    0.00000e+00    0.00000e+00    7.94093422E+10
    -3.54453366670880e-03    3.22056720235739e-03    -8.20150771612215e-04    1.0250723E+03    74.45    74.45    0.0255637900553717    0.00000e+00    0.00000e+00    7.94595695E+10
    -3.55459805935905e-03    3.22968121474857e-03    -8.22486894816009e-04    1.0191697E+03    74.27    74.27    0.0254940983939194    0.00000e+00    0.00000e+00    7.95097967E+10
    -3.56466254897205e-03    3.23879527562111e-03    -8.24822290799282e-04    1.0133223E+03    74.09    74.09    0.0254064315728030    0.00000e+00    0.00000e+00    7.95600240E+10
    -3.57472723251051e-03    3.24790933649366e-03    -8.27156959562033e-04    1.0075290E+03    73.91    73.91    0.0253055729595782    0.00000e+00    0.00000e+00    7.96102513E+10
    -3.58479201301172e-03    3.25702339736621e-03    -8.29490852622894e-04    1.0017893E+03    73.73    73.73    0.0252016628220840    0.00000e+00    0.00000e+00    7.96604786E+10
    -3.59485703591976e-03    3.26613755520149e-03    -8.31824018463234e-04    9.9610241E+02    73.55    73.55    0.0251070041815708    0.00000e+00    0.00000e+00    7.97107059E+10
    -3.60492225275327e-03    3.27525171303677e-03    -8.34156457083052e-04    9.9046765E+02    73.37    73.37    0.0250184084312062    0.00000e+00    0.00000e+00    7.97609332E+10
    -3.61498766351226e-03    3.28436596783479e-03    -8.36488120000980e-04    9.8488465E+02    73.20    73.20    0.0249494556259733    0.00000e+00    0.00000e+00    7.98111605E+10
    -3.62505336515946e-03    3.29348027111418e-03    -8.38819007217018e-04    9.7935236E+02    73.02    73.02    0.0248459252806734    0.00000e+00    0.00000e+00    7.98613878E+10
    -3.63511926073213e-03    3.30259467135630e-03    -8.41149167212535e-04    9.7387064E+02    72.85    72.85    0.0247595734923815    0.00000e+00    0.00000e+00    7.99116151E+10
    -3.64518544719300e-03    3.31170912007979e-03    -8.43478551506162e-04    9.6843867E+02    72.67    72.67    0.0247265501564130    0.00000e+00    0.00000e+00    7.99618423E+10
    -3.65525192454209e-03    3.32082366576602e-03    -8.45807160097899e-04    9.6305588E+02    72.50    72.50    0.0246559704795081    0.00000e+00    0.00000e+00    8.00120696E+10
    -3.66531869277938e-03    3.32993830841498e-03    -8.48134992987747e-04    9.5772148E+02    72.33    72.33    0.0245885636724786    0.00000e+00    0.00000e+00    8.00622969E+10
    -3.67538580038625e-03    3.33905304802668e-03    -8.50462050175704e-04    9.5243534E+02    72.16    72.16    0.0245035903482248    0.00000e+00    0.00000e+00    8.01125242E+10
    -3.68545319888134e-03    3.34816788460112e-03    -8.52788331661772e-04    9.4719647E+02    71.99    71.99    0.0244089658813178    0.00000e+00    0.00000e+00    8.01627515E+10
    -3.69552098522736e-03    3.35728281813829e-03    -8.55113837445950e-04    9.4200435E+02    71.82    71.82    0.0243029136342635    0.00000e+00    0.00000e+00    8.02129788E+10
    -3.70558915942433e-03    3.36639784863820e-03    -8.57438567528239e-04    9.3685864E+02    71.65    71.65    0.0241611884094746    0.00000e+00    0.00000e+00    8.02632061E+10
    -3.71565767299088e-03    3.37551302458221e-03    -8.59762521908637e-04    9.3175860E+02    71.48    71.48    0.0241104458936183    0.00000e+00    0.00000e+00    8.03134334E+10
    -3.72572657440837e-03    3.38462834597033e-03    -8.62085700587146e-04    9.2670352E+02    71.32    71.32    0.0240294397686066    0.00000e+00    0.00000e+00    8.03636606E+10
