    -1.31618081115969e-05    -8.79470682859421e-06    3.05649151433402e-05    8.1664113E+06    609.60    609.60    1.5093698816779726    0.00000e+00    0.00000e+00    6.67018383E+10
    -2.21387273140993e-05    -1.83703796539132e-05    3.87498310808537e-05    1.7393204E+07    3051.25    3051.25    0.9080085273921532    0.00000e+00    0.00000e+00    6.67520656E+10
    -2.36212608861798e-05    -2.56545558899702e-05    4.32971991804623e-05    2.0185359E+07    3175.07    3175.07    0.7652737940411916    0.00000e+00    0.00000e+00    6.68022929E+10
    -2.48732883391358e-05    -3.33283070683648e-05    4.75410530687081e-05    1.5849501E+07    2753.53    2753.53    0.7342266661850773    0.00000e+00    0.00000e+00    6.68525202E+10
    -2.58874569886794e-05    -4.22068226683851e-05    5.20246288993426e-05    1.2282184E+07    2301.92    2301.92    0.6963378526312792    0.00000e+00    0.00000e+00    6.69027475E+10
    -2.77177658371397e-05    -5.08608045690183e-05    5.72862972360140e-05    8.6412989E+06    1879.02    1879.02    0.6252131101610398    0.00000e+00    0.00000e+00    6.69529748E+10
    -3.00213953735851e-05    -5.85104857177733e-05    6.23356511173171e-05    6.7034115E+06    1623.63    1623.63    0.5659613007643680    0.00000e+00    0.00000e+00    6.70032021E+10
    -3.25826636268183e-05    -6.57682822718137e-05    6.66442921122105e-05    5.0151832E+06    1398.45    1398.45    0.5170550351119079    0.00000e+00    0.00000e+00    6.70534293E+10
    -3.52536054613649e-05    -7.21108572549292e-05    7.03015277488916e-05    3.8338226E+06    1245.25    1245.25    0.4944671235513846    0.00000e+00    0.00000e+00    6.71036566E+10
    -3.77244734163637e-05    -7.74339563331340e-05    7.32329245828996e-05    3.0225575E+06    1129.17    1129.17    0.4821892369748845    0.00000e+00    0.00000e+00    6.71538839E+10
    -3.99087180686496e-05    -8.20144808403937e-05    7.52384969707767e-05    2.4292461E+06    1033.65    1033.65    0.4796138068706706    0.00000e+00    0.00000e+00    6.72041112E+10
    -4.17961709360748e-05    -8.61374478916958e-05    7.62481214616873e-05    1.9674232E+06    948.48    948.48    0.4849423818063515    0.00000e+00    0.00000e+00    6.72543385E+10
    -4.33718730925089e-05    -8.99516225650889e-05    7.64286418358484e-05    1.6074929E+06    873.04    873.04    0.5071359620041572    0.00000e+00    0.00000e+00    6.73045658E+10
    -4.46563791835897e-05    -9.34988588256630e-05    7.60200360172725e-05    1.3353825E+06    808.74    808.74    0.5034795151634226    0.00000e+00    0.00000e+00    6.73547931E+10
    -4.56992303801352e-05    -9.67761023472273e-05    7.52080749122871e-05    1.1342896E+06    758.01    758.01    0.4865312935838463    0.00000e+00    0.00000e+00    6.74050204E+10
    -4.65585936579774e-05    -9.98087864554926e-05    7.41638153319980e-05    1.0475650E+06    772.89    772.89    0.4461981884715163    0.00000e+00    0.00000e+00    6.74552477E+10
    -4.72866422414090e-05    -1.02978343162209e-04    7.37329759580064e-05    1.2339021E+06    1093.73    1093.73    0.4302528989484457    0.00000e+00    0.00000e+00    6.75054749E+10
    -4.80243056497645e-05    -1.07366895996160e-04    7.57110739545750e-05    1.6083034E+06    1509.74    1509.74    0.4155969355925255    0.00000e+00    0.00000e+00    6.75557022E+10
    -4.90049717346887e-05    -1.13334719700051e-04    7.99831163646815e-05    1.7242204E+06    1626.99    1626.99    0.4006288858790091    0.00000e+00    0.00000e+00    6.76059295E+10
    -5.02805940998769e-05    -1.20146739770585e-04    8.48457200160212e-05    1.6205880E+06    1574.34    1574.34    0.3824962801168266    0.00000e+00    0.00000e+00    6.76561568E+10
    -5.16960997564756e-05    -1.26920701967152e-04    8.91334655412589e-05    1.4101047E+06    1456.47    1456.47    0.3757860835263412    0.00000e+00    0.00000e+00    6.77063841E+10
    -5.30405947532022e-05    -1.33107574188442e-04    9.25072887962369e-05    1.1789154E+06    1336.26    1336.26    0.3685911771012312    0.00000e+00    0.00000e+00    6.77566114E+10
    -5.41871160832477e-05    -1.38581164281400e-04    9.51459696740014e-05    9.9197140E+05    1242.90    1242.90    0.3649909886960556    0.00000e+00    0.00000e+00    6.78068387E+10
    -5.51425093157894e-05    -1.43535688606678e-04    9.74418291015796e-05    8.5795964E+05    1170.95    1170.95    0.3634420073406103    0.00000e+00    0.00000e+00    6.78570660E+10
    -5.59705129054827e-05    -1.48182220496621e-04    9.96689516454502e-05    7.5866068E+05    1112.14    1112.14    0.3589253430164921    0.00000e+00    0.00000e+00    6.79072932E+10
    -5.67340847569566e-05    -1.52622953827069e-04    1.01882383050966e-04    6.7937957E+05    1061.33    1061.33    0.3533510953786030    0.00000e+00    0.00000e+00    6.79575205E+10
    -5.74872282661499e-05    -1.56896145245600e-04    1.04004557977287e-04    6.1322471E+05    1016.01    1016.01    0.3551491533159417    0.00000e+00    0.00000e+00    6.80077478E+10
    -5.82650584879852e-05    -1.61012164916852e-04    1.05932574720597e-04    5.5569245E+05    973.62    973.62    0.3448278452591146    0.00000e+00    0.00000e+00    6.80579751E+10
    -5.90809126468299e-05    -1.64968118503149e-04    1.07594288157010e-04    5.0367712E+05    932.55    932.55    0.3438124419663250    0.00000e+00    0.00000e+00    6.81082024E+10
    -5.99293656775925e-05    -1.68753621295441e-04    1.08959935574644e-04    4.5614308E+05    893.05    893.05    0.3413093614086937    0.00000e+00    0.00000e+00    6.81584297E+10
    -6.07912625917322e-05    -1.72354410075230e-04    1.10030447815765e-04    4.1514000E+05    858.59    858.59    0.3400856311099357    0.00000e+00    0.00000e+00    6.82086570E+10
    -6.16368261329553e-05    -1.75776108681218e-04    1.10851567051187e-04    3.8927991E+05    846.97    846.97    0.3330260920896227    0.00000e+00    0.00000e+00    6.82588843E+10
    -6.24412871702940e-05    -1.79161397779754e-04    1.11701513308087e-04    3.9504153E+05    913.70    913.70    0.3323365565376713    0.00000e+00    0.00000e+00    6.83091115E+10
    -6.32136389975328e-05    -1.82845535727600e-04    1.13180898015309e-04    4.3588348E+05    1050.44    1050.44    0.3292984867096555    0.00000e+00    0.00000e+00    6.83593388E+10
    -6.39615513671069e-05    -1.87073872184355e-04    1.15689115531486e-04    4.8598079E+05    1154.04    1154.04    0.3227183498826144    0.00000e+00    0.00000e+00    6.84095661E+10
    -6.46658305053811e-05    -1.91788447674441e-04    1.19086811012122e-04    5.2012629E+05    1197.12    1197.12    0.3167352013254703    0.00000e+00    0.00000e+00    6.84597934E+10
    -6.53084849766494e-05    -1.96788719018669e-04    1.23028181402891e-04    5.3289245E+05    1200.51    1200.51    0.3150386470526547    0.00000e+00    0.00000e+00    6.85100207E+10
    -6.59055136323886e-05    -2.01897714679022e-04    1.27192890912137e-04    5.2682792E+05    1180.67    1180.67    0.3118138764139092    0.00000e+00    0.00000e+00    6.85602480E+10
    -6.65036331189102e-05    -2.07017924079819e-04    1.31352126874923e-04    5.0578899E+05    1145.51    1145.51    0.3071540941452754    0.00000e+00    0.00000e+00    6.86104753E+10
    -6.71480668563883e-05    -2.12079732824590e-04    1.35351107675418e-04    4.7487060E+05    1102.46    1102.46    0.3017584857426756    0.00000e+00    0.00000e+00    6.86607026E+10
    -6.78543531233023e-05    -2.17019843639129e-04    1.39077293513827e-04    4.3877773E+05    1057.01    1057.01    0.3013304387391441    0.00000e+00    0.00000e+00    6.87109298E+10
    -6.86155687802860e-05    -2.21786187534084e-04    1.42446060162111e-04    4.0068516E+05    1011.16    1011.16    0.3031441100469208    0.00000e+00    0.00000e+00    6.87611571E+10
    -6.94130533487535e-05    -2.26349859917788e-04    1.45410860658747e-04    3.6310356E+05    967.09    967.09    0.2991658719532865    0.00000e+00    0.00000e+00    6.88113844E+10
    -7.02161956928795e-05    -2.30706429593196e-04    1.47973580928955e-04    3.2815551E+05    925.98    925.98    0.2995162677217037    0.00000e+00    0.00000e+00    6.88616117E+10
    -7.09986122521382e-05    -2.34878547055489e-04    1.50181572724969e-04    2.9734584E+05    888.84    888.84    0.3017753707203042    0.00000e+00    0.00000e+00    6.89118390E+10
    -7.17470870055823e-05    -2.38907072401711e-04    1.52107058740864e-04    2.7136189E+05    856.18    856.18    0.3059511713544559    0.00000e+00    0.00000e+00    6.89620663E+10
    -7.24611205951204e-05    -2.42837578117887e-04    1.53823391286591e-04    2.5025644E+05    828.46    828.46    0.3067057904571996    0.00000e+00    0.00000e+00    6.90122936E+10
    -7.31475440455194e-05    -2.46711821206369e-04    1.55394139132018e-04    2.3404895E+05    806.78    806.78    0.3031356500717417    0.00000e+00    0.00000e+00    6.90625209E+10
    -7.38153021691956e-05    -2.50569120056697e-04    1.56885527825984e-04    2.2318196E+05    794.51    794.51    0.3028181191636647    0.00000e+00    0.00000e+00    6.91127482E+10
    -7.44744306093481e-05    -2.54454470226614e-04    1.58393342007466e-04    2.1840157E+05    796.95    796.95    0.3023631443524821    0.00000e+00    0.00000e+00    6.91629754E+10
    -7.51374666477703e-05    -2.58418966229971e-04    1.60050013381596e-04    2.1980936E+05    815.70    815.70    0.2979123040367601    0.00000e+00    0.00000e+00    6.92132027E+10
    -7.58177038755983e-05    -2.62505717699295e-04    1.61989340828086e-04    2.2598481E+05    843.39    843.39    0.2946842076421972    0.00000e+00    0.00000e+00    6.92634300E+10
    -7.65237283431244e-05    -2.66730805904386e-04    1.64293539050979e-04    2.3424228E+05    869.34    869.34    0.2959131596780282    0.00000e+00    0.00000e+00    6.93136573E+10
    -7.72566211848577e-05    -2.71081921425881e-04    1.66970990478822e-04    2.4172721E+05    886.54    886.54    0.2943360955331740    0.00000e+00    0.00000e+00    6.93638846E+10
    -7.80098034791454e-05    -2.75530717207847e-04    1.69975094820586e-04    2.4639062E+05    893.21    893.21    0.2922234764776925    0.00000e+00    0.00000e+00    6.94141119E+10
    -7.87749218862621e-05    -2.80045079192045e-04    1.73234797783168e-04    2.4732713E+05    890.71    890.71    0.2914791331871952    0.00000e+00    0.00000e+00    6.94643392E+10
    -7.95484615070196e-05    -2.84595244666594e-04    1.76681600041563e-04    2.4456430E+05    881.32    881.32    0.2948399950480731    0.00000e+00    0.00000e+00    6.95145665E+10
    -8.03277461698983e-05    -2.89155198529364e-04    1.80255016240917e-04    2.3862465E+05    866.98    866.98    0.2959947179905252    0.00000e+00    0.00000e+00    6.95647937E+10
    -8.11073653542169e-05    -2.93706600278800e-04    1.83897280831126e-04    2.3017013E+05    849.15    849.15    0.2972664800497440    0.00000e+00    0.00000e+00    6.96150210E+10
    -8.18790335941653e-05    -2.98235293355412e-04    1.87552053614307e-04    2.1986110E+05    828.75    828.75    0.2931717125442695    0.00000e+00    0.00000e+00    6.96652483E+10
    -8.26362301457326e-05    -3.02729889485832e-04    1.91166911687122e-04    2.0829167E+05    806.61    806.61    0.2925797837245233    0.00000e+00    0.00000e+00    6.97154756E+10
    -8.33747904593981e-05    -3.07180886321910e-04    1.94692690094170e-04    1.9600848E+05    783.47    783.47    0.2885119043670964    0.00000e+00    0.00000e+00    6.97657029E+10
    -8.40925716586912e-05    -3.11579843257457e-04    1.98084761736105e-04    1.8351442E+05    760.10    760.10    0.2859299510449432    0.00000e+00    0.00000e+00    6.98159302E+10
    -8.47887834973117e-05    -3.15921228568373e-04    2.01305403260400e-04    1.7125909E+05    737.34    737.34    0.2845069743744664    0.00000e+00    0.00000e+00    6.98661575E+10
    -8.54621606115520e-05    -3.20203869005548e-04    2.04329433444458e-04    1.5965981E+05    715.84    715.84    0.2837591516909738    0.00000e+00    0.00000e+00    6.99163848E+10
    -8.61118594256069e-05    -3.24432006688693e-04    2.07149531601693e-04    1.4911510E+05    696.46    696.46    0.2798381467212019    0.00000e+00    0.00000e+00    6.99666120E+10
    -8.67383550568839e-05    -3.28615294258199e-04    2.09778797397770e-04    1.3999227E+05    680.17    680.17    0.2784042915695106    0.00000e+00    0.00000e+00    7.00168393E+10
    -8.73441297514302e-05    -3.32768087047163e-04    2.12251696237279e-04    1.3259105E+05    667.93    667.93    0.2779791964782307    0.00000e+00    0.00000e+00    7.00670666E+10
    -8.79348364367677e-05    -3.36910621178635e-04    2.14625440982728e-04    1.2707856E+05    660.72    660.72    0.2776493281294398    0.00000e+00    0.00000e+00    7.01172939E+10
    -8.85179703324063e-05    -3.41066642826715e-04    2.16971817995878e-04    1.2343596E+05    659.00    659.00    0.2783881570816376    0.00000e+00    0.00000e+00    7.01675212E+10
    -8.91014920789897e-05    -3.45259214578214e-04    2.19367723574690e-04    1.2143132E+05    661.88    661.88    0.2773567452801178    0.00000e+00    0.00000e+00    7.02177485E+10
    -8.96922423975585e-05    -3.49506056373177e-04    2.21881642499758e-04    1.2065769E+05    667.53    667.53    0.2740935475570609    0.00000e+00    0.00000e+00    7.02679758E+10
    -9.02949627659139e-05    -3.53818071671291e-04    2.24562206431433e-04    1.2062737E+05    673.63    673.63    0.2724146860398792    0.00000e+00    0.00000e+00    7.03182031E+10
    -9.09112724617507e-05    -3.58197417893437e-04    2.27433437887615e-04    1.2087000E+05    678.31    678.31    0.2701596136644633    0.00000e+00    0.00000e+00    7.03684303E+10
    -9.15394552446380e-05    -3.62637293103670e-04    2.30493863034714e-04    1.2101218E+05    680.70    680.70    0.2669090393895682    0.00000e+00    0.00000e+00    7.04186576E+10
    -9.21757877455047e-05    -3.67125552719278e-04    2.33724617772396e-04    1.2080469E+05    680.59    680.59    0.2660426969724051    0.00000e+00    0.00000e+00    7.04688849E+10
    -9.28152424464777e-05    -3.71646934805579e-04    2.37099779113134e-04    1.2010724E+05    678.16    678.16    0.2617178961258587    0.00000e+00    0.00000e+00    7.05191122E+10
    -9.34520791535728e-05    -3.76185881691547e-04    2.40592396264395e-04    1.1886788E+05    673.77    673.77    0.2592476223209985    0.00000e+00    0.00000e+00    7.05693395E+10
    -9.40814497299787e-05    -3.80728585883543e-04    2.44176425035228e-04    1.1709580E+05    667.76    667.76    0.2571199907797042    0.00000e+00    0.00000e+00    7.06195668E+10
    -9.47008670815115e-05    -3.85262737962205e-04    2.47825724271950e-04    1.1483844E+05    660.39    660.39    0.2553739310880134    0.00000e+00    0.00000e+00    7.06697941E+10
    -9.53101033457410e-05    -3.89778118055134e-04    2.51515127296372e-04    1.1216030E+05    651.93    651.93    0.2555414569069997    0.00000e+00    0.00000e+00    7.07200214E+10
    -9.59097499953582e-05    -3.94266532811119e-04    2.55220078295548e-04    1.0913553E+05    642.62    642.62    0.2563438899882065    0.00000e+00    0.00000e+00    7.07702487E+10
    -9.65008736204614e-05    -3.98722140225304e-04    2.58917660126771e-04    1.0584341E+05    632.72    632.72    0.2517354064875772    0.00000e+00    0.00000e+00    7.08204759E+10
    -9.70847977624001e-05    -4.03141076332650e-04    2.62587243967910e-04    1.0236937E+05    622.45    622.45    0.2478198222927538    0.00000e+00    0.00000e+00    7.08707032E+10
    -9.76621429826862e-05    -4.07520747379963e-04    2.66210382658399e-04    9.8801227E+04    612.03    612.03    0.2469443368641338    0.00000e+00    0.00000e+00    7.09209305E+10
    -9.82330062440559e-05    -4.11860178891744e-04    2.69771363386832e-04    9.5228312E+04    601.72    601.72    0.2426782328745868    0.00000e+00    0.00000e+00    7.09711578E+10
    -9.87974990536558e-05    -4.16160757435121e-04    2.73258506991633e-04    9.1738757E+04    591.76    591.76    0.2406537303953789    0.00000e+00    0.00000e+00    7.10213851E+10
    -9.93561353139879e-05    -4.20425605210199e-04    2.76663881920978e-04    8.8410907E+04    582.38    582.38    0.2389403534317042    0.00000e+00    0.00000e+00    7.10716124E+10
    -9.99101512999390e-05    -4.24659323098814e-04    2.79985277424481e-04    8.5309948E+04    573.75    573.75    0.2374593595655745    0.00000e+00    0.00000e+00    7.11218397E+10
    -1.00461394151634e-04    -4.28867370103014e-04    2.83226586556001e-04    8.2486459E+04    566.05    566.05    0.2368232349581283    0.00000e+00    0.00000e+00    7.11720670E+10
    -1.01011929175355e-04    -4.33055462176100e-04    2.86397849806875e-04    7.9977682E+04    559.44    559.44    0.2359323133333792    0.00000e+00    0.00000e+00    7.12222942E+10
    -1.01563729562783e-04    -4.37229674033495e-04    2.89514212756499e-04    7.7805406E+04    554.03    554.03    0.2335781388956115    0.00000e+00    0.00000e+00    7.12725215E+10
    -1.02118797594422e-04    -4.41395891313289e-04    2.92595732146863e-04    7.5972770E+04    549.83    549.83    0.2330367715218918    0.00000e+00    0.00000e+00    7.13227488E+10
    -1.02678335608201e-04    -4.45559422725290e-04    2.95665548134965e-04    7.4459926E+04    546.70    546.70    0.2304878619469965    0.00000e+00    0.00000e+00    7.13729761E+10
    -1.03242430870583e-04    -4.49724529781754e-04    2.98745899124357e-04    7.3225603E+04    544.42    544.42    0.2314467535819519    0.00000e+00    0.00000e+00    7.14232034E+10
    -1.03810191324393e-04    -4.53894354075335e-04    3.01855940103580e-04    7.2212398E+04    542.70    542.70    0.2273142288310252    0.00000e+00    0.00000e+00    7.14734307E+10
    -1.04379876488518e-04    -4.58071494207365e-04    3.05010656663517e-04    7.1355448E+04    541.24    541.24    0.2240850717777620    0.00000e+00    0.00000e+00    7.15236580E+10
    -1.04949261068160e-04    -4.62258379094384e-04    3.08220515931544e-04    7.0590523E+04    539.76    539.76    0.2229474443578397    0.00000e+00    0.00000e+00    7.15738853E+10
    -1.05516279757039e-04    -4.66457224334917e-04    3.11491694433958e-04    6.9860789E+04    538.03    538.03    0.2209735214001680    0.00000e+00    0.00000e+00    7.16241125E+10
    -1.06079691432130e-04    -4.70669993424371e-04    3.14826233236355e-04    6.9120657E+04    535.92    535.92    0.2199280973085590    0.00000e+00    0.00000e+00    7.16743398E+10
    -1.06639243990319e-04    -4.74898339577399e-04    3.18222750619746e-04    6.8337169E+04    533.40    533.40    0.2188565644277685    0.00000e+00    0.00000e+00    7.17245671E+10
    -1.07194651391535e-04    -4.79143072432849e-04    3.21677983788056e-04    6.7489945E+04    530.46    530.46    0.2179501274246127    0.00000e+00    0.00000e+00    7.17747944E+10
    -1.07745646988253e-04    -4.83403935039469e-04    3.25186323446995e-04    6.6570756E+04    527.12    527.12    0.2171906032498431    0.00000e+00    0.00000e+00    7.18250217E+10
    -1.08292579846323e-04    -4.87679560222679e-04    3.28740531328303e-04    6.5580886E+04    523.45    523.45    0.2144310988017538    0.00000e+00    0.00000e+00    7.18752490E+10
    -1.08836094767941e-04    -4.91968028120301e-04    3.32332263788530e-04    6.4528613E+04    519.50    519.50    0.2123642183513149    0.00000e+00    0.00000e+00    7.19254763E+10
    -1.09376671718652e-04    -4.96267113437540e-04    3.35952449963700e-04    6.3426557E+04    515.36    515.36    0.2119158679970761    0.00000e+00    0.00000e+00    7.19757036E+10
    -1.09914553105296e-04    -5.00574731475566e-04    3.39591975356611e-04    6.2289596E+04    511.08    511.08    0.2101047323223312    0.00000e+00    0.00000e+00    7.20259308E+10
    -1.10449845586882e-04    -5.04888894498288e-04    3.43242375120388e-04    6.1133146E+04    506.72    506.72    0.2073305479007686    0.00000e+00    0.00000e+00    7.20761581E+10
    -1.10982709151927e-04    -5.09207857176452e-04    3.46896367353542e-04    5.9971650E+04    502.35    502.35    0.2061777102370982    0.00000e+00    0.00000e+00    7.21263854E+10
    -1.11513875869087e-04    -5.13530552919961e-04    3.50547901581334e-04    5.8817625E+04    498.01    498.01    0.2040559036470322    0.00000e+00    0.00000e+00    7.21766127E+10
    -1.12044601405798e-04    -5.17855915138716e-04    3.54192275111055e-04    5.7681190E+04    493.73    493.73    0.2020971941668224    0.00000e+00    0.00000e+00    7.22268400E+10
    -1.12576500191617e-04    -5.22182828761250e-04    3.57825861536372e-04    5.6570121E+04    489.55    489.55    0.2024040161354688    0.00000e+00    0.00000e+00    7.22770673E+10
    -1.13111317555796e-04    -5.26509887827889e-04    3.61445829545386e-04    5.5490181E+04    485.48    485.48    0.2007720278669240    0.00000e+00    0.00000e+00    7.23272946E+10
    -1.13650764890630e-04    -5.30835443972117e-04    3.65049915058207e-04    5.4445297E+04    481.53    481.53    0.1989214154720344    0.00000e+00    0.00000e+00    7.23775219E+10
    -1.14196262700204e-04    -5.35157509457840e-04    3.68636193364521e-04    5.3437666E+04    477.72    477.72    0.1978072717538728    0.00000e+00    0.00000e+00    7.24277492E+10
    -1.14748877574616e-04    -5.39474241993071e-04    3.72203117908685e-04    5.2467980E+04    474.05    474.05    0.1963956863883782    0.00000e+00    0.00000e+00    7.24779764E+10
    -1.15309327038116e-04    -5.43783799285822e-04    3.75749825722346e-04    5.1535611E+04    470.51    470.51    0.1961766541601761    0.00000e+00    0.00000e+00    7.25282037E+10
    -1.15877960156552e-04    -5.48084775376417e-04    3.79276195602086e-04    5.0638951E+04    467.09    467.09    0.1932462895769146    0.00000e+00    0.00000e+00    7.25784310E+10
    -1.16454835107568e-04    -5.52376055193390e-04    3.82782833565004e-04    4.9775910E+04    463.80    463.80    0.1917004589236746    0.00000e+00    0.00000e+00    7.26286583E+10
    -1.17039825839605e-04    -5.56657056960323e-04    3.86271164963323e-04    4.8944228E+04    460.61    460.61    0.1899297124978135    0.00000e+00    0.00000e+00    7.26788856E+10
    -1.17632815997380e-04    -5.60927489789009e-04    3.89743332673514e-04    4.8141705E+04    457.53    457.53    0.1881311711281579    0.00000e+00    0.00000e+00    7.27291129E+10
    -1.18233829821578e-04    -5.65187499123550e-04    3.93201930448771e-04    4.7366379E+04    454.54    454.54    0.1875446246947296    0.00000e+00    0.00000e+00    7.27793402E+10
    -1.18842993363756e-04    -5.69437424333524e-04    3.96649678093845e-04    4.6616572E+04    451.64    451.64    0.1857823039995888    0.00000e+00    0.00000e+00    7.28295675E+10
    -1.19460389042238e-04    -5.73677798713981e-04    4.00089212995160e-04    4.5890938E+04    448.82    448.82    0.1842603931945143    0.00000e+00    0.00000e+00    7.28797947E+10
    -1.20086016857026e-04    -5.77909010115864e-04    4.03522774991925e-04    4.5188417E+04    446.08    446.08    0.1838837084237558    0.00000e+00    0.00000e+00    7.29300220E+10
    -1.20719702275194e-04    -5.82131446390120e-04    4.06952162742895e-04    4.4508202E+04    443.42    443.42    0.1842094310832357    0.00000e+00    0.00000e+00    7.29802493E+10
    -1.21361033205113e-04    -5.86345495387692e-04    4.10378888866755e-04    4.3849723E+04    440.83    440.83    0.1829285472991464    0.00000e+00    0.00000e+00    7.30304766E+10
    -1.22009340603903e-04    -5.90551738884998e-04    4.13804262360446e-04    4.3212544E+04    438.32    438.32    0.1814444603193998    0.00000e+00    0.00000e+00    7.30807039E+10
    -1.22663722718117e-04    -5.94751049546665e-04    4.17229606765315e-04    4.2596314E+04    435.88    435.88    0.1800441296229256    0.00000e+00    0.00000e+00    7.31309312E+10
    -1.23323171135299e-04    -5.98944687888262e-04    4.20656410459365e-04    4.2000635E+04    433.50    433.50    0.1786305559264659    0.00000e+00    0.00000e+00    7.31811585E+10
    -1.23986755013181e-04    -6.03134205313570e-04    4.24086433316258e-04    4.1424985E+04    431.18    431.18    0.1767026833888384    0.00000e+00    0.00000e+00    7.32313858E+10
    -1.24653819853293e-04    -6.07321541077313e-04    4.27521629135127e-04    4.0868627E+04    428.93    428.93    0.1749374666668318    0.00000e+00    0.00000e+00    7.32816130E+10
    -1.25324031134196e-04    -6.11508488990111e-04    4.30963942018836e-04    4.0330658E+04    426.72    426.72    0.1732982655839721    0.00000e+00    0.00000e+00    7.33318403E+10
    -1.25997369463342e-04    -6.15696794381217e-04    4.34415078511540e-04    3.9809966E+04    424.56    424.56    0.1721522321445975    0.00000e+00    0.00000e+00    7.33820676E+10
    -1.26674004525519e-04    -6.19887960173041e-04    4.37876396091548e-04    3.9305351E+04    422.43    422.43    0.1710323428994052    0.00000e+00    0.00000e+00    7.34322949E+10
    -1.27354193271979e-04    -6.24082955992945e-04    4.41348835297401e-04    3.8815569E+04    420.34    420.34    0.1713533580591061    0.00000e+00    0.00000e+00    7.34825222E+10
    -1.28038197502109e-04    -6.28282654505557e-04    4.44832900335326e-04    3.8339314E+04    418.26    418.26    0.1702539479913570    0.00000e+00    0.00000e+00    7.35327495E+10
    -1.28726172356288e-04    -6.32487395080451e-04    4.48328765738250e-04    3.7875251E+04    416.20    416.20    0.1700348543044267    0.00000e+00    0.00000e+00    7.35829768E+10
    -1.29418127530788e-04    -6.36697323161734e-04    4.51836363632257e-04    3.7422057E+04    414.15    414.15    0.1698309341273532    0.00000e+00    0.00000e+00    7.36332041E+10
    -1.30113932125916e-04    -6.40912438749405e-04    4.55355597054610e-04    3.6978478E+04    412.10    412.10    0.1686088882599437    0.00000e+00    0.00000e+00    7.36834314E+10
    -1.30813363127380e-04    -6.45132790324831e-04    4.58886441764626e-04    3.6543347E+04    410.05    410.05    0.1666819846653376    0.00000e+00    0.00000e+00    7.37336586E+10
    -1.31516260546663e-04    -6.49358280925278e-04    4.62429038358272e-04    3.6115566E+04    408.00    408.00    0.1648833720533255    0.00000e+00    0.00000e+00    7.37838859E+10
    -1.32222580750534e-04    -6.53588716625272e-04    4.65983546824062e-04    3.5694156E+04    405.94    405.94    0.1627704147997140    0.00000e+00    0.00000e+00    7.38341132E+10
    -1.32932362524089e-04    -6.57823661092500e-04    4.69550005947093e-04    3.5278265E+04    403.87    403.87    0.1609541137619151    0.00000e+00    0.00000e+00    7.38843405E+10
    -1.33645654348695e-04    -6.62062629513281e-04    4.73128255738847e-04    3.4867161E+04    401.79    401.79    0.1600744121092267    0.00000e+00    0.00000e+00    7.39345678E+10
    -1.34362485313173e-04    -6.66304652260253e-04    4.76717830778193e-04    3.4460293E+04    399.71    399.71    0.1596183733434106    0.00000e+00    0.00000e+00    7.39847951E+10
    -1.35082777847334e-04    -6.70548614261950e-04    4.80317940818829e-04    3.4057206E+04    397.61    397.61    0.1583927546325970    0.00000e+00    0.00000e+00    7.40350224E+10
    -1.35806284696201e-04    -6.74793206521432e-04    4.83927495029973e-04    3.3657544E+04    395.50    395.50    0.1595604555449899    0.00000e+00    0.00000e+00    7.40852497E+10
    -1.36532564679324e-04    -6.79037071560392e-04    4.87545266833011e-04    3.3261002E+04    393.38    393.38    0.1585274114620117    0.00000e+00    0.00000e+00    7.41354769E+10
    -1.37260948753823e-04    -6.83278851900524e-04    4.91170024801195e-04    3.2867353E+04    391.25    391.25    0.1584718495470501    0.00000e+00    0.00000e+00    7.41857042E+10
    -1.37990569103209e-04    -6.87517287026256e-04    4.94800552052184e-04    3.2476410E+04    389.12    389.12    0.1569723192777320    0.00000e+00    0.00000e+00    7.42359315E+10
    -1.38720499733351e-04    -6.91751358828858e-04    4.98436024402720e-04    3.2087984E+04    386.97    386.97    0.1555999958996399    0.00000e+00    0.00000e+00    7.42861588E+10
    -1.39449858283349e-04    -6.95980097680968e-04    5.02075908557754e-04    3.1701912E+04    384.83    384.83    0.1541558290705088    0.00000e+00    0.00000e+00    7.43363861E+10
    -1.40177839962493e-04    -7.00202824843432e-04    5.05719719703605e-04    3.1318069E+04    382.68    382.68    0.1520083461223455    0.00000e+00    0.00000e+00    7.43866134E+10
    -1.40903756335355e-04    -7.04418910058465e-04    5.09366973026592e-04    3.0936378E+04    380.52    380.52    0.1509896038686610    0.00000e+00    0.00000e+00    7.44368407E+10
    -1.41626962599739e-04    -7.08627626105545e-04    5.13017183713034e-04    3.0556803E+04    378.37    378.37    0.1492976011260507    0.00000e+00    0.00000e+00    7.44870680E+10
    -1.42346833345998e-04    -7.12828391208254e-04    5.16669624542409e-04    3.0179241E+04    376.21    376.21    0.1482703587808915    0.00000e+00    0.00000e+00    7.45372952E+10
    -1.43062714075661e-04    -7.17020526627440e-04    5.20323568294195e-04    2.9803646E+04    374.05    374.05    0.1477821538782615    0.00000e+00    0.00000e+00    7.45875225E+10
    -1.43773882416344e-04    -7.21203402105317e-04    5.23977948378295e-04    2.9429935E+04    371.89    371.89    0.1481179287663133    0.00000e+00    0.00000e+00    7.46377498E+10
    -1.44479504488515e-04    -7.25376338902731e-04    5.27631795167345e-04    2.9058095E+04    369.73    369.73    0.1477323127156404    0.00000e+00    0.00000e+00    7.46879771E+10
    -1.45178663994317e-04    -7.29538900687370e-04    5.31284042071247e-04    2.8688185E+04    367.58    367.58    0.1481262967659647    0.00000e+00    0.00000e+00    7.47382044E+10
    -1.45870391306387e-04    -7.33690748089656e-04    5.34933913388112e-04    2.8320313E+04    365.43    365.43    0.1468773269838822    0.00000e+00    0.00000e+00    7.47884317E+10
    -1.46553755582458e-04    -7.37831929590957e-04    5.38580875822891e-04    2.7954639E+04    363.29    363.29    0.1455384188830814    0.00000e+00    0.00000e+00    7.48386590E+10
    -1.47227956879956e-04    -7.41962590635378e-04    5.42224541524638e-04    2.7591361E+04    361.16    361.16    0.1443645633593627    0.00000e+00    0.00000e+00    7.48888863E+10
    -1.47892379485506e-04    -7.46083167555233e-04    5.45864862011985e-04    2.7230705E+04    359.04    359.04    0.1433180730928809    0.00000e+00    0.00000e+00    7.49391135E+10
    -1.48546494952196e-04    -7.50194048201465e-04    5.49501788803564e-04    2.6872935E+04    356.93    356.93    0.1414323273766059    0.00000e+00    0.00000e+00    7.49893408E+10
    -1.49189876643986e-04    -7.54295765869124e-04    5.53135176455271e-04    2.6518307E+04    354.84    354.84    0.1407355413249175    0.00000e+00    0.00000e+00    7.50395681E+10
    -1.49822219128257e-04    -7.58388805371891e-04    5.56765121929843e-04    2.6167105E+04    352.76    352.76    0.1396099943524866    0.00000e+00    0.00000e+00    7.50897954E+10
    -1.50443289694443e-04    -7.62473796967552e-04    5.60391528264542e-04    2.5819643E+04    350.71    350.71    0.1389757505642324    0.00000e+00    0.00000e+00    7.51400227E+10
    -1.51052860480112e-04    -7.66551273951156e-04    5.64014395459369e-04    2.5476228E+04    348.68    348.68    0.1388812934495844    0.00000e+00    0.00000e+00    7.51902500E+10
    -1.51650684230288e-04    -7.70621915061856e-04    5.67633626551588e-04    2.5137213E+04    346.67    346.67    0.1383106772205922    0.00000e+00    0.00000e+00    7.52404773E+10
    -1.52236503993720e-04    -7.74686447520174e-04    5.71249415466671e-04    2.4802947E+04    344.69    344.69    0.1386443916520518    0.00000e+00    0.00000e+00    7.52907046E+10
    -1.52810082211704e-04    -7.78745792472104e-04    5.74861907648723e-04    2.4473806E+04    342.74    342.74    0.1388571604450239    0.00000e+00    0.00000e+00    7.53409319E+10
    -1.53371268591999e-04    -7.82800968026376e-04    5.78471636392792e-04    2.4150131E+04    340.82    340.82    0.1378615249743885    0.00000e+00    0.00000e+00    7.53911591E+10
    -1.53920053438331e-04    -7.86853137735826e-04    5.82079134993928e-04    2.3832248E+04    338.93    338.93    0.1366110414970020    0.00000e+00    0.00000e+00    7.54413864E+10
    -1.54456625828035e-04    -7.90903416671919e-04    5.85685130672653e-04    2.3520492E+04    337.07    337.07    0.1347233413804245    0.00000e+00    0.00000e+00    7.54916137E+10
    -1.54981354219511e-04    -7.94953016868859e-04    5.89290302168119e-04    2.3215166E+04    335.26    335.26    0.1338783424687810    0.00000e+00    0.00000e+00    7.55418410E+10
    -1.55494718578301e-04    -7.99002907954008e-04    5.92895182775377e-04    2.2916520E+04    333.48    333.48    0.1328315577144828    0.00000e+00    0.00000e+00    7.55920683E+10
    -1.55997286136413e-04    -8.03054059554727e-04    5.96500257308108e-04    2.2624755E+04    331.73    331.73    0.1323336644789003    0.00000e+00    0.00000e+00    7.56422956E+10
    -1.56489643518400e-04    -8.07107295854275e-04    6.00105913617256e-04    2.2340021E+04    330.03    330.03    0.1313878744446060    0.00000e+00    0.00000e+00    7.56925229E+10
    -1.56972353108134e-04    -8.11163392554542e-04    6.03712394109661e-04    2.2062434E+04    328.36    328.36    0.1306985467745744    0.00000e+00    0.00000e+00    7.57427502E+10
    -1.57445972441346e-04    -8.15223028394681e-04    6.07319941192166e-04    2.1792052E+04    326.74    326.74    0.1301739973328821    0.00000e+00    0.00000e+00    7.57929774E+10
    -1.57911112383277e-04    -8.19286882113845e-04    6.10928748790241e-04    2.1528892E+04    325.15    325.15    0.1304007517110312    0.00000e+00    0.00000e+00    7.58432047E+10
    -1.58368388647299e-04    -8.23355777895293e-04    6.14539107792095e-04    2.1272956E+04    323.60    323.60    0.1309627707997971    0.00000e+00    0.00000e+00    7.58934320E+10
    -1.58818489668841e-04    -8.27430297515442e-04    6.18151357567306e-04    2.1024183E+04    322.09    322.09    0.1304080078765343    0.00000e+00    0.00000e+00    7.59436593E+10
    -1.59262186301656e-04    -8.31511265157550e-04    6.21766031410923e-04    2.0782504E+04    320.61    320.61    0.1294344951699536    0.00000e+00    0.00000e+00    7.59938866E+10
    -1.59700351210369e-04    -8.35599311079402e-04    6.25383565655258e-04    2.0547799E+04    319.17    319.17    0.1276694806131925    0.00000e+00    0.00000e+00    7.60441139E+10
    -1.60133934629796e-04    -8.39694968576047e-04    6.29004299669888e-04    2.0319913E+04    317.76    317.76    0.1265272054645953    0.00000e+00    0.00000e+00    7.60943412E+10
    -1.60563891642888e-04    -8.43798528535694e-04    6.32628524343022e-04    2.0098648E+04    316.38    316.38    0.1255192445751637    0.00000e+00    0.00000e+00    7.61445685E+10
    -1.60991167636323e-04    -8.47910330327921e-04    6.36256336637397e-04    1.9883787E+04    315.04    315.04    0.1252245023813078    0.00000e+00    0.00000e+00    7.61947957E+10
    -1.61416640122865e-04    -8.52030325471357e-04    6.39887736553012e-04    1.9675083E+04    313.72    313.72    0.1244547826608591    0.00000e+00    0.00000e+00    7.62450230E+10
    -1.61841079956266e-04    -8.56158562447373e-04    6.43522578645762e-04    1.9472305E+04    312.42    312.42    0.1239569497902347    0.00000e+00    0.00000e+00    7.62952503E+10
    -1.62265161027543e-04    -8.60294798849127e-04    6.47160765952913e-04    1.9275184E+04    311.15    311.15    0.1228991976304987    0.00000e+00    0.00000e+00    7.63454776E+10
    -1.62689440872429e-04    -8.64438937713884e-04    6.50802201511726e-04    1.9083453E+04    309.90    309.90    0.1231120734334844    0.00000e+00    0.00000e+00    7.63957049E+10
    -1.63114423697153e-04    -8.68590785116169e-04    6.54446885322204e-04    1.8896828E+04    308.68    308.68    0.1235593003540091    0.00000e+00    0.00000e+00    7.64459322E+10
    -1.63540584619122e-04    -8.72750195611881e-04    6.58094817384344e-04    1.8715025E+04    307.47    307.47    0.1237840752446908    0.00000e+00    0.00000e+00    7.64961595E+10
    -1.63968403603880e-04    -8.76916975275545e-04    6.61746191623621e-04    1.8537758E+04    306.28    306.28    0.1226882904739535    0.00000e+00    0.00000e+00    7.65463868E+10
    -1.64398384857656e-04    -8.81090930181689e-04    6.65401105002769e-04    1.8364742E+04    305.11    305.11    0.1207114337163132    0.00000e+00    0.00000e+00    7.65966140E+10
    -1.64831013194131e-04    -8.85271720960737e-04    6.69059654484526e-04    1.8195691E+04    303.94    303.94    0.1197699457331170    0.00000e+00    0.00000e+00    7.66468413E+10
    -1.65266734641891e-04    -8.89458911280376e-04    6.72721743106155e-04    1.8030320E+04    302.80    302.80    0.1190543082309131    0.00000e+00    0.00000e+00    7.66970686E+10
    -1.65705917659335e-04    -8.93652064808292e-04    6.76387370867656e-04    1.7868357E+04    301.66    301.66    0.1186252453172132    0.00000e+00    0.00000e+00    7.67472959E+10
    -1.66148843438397e-04    -8.97850551286701e-04    6.80056198399453e-04    1.7709543E+04    300.53    300.53    0.1180279145245481    0.00000e+00    0.00000e+00    7.67975232E+10
    -1.66595671967591e-04    -9.02053885901920e-04    6.83728031776072e-04    1.7553616E+04    299.41    299.41    0.1174662008153633    0.00000e+00    0.00000e+00    7.68477505E+10
    -1.67046456576424e-04    -9.06261486877534e-04    6.87402531627937e-04    1.7400334E+04    298.30    298.30    0.1172281497940734    0.00000e+00    0.00000e+00    7.68979778E+10
    -1.67501148783526e-04    -9.10472820918492e-04    6.91079504029576e-04    1.7249463E+04    297.19    297.19    0.1169085178375205    0.00000e+00    0.00000e+00    7.69482051E+10
    -1.67959661322435e-04    -9.14687451692482e-04    6.94758803536885e-04    1.7100786E+04    296.08    296.08    0.1172265543259449    0.00000e+00    0.00000e+00    7.69984324E+10
    -1.68421897230415e-04    -9.18904991348558e-04    6.98440284705758e-04    1.6954085E+04    294.98    294.98    0.1174279068057459    0.00000e+00    0.00000e+00    7.70486596E+10
    -1.68887774089141e-04    -9.23124955073039e-04    7.02123850573460e-04    1.6809165E+04    293.88    293.88    0.1159895759029677    0.00000e+00    0.00000e+00    7.70988869E+10
    -1.69357257961654e-04    -9.27347051977718e-04    7.05809501139991e-04    1.6665844E+04    292.79    292.79    0.1146602993306730    0.00000e+00    0.00000e+00    7.71491142E+10
    -1.69830314910996e-04    -9.31570797248912e-04    7.09497090961246e-04    1.6523956E+04    291.69    291.69    0.1138032972112104    0.00000e+00    0.00000e+00    7.71993415E+10
    -1.70306940089032e-04    -9.35795851517046e-04    7.13186571555858e-04    1.6383339E+04    290.60    290.60    0.1133249131613343    0.00000e+00    0.00000e+00    7.72495688E+10
    -1.70787104406940e-04    -9.40021778449805e-04    7.16877797479722e-04    1.6243855E+04    289.50    289.50    0.1130657813279093    0.00000e+00    0.00000e+00    7.72997961E+10
    -1.71270691509436e-04    -9.44248190196246e-04    7.20570526325997e-04    1.6105372E+04    288.41    288.41    0.1126075407392547    0.00000e+00    0.00000e+00    7.73500234E+10
    -1.71757541408006e-04    -9.48474650424054e-04    7.24264467206475e-04    1.5967780E+04    287.31    287.31    0.1118845228022945    0.00000e+00    0.00000e+00    7.74002507E+10
    -1.72247416543946e-04    -9.52700916726390e-04    7.27959523158419e-04    1.5830992E+04    286.22    286.22    0.1116535385172112    0.00000e+00    0.00000e+00    7.74504779E+10
    -1.72740045421595e-04    -9.56926795177782e-04    7.31655451774990e-04    1.5694918E+04    285.12    285.12    0.1118987110588586    0.00000e+00    0.00000e+00    7.75007052E+10
    -1.73235161393429e-04    -9.61152140334124e-04    7.35352204574818e-04    1.5559514E+04    284.03    284.03    0.1116923200660773    0.00000e+00    0.00000e+00    7.75509325E+10
    -1.73732531748879e-04    -9.65377000676785e-04    7.39049781557904e-04    1.5424729E+04    282.93    282.93    0.1114502722797755    0.00000e+00    0.00000e+00    7.76011598E+10
    -1.74231991651295e-04    -9.69601327724396e-04    7.42748279686985e-04    1.5290528E+04    281.83    281.83    0.1102018548848843    0.00000e+00    0.00000e+00    7.76513871E+10
    -1.74733419897256e-04    -9.73825315402431e-04    7.46447650480691e-04    1.5156895E+04    280.73    280.73    0.1090847312395458    0.00000e+00    0.00000e+00    7.77016144E+10
    -1.75236724372163e-04    -9.78048963710890e-04    7.50147893939023e-04    1.5023813E+04    279.63    279.63    0.1082324487690441    0.00000e+00    0.00000e+00    7.77518417E+10
    -1.75741832353964e-04    -9.82272321131139e-04    7.53848961580613e-04    1.4891290E+04    278.53    278.53    0.1079132943218205    0.00000e+00    0.00000e+00    7.78020690E+10
    -1.76248661424332e-04    -9.86495533107284e-04    7.57550659479989e-04    1.4759335E+04    277.43    277.43    0.1076229794400712    0.00000e+00    0.00000e+00    7.78522962E+10
    -1.76757090379849e-04    -9.90718648120693e-04    7.61252842193046e-04    1.4627976E+04    276.33    276.33    0.1070416553724391    0.00000e+00    0.00000e+00    7.79025235E+10
    -1.77266988320819e-04    -9.94941763134102e-04    7.64955315794311e-04    1.4497248E+04    275.23    275.23    0.1069418645111526    0.00000e+00    0.00000e+00    7.79527508E+10
    -1.77778200106865e-04    -9.99165169035720e-04    7.68657934839681e-04    1.4367189E+04    274.13    274.13    0.1071217547868502    0.00000e+00    0.00000e+00    7.80029781E+10
    -1.78290589990156e-04    -1.00338905975102e-03    7.72360650847787e-04    1.4237850E+04    273.04    273.04    0.1069884081356621    0.00000e+00    0.00000e+00    7.80532054E+10
    -1.78804036767272e-04    -1.00761372616821e-03    7.76063366855893e-04    1.4109289E+04    271.95    271.95    0.1063919512574723    0.00000e+00    0.00000e+00    7.81034327E+10
    -1.79318482260571e-04    -1.01183955613823e-03    7.79766131345367e-04    1.3981564E+04    270.86    270.86    0.1059751966623405    0.00000e+00    0.00000e+00    7.81536600E+10
    -1.79833926470053e-04    -1.01606698599340e-03    7.83469089760314e-04    1.3854737E+04    269.77    269.77    0.1049648281494121    0.00000e+00    0.00000e+00    7.82038873E+10
    -1.80350413028949e-04    -1.02029635510330e-03    7.87172290582101e-04    1.3728868E+04    268.69    268.69    0.1039473400773222    0.00000e+00    0.00000e+00    7.82541145E+10
    -1.80868019507449e-04    -1.02452795435612e-03    7.90875685329360e-04    1.3604022E+04    267.61    267.61    0.1031288323294030    0.00000e+00    0.00000e+00    7.83043418E+10
    -1.81386838020151e-04    -1.02876222008420e-03    7.94579322483460e-04    1.3480255E+04    266.54    266.54    0.1032656090722679    0.00000e+00    0.00000e+00    7.83545691E+10
    -1.81906950985383e-04    -1.03299934621299e-03    7.98283105081665e-04    1.3357632E+04    265.48    265.48    0.1027387193598407    0.00000e+00    0.00000e+00    7.84047964E+10
    -1.82428411732647e-04    -1.03723967211208e-03    8.01986936161237e-04    1.3236208E+04    264.42    264.42    0.1020438394132746    0.00000e+00    0.00000e+00    7.84550237E+10
    -1.82951244502629e-04    -1.04148344018830e-03    8.05690767240810e-04    1.3116037E+04    263.38    263.38    0.1020503386319173    0.00000e+00    0.00000e+00    7.85052510E+10
    -1.83475458991603e-04    -1.04573098981124e-03    8.09394501357646e-04    1.2997170E+04    262.33    262.33    0.1021650458990644    0.00000e+00    0.00000e+00    7.85554783E+10
    -1.84001060047704e-04    -1.04998266035047e-03    8.13098186993114e-04    1.2879653E+04    261.30    261.30    0.1018790341698799    0.00000e+00    0.00000e+00    7.86057056E+10
    -1.84528081607891e-04    -1.05423883965693e-03    8.16802018072687e-04    1.2763529E+04    260.28    260.28    0.1017725960006210    0.00000e+00    0.00000e+00    7.86559329E+10
    -1.85056586697942e-04    -1.05849981861883e-03    8.20506043077732e-04    1.2648833E+04    259.26    259.26    0.1011263559077591    0.00000e+00    0.00000e+00    7.87061601E+10
    -1.85586701369414e-04    -1.06276598508712e-03    8.24210504415089e-04    1.2535593E+04    258.25    258.25    0.1002717327072444    0.00000e+00    0.00000e+00    7.87563874E+10
    -1.86118561370139e-04    -1.06703758146864e-03    8.27915499047497e-04    1.2423844E+04    257.26    257.26    0.0991661657330699    0.00000e+00    0.00000e+00    7.88066147E+10
    -1.86652336384904e-04    -1.07131489865160e-03    8.31621123937689e-04    1.2313604E+04    256.27    256.27    0.0984783850309482    0.00000e+00    0.00000e+00    7.88568420E+10
    -1.87188176705950e-04    -1.07559803359873e-03    8.35327524529772e-04    1.2204900E+04    255.30    255.30    0.0986628552803137    0.00000e+00    0.00000e+00    7.89070693E+10
    -1.87726203536698e-04    -1.07988722871687e-03    8.39034652342376e-04    1.2097743E+04    254.33    254.33    0.0981553925018495    0.00000e+00    0.00000e+00    7.89572966E+10
    -1.88266504143611e-04    -1.08418248400603e-03    8.42742555856870e-04    1.1992152E+04    253.37    253.37    0.0977711035313584    0.00000e+00    0.00000e+00    7.90075239E+10
    -1.88809136704329e-04    -1.08848389642894e-03    8.46451283554621e-04    1.1888131E+04    252.43    252.43    0.0971781590422621    0.00000e+00    0.00000e+00    7.90577512E+10
    -1.89354120611401e-04    -1.09279156294834e-03    8.50160883916999e-04    1.1785693E+04    251.50    251.50    0.0973289518005567    0.00000e+00    0.00000e+00    7.91079784E+10
    -1.89901480105511e-04    -1.09710562900832e-03    8.53871502388107e-04    1.1684838E+04    250.57    250.57    0.0975115009547418    0.00000e+00    0.00000e+00    7.91582057E+10
    -1.90451244275479e-04    -1.10142604612753e-03    8.57583332893418e-04    1.1585565E+04    249.66    249.66    0.0971970569399514    0.00000e+00    0.00000e+00    7.92084330E+10
    -1.91003476147083e-04    -1.10575300823143e-03    8.61296569358404e-04    1.1487866E+04    248.76    248.76    0.0965050794590781    0.00000e+00    0.00000e+00    7.92586603E+10
    -1.91558262986787e-04    -1.11008641835729e-03    8.65011357227170e-04    1.1391740E+04    247.87    247.87    0.0958805792086715    0.00000e+00    0.00000e+00    7.93088876E+10
    -1.92115711453601e-04    -1.11442637346785e-03    8.68727938906555e-04    1.1297173E+04    246.99    246.99    0.0948852737578560    0.00000e+00    0.00000e+00    7.93591149E+10
    -1.92675928206533e-04    -1.11877267963763e-03    8.72446411359297e-04    1.1204159E+04    246.12    246.12    0.0940231055059952    0.00000e+00    0.00000e+00    7.94093422E+10
    -1.93238995663911e-04    -1.12312528838526e-03    8.76166871548132e-04    1.1112685E+04    245.26    245.26    0.0942777540380388    0.00000e+00    0.00000e+00    7.94595695E+10
    -1.93804967155238e-04    -1.12748405426664e-03    8.79889319473059e-04    1.1022729E+04    244.42    244.42    0.0938165984660873    0.00000e+00    0.00000e+00    7.95097967E+10
    -1.94373862073062e-04    -1.13184868639357e-03    8.83613852096815e-04    1.0934271E+04    243.58    243.58    0.0934420864631581    0.00000e+00    0.00000e+00    7.95600240E+10
    -1.94945656176700e-04    -1.13621903932193e-03    8.87340420938032e-04    1.0847289E+04    242.76    242.76    0.0929576700644400    0.00000e+00    0.00000e+00    7.96102513E+10
    -1.95520296136645e-04    -1.14059496760763e-03    8.91069171440813e-04    1.0761749E+04    241.94    241.94    0.0930768637420943    0.00000e+00    0.00000e+00    7.96604786E+10
    -1.96097738319667e-04    -1.14497618036244e-03    8.94800200567896e-04    1.0677628E+04    241.14    241.14    0.0931869582640405    0.00000e+00    0.00000e+00    7.97107059E+10
    -1.96677943940672e-04    -1.14936262910502e-03    8.98533653763384e-04    1.0594885E+04    240.34    240.34    0.0928907103835138    0.00000e+00    0.00000e+00    7.97609332E+10
    -1.97260908151522e-04    -1.15375407142851e-03    9.02269724952751e-04    1.0513490E+04    239.56    239.56    0.0923390055700068    0.00000e+00    0.00000e+00    7.98111605E+10
    -1.97846645496628e-04    -1.15815026492607e-03    9.06008511098731e-04    1.0433396E+04    238.78    238.78    0.0915979788818117    0.00000e+00    0.00000e+00    7.98613878E+10
    -1.98435180216674e-04    -1.16255101567224e-03    9.09750206126798e-04    1.0354571E+04    238.02    238.02    0.0909806613620143    0.00000e+00    0.00000e+00    7.99116151E+10
    -1.99026531704208e-04    -1.16695598429743e-03    9.13494810036952e-04    1.0276966E+04    237.26    237.26    0.0899495808452383    0.00000e+00    0.00000e+00    7.99618423E+10
    -1.99620699959228e-04    -1.17136492839481e-03    9.17242419791929e-04    1.0200544E+04    236.51    236.51    0.0900812715160720    0.00000e+00    0.00000e+00    8.00120696E+10
    -2.00217660741052e-04    -1.17577746011343e-03    9.20992889947624e-04    1.0125254E+04    235.77    235.77    0.0895904848975928    0.00000e+00    0.00000e+00    8.00622969E+10
    -2.00817351023901e-04    -1.18019324008371e-03    9.24746317466774e-04    1.0051052E+04    235.03    235.03    0.0892385091215360    0.00000e+00    0.00000e+00    8.01125242E+10
    -2.01419683541311e-04    -1.18461197741745e-03    9.28502653868011e-04    9.9778907E+03    234.30    234.30    0.0889690892471989    0.00000e+00    0.00000e+00    8.01627515E+10
    -2.02024546786137e-04    -1.18903333274506e-03    9.32261850669966e-04    9.9057178E+03    233.58    233.58    0.0889029357061074    0.00000e+00    0.00000e+00    8.02129788E+10
    -2.02631853491916e-04    -1.19345706365972e-03    9.36024004835376e-04    9.8344880E+03    232.86    232.86    0.0888830605817276    0.00000e+00    0.00000e+00    8.02632061E+10
    -2.03241516392185e-04    -1.19788287927320e-03    9.39789116364241e-04    9.7641457E+03    232.15    232.15    0.0885927124918986    0.00000e+00    0.00000e+00    8.03134334E+10
    -2.03853477309302e-04    -1.20231048869730e-03    9.43557282219296e-04    9.6946462E+03    231.44    231.44    0.0882424749578714    0.00000e+00    0.00000e+00    8.03636606E+10
