    2.55671624061860e-06    5.35964627274151e-05    1.88796788499871e-05    1.3176966E+07    1691.30    1691.30    1.0971635630145786    0.00000e+00    0.00000e+00    7.20259308E+10
    -3.13170390893620e-06    6.98162147096905e-05    2.12814574617321e-05    1.1725763E+07    1586.35    1586.35    0.7406579847175758    0.00000e+00    0.00000e+00    7.20761581E+10
    -8.30932300659569e-06    8.52163746196399e-05    2.32552076492086e-05    7.8085344E+06    1262.99    1262.99    0.6295751597717223    0.00000e+00    0.00000e+00    7.21263854E+10
    -1.34530967763632e-05    1.00493774857395e-04    2.49867153479682e-05    5.2378840E+06    1063.91    1063.91    0.5802111570922684    0.00000e+00    0.00000e+00    7.21766127E+10
    -1.84534170867726e-05    1.15211210445333e-04    2.62012715515111e-05    3.6917127E+06    928.21    928.21    0.5989087097409606    0.00000e+00    0.00000e+00    7.22268400E+10
    -2.30466044425692e-05    1.29084430274080e-04    2.68103298891196e-05    2.7379932E+06    829.94    829.94    0.5704445009246645    0.00000e+00    0.00000e+00    7.22770673E+10
    -2.71334155439752e-05    1.42057254134271e-04    2.68536033886681e-05    2.1183442E+06    755.32    755.32    0.5480183631002573    0.00000e+00    0.00000e+00    7.23272946E+10
    -3.07877922343788e-05    1.54171463268944e-04    2.64348072713290e-05    1.6778183E+06    693.69    693.69    0.5369238718621664    0.00000e+00    0.00000e+00    7.23775219E+10
    -3.41765356303930e-05    1.65523753766795e-04    2.57002166120844e-05    1.3483612E+06    640.20    640.20    0.5096704737495007    0.00000e+00    0.00000e+00    7.24277492E+10
    -3.74628243208057e-05    1.76258314064723e-04    2.48188219461315e-05    1.1004628E+06    593.98    593.98    0.4792572960399176    0.00000e+00    0.00000e+00    7.24779764E+10
    -4.07481535649435e-05    1.86519395625407e-04    2.39182810182842e-05    9.1312406E+05    554.43    554.43    0.4680130914453334    0.00000e+00    0.00000e+00    7.25282037E+10
    -4.40741756454052e-05    1.96418835268803e-04    2.30654258792972e-05    7.7153808E+05    521.20    521.20    0.4540459742187519    0.00000e+00    0.00000e+00    7.25784310E+10
    -4.74442895909091e-05    2.06033980169597e-04    2.22851056543957e-05    6.6506950E+05    493.33    493.33    0.4396995756400320    0.00000e+00    0.00000e+00    7.26286583E+10
    -5.08408835748615e-05    2.15415667890389e-04    2.15806660427930e-05    5.8578785E+05    470.70    470.70    0.4173254744106997    0.00000e+00    0.00000e+00    7.26788856E+10
    -5.42359659097563e-05    2.24594383515448e-04    2.09491744065322e-05    5.2891790E+05    454.17    454.17    0.4056875013488919    0.00000e+00    0.00000e+00    7.27291129E+10
    -5.76001753094379e-05    2.33597509321483e-04    2.03959433339308e-05    4.9513998E+05    450.84    450.84    0.3959627998943646    0.00000e+00    0.00000e+00    7.27793402E+10
    -6.09421269130199e-05    2.42554825082790e-04    1.99661206142285e-05    4.9622731E+05    497.32    497.32    0.3828472739855791    0.00000e+00    0.00000e+00    7.28295675E+10
    -6.44393691867980e-05    2.52008667623742e-04    1.98283622611823e-05    5.4985155E+05    654.89    654.89    0.3697470343542038    0.00000e+00    0.00000e+00    7.28797947E+10
    -6.83811468210591e-05    2.62676958739599e-04    2.01918130183133e-05    6.3873533E+05    834.34    834.34    0.3550476097906085    0.00000e+00    0.00000e+00    7.29300220E+10
    -7.28638359274709e-05    2.74624222283182e-04    2.11118759386579e-05    7.1762316E+05    938.41    938.41    0.3401618662767592    0.00000e+00    0.00000e+00    7.29802493E+10
    -7.77640417279174e-05    2.87413088440212e-04    2.25134446563657e-05    7.5045098E+05    963.57    963.57    0.3336841184505523    0.00000e+00    0.00000e+00    7.30304766E+10
    -8.29302550989151e-05    3.00686045905968e-04    2.42791006915679e-05    7.2450818E+05    940.37    940.37    0.3276631502570721    0.00000e+00    0.00000e+00    7.30807039E+10
    -8.82859821378585e-05    3.14202341054546e-04    2.63086107549498e-05    6.6169312E+05    899.23    899.23    0.3257813535385349    0.00000e+00    0.00000e+00    7.31309312E+10
    -9.37871047997667e-05    3.27747230514036e-04    2.85395885372126e-05    5.8921519E+05    854.14    854.14    0.3235750096917989    0.00000e+00    0.00000e+00    7.31811585E+10
    -9.93769532134547e-05    3.41192432584416e-04    3.09274995384231e-05    5.1873681E+05    808.29    808.29    0.3207952329364434    0.00000e+00    0.00000e+00    7.32313858E+10
    -1.05005577025358e-04    3.54490993060671e-04    3.34277855027780e-05    4.5418062E+05    764.23    764.23    0.3157094322380107    0.00000e+00    0.00000e+00    7.32816130E+10
    -1.10625100884467e-04    3.67639615209769e-04    3.59964718901459e-05    3.9740532E+05    723.69    723.69    0.3120047296045690    0.00000e+00    0.00000e+00    7.33318403E+10
    -1.16187280981374e-04    3.80640078297920e-04    3.85935353918966e-05    3.4911453E+05    687.83    687.83    0.3094486647513979    0.00000e+00    0.00000e+00    7.33820676E+10
    -1.21653787946451e-04    3.93499698163572e-04    4.11947968953119e-05    3.0861312E+05    656.20    656.20    0.3090150015247379    0.00000e+00    0.00000e+00    7.34322949E+10
    -1.27010431283251e-04    4.06242172499457e-04    4.37858409503979e-05    2.7495898E+05    629.12    629.12    0.2995310652170570    0.00000e+00    0.00000e+00    7.34825222E+10
    -1.32261773088515e-04    4.18903944749985e-04    4.63577251688064e-05    2.4717016E+05    606.18    606.18    0.2952078002103347    0.00000e+00    0.00000e+00    7.35327495E+10
    -1.37425135755068e-04    4.31529186289641e-04    4.89066709127069e-05    2.2416537E+05    586.32    586.32    0.2906436834926438    0.00000e+00    0.00000e+00    7.35829768E+10
    -1.42522626786768e-04    4.44159334143750e-04    5.14315563232413e-05    2.0489083E+05    568.78    568.78    0.2841395061679036    0.00000e+00    0.00000e+00    7.36332041E+10
    -1.47575931899572e-04    4.56825430932314e-04    5.39323561900982e-05    1.8843288E+05    552.71    552.71    0.2796968646725710    0.00000e+00    0.00000e+00    7.36834314E+10
    -1.52603604913056e-04    4.69546486199768e-04    5.64097831893888e-05    1.7406907E+05    537.63    537.63    0.2714386784179899    0.00000e+00    0.00000e+00    7.37336586E+10
    -1.57620311441073e-04    4.82330829045154e-04    5.88649184556220e-05    1.6127604E+05    523.08    523.08    0.2684588157238037    0.00000e+00    0.00000e+00    7.37838859E+10
    -1.62637817911664e-04    4.95179676350811e-04    6.12995606475547e-05    1.4969295E+05    508.93    508.93    0.2617783291187935    0.00000e+00    0.00000e+00    7.38341132E+10
    -1.67664962478236e-04    5.08088810237715e-04    6.37153726761131e-05    1.3908193E+05    495.09    495.09    0.2551630042027336    0.00000e+00    0.00000e+00    7.38843405E+10
    -1.72707650171424e-04    5.21049867669865e-04    6.61130332804507e-05    1.2929791E+05    481.47    481.47    0.2473095846062552    0.00000e+00    0.00000e+00    7.39345678E+10
    -1.77769376497869e-04    5.34052279709015e-04    6.84922952055902e-05    1.2026363E+05    468.24    468.24    0.2442993778309217    0.00000e+00    0.00000e+00    7.39847951E+10
    -1.82851712253898e-04    5.47084701715024e-04    7.08521112539805e-05    1.1193227E+05    455.49    455.49    0.2392931991830419    0.00000e+00    0.00000e+00    7.40350224E+10
    -1.87954410184533e-04    5.60136079935966e-04    7.31909930476204e-05    1.0426815E+05    443.30    443.30    0.2359585816073053    0.00000e+00    0.00000e+00    7.40852497E+10
    -1.93075400135357e-04    5.73196281765903e-04    7.55074425122354e-05    9.7237862E+04    431.75    431.75    0.2296944623528854    0.00000e+00    0.00000e+00    7.41354769E+10
    -1.98211016914940e-04    5.86256047263527e-04    7.77998840033618e-05    9.0805241E+04    420.81    420.81    0.2276816018144101    0.00000e+00    0.00000e+00    7.41857042E+10
    -2.03356499652933e-04    5.99306504338474e-04    8.00669164094613e-05    8.4930583E+04    410.48    410.48    0.2236417699716127    0.00000e+00    0.00000e+00    7.42359315E+10
    -2.08506437828656e-04    6.12339023307220e-04    8.23074585960250e-05    7.9571208E+04    400.71    400.71    0.2192731943604515    0.00000e+00    0.00000e+00    7.42861588E+10
    -2.13655353047512e-04    6.25345216893082e-04    8.45208706089938e-05    7.4681904E+04    391.47    391.47    0.2137002983576384    0.00000e+00    0.00000e+00    7.43363861E+10
    -2.18798120828891e-04    6.38317182633057e-04    8.67069924598529e-05    7.0217222E+04    382.72    382.72    0.2115644143865497    0.00000e+00    0.00000e+00    7.43866134E+10
    -2.23930217861149e-04    6.51247648321930e-04    8.88660617073061e-05    6.6133998E+04    374.42    374.42    0.2067227668448200    0.00000e+00    0.00000e+00    7.44368407E+10
    -2.29047940167762e-04    6.64129729605428e-04    9.09984952911192e-05    6.2391631E+04    366.54    366.54    0.2020735283958013    0.00000e+00    0.00000e+00    7.44870680E+10
    -2.34148417651738e-04    6.76957317831169e-04    9.31049089246670e-05    5.8952670E+04    359.04    359.04    0.1979722168814475    0.00000e+00    0.00000e+00    7.45372952E+10
    -2.39229526829154e-04    6.89725322455501e-04    9.51862140576703e-05    5.5783705E+04    351.89    351.89    0.1958780449470646    0.00000e+00    0.00000e+00    7.45875225E+10
    -2.44289764777598e-04    7.02430155857185e-04    9.72435596985531e-05    5.2855633E+04    345.05    345.05    0.1932437618978158    0.00000e+00    0.00000e+00    7.46377498E+10
    -2.49328001881193e-04    7.15069248523711e-04    9.92782160591600e-05    5.0143654E+04    338.52    338.52    0.1896608541810298    0.00000e+00    0.00000e+00    7.46879771E+10
    -2.54343365475314e-04    7.27641194495403e-04    1.01291472743883e-04    4.7626983E+04    332.28    332.28    0.1844754884623840    0.00000e+00    0.00000e+00    7.47382044E+10
    -2.59335196213353e-04    7.40145024144899e-04    1.03284570875745e-04    4.5288580E+04    326.31    326.31    0.1834000879709673    0.00000e+00    0.00000e+00    7.47884317E+10
    -2.64303048066725e-04    7.52580592028094e-04    1.05258615829939e-04    4.3114807E+04    320.60    320.60    0.1818475460050546    0.00000e+00    0.00000e+00    7.48386590E+10
    -2.69246775591325e-04    7.64947946626358e-04    1.07214582081965e-04    4.1094926E+04    315.17    315.17    0.1775964271051913    0.00000e+00    0.00000e+00    7.48888863E+10
    -2.74166567864488e-04    7.77247815160212e-04    1.09153303511354e-04    3.9220906E+04    310.01    310.01    0.1755741672692094    0.00000e+00    0.00000e+00    7.49391135E+10
    -2.79063064840274e-04    7.89481603589330e-04    1.11075507338628e-04    3.7486717E+04    305.15    305.15    0.1739670090998187    0.00000e+00    0.00000e+00    7.49893408E+10
    -2.83937430071517e-04    8.01651396612541e-04    1.12981862606666e-04    3.5887848E+04    300.62    300.62    0.1734059801192971    0.00000e+00    0.00000e+00    7.50395681E+10
    -2.88791355557965e-04    8.13760297037405e-04    1.14873057750896e-04    3.4420432E+04    296.44    296.44    0.1695232055100740    0.00000e+00    0.00000e+00    7.50897954E+10
    -2.93626998720498e-04    8.25812522742948e-04    1.16749844232523e-04    3.3080555E+04    292.64    292.64    0.1650222202665507    0.00000e+00    0.00000e+00    7.51400227E+10
    -2.98447142389646e-04    8.37813746049238e-04    1.18613133501268e-04    3.1863940E+04    289.23    289.23    0.1641832444132465    0.00000e+00    0.00000e+00    7.51902500E+10
    -3.03255262679503e-04    8.49771239161491e-04    1.20463963058408e-04    3.0765545E+04    286.23    286.23    0.1616205341129376    0.00000e+00    0.00000e+00    7.52404773E+10
    -3.08055175073738e-04    8.61693389356392e-04    1.22303457671685e-04    2.9780003E+04    283.63    283.63    0.1589141571612535    0.00000e+00    0.00000e+00    7.52907046E+10
    -3.12850908374043e-04    8.73589020242936e-04    1.24132902097352e-04    2.8901823E+04    281.46    281.46    0.1536772597686043    0.00000e+00    0.00000e+00    7.53409319E+10
    -3.17646568952295e-04    8.85467440243801e-04    1.25953896220557e-04    2.8124019E+04    279.68    279.68    0.1547913445696544    0.00000e+00    0.00000e+00    7.53911591E+10
    -3.22446316509879e-04    8.97337812337559e-04    1.27768030230174e-04    2.7438207E+04    278.28    278.28    0.1547982061820570    0.00000e+00    0.00000e+00    7.54413864E+10
    -3.27254271963084e-04    9.09208766207735e-04    1.29576840985573e-04    2.6835248E+04    277.21    277.21    0.1539866776571976    0.00000e+00    0.00000e+00    7.54916137E+10
    -3.32074444721052e-04    9.21088446724171e-04    1.31381748990839e-04    2.6305668E+04    276.41    276.41    0.1514323310461381    0.00000e+00    0.00000e+00    7.55418410E+10
    -3.36910684204413e-04    9.32984126092083e-04    1.33184024457816e-04    2.5839570E+04    275.83    275.83    0.1496810473520539    0.00000e+00    0.00000e+00    7.55920683E+10
    -3.41766626515775e-04    9.44902543221639e-04    1.34984855180024e-04    2.5426864E+04    275.38    275.38    0.1480856653607537    0.00000e+00    0.00000e+00    7.56422956E+10
    -3.46645597476989e-04    9.56849515877013e-04    1.36785385317749e-04    2.5057864E+04    275.06    275.06    0.1456055943002844    0.00000e+00    0.00000e+00    7.56925229E+10
    -3.51550486577595e-04    9.68830134601855e-04    1.38586662068544e-04    2.4723398E+04    274.77    274.77    0.1426239927639565    0.00000e+00    0.00000e+00    7.57427502E+10
    -3.56483591834441e-04    9.80848374868352e-04    1.40389616274675e-04    2.4415013E+04    274.45    274.45    0.1405022049784359    0.00000e+00    0.00000e+00    7.57929774E+10
    -3.61446610095412e-04    9.92907097077222e-04    1.42195009093622e-04    2.4125177E+04    274.03    274.03    0.1380668936109680    0.00000e+00    0.00000e+00    7.58432047E+10
    -3.66440593406196e-04    1.00500819200182e-03    1.44003388364844e-04    2.3847476E+04    273.50    273.50    0.1366327217956838    0.00000e+00    0.00000e+00    7.58934320E+10
    -3.71466065365567e-04    1.01715238686267e-03    1.45815141939288e-04    2.3576560E+04    272.81    272.81    0.1322599146826878    0.00000e+00    0.00000e+00    7.59436593E+10
    -3.76523147176947e-04    1.02933968165977e-03    1.47630483134971e-04    2.3308062E+04    271.97    271.97    0.1323096759058216    0.00000e+00    0.00000e+00    7.59938866E+10
    -3.81611538255853e-04    1.04156939765397e-03    1.49449523459041e-04    2.3038513E+04    270.95    270.95    0.1321489835162463    0.00000e+00    0.00000e+00    7.60441139E+10
    -3.86730588951953e-04    1.05384032281106e-03    1.51272316241003e-04    2.2765308E+04    269.77    269.77    0.1306627945197233    0.00000e+00    0.00000e+00    7.60943412E+10
    -3.91879382967388e-04    1.06615076028316e-03    1.53098929354772e-04    2.2486574E+04    268.43    268.43    0.1322527093962540    0.00000e+00    0.00000e+00    7.61445685E+10
    -3.97056848863924e-04    1.07849872233418e-03    1.54929401585443e-04    2.2201042E+04    266.95    266.95    0.1301750129380300    0.00000e+00    0.00000e+00    7.61947957E+10
    -4.02261682492759e-04    1.09088222122802e-03    1.56763737781152e-04    2.1907966E+04    265.33    265.33    0.1264827651011454    0.00000e+00    0.00000e+00    7.62450230E+10
    -4.07492346994524e-04    1.10329897834039e-03    1.58601933093763e-04    2.1607170E+04    263.59    263.59    0.1183127826330142    0.00000e+00    0.00000e+00    7.62952503E+10
    -4.12747097039966e-04    1.11574676352835e-03    1.60443972978865e-04    2.1298834E+04    261.74    261.74    0.1175265950759348    0.00000e+00    0.00000e+00    7.63454776E+10
    -4.18024027311318e-04    1.12822324968623e-03    1.62289857436458e-04    2.0983393E+04    259.79    259.79    0.1162086735215130    0.00000e+00    0.00000e+00    7.63957049E+10
    -4.23321227642678e-04    1.14072606122700e-03    1.64139644644185e-04    2.0661415E+04    257.77    257.77    0.1140737015300931    0.00000e+00    0.00000e+00    7.64459322E+10
    -4.28636647272174e-04    1.15325296800771e-03    1.65993339450181e-04    2.0333573E+04    255.67    255.67    0.1126215824570924    0.00000e+00    0.00000e+00    7.64961595E+10
    -4.33968109386378e-04    1.16580164292271e-03    1.67850893373078e-04    2.0000589E+04    253.51    253.51    0.1110692000434634    0.00000e+00    0.00000e+00    7.65463868E+10
    -4.39313393538630e-04    1.17836971038496e-03    1.69712219146415e-04    1.9663233E+04    251.31    251.31    0.1102343918190230    0.00000e+00    0.00000e+00    7.65966140E+10
    -4.44670293826682e-04    1.19095484328877e-03    1.71577219807454e-04    1.9322257E+04    249.07    249.07    0.1092194630809853    0.00000e+00    0.00000e+00    7.66468413E+10
    -4.50036667374063e-04    1.20355476300987e-03    1.73445798393460e-04    1.8978339E+04    246.79    246.79    0.1083335076496976    0.00000e+00    0.00000e+00    7.66970686E+10
    -4.55410526444680e-04    1.21616753029351e-03    1.75317896726791e-04    1.8632101E+04    244.48    244.48    0.1071472284561186    0.00000e+00    0.00000e+00    7.67472959E+10
    -4.60790048139092e-04    1.22879135132908e-03    1.77193422692847e-04    1.8284070E+04    242.14    242.14    0.1058531624886981    0.00000e+00    0.00000e+00    7.67975232E+10
    -4.66173438646679e-04    1.24142467471280e-03    1.79072289025166e-04    1.7934758E+04    239.78    239.78    0.1048153911321039    0.00000e+00    0.00000e+00    7.68477505E+10
    -4.71558933245643e-04    1.25406594904089e-03    1.80954418153559e-04    1.7584629E+04    237.39    237.39    0.1039638207731308    0.00000e+00    0.00000e+00    7.68979778E+10
    -4.76944786606731e-04    1.26671362290957e-03    1.82839834318710e-04    1.7234105E+04    234.98    234.98    0.1030379810954603    0.00000e+00    0.00000e+00    7.69482051E+10
    -4.82329292185785e-04    1.27936614491506e-03    1.84728561761303e-04    1.6883593E+04    232.55    232.55    0.1014169701016656    0.00000e+00    0.00000e+00    7.69984324E+10
    -4.87710830705110e-04    1.29202206061632e-03    1.86620639266433e-04    1.6533477E+04    230.12    230.12    0.0998871318079083    0.00000e+00    0.00000e+00    7.70486596E+10
    -4.93087802279560e-04    1.30467972164683e-03    1.88516061985962e-04    1.6184100E+04    227.67    227.67    0.0987936573346653    0.00000e+00    0.00000e+00    7.70988869E+10
    -4.98458907608468e-04    1.31733767356556e-03    1.90414815375480e-04    1.5835808E+04    225.22    225.22    0.0977496840106722    0.00000e+00    0.00000e+00    7.71491142E+10
    -5.03822886176264e-04    1.32999436496871e-03    1.92316880042440e-04    1.5488976E+04    222.77    222.77    0.0969307917728219    0.00000e+00    0.00000e+00    7.71993415E+10
    -5.09178671392849e-04    1.34264843837798e-03    1.94222222049885e-04    1.5143999E+04    220.32    220.32    0.0961561402087625    0.00000e+00    0.00000e+00    7.72495688E+10
    -5.14525342112230e-04    1.35529863327780e-03    1.96130812308993e-04    1.4801313E+04    217.87    217.87    0.0952133931754420    0.00000e+00    0.00000e+00    7.72997961E+10
    -5.19862122632515e-04    1.36794393155944e-03    1.98042626579080e-04    1.4461366E+04    215.44    215.44    0.0943544309612725    0.00000e+00    0.00000e+00    7.73500234E+10
    -5.25188334214553e-04    1.38058331511418e-03    1.99957626075052e-04    1.4124600E+04    213.02    213.02    0.0934354787292030    0.00000e+00    0.00000e+00    7.74002507E+10
    -5.30503298119188e-04    1.39321591127738e-03    2.01875772011815e-04    1.3791472E+04    210.62    210.62    0.0930425539466603    0.00000e+00    0.00000e+00    7.74504779E+10
    -5.35806529532741e-04    1.40584099282852e-03    2.03797001363589e-04    1.3462442E+04    208.24    208.24    0.0922824867654791    0.00000e+00    0.00000e+00    7.75007052E+10
    -5.41097495160162e-04    1.41845783254708e-03    2.05721236560187e-04    1.3137959E+04    205.88    205.88    0.0911764856753181    0.00000e+00    0.00000e+00    7.75509325E+10
    -5.46375613225034e-04    1.43106575169391e-03    2.07648337005640e-04    1.2818456E+04    203.54    203.54    0.0901967520037079    0.00000e+00    0.00000e+00    7.76011598E+10
    -5.51640350432306e-04    1.44366426545533e-03    2.09578142711433e-04    1.2504351E+04    201.24    201.24    0.0889064709100407    0.00000e+00    0.00000e+00    7.76513871E+10
    -5.56891221968299e-04    1.45625279205491e-03    2.11510483992778e-04    1.2196036E+04    198.96    198.96    0.0881019537276869    0.00000e+00    0.00000e+00    7.77016144E+10
    -5.62127936944804e-04    1.46883089516036e-03    2.13445196013024e-04    1.1893889E+04    196.72    196.72    0.0874026824933211    0.00000e+00    0.00000e+00    7.77518417E+10
    -5.67350252954980e-04    1.48139828388345e-03    2.15382109087383e-04    1.1598255E+04    194.51    194.51    0.0866836253734439    0.00000e+00    0.00000e+00    7.78020690E+10
    -5.72558073036090e-04    1.49395471581734e-03    2.17321072923612e-04    1.1309456E+04    192.34    192.34    0.0860527816090056    0.00000e+00    0.00000e+00    7.78522962E+10
    -5.77751251744031e-04    1.50650009399931e-03    2.19261946925745e-04    1.1027791E+04    190.21    190.21    0.0854857933820469    0.00000e+00    0.00000e+00    7.79025235E+10
    -5.82929886041539e-04    1.51903436994798e-03    2.21204585649678e-04    1.0753521E+04    188.12    188.12    0.0844233402531644    0.00000e+00    0.00000e+00    7.79527508E+10
    -5.88093975928613e-04    1.53155768910746e-03    2.23148863043852e-04    1.0486851E+04    186.07    186.07    0.0840122473068676    0.00000e+00    0.00000e+00    7.80029781E+10
    -5.93243618367991e-04    1.54407014844048e-03    2.25094628816028e-04    1.0227958E+04    184.07    184.07    0.0834668362353644    0.00000e+00    0.00000e+00    7.80532054E+10
    -5.98378813359671e-04    1.55657189339114e-03    2.27041756914647e-04    9.9769617E+03    182.11    182.11    0.0826715488909648    0.00000e+00    0.00000e+00    7.81034327E+10
    -6.03499803310495e-04    1.56906311788493e-03    2.28990111591880e-04    9.7339363E+03    180.20    180.20    0.0818984535393632    0.00000e+00    0.00000e+00    7.81536600E+10
    -6.08606733664567e-04    1.58154411281005e-03    2.30939547403621e-04    9.4989185E+03    178.34    178.34    0.0811388816225455    0.00000e+00    0.00000e+00    7.82038873E+10
    -6.13699846828727e-04    1.59401507209196e-03    2.32889938298314e-04    9.2719013E+03    176.53    176.53    0.0805152633944539    0.00000e+00    0.00000e+00    7.82541145E+10
    -6.18779385209816e-04    1.60647638358163e-03    2.34841163072539e-04    9.0528619E+03    174.76    174.76    0.0797697130507728    0.00000e+00    0.00000e+00    7.83043418E+10
    -6.23845736658778e-04    1.61892838664861e-03    2.36793105371012e-04    8.8417576E+03    173.04    173.04    0.0788813748883773    0.00000e+00    0.00000e+00    7.83545691E+10
    -6.28899289026560e-04    1.63137166306934e-03    2.38745668230996e-04    8.6385264E+03    171.38    171.38    0.0789069628433984    0.00000e+00    0.00000e+00    7.84047964E+10
    -6.33940430164105e-04    1.64380664917611e-03    2.40698759537893e-04    8.4430766E+03    169.76    169.76    0.0778548364257572    0.00000e+00    0.00000e+00    7.84550237E+10
    -6.38969644885095e-04    1.65623407218947e-03    2.42652301721514e-04    8.2552892E+03    168.21    168.21    0.0772110520977431    0.00000e+00    0.00000e+00    7.85052510E+10
    -6.43987369521842e-04    1.66865456236718e-03    2.44606222059805e-04    8.0750120E+03    166.70    166.70    0.0764917505780746    0.00000e+00    0.00000e+00    7.85554783E+10
    -6.48994040406660e-04    1.68106874996704e-03    2.46560457526990e-04    7.9020702E+03    165.25    165.25    0.0761525750205202    0.00000e+00    0.00000e+00    7.86057056E+10
    -6.53990190834598e-04    1.69347741069093e-03    2.48514940249152e-04    7.7362686E+03    163.85    163.85    0.0757303140773688    0.00000e+00    0.00000e+00    7.86559329E+10
    -6.58976257137969e-04    1.70588122327802e-03    2.50469607200512e-04    7.5773994E+03    162.51    162.51    0.0750094846974961    0.00000e+00    0.00000e+00    7.87061601E+10
    -6.63952772611822e-04    1.71828091494881e-03    2.52424390507156e-04    7.4252479E+03    161.22    161.22    0.0745704891366778    0.00000e+00    0.00000e+00    7.87563874E+10
    -6.68920222069839e-04    1.73067711596110e-03    2.54379227143305e-04    7.2795815E+03    159.97    159.97    0.0739968754873011    0.00000e+00    0.00000e+00    7.88066147E+10
    -6.73879235769804e-04    1.74307055353541e-03    2.56334068627591e-04    7.1401584E+03    158.78    158.78    0.0733075773529701    0.00000e+00    0.00000e+00    7.88568420E+10
    -6.78830347006767e-04    1.75546205185499e-03    2.58288876174919e-04    7.0067338E+03    157.64    157.64    0.0727326651467142    0.00000e+00    0.00000e+00    7.89070693E+10
    -6.83774186038513e-04    1.76785238662174e-03    2.60243620696469e-04    6.8790526E+03    156.55    156.55    0.0721747502307879    0.00000e+00    0.00000e+00    7.89572966E+10
    -6.88711334641460e-04    1.78024233353754e-03    2.62198277951556e-04    6.7568602E+03    155.49    155.49    0.0715856907098273    0.00000e+00    0.00000e+00    7.90075239E+10
    -6.93642374592026e-04    1.79263266830429e-03    2.64152833395770e-04    6.6399032E+03    154.49    154.49    0.0712956956021921    0.00000e+00    0.00000e+00    7.90577512E+10
    -6.98567887666626e-04    1.80502421510524e-03    2.66107272484700e-04    6.5279300E+03    153.53    153.53    0.0707714510422914    0.00000e+00    0.00000e+00    7.91079784E+10
    -7.03488407160311e-04    1.81741770116092e-03    2.68061575825800e-04    6.4206926E+03    152.60    152.60    0.0701871345203734    0.00000e+00    0.00000e+00    7.91582057E+10
    -7.08404466368130e-04    1.82981380521047e-03    2.70015719178385e-04    6.3179455E+03    151.71    151.71    0.0697688828825716    0.00000e+00    0.00000e+00    7.92084330E+10
    -7.13316598585132e-04    1.84221315751169e-03    2.71969678301771e-04    6.2194522E+03    150.86    150.86    0.0693242319692856    0.00000e+00    0.00000e+00    7.92586603E+10
    -7.18225288624998e-04    1.85461643680372e-03    2.73923419259001e-04    6.1249824E+03    150.04    150.04    0.0688886744083268    0.00000e+00    0.00000e+00    7.93088876E+10
    -7.23131021301409e-04    1.86702412790025e-03    2.75876912961253e-04    6.0343140E+03    149.26    149.26    0.0682213511861905    0.00000e+00    0.00000e+00    7.93591149E+10
    -7.28034378390782e-04    1.87943681257770e-03    2.77830125471571e-04    5.9472315E+03    148.50    148.50    0.0676810404030600    0.00000e+00    0.00000e+00    7.94093422E+10
    -7.32935796225432e-04    1.89185502413111e-03    2.79783032549269e-04    5.8635268E+03    147.76    147.76    0.0671910118940577    0.00000e+00    0.00000e+00    7.94595695E+10
    -7.37835856581774e-04    1.90427919889280e-03    2.81735609953664e-04    5.7829986E+03    147.05    147.05    0.0669715974175997    0.00000e+00    0.00000e+00    7.95097967E+10
    -7.42734947310754e-04    1.91670991863919e-03    2.83687838292209e-04    5.7054564E+03    146.37    146.37    0.0665243342076012    0.00000e+00    0.00000e+00    7.95600240E+10
    -7.47633553226053e-04    1.92914757122121e-03    2.85639688476082e-04    5.6307157E+03    145.70    145.70    0.0660832354935574    0.00000e+00    0.00000e+00    7.96102513E+10
    -7.52532062178616e-04    1.94159259297119e-03    2.87591141112737e-04    5.5586015E+03    145.05    145.05    0.0656571081683916    0.00000e+00    0.00000e+00    7.96604786E+10
    -7.57430910500755e-04    1.95404532325870e-03    2.89542157417079e-04    5.4889488E+03    144.42    144.42    0.0651283156507174    0.00000e+00    0.00000e+00    7.97107059E+10
    -7.62330486043416e-04    1.96650600449057e-03    2.91492703452150e-04    5.4216021E+03    143.81    143.81    0.0647329680095348    0.00000e+00    0.00000e+00    7.97609332E+10
    -7.67231079694807e-04    1.97897497603640e-03    2.93442740432856e-04    5.3564111E+03    143.20    143.20    0.0643216512459300    0.00000e+00    0.00000e+00    7.98111605E+10
    -7.72133030824506e-04    1.99145238334027e-03    2.95392224725965e-04    5.2932402E+03    142.62    142.62    0.0639989712321369    0.00000e+00    0.00000e+00    7.98613878E+10
    -7.77036678802088e-04    2.00393832336494e-03    2.97341112698247e-04    5.2319588E+03    142.04    142.04    0.0634132299069828    0.00000e+00    0.00000e+00    7.99116151E+10
    -7.81942314515763e-04    2.01643303851723e-03    2.99289370412744e-04    5.1724453E+03    141.47    141.47    0.0628623773760409    0.00000e+00    0.00000e+00    7.99618423E+10
    -7.86850277335108e-04    2.02893657727852e-03    3.01236959084360e-04    5.1145862E+03    140.90    140.90    0.0625953377497393    0.00000e+00    0.00000e+00    8.00120696E+10
    -7.91760858148330e-04    2.04144908509290e-03    3.03183844776139e-04    5.0582738E+03    140.35    140.35    0.0621668104628440    0.00000e+00    0.00000e+00    8.00622969E+10
    -7.96674299362271e-04    2.05397061044176e-03    3.05130003247396e-04    5.0034098E+03    139.80    139.80    0.0617422479776296    0.00000e+00    0.00000e+00    8.01125242E+10
    -8.01590891865139e-04    2.06650125028782e-03    3.07075400561174e-04    4.9498994E+03    139.26    139.26    0.0614508895609627    0.00000e+00    0.00000e+00    8.01627515E+10
    -8.06510781101038e-04    2.07904095614972e-03    3.09020002780514e-04    4.8976554E+03    138.72    138.72    0.0610755956476937    0.00000e+00    0.00000e+00    8.02129788E+10
    -8.11434257958178e-04    2.09158977650882e-03    3.10963780816597e-04    4.8466003E+03    138.19    138.19    0.0606589743545136    0.00000e+00    0.00000e+00    8.02632061E+10
    -8.16361419399294e-04    2.10414766288376e-03    3.12906686188054e-04    4.7966574E+03    137.65    137.65    0.0603028581318182    0.00000e+00    0.00000e+00    8.03134334E+10
    -8.21292459349859e-04    2.11671451831180e-03    3.14848684957928e-04    4.7477597E+03    137.13    137.13    0.0599402942454188    0.00000e+00    0.00000e+00    8.03636606E+10
