    -2.79264480684091e-05    -4.52839094072622e-05    -1.16900921871830e-05    8.6940195E+06    586.46    586.46    1.3416887522628624    0.00000e+00    0.00000e+00    7.55418410E+10
    -2.79917112620917e-05    -6.40960435303835e-05    -1.71172250091487e-05    3.5936872E+06    450.08    450.08    0.9579492384625088    0.00000e+00    0.00000e+00    7.55920683E+10
    -2.77794496514146e-05    -8.11069532625879e-05    -2.14408540189936e-05    3.2511097E+06    685.81    685.81    0.7554237813336891    0.00000e+00    0.00000e+00    7.56422956E+10
    -2.74458357826601e-05    -9.54295614367664e-05    -2.33122605232015e-05    3.0618275E+06    733.20    733.20    0.7072409779113019    0.00000e+00    0.00000e+00    7.56925229E+10
    -2.70685702596858e-05    -1.07696375373842e-04    -2.34196448143126e-05    2.4203670E+06    664.38    664.38    0.6680570930123367    0.00000e+00    0.00000e+00    7.57427502E+10
    -2.66748108904665e-05    -1.18332154884244e-04    -2.23599710678463e-05    1.8425062E+06    590.86    590.86    0.6393023579250293    0.00000e+00    0.00000e+00    7.57929774E+10
    -2.61793109461979e-05    -1.27514230268113e-04    -2.05397531313447e-05    1.4324033E+06    531.76    531.76    0.6068494547781946    0.00000e+00    0.00000e+00    7.58432047E+10
    -2.54661199628375e-05    -1.35437899020610e-04    -1.82404718888051e-05    1.1490417E+06    485.45    485.45    0.5739615577723304    0.00000e+00    0.00000e+00    7.58934320E+10
    -2.45165095878841e-05    -1.42361780151787e-04    -1.56811142862891e-05    9.6186375E+05    453.18    453.18    0.5352870390171642    0.00000e+00    0.00000e+00    7.59436593E+10
    -2.33866799080655e-05    -1.48504059210689e-04    -1.30798862350178e-05    8.5005782E+05    437.32    437.32    0.5153578847413809    0.00000e+00    0.00000e+00    7.59938866E+10
    -2.21093859053049e-05    -1.54200755711556e-04    -1.07632496323219e-05    8.3165174E+05    533.19    533.19    0.4856348491047170    0.00000e+00    0.00000e+00    7.60441139E+10
    -2.04568533855707e-05    -1.61419127217049e-04    -9.64013268273192e-06    1.0102499E+06    1344.38    1344.38    0.4445905816998862    0.00000e+00    0.00000e+00    7.60943412E+10
    -1.82898462837167e-05    -1.72262566971481e-04    -1.05439548295729e-05    1.1836124E+06    1913.45    1913.45    0.4130710116915799    0.00000e+00    0.00000e+00    7.61445685E+10
    -1.60343461406498e-05    -1.85407514232876e-04    -1.24609677567628e-05    1.2818156E+06    2016.78    2016.78    0.3935037971055453    0.00000e+00    0.00000e+00    7.61947957E+10
    -1.40109078838101e-05    -1.99826217326788e-04    -1.42906739818175e-05    1.2605717E+06    1908.79    1908.79    0.3821380279399663    0.00000e+00    0.00000e+00    7.62450230E+10
    -1.22856324649212e-05    -2.14883628508603e-04    -1.57751458389950e-05    1.1358267E+06    1753.11    1753.11    0.3660097170435170    0.00000e+00    0.00000e+00    7.62952503E+10
    -1.07266951655799e-05    -2.30141738009987e-04    -1.73209597168024e-05    1.0188791E+06    1639.06    1639.06    0.3524206868893376    0.00000e+00    0.00000e+00    7.63454776E+10
    -9.19182159330048e-06    -2.45420505422323e-04    -1.94771685635370e-05    9.2032557E+05    1532.43    1532.43    0.3414774025685910    0.00000e+00    0.00000e+00    7.63957049E+10
    -7.69279999273913e-06    -2.60575553231377e-04    -2.24460434343495e-05    8.1530094E+05    1415.74    1415.74    0.3307024536878310    0.00000e+00    0.00000e+00    7.64459322E+10
    -6.25062037221946e-06    -2.75508158827265e-04    -2.60846510749613e-05    7.1205896E+05    1309.81    1309.81    0.3226792724407582    0.00000e+00    0.00000e+00    7.64961595E+10
    -4.83036562624471e-06    -2.90150782816070e-04    -3.01178228755030e-05    6.2331680E+05    1221.95    1221.95    0.3167673214427549    0.00000e+00    0.00000e+00    7.65463868E+10
    -3.37083830562485e-06    -3.04522715934164e-04    -3.43620946731419e-05    5.4789194E+05    1147.14    1147.14    0.3146536598136629    0.00000e+00    0.00000e+00    7.65966140E+10
    -1.83065214502785e-06    -3.18704369378697e-04    -3.87369282495446e-05    4.8195686E+05    1080.48    1080.48    0.3093177022504022    0.00000e+00    0.00000e+00    7.66468413E+10
    -2.07528374708386e-07    -3.32769551184480e-04    -4.32040213846488e-05    4.2362482E+05    1019.99    1019.99    0.3064804100339706    0.00000e+00    0.00000e+00    7.66970686E+10
    1.46705759215896e-06    -3.46766587579246e-04    -4.77332273941357e-05    3.7321156E+05    966.42    966.42    0.3010523290631495    0.00000e+00    0.00000e+00    7.67472959E+10
    3.14505989559298e-06    -3.60721401550525e-04    -5.22870973300217e-05    3.3115065E+05    920.33    920.33    0.2979025212088321    0.00000e+00    0.00000e+00    7.67975232E+10
    4.78313255639988e-06    -3.74635786908935e-04    -5.68220832882148e-05    2.9663820E+05    880.46    880.46    0.2969278219754571    0.00000e+00    0.00000e+00    7.68477505E+10
    6.35470065809374e-06    -3.88499838910973e-04    -6.12987994900753e-05    2.6820613E+05    845.29    845.29    0.3046708157140659    0.00000e+00    0.00000e+00    7.68979778E+10
    7.84791952370589e-06    -4.02303972790163e-04    -6.56867123699670e-05    2.4438746E+05    813.31    813.31    0.2973221398712885    0.00000e+00    0.00000e+00    7.69482051E+10
    9.25867546067076e-06    -4.16043723412501e-04    -6.99648246473611e-05    2.2390084E+05    783.61    783.61    0.2975730610248742    0.00000e+00    0.00000e+00    7.69984324E+10
    1.05860502318763e-05    -4.29720002227708e-04    -7.41255635325585e-05    2.0574807E+05    755.79    755.79    0.2899452385459111    0.00000e+00    0.00000e+00    7.70486596E+10
    1.18261827811662e-05    -4.43336998025989e-04    -7.81715518675740e-05    1.8924612E+05    729.24    729.24    0.2834978831149250    0.00000e+00    0.00000e+00    7.70988869E+10
    1.29754762758403e-05    -4.56899471677693e-04    -8.21135331235812e-05    1.7403415E+05    704.00    704.00    0.2771547398928485    0.00000e+00    0.00000e+00    7.71491142E+10
    1.40341256109984e-05    -4.70410739308398e-04    -8.59681461061156e-05    1.5998203E+05    679.94    679.94    0.2715589492054110    0.00000e+00    0.00000e+00    7.71993415E+10
    1.50039061743407e-05    -4.83871469960984e-04    -8.97526598784983e-05    1.4705637E+05    656.96    656.96    0.2669050510868531    0.00000e+00    0.00000e+00    7.72495688E+10
    1.58878281740132e-05    -4.97279889217378e-04    -9.34820988167071e-05    1.3524860E+05    635.20    635.20    0.2605072211823586    0.00000e+00    0.00000e+00    7.72997961E+10
    1.66904580700784e-05    -5.10632142808816e-04    -9.71684572112124e-05    1.2454511E+05    614.73    614.73    0.2543896835372534    0.00000e+00    0.00000e+00    7.73500234E+10
    1.74183461801816e-05    -5.23923455320538e-04    -1.00820253238391e-04    1.1490598E+05    595.61    595.61    0.2496751973640948    0.00000e+00    0.00000e+00    7.74002507E+10
    1.80800087414452e-05    -5.37149269503942e-04    -1.04442819848736e-04    1.0627380E+05    577.89    577.89    0.2453056128910514    0.00000e+00    0.00000e+00    7.74504779E+10
    1.86854343701412e-05    -5.50306191663261e-04    -1.08038707162210e-04    9.8574222E+04    561.46    561.46    0.2398285850351433    0.00000e+00    0.00000e+00    7.75007052E+10
    1.92453898084995e-05    -5.63392670394714e-04    -1.11608332118578e-04    9.1720206E+04    546.21    546.21    0.2345549476839186    0.00000e+00    0.00000e+00    7.75509325E+10
    1.97712124244531e-05    -5.76409190511984e-04    -1.15150366328353e-04    8.5620826E+04    532.06    532.06    0.2312395522499024    0.00000e+00    0.00000e+00    7.76011598E+10
    2.02740500237852e-05    -5.89357933676634e-04    -1.18662119075607e-04    8.0184273E+04    518.92    518.92    0.2273331984963297    0.00000e+00    0.00000e+00    7.76513871E+10
    2.07635445809859e-05    -6.02242051177592e-04    -1.22140414830728e-04    7.5317863E+04    506.66    506.66    0.2231334330604930    0.00000e+00    0.00000e+00    7.77016144E+10
    2.12470783539773e-05    -6.15065760893885e-04    -1.25582257445165e-04    7.0934496E+04    495.11    495.11    0.2180646773109135    0.00000e+00    0.00000e+00    7.77518417E+10
    2.17299023597396e-05    -6.27833620074113e-04    -1.28984301704521e-04    6.6958247E+04    484.17    484.17    0.2152926347038028    0.00000e+00    0.00000e+00    7.78020690E+10
    2.22155382848522e-05    -6.40550282929616e-04    -1.32343221786942e-04    6.3325412E+04    473.72    473.72    0.2119919441546954    0.00000e+00    0.00000e+00    7.78522962E+10
    2.27062196659443e-05    -6.53220403671733e-04    -1.35656040936426e-04    5.9984950E+04    463.70    463.70    0.2077469991401521    0.00000e+00    0.00000e+00    7.79025235E+10
    2.32033335549572e-05    -6.65848394104961e-04    -1.38920354477115e-04    5.6898179E+04    454.08    454.08    0.2027662314715911    0.00000e+00    0.00000e+00    7.79527508E+10
    2.37076474119483e-05    -6.78438859959271e-04    -1.42134780690018e-04    5.4036625E+04    444.85    444.85    0.1985414933645374    0.00000e+00    0.00000e+00    7.80029781E+10
    2.42194778202514e-05    -6.90996552408738e-04    -1.45299145042209e-04    5.1380663E+04    436.01    436.01    0.1953584709079178    0.00000e+00    0.00000e+00    7.80532054E+10
    2.47386972738682e-05    -7.03526707441119e-04    -1.48414504427514e-04    4.8917165E+04    427.56    427.56    0.1916345427523234    0.00000e+00    0.00000e+00    7.81034327E+10
    2.52648534416344e-05    -7.16034803451009e-04    -1.51483030811224e-04    4.6637653E+04    419.56    419.56    0.1887129485913869    0.00000e+00    0.00000e+00    7.81536600E+10
    2.57972375259481e-05    -7.28526173388900e-04    -1.54507856089718e-04    4.4536533E+04    412.07    412.07    0.1868558104339911    0.00000e+00    0.00000e+00    7.82038873E+10
    2.63347068209629e-05    -7.41005907798445e-04    -1.57493135116245e-04    4.2609126E+04    405.13    405.13    0.1843193825708558    0.00000e+00    0.00000e+00    7.82541145E+10
    2.68759164535275e-05    -7.53478951779191e-04    -1.60444002067686e-04    4.0850997E+04    398.75    398.75    0.1828364703863169    0.00000e+00    0.00000e+00    7.83043418E+10
    2.74196548742528e-05    -7.65950347393420e-04    -1.63366546203877e-04    3.9258455E+04    392.93    392.93    0.1795651465153332    0.00000e+00    0.00000e+00    7.83545691E+10
    2.79651202013102e-05    -7.78425136703418e-04    -1.66267768234373e-04    3.7825952E+04    387.70    387.70    0.1770007436751216    0.00000e+00    0.00000e+00    7.84047964E+10
    2.85118697998088e-05    -7.90908022401890e-04    -1.69155134289862e-04    3.6543926E+04    383.03    383.03    0.1739565374009969    0.00000e+00    0.00000e+00    7.84550237E+10
    2.90597417419792e-05    -8.03403464774703e-04    -1.72036139589856e-04    3.5399551E+04    378.94    378.94    0.1704158323859428    0.00000e+00    0.00000e+00    7.85052510E+10
    2.96088819567394e-05    -8.15915439294042e-04    -1.74918124213485e-04    3.4377929E+04    375.37    375.37    0.1679802027142578    0.00000e+00    0.00000e+00    7.85554783E+10
    3.01596816887300e-05    -8.28447727506619e-04    -1.77808151896084e-04    3.3462918E+04    372.25    372.25    0.1655467924951007    0.00000e+00    0.00000e+00    7.86057056E+10
    3.07125898754198e-05    -8.41003529182730e-04    -1.80712830648126e-04    3.2637850E+04    369.47    369.47    0.1628136008992108    0.00000e+00    0.00000e+00    7.86559329E+10
    3.12679594611686e-05    -8.53585462316253e-04    -1.83638007322605e-04    3.1886618E+04    366.94    366.94    0.1613224031471256    0.00000e+00    0.00000e+00    7.87061601E+10
    3.18260134602697e-05    -8.66195175273703e-04    -1.86588549448880e-04    3.1194317E+04    364.56    364.56    0.1581550357844443    0.00000e+00    0.00000e+00    7.87563874E+10
    3.23868779242801e-05    -8.78833055906026e-04    -1.89568291903168e-04    3.0547587E+04    362.26    362.26    0.1561598383933472    0.00000e+00    0.00000e+00    7.88066147E+10
    3.29506522400046e-05    -8.91498328511331e-04    -1.92580017515999e-04    2.9934950E+04    359.95    359.95    0.1546074760136078    0.00000e+00    0.00000e+00    7.88568420E+10
    3.35174842756158e-05    -9.04189053834895e-04    -1.95625447375941e-04    2.9346858E+04    357.60    357.60    0.1526342752597444    0.00000e+00    0.00000e+00    7.89070693E+10
    3.40876343760606e-05    -9.16902468438735e-04    -1.98705328096062e-04    2.8775611E+04    355.16    355.16    0.1515919888623462    0.00000e+00    0.00000e+00    7.89572966E+10
    3.46615349951424e-05    -9.29635324071187e-04    -2.01819606346858e-04    2.8215330E+04    352.62    352.62    0.1504473655799243    0.00000e+00    0.00000e+00    7.90075239E+10
    3.52398134817646e-05    -9.42384130073748e-04    -2.04967569452218e-04    2.7661845E+04    349.97    349.97    0.1481070478957897    0.00000e+00    0.00000e+00    7.90577512E+10
    3.58232106312320e-05    -9.55145395787913e-04    -2.08148024770485e-04    2.7112290E+04    347.21    347.21    0.1459342535598738    0.00000e+00    0.00000e+00    7.91079784E+10
    3.64124657844083e-05    -9.67916163850228e-04    -2.11359576038259e-04    2.6564847E+04    344.35    344.35    0.1435692141305966    0.00000e+00    0.00000e+00    7.91582057E+10
    3.70083405835864e-05    -9.80693913229551e-04    -2.14600642762939e-04    2.6018508E+04    341.38    341.38    0.1415440016233575    0.00000e+00    0.00000e+00    7.92084330E+10
    3.76115438263682e-05    -9.93476510745685e-04    -2.17869455374589e-04    2.5472892E+04    338.31    338.31    0.1393390736872839    0.00000e+00    0.00000e+00    7.92586603E+10
    3.82225632353168e-05    -1.00626187169980e-03    -2.21164142492400e-04    2.4927978E+04    335.17    335.17    0.1371092446039073    0.00000e+00    0.00000e+00    7.93088876E+10
    3.88417556333015e-05    -1.01904815379991e-03    -2.24482609721269e-04    2.4384034E+04    331.96    331.96    0.1343181617667881    0.00000e+00    0.00000e+00    7.93591149E+10
    3.94693930007975e-05    -1.03183346627266e-03    -2.27822568740621e-04    2.3841601E+04    328.69    328.69    0.1323403715751615    0.00000e+00    0.00000e+00    7.94093422E+10
    4.01057827096786e-05    -1.04461611227016e-03    -2.31181706989198e-04    2.3301465E+04    325.38    325.38    0.1305500155775249    0.00000e+00    0.00000e+00    7.94595695E+10
    4.07513363667600e-05    -1.05739420101906e-03    -2.34557755538973e-04    2.2764502E+04    322.03    322.03    0.1301304171726143    0.00000e+00    0.00000e+00    7.95097967E+10
    4.14064568522107e-05    -1.07016622959695e-03    -2.37948392132412e-04    2.2231629E+04    318.67    318.67    0.1296911671335925    0.00000e+00    0.00000e+00    7.95600240E+10
    4.20715368651125e-05    -1.08293059811867e-03    -2.41351299360120e-04    2.1703736E+04    315.31    315.31    0.1281579821366962    0.00000e+00    0.00000e+00    7.96102513E+10
    4.27469332283346e-05    -1.09568609455003e-03    -2.44764184053385e-04    2.1181629E+04    311.96    311.96    0.1280201233905225    0.00000e+00    0.00000e+00    7.96604786E+10
    4.34329998558642e-05    -1.10843160381956e-03    -2.48184723954674e-04    2.0665973E+04    308.61    308.61    0.1263799173072536    0.00000e+00    0.00000e+00    7.97107059E+10
    4.41300659361909e-05    -1.12116625326263e-03    -2.51610606502730e-04    2.0157325E+04    305.27    305.27    0.1245646589740711    0.00000e+00    0.00000e+00    7.97609332E+10
    4.48383350910606e-05    -1.13388926717736e-03    -2.55039616099029e-04    1.9656125E+04    301.92    301.92    0.1225930641950846    0.00000e+00    0.00000e+00    7.98111605E+10
    4.55578364092943e-05    -1.14659986986185e-03    -2.58469682589152e-04    1.9162745E+04    298.58    298.58    0.1200849755035126    0.00000e+00    0.00000e+00    7.98613878E+10
    4.62884099023772e-05    -1.15929728561421e-03    -2.61898837629555e-04    1.8677524E+04    295.25    295.25    0.1184974833220547    0.00000e+00    0.00000e+00    7.99116151E+10
    4.70297292907018e-05    -1.17198044784435e-03    -2.65325214687566e-04    1.8200848E+04    291.94    291.94    0.1175236140169795    0.00000e+00    0.00000e+00    7.99618423E+10
    4.77813795737572e-05    -1.18464833844353e-03    -2.68747107219026e-04    1.7733126E+04    288.65    288.65    0.1158757953115960    0.00000e+00    0.00000e+00    8.00120696E+10
    4.85428909670864e-05    -1.19729993930303e-03    -2.72162973516430e-04    1.7274725E+04    285.36    285.36    0.1147290095102600    0.00000e+00    0.00000e+00    8.00622969E+10
    4.93137786570082e-05    -1.20993428079548e-03    -2.75571446405197e-04    1.6826007E+04    282.09    282.09    0.1146521118772221    0.00000e+00    0.00000e+00    8.01125242E+10
    5.00935335891576e-05    -1.22255068418173e-03    -2.78971338091808e-04    1.6387354E+04    278.85    278.85    0.1138914359446464    0.00000e+00    0.00000e+00    8.01627515E+10
    5.08816467091692e-05    -1.23514842224126e-03    -2.82361659556354e-04    1.5959105E+04    275.65    275.65    0.1129319163192574    0.00000e+00    0.00000e+00    8.02129788E+10
    5.16775847219940e-05    -1.24772705864175e-03    -2.85741586615578e-04    1.5541544E+04    272.49    272.49    0.1114126918495499    0.00000e+00    0.00000e+00    8.02632061E+10
    5.24807416105305e-05    -1.26028610856952e-03    -2.89110416289640e-04    1.5134917E+04    269.38    269.38    0.1110024039063472    0.00000e+00    0.00000e+00    8.03134334E+10
    5.32904095468043e-05    -1.27282523265501e-03    -2.92467561953988e-04    1.4739423E+04    266.32    266.32    0.1099108533259487    0.00000e+00    0.00000e+00    8.03636606E+10
