# Collapse Model Output 
 
# Orich/ev_output/ev_3993124.dat in GNUPLOT format produced by evolve_output.pl 
 
X                 Y                 Z                 R                 DENSITY           TEMP              AV                TIME              CO                N2                CH4               NH3               H2S               HCP               H2O               C2H2              HCN               CS                SiC2              HCl               HF                C2H4              SiO               SiS               SiN               SiC               OH                CN                SiOH+             HCO+              CH                CH2               CH3               NH                NH2               SO                SO2               HS                HCNH+             NH4+              H2CO              H2CS              CH3CN             SiC               SiN               C                 N                 H                 O                 S                 Si                Cl                F                 P                 C+                N+                H+                O+                S+                Si+               Cl+               P+              
#  (CM)              (CM)              (CM)              (CM)              (CM-3)            (K)               (MAG)             (YR)              (wrt              Hnuc)           
 
4.44029e+13  -8.51030e+13  -6.26393e+13  1.14620e+14  1.67600e+07  2.60100e+03  1.49000e+00  2.46200e+03  1.450e-04  2.007e-05  9.313e-12  1.575e-09  1.079e-09  1.987e-14  6.975e-05  2.601e-14  2.142e-08  1.608e-12  8.317e-15  4.590e-09  4.996e-09  9.815e-16  2.693e-06  3.583e-07  2.040e-11  4.723e-12  1.949e-06  1.213e-10  1.395e-09  2.091e-12  2.719e-12  1.936e-11  2.737e-11  1.128e-09  1.032e-09  2.338e-07  1.192e-05  8.319e-08  2.096e-12  5.597e-13  1.608e-12  3.391e-11  1.431e-13  4.723e-12  2.040e-11  1.883e-11  4.609e-09  6.048e-06  1.753e-07  4.237e-08  2.817e-08  4.101e-10  1.030e-12  1.789e-08  2.892e-17  7.076e-28  5.901e-19  1.001e-18  1.441e-11  3.465e-10  1.389e-16  1.202e-12
7.48277e+13  -1.13738e+14  -7.74505e+13  1.56634e+14  1.73700e+07  3.03900e+03  1.05900e+00  2.46400e+03  1.450e-04  2.007e-05  1.002e-11  1.610e-09  1.311e-09  1.986e-14  6.916e-05  2.653e-14  2.135e-08  2.606e-12  8.343e-15  4.607e-09  4.993e-09  1.000e-15  2.691e-06  3.581e-07  2.071e-11  4.789e-12  2.627e-06  1.466e-10  2.674e-09  1.163e-11  1.003e-11  4.492e-11  3.097e-11  1.428e-09  1.080e-09  2.724e-07  1.188e-05  9.557e-08  5.829e-12  1.017e-12  1.927e-12  3.377e-11  1.423e-13  4.789e-12  2.071e-11  1.317e-10  4.799e-09  5.839e-06  2.114e-07  3.658e-08  3.734e-08  3.932e-10  1.810e-12  1.788e-08  8.643e-16  2.367e-27  5.937e-18  7.848e-18  3.260e-11  8.866e-10  7.143e-16  3.966e-12
1.12627e+14  -1.39257e+14  -8.93304e+13  2.00143e+14  1.29100e+07  2.48100e+03  7.55800e-01  2.46500e+03  1.450e-04  2.007e-05  9.926e-12  1.580e-09  1.164e-09  2.003e-14  6.922e-05  3.083e-14  2.127e-08  1.012e-11  8.399e-15  4.527e-09  4.986e-09  9.717e-16  2.690e-06  3.578e-07  2.150e-11  4.943e-12  2.535e-06  1.861e-10  5.177e-09  4.505e-11  3.126e-11  9.835e-11  3.639e-11  1.322e-09  1.083e-09  3.991e-07  1.174e-05  8.979e-08  1.581e-11  1.718e-12  4.091e-12  3.343e-11  1.411e-13  4.943e-12  2.150e-11  9.768e-10  6.630e-09  6.916e-06  4.287e-07  5.252e-08  6.437e-08  4.728e-10  4.538e-12  1.784e-08  2.132e-14  9.463e-27  4.098e-17  6.498e-17  1.061e-10  2.150e-09  3.918e-15  1.107e-11
1.52000e+14  -1.67336e+14  -9.87725e+13  2.46701e+14  8.62500e+06  1.91400e+03  6.53300e-01  2.46700e+03  1.450e-04  2.007e-05  9.663e-12  1.543e-09  9.739e-10  2.055e-14  6.900e-05  3.997e-14  2.112e-08  2.857e-11  8.476e-15  4.418e-09  4.977e-09  9.283e-16  2.691e-06  3.573e-07  2.249e-11  5.144e-12  2.633e-06  3.076e-10  7.469e-09  8.544e-11  3.612e-11  1.145e-10  3.755e-11  1.201e-09  1.058e-09  5.672e-07  1.155e-05  8.010e-08  2.390e-11  2.031e-12  7.345e-12  3.303e-11  1.414e-13  5.144e-12  2.249e-11  2.753e-09  9.441e-09  8.003e-06  8.026e-07  7.940e-08  1.007e-07  5.810e-10  9.071e-12  1.778e-08  1.121e-13  2.829e-26  1.512e-16  2.264e-16  2.616e-10  3.843e-09  1.093e-14  1.948e-11
1.89831e+14  -1.95941e+14  -1.05654e+14  2.92560e+14  5.95800e+06  1.51700e+03  5.75700e-01  2.46900e+03  1.450e-04  2.007e-05  9.421e-12  1.507e-09  8.492e-10  2.122e-14  6.846e-05  5.063e-14  2.086e-08  6.298e-11  8.588e-15  4.293e-09  4.965e-09  8.813e-16  2.692e-06  3.567e-07  2.363e-11  5.381e-12  3.001e-06  5.456e-10  9.706e-09  1.430e-10  3.561e-11  1.036e-10  3.545e-11  1.111e-09  1.032e-09  7.621e-07  1.133e-05  7.092e-08  2.909e-11  2.126e-12  1.043e-11  3.257e-11  1.418e-13  5.381e-12  2.363e-11  5.987e-09  1.321e-08  9.032e-06  1.307e-06  1.191e-07  1.446e-07  7.058e-10  1.606e-11  1.772e-08  4.108e-13  7.668e-26  4.974e-16  6.444e-16  5.673e-10  6.439e-09  2.622e-14  3.132e-11
2.26180e+14  -2.23496e+14  -1.10251e+14  3.36546e+14  4.29500e+06  1.28700e+03  5.39900e-01  2.47000e+03  1.450e-04  2.007e-05  9.207e-12  1.471e-09  7.685e-10  2.179e-14  6.775e-05  6.102e-14  2.054e-08  1.143e-10  8.739e-15  4.162e-09  4.951e-09  8.347e-16  2.695e-06  3.561e-07  2.481e-11  5.632e-12  3.502e-06  8.434e-10  1.172e-08  2.020e-10  3.513e-11  8.602e-11  3.263e-11  1.040e-09  1.009e-09  9.569e-07  1.108e-05  6.303e-08  3.065e-11  2.078e-12  1.296e-11  3.207e-11  1.411e-13  5.632e-12  2.481e-11  1.005e-08  1.753e-08  1.005e-05  1.877e-06  1.719e-07  1.912e-07  8.362e-10  2.518e-11  1.766e-08  1.004e-12  1.719e-25  1.226e-15  1.444e-15  1.060e-09  9.798e-09  4.962e-14  4.433e-11
2.61141e+14  -2.50464e+14  -1.13553e+14  3.79238e+14  3.18700e+06  1.12900e+03  5.20200e-01  2.47200e+03  1.450e-04  2.007e-05  9.010e-12  1.435e-09  7.122e-10  2.218e-14  6.695e-05  6.965e-14  2.018e-08  1.786e-10  8.931e-15  4.029e-09  4.935e-09  7.898e-16  2.699e-06  3.554e-07  2.602e-11  5.893e-12  4.068e-06  1.172e-09  1.354e-08  2.646e-10  3.444e-11  6.947e-11  2.990e-11  9.831e-10  9.902e-10  1.142e-06  1.084e-05  5.641e-08  2.977e-11  1.961e-12  1.492e-11  3.156e-11  1.391e-13  5.893e-12  2.602e-11  1.463e-08  2.214e-08  1.107e-05  2.485e-06  2.376e-07  2.383e-07  9.689e-10  3.649e-11  1.760e-08  1.993e-12  3.373e-25  2.540e-15  2.849e-15  1.786e-09  1.405e-08  8.353e-14  5.912e-11
2.94528e+14  -2.76970e+14  -1.15373e+14  4.20441e+14  2.41400e+06  1.00500e+03  5.24400e-01  2.47300e+03  1.450e-04  2.006e-05  8.831e-12  1.401e-09  6.707e-10  2.241e-14  6.614e-05  7.596e-14  1.981e-08  2.485e-10  9.153e-15  3.899e-09  4.917e-09  7.484e-16  2.704e-06  3.547e-07  2.721e-11  6.154e-12  4.640e-06  1.499e-09  1.511e-08  3.118e-10  3.367e-11  5.581e-11  2.749e-11  9.381e-10  9.737e-10  1.307e-06  1.060e-05  5.094e-08  2.729e-11  1.812e-12  1.638e-11  3.105e-11  1.363e-13  6.154e-12  2.721e-11  1.872e-08  2.659e-08  1.207e-05  3.095e-06  3.122e-07  2.833e-07  1.098e-09  4.958e-11  1.755e-08  3.173e-12  5.684e-25  4.266e-15  4.787e-15  2.715e-09  1.880e-08  1.223e-13  7.288e-11
3.26156e+14  -3.02643e+14  -1.15713e+14  4.59739e+14  1.86100e+06  9.02400e+02  5.14300e-01  2.47500e+03  1.451e-04  2.006e-05  8.657e-12  1.367e-09  6.372e-10  2.252e-14  6.529e-05  7.996e-14  1.943e-08  3.194e-10  9.399e-15  3.770e-09  4.898e-09  7.094e-16  2.710e-06  3.539e-07  2.843e-11  6.428e-12  5.234e-06  1.834e-09  1.658e-08  3.817e-10  3.297e-11  4.500e-11  2.542e-11  9.035e-10  9.598e-10  1.461e-06  1.036e-05  4.640e-08  2.469e-11  1.663e-12  1.742e-11  3.054e-11  1.328e-13  6.428e-12  2.843e-11  2.323e-08  3.117e-08  1.307e-05  3.725e-06  3.975e-07  3.283e-07  1.227e-09  6.498e-11  1.750e-08  5.059e-12  9.320e-25  7.180e-15  8.091e-15  3.964e-09  2.484e-08  1.831e-13  9.157e-11
3.56704e+14  -3.27082e+14  -1.14941e+14  4.97425e+14  1.45800e+06  8.16300e+02  5.02300e-01  2.47700e+03  1.451e-04  2.006e-05  8.485e-12  1.333e-09  6.085e-10  2.255e-14  6.442e-05  8.216e-14  1.904e-08  3.909e-10  9.665e-15  3.641e-09  4.875e-09  6.722e-16  2.715e-06  3.531e-07  2.970e-11  6.719e-12  5.848e-06  2.176e-09  1.798e-08  4.626e-10  3.236e-11  3.656e-11  2.366e-11  8.772e-10  9.480e-10  1.605e-06  1.012e-05  4.259e-08  2.223e-11  1.515e-12  1.813e-11  3.001e-11  1.288e-13  6.719e-12  2.970e-11  2.833e-08  3.593e-08  1.410e-05  4.380e-06  4.943e-07  3.737e-07  1.355e-09  8.301e-11  1.745e-08  7.868e-12  1.474e-24  1.179e-14  1.335e-14  5.615e-09  3.231e-08  2.676e-13  1.140e-10
3.85710e+14  -3.50224e+14  -1.13491e+14  5.33207e+14  1.16200e+06  7.44600e+02  4.84600e-01  2.47800e+03  1.451e-04  2.006e-05  8.310e-12  1.298e-09  5.820e-10  2.252e-14  6.352e-05  8.299e-14  1.863e-08  4.632e-10  9.945e-15  3.511e-09  4.850e-09  6.363e-16  2.719e-06  3.522e-07  3.105e-11  7.036e-12  6.486e-06  2.528e-09  1.931e-08  5.633e-10  3.182e-11  2.998e-11  2.214e-11  8.577e-10  9.382e-10  1.741e-06  9.875e-06  3.936e-08  1.995e-11  1.371e-12  1.859e-11  2.946e-11  1.245e-13  7.036e-12  3.105e-11  3.435e-08  4.100e-08  1.515e-05  5.070e-06  6.043e-07  4.202e-07  1.484e-09  1.040e-10  1.740e-08  1.224e-11  2.295e-24  1.936e-14  2.188e-14  7.810e-09  4.160e-08  3.885e-13  1.417e-10
4.13789e+14  -3.72133e+14  -1.11732e+14  5.67617e+14  9.42200e+05  6.86100e+02  4.57400e-01  2.48000e+03  1.451e-04  2.006e-05  8.127e-12  1.262e-09  5.562e-10  2.244e-14  6.257e-05  8.280e-14  1.820e-08  5.385e-10  1.024e-14  3.379e-09  4.822e-09  6.008e-16  2.722e-06  3.513e-07  3.250e-11  7.389e-12  7.161e-06  2.900e-09  2.056e-08  6.977e-10  3.133e-11  2.483e-11  2.080e-11  8.437e-10  9.299e-10  1.874e-06  9.613e-06  3.656e-08  1.791e-11  1.231e-12  1.882e-11  2.889e-11  1.198e-13  7.389e-12  3.250e-11  4.209e-08  4.665e-08  1.626e-05  5.814e-06  7.310e-07  4.689e-07  1.615e-09  1.286e-10  1.735e-08  1.957e-11  3.587e-24  3.266e-14  3.647e-14  1.080e-08  5.340e-08  5.686e-13  1.774e-10
4.41252e+14  -3.93424e+14  -1.09727e+14  6.01270e+14  7.78800e+05  6.38500e+02  4.50300e-01  2.48100e+03  1.452e-04  2.006e-05  7.945e-12  1.227e-09  5.316e-10  2.233e-14  6.161e-05  8.207e-14  1.777e-08  6.174e-10  1.054e-14  3.250e-09  4.790e-09  5.671e-16  2.725e-06  3.502e-07  3.398e-11  7.767e-12  7.832e-06  3.267e-09  2.168e-08  7.877e-10  3.091e-11  2.079e-11  1.962e-11  8.333e-10  9.225e-10  1.992e-06  9.354e-06  3.413e-08  1.575e-11  1.092e-12  1.892e-11  2.831e-11  1.150e-13  7.767e-12  3.398e-11  5.016e-08  5.244e-08  1.738e-05  6.578e-06  8.688e-07  5.172e-07  1.743e-09  1.563e-10  1.730e-08  2.819e-11  5.216e-24  4.977e-14  5.484e-14  1.443e-08  6.650e-08  7.566e-13  2.111e-10
4.67789e+14  -4.13789e+14  -1.07536e+14  6.33729e+14  6.55500e+05  5.98700e+02  4.36000e-01  2.48300e+03  1.452e-04  2.006e-05  7.762e-12  1.192e-09  5.070e-10  2.219e-14  6.063e-05  8.087e-14  1.733e-08  6.989e-10  1.085e-14  3.122e-09  4.756e-09  5.346e-16  2.727e-06  3.491e-07  3.550e-11  8.174e-12  8.511e-06  3.638e-09  2.262e-08  8.970e-10  3.053e-11  1.758e-11  1.856e-11  8.259e-10  9.157e-10  2.101e-06  9.091e-06  3.199e-08  1.366e-11  9.655e-13  1.889e-11  2.773e-11  1.101e-13  8.174e-12  3.550e-11  5.922e-08  5.853e-08  1.852e-05  7.374e-06  1.019e-06  5.659e-07  1.870e-09  1.870e-10  1.725e-08  4.053e-11  7.498e-24  7.543e-14  8.172e-14  1.892e-08  8.159e-08  9.999e-13  2.493e-10
4.93400e+14  -4.33846e+14  -1.05222e+14  6.65385e+14  5.61400e+05  5.64300e+02  4.14000e-01  2.48500e+03  1.452e-04  2.005e-05  7.572e-12  1.155e-09  4.820e-10  2.204e-14  5.962e-05  7.926e-14  1.688e-08  7.842e-10  1.117e-14  2.993e-09  4.718e-09  5.028e-16  2.728e-06  3.479e-07  3.708e-11  8.621e-12  9.209e-06  4.019e-09  2.341e-08  1.030e-09  3.025e-11  1.500e-11  1.758e-11  8.211e-10  9.096e-10  2.200e-06  8.819e-06  3.007e-08  1.182e-11  8.517e-13  1.876e-11  2.714e-11  1.051e-13  8.621e-12  3.708e-11  7.018e-08  6.522e-08  1.972e-05  8.220e-06  1.186e-06  6.159e-07  1.998e-09  2.213e-10  1.719e-08  5.902e-11  1.075e-23  1.153e-13  1.226e-13  2.460e-08  9.938e-08  1.328e-12  2.951e-10
5.18394e+14  -4.53286e+14  -1.02846e+14  6.96260e+14  4.89200e+05  5.34700e+02  4.07100e-01  2.48600e+03  1.452e-04  2.005e-05  7.383e-12  1.119e-09  4.575e-10  2.187e-14  5.861e-05  7.753e-14  1.643e-08  8.741e-10  1.150e-14  2.868e-09  4.678e-09  4.726e-16  2.728e-06  3.467e-07  3.867e-11  9.098e-12  9.894e-06  4.393e-09  2.404e-08  1.100e-09  3.006e-11  1.292e-11  1.669e-11  8.179e-10  9.035e-10  2.286e-06  8.551e-06  2.835e-08  1.008e-11  7.445e-13  1.856e-11  2.654e-11  1.002e-13  9.098e-12  3.867e-11  8.158e-08  7.206e-08  2.093e-05  9.085e-06  1.362e-06  6.651e-07  2.122e-09  2.587e-10  1.715e-08  7.944e-11  1.456e-23  1.634e-13  1.706e-13  3.118e-08  1.185e-07  1.660e-12  3.379e-10
5.42462e+14  -4.72726e+14  -1.00470e+14  7.26518e+14  4.34900e+05  5.10700e+02  3.93600e-01  2.48800e+03  1.453e-04  2.005e-05  7.192e-12  1.083e-09  4.330e-10  2.168e-14  5.758e-05  7.566e-14  1.598e-08  9.684e-10  1.182e-14  2.745e-09  4.635e-09  4.435e-16  2.729e-06  3.453e-07  4.027e-11  9.610e-12  1.058e-05  4.767e-09  2.452e-08  1.180e-09  2.994e-11  1.121e-11  1.585e-11  8.158e-10  8.974e-10  2.361e-06  8.282e-06  2.679e-08  8.506e-12  6.504e-13  1.831e-11  2.595e-11  9.522e-14  9.610e-12  4.027e-11  9.424e-08  7.928e-08  2.218e-05  9.982e-06  1.550e-06  7.144e-07  2.244e-09  2.994e-10  1.710e-08  1.066e-10  1.950e-23  2.298e-13  2.356e-13  3.895e-08  1.396e-07  2.054e-12  3.835e-10
5.65913e+14  -4.91857e+14  -9.81863e+13  7.56189e+14  4.00200e+05  5.00700e+02  3.83900e-01  2.48900e+03  1.453e-04  2.005e-05  7.002e-12  1.048e-09  4.087e-10  2.149e-14  5.655e-05  7.383e-14  1.553e-08  1.070e-09  1.215e-14  2.625e-09  4.590e-09  4.156e-16  2.730e-06  3.438e-07  4.185e-11  1.016e-11  1.124e-05  5.133e-09  2.486e-08  1.232e-09  2.987e-11  9.807e-12  1.504e-11  8.141e-10  8.909e-10  2.423e-06  8.017e-06  2.535e-08  7.124e-12  5.673e-13  1.802e-11  2.536e-11  9.038e-14  1.016e-11  4.185e-11  1.078e-07  8.677e-08  2.345e-05  1.090e-05  1.746e-06  7.629e-07  2.364e-09  3.430e-10  1.705e-08  1.372e-10  2.529e-23  3.144e-13  3.144e-13  4.776e-08  1.621e-07  2.453e-12  4.267e-10
5.89364e+14  -5.10680e+14  -9.62423e+13  7.85752e+14  3.97800e+05  5.54300e+02  3.68200e-01  2.49100e+03  1.453e-04  2.005e-05  6.808e-12  1.012e-09  3.842e-10  2.128e-14  5.550e-05  7.234e-14  1.507e-08  1.186e-09  1.249e-14  2.507e-09  4.544e-09  3.885e-16  2.733e-06  3.422e-07  4.336e-11  1.073e-11  1.189e-05  5.489e-09  2.513e-08  1.341e-09  2.969e-11  8.713e-12  1.420e-11  8.115e-10  8.830e-10  2.473e-06  7.753e-06  2.398e-08  6.041e-12  5.014e-13  1.772e-11  2.477e-11  8.556e-14  1.073e-11  4.336e-11  1.232e-07  9.486e-08  2.477e-05  1.186e-05  1.952e-06  8.100e-07  2.482e-09  3.866e-10  1.701e-08  1.764e-10  3.323e-23  4.542e-13  4.303e-13  5.786e-08  1.869e-07  2.816e-12  4.701e-10
6.13741e+14  -5.30428e+14  -9.55634e+13  8.16801e+14  4.44100e+05  7.46600e+02  3.56800e-01  2.49300e+03  1.454e-04  2.004e-05  6.612e-12  9.756e-10  3.590e-10  2.109e-14  5.445e-05  7.226e-14  1.463e-08  1.335e-09  1.284e-14  2.394e-09  4.505e-09  3.619e-16  2.740e-06  3.405e-07  4.461e-11  1.134e-11  1.247e-05  5.806e-09  2.542e-08  1.503e-09  2.901e-11  8.298e-12  1.321e-11  8.058e-10  8.720e-10  2.509e-06  7.500e-06  2.258e-08  5.242e-12  4.509e-13  1.744e-11  2.420e-11  8.089e-14  1.134e-11  4.461e-11  1.402e-07  1.035e-07  2.616e-05  1.284e-05  2.159e-06  8.522e-07  2.595e-09  4.241e-10  1.698e-08  2.181e-10  4.335e-23  6.982e-13  6.001e-13  6.879e-08  2.141e-07  2.942e-12  5.061e-10
6.41512e+14  -5.52028e+14  -9.75383e+13  8.51931e+14  5.18100e+05  9.46300e+02  3.41900e-01  2.49400e+03  1.454e-04  2.004e-05  6.409e-12  9.389e-10  3.322e-10  2.092e-14  5.341e-05  7.443e-14  1.420e-08  1.533e-09  1.325e-14  2.289e-09  4.471e-09  3.353e-16  2.754e-06  3.385e-07  4.558e-11  1.197e-11  1.296e-05  6.066e-09  2.562e-08  1.564e-09  2.825e-11  8.680e-12  1.204e-11  7.969e-10  8.565e-10  2.534e-06  7.260e-06  2.113e-08  4.443e-12  3.977e-13  1.715e-11  2.365e-11  7.640e-14  1.197e-11  4.558e-11  1.591e-07  1.129e-07  2.766e-05  1.385e-05  2.368e-06  8.898e-07  2.701e-09  4.570e-10  1.696e-08  2.539e-10  5.161e-23  9.817e-13  7.909e-13  8.001e-08  2.406e-07  2.886e-12  5.245e-10
6.73603e+14  -5.76405e+14  -1.02506e+14  8.92464e+14  5.69200e+05  1.03200e+03  3.28300e-01  2.49600e+03  1.454e-04  2.004e-05  6.200e-12  9.018e-10  3.048e-10  2.077e-14  5.238e-05  7.809e-14  1.379e-08  1.774e-09  1.375e-14  2.189e-09  4.436e-09  3.092e-16  2.775e-06  3.362e-07  4.631e-11  1.262e-11  1.337e-05  6.281e-09  2.562e-08  1.531e-09  2.858e-11  9.256e-12  1.078e-11  7.869e-10  8.372e-10  2.549e-06  7.029e-06  1.971e-08  3.643e-12  3.451e-13  1.686e-11  2.311e-11  7.208e-14  1.262e-11  4.631e-11  1.796e-07  1.229e-07  2.926e-05  1.489e-05  2.577e-06  9.248e-07  2.801e-09  4.903e-10  1.695e-08  2.892e-10  5.899e-23  1.248e-12  9.971e-13  9.126e-08  2.647e-07  2.860e-12  5.304e-10
7.08163e+14  -6.02324e+14  -1.09418e+14  9.36089e+14  5.80100e+05  1.04100e+03  3.21500e-01  2.49700e+03  1.454e-04  2.003e-05  5.992e-12  8.652e-10  2.785e-10  2.064e-14  5.135e-05  8.188e-14  1.340e-08  2.037e-09  1.430e-14  2.094e-09  4.400e-09  2.845e-16  2.799e-06  3.338e-07  4.689e-11  1.328e-11  1.371e-05  6.471e-09  2.543e-08  1.484e-09  2.947e-11  9.614e-12  9.572e-12  7.775e-10  8.160e-10  2.558e-06  6.808e-06  1.840e-08  2.990e-12  3.008e-13  1.655e-11  2.258e-11  6.796e-14  1.328e-11  4.689e-11  2.003e-07  1.331e-07  3.091e-05  1.593e-05  2.783e-06  9.587e-07  2.896e-09  5.259e-10  1.695e-08  3.307e-10  6.801e-23  1.530e-12  1.247e-12  1.025e-07  2.870e-07  2.938e-12  5.355e-10
7.43957e+14  -6.29478e+14  -1.17317e+14  9.81569e+14  5.59300e+05  1.01100e+03  3.18900e-01  2.49900e+03  1.454e-04  2.003e-05  5.791e-12  8.297e-10  2.545e-10  2.050e-14  5.033e-05  8.484e-14  1.300e-08  2.301e-09  1.487e-14  2.002e-09  4.361e-09  2.618e-16  2.823e-06  3.312e-07  4.739e-11  1.393e-11  1.403e-05  6.654e-09  2.512e-08  1.450e-09  3.018e-11  9.624e-12  8.478e-12  7.698e-10  7.945e-10  2.562e-06  6.593e-06  1.724e-08  2.509e-12  2.643e-13  1.623e-11  2.205e-11  6.402e-14  1.393e-11  4.739e-11  2.204e-07  1.432e-07  3.257e-05  1.697e-05  2.986e-06  9.924e-07  2.989e-09  5.641e-10  1.694e-08  3.821e-10  7.959e-23  1.854e-12  1.563e-12  1.142e-07  3.092e-07  3.127e-12  5.478e-10
7.80676e+14  -6.57249e+14  -1.25680e+14  1.02822e+15  5.14800e+05  9.61300e+02  3.18100e-01  2.50100e+03  1.454e-04  2.002e-05  5.599e-12  7.955e-10  2.329e-10  2.035e-14  4.932e-05  8.645e-14  1.261e-08  2.549e-09  1.544e-14  1.912e-09  4.321e-09  2.411e-16  2.844e-06  3.285e-07  4.787e-11  1.459e-11  1.434e-05  6.841e-09  2.474e-08  1.442e-09  3.063e-11  9.310e-12  7.536e-12  7.638e-10  7.739e-10  2.562e-06  6.382e-06  1.625e-08  2.159e-12  2.339e-13  1.589e-11  2.153e-11  6.027e-14  1.459e-11  4.787e-11  2.402e-07  1.533e-07  3.420e-05  1.801e-05  3.187e-06  1.027e-06  3.078e-09  6.048e-10  1.693e-08  4.492e-10  9.489e-23  2.250e-12  1.971e-12  1.268e-07  3.329e-07  3.441e-12  5.720e-10
8.18013e+14  -6.85329e+14  -1.34258e+14  1.07557e+15  4.60000e+05  9.07700e+02  3.19300e-01  2.50200e+03  1.455e-04  2.002e-05  5.415e-12  7.629e-10  2.137e-10  2.018e-14  4.832e-05  8.669e-14  1.222e-08  2.772e-09  1.597e-14  1.824e-09  4.278e-09  2.225e-16  2.861e-06  3.258e-07  4.837e-11  1.527e-11  1.465e-05  7.035e-09  2.433e-08  1.449e-09  3.106e-11  8.806e-12  6.746e-12  7.594e-10  7.548e-10  2.558e-06  6.175e-06  1.542e-08  1.889e-12  2.078e-13  1.552e-11  2.100e-11  5.672e-14  1.527e-11  4.837e-11  2.594e-07  1.632e-07  3.579e-05  1.905e-05  3.387e-06  1.062e-06  3.166e-09  6.477e-10  1.692e-08  5.334e-10  1.142e-22  2.731e-12  2.485e-12  1.407e-07  3.593e-07  3.864e-12  6.083e-10
8.55967e+14  -7.13717e+14  -1.42867e+14  1.12360e+15  4.04200e+05  8.56100e+02  3.16200e-01  2.50400e+03  1.455e-04  2.002e-05  5.237e-12  7.316e-10  1.964e-10  2.000e-14  4.733e-05  8.569e-14  1.184e-08  2.966e-09  1.648e-14  1.738e-09  4.233e-09  2.055e-16  2.873e-06  3.232e-07  4.892e-11  1.597e-11  1.497e-05  7.239e-09  2.391e-08  1.488e-09  3.162e-11  8.230e-12  6.090e-12  7.563e-10  7.375e-10  2.549e-06  5.967e-06  1.473e-08  1.683e-12  1.854e-13  1.512e-11  2.048e-11  5.330e-14  1.597e-11  4.892e-11  2.797e-07  1.732e-07  3.735e-05  2.010e-05  3.590e-06  1.098e-06  3.251e-09  6.927e-10  1.689e-08  6.484e-10  1.394e-22  3.357e-12  3.170e-12  1.568e-07  3.898e-07  4.445e-12  6.595e-10
8.94229e+14  -7.42105e+14  -1.51352e+14  1.17187e+15  3.53200e+05  8.09500e+02  3.09300e-01  2.50500e+03  1.455e-04  2.001e-05  5.064e-12  7.012e-10  1.804e-10  1.980e-14  4.633e-05  8.370e-14  1.145e-08  3.133e-09  1.695e-14  1.654e-09  4.187e-09  1.899e-16  2.879e-06  3.205e-07  4.953e-11  1.672e-11  1.532e-05  7.453e-09  2.346e-08  1.547e-09  3.237e-11  7.661e-12  5.544e-12  7.544e-10  7.218e-10  2.535e-06  5.757e-06  1.415e-08  1.517e-12  1.654e-13  1.468e-11  1.995e-11  4.999e-14  1.672e-11  4.953e-11  3.019e-07  1.838e-07  3.888e-05  2.117e-05  3.797e-06  1.135e-06  3.334e-09  7.398e-10  1.686e-08  8.026e-10  1.716e-22  4.176e-12  4.080e-12  1.756e-07  4.254e-07  5.201e-12  7.258e-10
9.32800e+14  -7.70494e+14  -1.59653e+14  1.22035e+15  3.10300e+05  7.70300e+02  3.03100e-01  2.50700e+03  1.455e-04  2.001e-05  4.894e-12  6.718e-10  1.656e-10  1.959e-14  4.534e-05  8.104e-14  1.106e-08  3.280e-09  1.739e-14  1.572e-09  4.138e-09  1.755e-16  2.880e-06  3.178e-07  5.019e-11  1.751e-11  1.568e-05  7.674e-09  2.301e-08  1.595e-09  3.327e-11  7.140e-12  5.082e-12  7.532e-10  7.075e-10  2.516e-06  5.547e-06  1.367e-08  1.361e-12  1.470e-13  1.421e-11  1.942e-11  4.681e-14  1.751e-11  5.019e-11  3.259e-07  1.947e-07  4.038e-05  2.225e-05  4.007e-06  1.173e-06  3.415e-09  7.889e-10  1.682e-08  9.898e-10  2.094e-22  5.183e-12  5.211e-12  1.970e-07  4.654e-07  6.077e-12  8.025e-10
9.71063e+14  -7.98882e+14  -1.67737e+14  1.26859e+15  2.75500e+05  7.37900e+02  2.98900e-01  2.50800e+03  1.455e-04  2.000e-05  4.729e-12  6.434e-10  1.520e-10  1.937e-14  4.436e-05  7.799e-14  1.069e-08  3.409e-09  1.780e-14  1.493e-09  4.088e-09  1.623e-16  2.878e-06  3.152e-07  5.087e-11  1.835e-11  1.604e-05  7.895e-09  2.256e-08  1.621e-09  3.426e-11  6.677e-12  4.685e-12  7.524e-10  6.941e-10  2.491e-06  5.338e-06  1.326e-08  1.207e-12  1.300e-13  1.373e-11  1.889e-11  4.378e-14  1.835e-11  5.087e-11  3.512e-07  2.058e-07  4.187e-05  2.335e-05  4.218e-06  1.211e-06  3.493e-09  8.399e-10  1.678e-08  1.204e-09  2.519e-22  6.366e-12  6.549e-12  2.207e-07  5.092e-07  7.023e-12  8.852e-10
1.00902e+15  -8.26962e+14  -1.75544e+14  1.31636e+15  2.47200e+05  7.10100e+02  2.93400e-01  2.51000e+03  1.456e-04  2.000e-05  4.567e-12  6.159e-10  1.393e-10  1.914e-14  4.339e-05  7.466e-14  1.031e-08  3.524e-09  1.819e-14  1.416e-09  4.036e-09  1.500e-16  2.872e-06  3.124e-07  5.157e-11  1.922e-11  1.640e-05  8.114e-09  2.210e-08  1.638e-09  3.528e-11  6.266e-12  4.340e-12  7.518e-10  6.814e-10  2.462e-06  5.132e-06  1.291e-08  1.062e-12  1.147e-13  1.323e-11  1.837e-11  4.089e-14  1.922e-11  5.157e-11  3.779e-07  2.173e-07  4.334e-05  2.447e-05  4.430e-06  1.249e-06  3.569e-09  8.926e-10  1.674e-08  1.456e-09  2.998e-22  7.751e-12  8.136e-12  2.468e-07  5.565e-07  8.054e-12  9.733e-10
1.04666e+15  -8.54733e+14  -1.83135e+14  1.36367e+15  2.23600e+05  6.84800e+02  2.91200e-01  2.51200e+03  1.456e-04  1.999e-05  4.410e-12  5.894e-10  1.275e-10  1.891e-14  4.243e-05  7.122e-14  9.950e-09  3.628e-09  1.855e-14  1.343e-09  3.982e-09  1.388e-16  2.864e-06  3.097e-07  5.227e-11  2.013e-11  1.675e-05  8.328e-09  2.164e-08  1.628e-09  3.627e-11  5.896e-12  4.036e-12  7.512e-10  6.693e-10  2.428e-06  4.931e-06  1.261e-08  9.256e-13  1.009e-13  1.273e-11  1.786e-11  3.816e-14  2.013e-11  5.227e-11  4.051e-07  2.289e-07  4.479e-05  2.558e-05  4.639e-06  1.287e-06  3.641e-09  9.469e-10  1.670e-08  1.731e-09  3.513e-22  9.308e-12  9.933e-12  2.745e-07  6.063e-07  9.112e-12  1.063e-09
1.08400e+15  -8.82195e+14  -1.90571e+14  1.41055e+15  2.03400e+05  6.61500e+02  2.85200e-01  2.51300e+03  1.456e-04  1.999e-05  4.257e-12  5.637e-10  1.165e-10  1.867e-14  4.148e-05  6.766e-14  9.593e-09  3.720e-09  1.889e-14  1.272e-09  3.927e-09  1.283e-16  2.853e-06  3.069e-07  5.296e-11  2.106e-11  1.710e-05  8.539e-09  2.117e-08  1.625e-09  3.720e-11  5.559e-12  3.765e-12  7.506e-10  6.575e-10  2.390e-06  4.732e-06  1.235e-08  8.080e-13  8.904e-14  1.222e-11  1.735e-11  3.556e-14  2.106e-11  5.296e-11  4.340e-07  2.409e-07  4.623e-05  2.671e-05  4.848e-06  1.324e-06  3.710e-09  1.003e-09  1.666e-08  2.059e-09  4.094e-22  1.110e-11  1.205e-11  3.047e-07  6.595e-07  1.028e-11  1.158e-09
1.12103e+15  -9.09349e+14  -1.97885e+14  1.45697e+15  1.86200e+05  6.40500e+02  2.79300e-01  2.51500e+03  1.456e-04  1.998e-05  4.106e-12  5.388e-10  1.063e-10  1.842e-14  4.054e-05  6.406e-14  9.242e-09  3.802e-09  1.921e-14  1.204e-09  3.871e-09  1.186e-16  2.840e-06  3.040e-07  5.365e-11  2.201e-11  1.744e-05  8.745e-09  2.069e-08  1.615e-09  3.809e-11  5.251e-12  3.523e-12  7.500e-10  6.461e-10  2.348e-06  4.537e-06  1.212e-08  7.057e-13  7.853e-14  1.171e-11  1.685e-11  3.309e-14  2.201e-11  5.365e-11  4.646e-07  2.533e-07  4.766e-05  2.785e-05  5.056e-06  1.361e-06  3.777e-09  1.060e-09  1.661e-08  2.438e-09  4.742e-22  1.319e-11  1.454e-11  3.372e-07  7.158e-07  1.155e-11  1.258e-09
1.15744e+15  -9.36503e+14  -2.05074e+14  1.50292e+15  1.71500e+05  6.21500e+02  2.74600e-01  2.51600e+03  1.456e-04  1.998e-05  3.959e-12  5.148e-10  9.678e-11  1.817e-14  3.960e-05  6.050e-14  8.899e-09  3.875e-09  1.950e-14  1.139e-09  3.813e-09  1.095e-16  2.825e-06  3.012e-07  5.432e-11  2.298e-11  1.778e-05  8.945e-09  2.021e-08  1.595e-09  3.891e-11  4.968e-12  3.305e-12  7.491e-10  6.349e-10  2.302e-06  4.347e-06  1.191e-08  6.145e-13  6.918e-14  1.120e-11  1.636e-11  3.075e-14  2.298e-11  5.432e-11  4.966e-07  2.660e-07  4.908e-05  2.900e-05  5.260e-06  1.398e-06  3.841e-09  1.119e-09  1.657e-08  2.865e-09  5.444e-22  1.557e-11  1.740e-11  3.718e-07  7.748e-07  1.288e-11  1.361e-09
1.19385e+15  -9.63349e+14  -2.12202e+14  1.54866e+15  1.58700e+05  6.03700e+02  2.67700e-01  2.51800e+03  1.457e-04  1.997e-05  3.815e-12  4.914e-10  8.796e-11  1.792e-14  3.868e-05  5.697e-14  8.563e-09  3.940e-09  1.978e-14  1.077e-09  3.754e-09  1.011e-16  2.808e-06  2.982e-07  5.497e-11  2.397e-11  1.810e-05  9.140e-09  1.972e-08  1.578e-09  3.966e-11  4.705e-12  3.106e-12  7.481e-10  6.238e-10  2.253e-06  4.160e-06  1.173e-08  5.363e-13  6.105e-14  1.069e-11  1.587e-11  2.854e-14  2.397e-11  5.497e-11  5.307e-07  2.793e-07  5.050e-05  3.017e-05  5.462e-06  1.433e-06  3.902e-09  1.179e-09  1.652e-08  3.364e-09  6.220e-22  1.829e-11  2.073e-11  4.089e-07  8.370e-07  1.434e-11  1.469e-09
1.22964e+15  -9.89885e+14  -2.19237e+14  1.59372e+15  1.47400e+05  5.87500e+02  2.62100e-01  2.52000e+03  1.457e-04  1.997e-05  3.674e-12  4.687e-10  7.981e-11  1.766e-14  3.776e-05  5.354e-14  8.234e-09  3.997e-09  2.003e-14  1.017e-09  3.693e-09  9.330e-17  2.790e-06  2.952e-07  5.559e-11  2.497e-11  1.841e-05  9.329e-09  1.923e-08  1.556e-09  4.035e-11  4.462e-12  2.925e-12  7.469e-10  6.128e-10  2.201e-06  3.977e-06  1.156e-08  4.677e-13  5.384e-14  1.019e-11  1.539e-11  2.644e-14  2.497e-11  5.559e-11  5.666e-07  2.929e-07  5.192e-05  3.134e-05  5.660e-06  1.468e-06  3.960e-09  1.240e-09  1.647e-08  3.927e-09  7.065e-22  2.141e-11  2.456e-11  4.483e-07  9.021e-07  1.587e-11  1.581e-09
1.26513e+15  -1.01642e+15  -2.26180e+14  1.63854e+15  1.37500e+05  5.72500e+02  2.57100e-01  2.52100e+03  1.457e-04  1.996e-05  3.537e-12  4.469e-10  7.229e-11  1.741e-14  3.685e-05  5.022e-14  7.913e-09  4.047e-09  2.027e-14  9.600e-10  3.632e-09  8.604e-17  2.770e-06  2.922e-07  5.619e-11  2.598e-11  1.870e-05  9.510e-09  1.874e-08  1.529e-09  4.097e-11  4.236e-12  2.759e-12  7.455e-10  6.019e-10  2.146e-06  3.800e-06  1.140e-08  4.074e-13  4.747e-14  9.702e-12  1.492e-11  2.448e-14  2.598e-11  5.619e-11  6.042e-07  3.069e-07  5.332e-05  3.252e-05  5.854e-06  1.502e-06  4.016e-09  1.303e-09  1.642e-08  4.560e-09  7.973e-22  2.491e-11  2.892e-11  4.899e-07  9.697e-07  1.748e-11  1.696e-09
1.30061e+15  -1.04296e+15  -2.33030e+14  1.68335e+15  1.28700e+05  5.58400e+02  2.51200e-01  2.52300e+03  1.457e-04  1.995e-05  3.403e-12  4.257e-10  6.536e-11  1.715e-14  3.596e-05  4.702e-14  7.599e-09  4.091e-09  2.048e-14  9.054e-10  3.570e-09  7.929e-17  2.748e-06  2.890e-07  5.676e-11  2.701e-11  1.898e-05  9.685e-09  1.826e-08  1.504e-09  4.151e-11  4.025e-12  2.606e-12  7.438e-10  5.910e-10  2.090e-06  3.627e-06  1.126e-08  3.556e-13  4.192e-14  9.222e-12  1.446e-11  2.262e-14  2.701e-11  5.676e-11  6.437e-07  3.214e-07  5.473e-05  3.371e-05  6.043e-06  1.534e-06  4.069e-09  1.366e-09  1.638e-08  5.282e-09  8.955e-22  2.886e-11  3.389e-11  5.338e-07  1.040e-06  1.919e-11  1.815e-09
1.33548e+15  -1.06919e+15  -2.39819e+14  1.72748e+15  1.20700e+05  5.44900e+02  2.44200e-01  2.52400e+03  1.457e-04  1.995e-05  3.271e-12  4.052e-10  5.897e-11  1.689e-14  3.507e-05  4.395e-14  7.292e-09  4.128e-09  2.069e-14  8.532e-10  3.506e-09  7.301e-17  2.725e-06  2.859e-07  5.729e-11  2.804e-11  1.925e-05  9.853e-09  1.777e-08  1.483e-09  4.199e-11  3.827e-12  2.466e-12  7.419e-10  5.801e-10  2.031e-06  3.458e-06  1.112e-08  3.115e-13  3.706e-14  8.751e-12  1.401e-11  2.088e-14  2.804e-11  5.729e-11  6.860e-07  3.366e-07  5.613e-05  3.491e-05  6.228e-06  1.566e-06  4.119e-09  1.430e-09  1.632e-08  6.114e-09  1.003e-21  3.333e-11  3.960e-11  5.804e-07  1.114e-06  2.102e-11  1.939e-09
1.37066e+15  -1.09572e+15  -2.46515e+14  1.77203e+15  1.13600e+05  5.31700e+02  2.38100e-01  2.52600e+03  1.457e-04  1.994e-05  3.143e-12  3.854e-10  5.310e-11  1.663e-14  3.419e-05  4.101e-14  6.992e-09  4.158e-09  2.087e-14  8.033e-10  3.443e-09  6.718e-17  2.701e-06  2.827e-07  5.779e-11  2.907e-11  1.951e-05  1.001e-08  1.728e-08  1.461e-09  4.242e-11  3.641e-12  2.335e-12  7.396e-10  5.692e-10  1.971e-06  3.294e-06  1.099e-08  2.728e-13  3.275e-14  8.293e-12  1.357e-11  1.924e-14  2.907e-11  5.779e-11  7.307e-07  3.522e-07  5.753e-05  3.611e-05  6.407e-06  1.596e-06  4.167e-09  1.495e-09  1.627e-08  7.054e-09  1.119e-21  3.838e-11  4.613e-11  6.295e-07  1.190e-06  2.296e-11  2.068e-09
1.40553e+15  -1.12195e+15  -2.53118e+14  1.81614e+15  1.07000e+05  5.18900e+02  2.34000e-01  2.52800e+03  1.458e-04  1.994e-05  3.018e-12  3.664e-10  4.776e-11  1.637e-14  3.332e-05  3.825e-14  6.701e-09  4.184e-09  2.104e-14  7.560e-10  3.378e-09  6.178e-17  2.676e-06  2.794e-07  5.825e-11  3.011e-11  1.975e-05  1.017e-08  1.680e-08  1.433e-09  4.279e-11  3.465e-12  2.214e-12  7.371e-10  5.582e-10  1.909e-06  3.135e-06  1.086e-08  2.382e-13  2.889e-14  7.851e-12  1.313e-11  1.771e-14  3.011e-11  5.825e-11  7.768e-07  3.683e-07  5.892e-05  3.732e-05  6.579e-06  1.625e-06  4.213e-09  1.561e-09  1.622e-08  8.087e-09  1.241e-21  4.400e-11  5.344e-11  6.804e-07  1.269e-06  2.495e-11  2.198e-09
1.44039e+15  -1.14818e+15  -2.59691e+14  1.86024e+15  1.01000e+05  5.06200e+02  2.27900e-01  2.52900e+03  1.458e-04  1.993e-05  2.896e-12  3.480e-10  4.287e-11  1.611e-14  3.246e-05  3.562e-14  6.417e-09  4.203e-09  2.119e-14  7.109e-10  3.313e-09  5.677e-17  2.650e-06  2.761e-07  5.867e-11  3.115e-11  1.997e-05  1.031e-08  1.632e-08  1.411e-09  4.309e-11  3.299e-12  2.102e-12  7.343e-10  5.473e-10  1.847e-06  2.981e-06  1.074e-08  2.089e-13  2.557e-14  7.422e-12  1.271e-11  1.628e-14  3.115e-11  5.867e-11  8.256e-07  3.849e-07  6.031e-05  3.854e-05  6.745e-06  1.653e-06  4.256e-09  1.627e-09  1.616e-08  9.265e-09  1.370e-21  5.021e-11  6.166e-11  7.339e-07  1.351e-06  2.707e-11  2.334e-09
1.47495e+15  -1.17441e+15  -2.66171e+14  1.90409e+15  9.53100e+04  4.93800e+02  2.23200e-01  2.53100e+03  1.458e-04  1.992e-05  2.778e-12  3.303e-10  3.843e-11  1.585e-14  3.162e-05  3.314e-14  6.142e-09  4.217e-09  2.132e-14  6.680e-10  3.247e-09  5.214e-17  2.623e-06  2.727e-07  5.906e-11  3.219e-11  2.018e-05  1.045e-08  1.585e-08  1.390e-09  4.334e-11  3.142e-12  1.997e-12  7.311e-10  5.363e-10  1.784e-06  2.833e-06  1.062e-08  1.834e-13  2.262e-14  7.008e-12  1.229e-11  1.495e-14  3.219e-11  5.906e-11  8.765e-07  4.020e-07  6.169e-05  3.976e-05  6.905e-06  1.679e-06  4.297e-09  1.694e-09  1.611e-08  1.058e-08  1.509e-21  5.710e-11  7.090e-11  7.896e-07  1.435e-06  2.928e-11  2.473e-09
1.50982e+15  -1.20095e+15  -2.72589e+14  1.94837e+15  8.99800e+04  4.81500e+02  2.18300e-01  2.53200e+03  1.458e-04  1.991e-05  2.663e-12  3.133e-10  3.440e-11  1.559e-14  3.079e-05  3.082e-14  5.875e-09  4.224e-09  2.144e-14  6.274e-10  3.181e-09  4.786e-17  2.595e-06  2.693e-07  5.941e-11  3.322e-11  2.037e-05  1.058e-08  1.539e-08  1.371e-09  4.353e-11  2.994e-12  1.900e-12  7.277e-10  5.253e-10  1.721e-06  2.690e-06  1.050e-08  1.613e-13  2.004e-14  6.611e-12  1.188e-11  1.371e-14  3.322e-11  5.941e-11  9.296e-07  4.197e-07  6.306e-05  4.098e-05  7.057e-06  1.703e-06  4.335e-09  1.761e-09  1.605e-08  1.206e-08  1.657e-21  6.471e-11  8.123e-11  8.476e-07  1.521e-06  3.160e-11  2.616e-09
1.54469e+15  -1.22717e+15  -2.78976e+14  1.99245e+15  8.49500e+04  4.69400e+02  2.14900e-01  2.53400e+03  1.458e-04  1.991e-05  2.552e-12  2.970e-10  3.075e-11  1.533e-14  2.997e-05  2.864e-14  5.618e-09  4.227e-09  2.155e-14  5.889e-10  3.115e-09  4.391e-17  2.566e-06  2.658e-07  5.972e-11  3.424e-11  2.055e-05  1.071e-08  1.494e-08  1.352e-09  4.367e-11  2.853e-12  1.809e-12  7.240e-10  5.144e-10  1.658e-06  2.552e-06  1.038e-08  1.419e-13  1.775e-14  6.230e-12  1.149e-11  1.256e-14  3.424e-11  5.972e-11  9.842e-07  4.376e-07  6.442e-05  4.221e-05  7.202e-06  1.726e-06  4.371e-09  1.828e-09  1.599e-08  1.368e-08  1.813e-21  7.307e-11  9.269e-11  9.074e-07  1.610e-06  3.400e-11  2.763e-09
1.57956e+15  -1.25371e+15  -2.85271e+14  2.03671e+15  8.01900e+04  4.57600e+02  2.11600e-01  2.53600e+03  1.458e-04  1.990e-05  2.445e-12  2.815e-10  2.747e-11  1.507e-14  2.917e-05  2.661e-14  5.369e-09  4.223e-09  2.164e-14  5.526e-10  3.049e-09  4.027e-17  2.537e-06  2.624e-07  6.000e-11  3.525e-11  2.071e-05  1.082e-08  1.450e-08  1.336e-09  4.376e-11  2.721e-12  1.725e-12  7.200e-10  5.035e-10  1.596e-06  2.420e-06  1.026e-08  1.251e-13  1.574e-14  5.865e-12  1.110e-11  1.150e-14  3.525e-11  6.000e-11  1.040e-06  4.559e-07  6.577e-05  4.342e-05  7.339e-06  1.747e-06  4.405e-09  1.895e-09  1.593e-08  1.548e-08  1.976e-21  8.218e-11  1.053e-10  9.692e-07  1.701e-06  3.649e-11  2.914e-09
1.61443e+15  -1.28025e+15  -2.91504e+14  2.08096e+15  7.56900e+04  4.46000e+02  2.06700e-01  2.53700e+03  1.458e-04  1.989e-05  2.341e-12  2.666e-10  2.449e-11  1.482e-14  2.838e-05  2.470e-14  5.128e-09  4.214e-09  2.172e-14  5.181e-10  2.983e-09  3.692e-17  2.507e-06  2.589e-07  6.024e-11  3.625e-11  2.086e-05  1.093e-08  1.406e-08  1.325e-09  4.379e-11  2.595e-12  1.646e-12  7.158e-10  4.926e-10  1.533e-06  2.293e-06  1.014e-08  1.110e-13  1.401e-14  5.517e-12  1.073e-11  1.051e-14  3.625e-11  6.024e-11  1.099e-06  4.748e-07  6.710e-05  4.464e-05  7.468e-06  1.767e-06  4.437e-09  1.962e-09  1.587e-08  1.750e-08  2.150e-21  9.213e-11  1.193e-10  1.034e-06  1.795e-06  3.913e-11  3.070e-09
1.64929e+15  -1.30678e+15  -2.97675e+14  2.12520e+15  7.14400e+04  4.34900e+02  2.03100e-01  2.53900e+03  1.458e-04  1.988e-05  2.241e-12  2.523e-10  2.182e-11  1.456e-14  2.760e-05  2.293e-14  4.895e-09  4.198e-09  2.179e-14  4.856e-10  2.917e-09  3.383e-17  2.476e-06  2.554e-07  6.045e-11  3.723e-11  2.099e-05  1.103e-08  1.363e-08  1.316e-09  4.378e-11  2.477e-12  1.573e-12  7.113e-10  4.817e-10  1.472e-06  2.171e-06  1.001e-08  9.857e-14  1.247e-14  5.184e-12  1.036e-11  9.604e-15  3.723e-11  6.045e-11  1.159e-06  4.941e-07  6.843e-05  4.586e-05  7.589e-06  1.785e-06  4.467e-09  2.029e-09  1.580e-08  1.975e-08  2.335e-21  1.030e-10  1.348e-10  1.100e-06  1.891e-06  4.189e-11  3.231e-09
1.68447e+15  -1.33332e+15  -3.03816e+14  2.16968e+15  6.74500e+04  4.24100e+02  1.99200e-01  2.54000e+03  1.458e-04  1.987e-05  2.144e-12  2.387e-10  1.941e-11  1.431e-14  2.684e-05  2.127e-14  4.671e-09  4.177e-09  2.184e-14  4.548e-10  2.852e-09  3.098e-17  2.444e-06  2.519e-07  6.062e-11  3.819e-11  2.111e-05  1.113e-08  1.322e-08  1.310e-09  4.373e-11  2.366e-12  1.505e-12  7.066e-10  4.710e-10  1.411e-06  2.054e-06  9.883e-09  8.777e-14  1.112e-14  4.867e-12  1.000e-11  8.765e-15  3.819e-11  6.062e-11  1.222e-06  5.139e-07  6.974e-05  4.708e-05  7.702e-06  1.800e-06  4.495e-09  2.096e-09  1.574e-08  2.225e-08  2.531e-21  1.150e-10  1.519e-10  1.169e-06  1.989e-06  4.479e-11  3.398e-09
1.71934e+15  -1.35986e+15  -3.09802e+14  2.21389e+15  6.37100e+04  4.13800e+02  1.95100e-01  2.54200e+03  1.458e-04  1.986e-05  2.050e-12  2.257e-10  1.725e-11  1.406e-14  2.610e-05  1.973e-14  4.454e-09  4.150e-09  2.188e-14  4.258e-10  2.787e-09  2.836e-17  2.411e-06  2.484e-07  6.075e-11  3.914e-11  2.121e-05  1.122e-08  1.281e-08  1.307e-09  4.363e-11  2.262e-12  1.441e-12  7.018e-10  4.603e-10  1.350e-06  1.941e-06  9.752e-09  7.837e-14  9.921e-15  4.565e-12  9.656e-12  7.990e-15  3.914e-11  6.075e-11  1.286e-06  5.342e-07  7.104e-05  4.829e-05  7.808e-06  1.814e-06  4.521e-09  2.161e-09  1.567e-08  2.503e-08  2.738e-21  1.280e-10  1.707e-10  1.240e-06  2.090e-06  4.783e-11  3.570e-09
1.75452e+15  -1.38639e+15  -3.15973e+14  2.25837e+15  6.02100e+04  4.03900e+02  1.91600e-01  2.54400e+03  1.458e-04  1.985e-05  1.959e-12  2.133e-10  1.531e-11  1.381e-14  2.537e-05  1.830e-14  4.246e-09  4.118e-09  2.191e-14  3.985e-10  2.723e-09  2.596e-17  2.378e-06  2.449e-07  6.086e-11  4.007e-11  2.130e-05  1.130e-08  1.241e-08  1.306e-09  4.351e-11  2.164e-12  1.381e-12  6.967e-10  4.496e-10  1.291e-06  1.834e-06  9.619e-09  7.006e-14  8.858e-15  4.279e-12  9.319e-12  7.277e-15  4.007e-11  6.086e-11  1.353e-06  5.549e-07  7.232e-05  4.951e-05  7.905e-06  1.826e-06  4.545e-09  2.227e-09  1.559e-08  2.810e-08  2.956e-21  1.422e-10  1.914e-10  1.313e-06  2.193e-06  5.101e-11  3.748e-09
1.78969e+15  -1.41293e+15  -3.21836e+14  2.30281e+15  5.69600e+04  3.94400e+02  1.89400e-01  2.54500e+03  1.458e-04  1.984e-05  1.872e-12  2.015e-10  1.358e-11  1.356e-14  2.465e-05  1.699e-14  4.046e-09  4.081e-09  2.193e-14  3.727e-10  2.660e-09  2.375e-17  2.345e-06  2.414e-07  6.092e-11  4.098e-11  2.138e-05  1.137e-08  1.202e-08  1.303e-09  4.335e-11  2.071e-12  1.325e-12  6.914e-10  4.391e-10  1.233e-06  1.732e-06  9.483e-09  6.255e-14  7.902e-15  4.008e-12  8.992e-12  6.623e-15  4.098e-11  6.092e-11  1.420e-06  5.757e-07  7.359e-05  5.071e-05  7.994e-06  1.836e-06  4.568e-09  2.291e-09  1.552e-08  3.142e-08  3.183e-21  1.575e-10  2.138e-10  1.389e-06  2.298e-06  5.426e-11  3.929e-09
1.82487e+15  -1.43978e+15  -3.27699e+14  2.34744e+15  5.39500e+04  3.85500e+02  1.86200e-01  2.54700e+03  1.458e-04  1.983e-05  1.788e-12  1.903e-10  1.204e-11  1.332e-14  2.395e-05  1.576e-14  3.853e-09  4.039e-09  2.194e-14  3.485e-10  2.597e-09  2.172e-17  2.312e-06  2.379e-07  6.096e-11  4.187e-11  2.145e-05  1.144e-08  1.165e-08  1.304e-09  4.315e-11  1.985e-12  1.273e-12  6.860e-10  4.286e-10  1.177e-06  1.634e-06  9.345e-09  5.605e-14  7.068e-15  3.751e-12  8.674e-12  6.023e-15  4.187e-11  6.096e-11  1.488e-06  5.970e-07  7.484e-05  5.191e-05  8.075e-06  1.844e-06  4.589e-09  2.355e-09  1.544e-08  3.507e-08  3.418e-21  1.741e-10  2.382e-10  1.466e-06  2.405e-06  5.764e-11  4.115e-09
1.86036e+15  -1.46631e+15  -3.33562e+14  2.39212e+15  5.11600e+04  3.77100e+02  1.82200e-01  2.54800e+03  1.458e-04  1.983e-05  1.707e-12  1.796e-10  1.065e-11  1.308e-14  2.326e-05  1.463e-14  3.668e-09  3.993e-09  2.194e-14  3.257e-10  2.535e-09  1.985e-17  2.277e-06  2.344e-07  6.096e-11  4.274e-11  2.150e-05  1.150e-08  1.128e-08  1.307e-09  4.293e-11  1.903e-12  1.223e-12  6.804e-10  4.182e-10  1.121e-06  1.541e-06  9.205e-09  5.041e-14  6.333e-15  3.509e-12  8.364e-12  5.471e-15  4.274e-11  6.096e-11  1.559e-06  6.189e-07  7.608e-05  5.310e-05  8.148e-06  1.850e-06  4.608e-09  2.418e-09  1.536e-08  3.910e-08  3.663e-21  1.920e-10  2.646e-10  1.545e-06  2.514e-06  6.119e-11  4.306e-09
