# Collapse Model Output 
 
# Orich/ev_output/ev_3777997.dat in GNUPLOT format produced by evolve_output.pl 
 
X                 Y                 Z                 R                 DENSITY           TEMP              AV                TIME              CO                N2                CH4               NH3               H2S               HCP               H2O               C2H2              HCN               CS                SiC2              HCl               HF                C2H4              SiO               SiS               SiN               SiC               OH                CN                SiOH+             HCO+              CH                CH2               CH3               NH                NH2               SO                SO2               HS                HCNH+             NH4+              H2CO              H2CS              CH3CN             SiC               SiN               C                 N                 H                 O                 S                 Si                Cl                F                 P                 C+                N+                H+                O+                S+                Si+               Cl+               P+              
#  (CM)              (CM)              (CM)              (CM)              (CM-3)            (K)               (MAG)             (YR)              (wrt              Hnuc)           
 
2.49292e+13  -1.60579e+14  -1.06579e+14  1.94335e+14  5.43300e+06  6.60900e+02  1.02700e+00  2.33000e+03  1.500e-04  2.006e-05  3.355e-23  2.261e-23  5.586e-16  8.863e-19  2.397e-09  7.427e-21  2.444e-11  4.182e-11  4.052e-21  3.129e-09  9.984e-10  1.801e-33  4.671e-06  2.740e-12  1.746e-13  1.339e-16  4.026e-08  1.861e-12  5.414e-12  1.127e-15  2.334e-15  4.389e-16  6.830e-21  2.619e-15  7.088e-20  6.269e-07  7.373e-08  1.099e-11  1.281e-22  1.038e-28  2.318e-17  6.648e-17  1.435e-20  1.339e-16  1.746e-13  1.038e-08  2.896e-07  1.542e-05  1.194e-04  1.193e-05  2.972e-06  1.871e-09  3.973e-09  2.565e-08  2.041e-12  6.418e-30  3.444e-16  1.967e-15  1.136e-08  6.175e-06  4.923e-15  8.839e-11
4.69640e+13  -1.86683e+14  -1.31728e+14  2.33256e+14  5.96300e+06  1.08200e+03  7.74900e-01  2.33200e+03  1.500e-04  2.006e-05  6.119e-20  1.118e-19  1.696e-13  8.898e-19  5.578e-08  3.197e-18  2.427e-11  4.207e-11  6.903e-19  3.329e-09  1.467e-09  9.828e-29  4.713e-06  2.718e-12  2.424e-13  4.124e-14  9.172e-07  1.704e-12  1.241e-10  1.808e-14  7.310e-13  1.655e-13  1.010e-16  1.625e-13  8.911e-17  7.569e-07  8.352e-08  1.658e-09  4.821e-21  1.610e-25  2.171e-15  3.587e-16  1.418e-20  4.124e-14  2.424e-13  1.104e-08  2.871e-07  1.855e-05  1.172e-04  1.178e-05  3.159e-06  1.670e-09  3.492e-09  2.561e-08  4.120e-12  5.691e-28  1.877e-15  9.510e-15  1.880e-08  5.943e-06  1.119e-14  1.238e-10
6.28861e+13  -2.07759e+14  -1.44718e+14  2.60886e+14  4.79200e+06  1.01100e+03  6.76200e-01  2.33300e+03  1.499e-04  2.006e-05  8.123e-20  1.391e-19  1.881e-13  8.964e-19  9.159e-08  4.334e-18  2.404e-11  5.355e-11  1.166e-18  3.384e-09  1.433e-09  1.984e-28  4.781e-06  2.688e-12  3.682e-13  2.486e-14  7.514e-07  2.189e-12  1.373e-10  2.904e-14  4.080e-13  8.092e-14  3.331e-17  6.337e-14  4.010e-17  8.811e-07  9.559e-08  9.113e-10  7.236e-21  1.052e-25  2.760e-15  5.304e-16  1.394e-20  2.486e-14  3.682e-13  1.265e-08  2.850e-07  2.078e-05  1.160e-04  1.164e-05  3.305e-06  1.616e-09  3.527e-09  2.557e-08  7.160e-12  4.236e-28  5.247e-15  2.569e-14  2.894e-08  5.728e-06  2.013e-14  1.717e-10
7.66791e+13  -2.25625e+14  -1.51136e+14  2.82185e+14  3.57700e+06  8.98600e+02  6.31600e-01  2.33500e+03  1.499e-04  2.006e-05  8.092e-20  1.051e-19  1.638e-13  8.987e-19  9.558e-08  3.632e-18  2.379e-11  6.733e-11  1.140e-18  3.351e-09  1.330e-09  1.830e-28  4.811e-06  2.654e-12  5.349e-13  1.100e-14  4.683e-07  2.882e-12  1.150e-10  3.290e-14  1.387e-13  2.280e-14  4.811e-18  1.812e-14  1.380e-17  9.249e-07  1.016e-07  3.191e-10  7.605e-21  3.593e-26  2.494e-15  5.692e-16  1.361e-20  1.100e-14  5.349e-13  1.515e-08  2.846e-07  2.175e-05  1.158e-04  1.158e-05  3.325e-06  1.649e-09  3.632e-09  2.551e-08  1.225e-11  2.469e-28  1.035e-14  5.041e-14  4.185e-08  5.679e-06  3.289e-14  2.344e-10
8.88984e+13  -2.40097e+14  -1.52864e+14  2.98189e+14  2.79300e+06  8.05400e+02  6.31300e-01  2.33600e+03  1.499e-04  2.006e-05  7.942e-20  7.694e-20  1.450e-13  8.971e-19  9.004e-08  2.781e-18  2.352e-11  8.104e-11  9.746e-19  3.287e-09  1.223e-09  1.460e-28  4.809e-06  2.617e-12  6.851e-13  4.840e-15  2.853e-07  3.616e-12  9.487e-11  3.162e-14  5.391e-14  7.519e-15  7.931e-19  9.508e-15  5.435e-18  9.253e-07  1.035e-07  1.138e-10  6.904e-21  1.769e-26  2.193e-15  5.703e-16  1.327e-20  4.840e-15  6.851e-13  1.771e-08  2.850e-07  2.215e-05  1.158e-04  1.156e-05  3.284e-06  1.713e-09  3.743e-09  2.545e-08  1.797e-11  1.700e-28  1.568e-14  7.644e-14  5.382e-08  5.722e-06  4.377e-14  2.951e-10
9.88651e+13  -2.50434e+14  -1.50365e+14  3.08384e+14  2.30100e+06  7.29200e+02  6.30100e-01  2.33800e+03  1.499e-04  2.006e-05  7.801e-20  5.750e-20  1.318e-13  8.931e-19  8.271e-08  2.132e-18  2.323e-11  9.418e-11  8.161e-19  3.210e-09  1.120e-09  1.158e-28  4.787e-06  2.577e-12  8.316e-13  2.410e-15  1.759e-07  4.355e-12  8.017e-11  3.024e-14  2.944e-14  3.466e-15  1.805e-19  6.860e-15  2.505e-18  9.057e-07  1.034e-07  4.216e-11  6.301e-21  1.100e-26  1.979e-15  5.639e-16  1.292e-20  2.410e-15  8.316e-13  2.034e-08  2.859e-07  2.231e-05  1.160e-04  1.157e-05  3.221e-06  1.790e-09  3.848e-09  2.539e-08  2.487e-11  1.267e-28  2.145e-14  1.050e-13  6.593e-08  5.809e-06  5.575e-14  3.571e-10
1.06919e+14  -2.56327e+14  -1.43762e+14  3.12734e+14  1.93700e+06  6.65700e+02  6.30800e-01  2.34000e+03  1.498e-04  2.006e-05  7.668e-20  4.400e-20  1.220e-13  8.877e-19  7.568e-08  1.669e-18  2.293e-11  1.067e-10  6.911e-19  3.127e-09  1.025e-09  9.494e-29  4.749e-06  2.536e-12  9.814e-13  1.482e-15  1.111e-07  5.090e-12  6.969e-11  2.944e-14  2.406e-14  2.342e-15  6.233e-20  5.656e-15  1.353e-18  8.771e-07  1.022e-07  1.629e-11  5.897e-21  7.717e-27  1.829e-15  5.557e-16  1.257e-20  1.482e-15  9.814e-13  2.298e-08  2.870e-07  2.236e-05  1.162e-04  1.159e-05  3.151e-06  1.873e-09  3.946e-09  2.533e-08  3.312e-11  9.938e-29  2.775e-14  1.365e-13  7.849e-08  5.917e-06  6.906e-14  4.216e-10
1.14170e+14  -2.58210e+14  -1.34320e+14  3.12648e+14  1.69700e+06  6.56200e+02  5.83600e-01  2.34100e+03  1.498e-04  2.006e-05  7.522e-20  3.439e-20  1.129e-13  8.818e-19  6.953e-08  1.330e-18  2.259e-11  1.184e-10  5.953e-19  3.037e-09  9.913e-10  7.998e-29  4.689e-06  2.492e-12  1.186e-12  1.189e-15  7.936e-08  5.847e-12  6.327e-11  3.563e-14  2.752e-14  2.463e-15  5.564e-20  5.546e-15  8.687e-19  8.400e-07  1.004e-07  1.098e-11  7.020e-21  7.370e-27  1.698e-15  5.466e-16  1.218e-20  1.189e-15  1.186e-12  2.687e-08  2.885e-07  2.238e-05  1.164e-04  1.161e-05  3.079e-06  1.963e-09  3.981e-09  2.524e-08  4.869e-11  1.214e-28  3.896e-14  1.938e-13  9.743e-08  6.051e-06  9.968e-14  5.127e-10
1.24322e+14  -2.59536e+14  -1.28364e+14  3.15107e+14  1.98800e+06  1.59000e+03  5.10700e-01  2.34300e+03  1.498e-04  2.006e-05  6.353e-17  1.289e-16  7.031e-12  1.469e-18  2.380e-07  3.049e-16  2.323e-11  1.384e-10  2.756e-17  3.174e-09  1.699e-09  1.180e-24  4.665e-06  2.453e-12  1.159e-12  1.643e-12  3.412e-06  5.368e-12  4.971e-10  5.911e-13  4.559e-11  1.465e-11  4.724e-14  2.351e-11  5.594e-14  9.540e-07  1.124e-07  2.424e-08  3.538e-19  6.310e-22  1.109e-13  9.874e-15  1.455e-20  1.643e-12  1.159e-12  3.356e-08  2.882e-07  2.820e-05  1.119e-04  1.144e-05  3.160e-06  1.826e-09  3.253e-09  2.518e-08  6.600e-11  3.854e-25  1.045e-13  3.607e-13  1.104e-07  5.985e-06  1.114e-13  5.711e-10
1.41509e+14  -2.65029e+14  -1.33641e+14  3.28824e+14  2.13700e+06  2.13400e+03  4.78600e-01  2.34400e+03  1.495e-04  2.006e-05  8.991e-15  3.052e-14  1.306e-10  4.682e-18  1.775e-06  8.000e-15  2.526e-11  2.385e-10  5.230e-16  3.342e-09  2.091e-09  1.382e-21  4.937e-06  2.416e-12  1.203e-12  1.487e-11  1.195e-05  6.153e-12  2.445e-09  3.461e-12  2.940e-10  1.122e-10  1.305e-12  3.906e-10  3.288e-12  1.600e-06  2.090e-07  1.371e-07  2.294e-18  1.435e-19  2.641e-12  1.900e-13  2.785e-20  1.487e-11  1.203e-12  3.837e-08  2.790e-07  4.896e-05  9.663e-05  1.059e-05  3.598e-06  1.657e-09  2.852e-09  2.524e-08  6.290e-11  8.273e-24  4.177e-13  7.655e-13  1.001e-07  5.247e-06  1.234e-13  5.062e-10
1.61381e+14  -2.73329e+14  -1.43175e+14  3.48212e+14  2.00900e+06  2.18500e+03  4.72400e-01  2.34600e+03  1.491e-04  2.006e-05  2.519e-14  1.129e-13  1.787e-10  9.412e-18  3.829e-06  2.318e-14  2.828e-11  3.851e-10  1.932e-15  3.243e-09  2.277e-09  8.382e-21  5.499e-06  2.386e-12  1.393e-12  2.369e-11  1.454e-05  9.194e-12  4.209e-09  7.345e-12  3.372e-10  1.181e-10  1.904e-12  4.655e-10  6.217e-12  2.339e-06  4.334e-07  1.485e-07  4.068e-18  7.394e-19  5.063e-12  5.354e-13  4.820e-20  2.369e-11  1.393e-12  4.032e-08  2.652e-07  6.783e-05  8.526e-05  9.615e-06  3.977e-06  1.756e-09  2.661e-09  2.533e-08  5.308e-11  1.323e-23  8.020e-13  1.084e-12  8.377e-08  4.288e-06  1.618e-13  3.987e-10
1.82734e+14  -2.84037e+14  -1.53142e+14  3.70838e+14  1.95900e+06  2.26700e+03  4.55200e-01  2.34800e+03  1.488e-04  2.005e-05  3.636e-14  2.221e-13  1.637e-10  1.522e-17  5.798e-06  3.771e-14  3.270e-11  5.389e-10  3.677e-15  3.005e-09  2.438e-09  1.895e-20  6.181e-06  2.361e-12  1.612e-12  2.581e-11  1.547e-05  1.324e-11  5.734e-09  1.351e-11  3.740e-10  1.145e-10  2.187e-12  5.517e-10  8.568e-12  2.889e-06  7.518e-07  1.532e-07  7.850e-18  2.212e-18  5.276e-12  8.915e-13  7.631e-20  2.581e-11  1.612e-12  4.173e-08  2.511e-07  8.425e-05  7.632e-05  8.744e-06  4.066e-06  1.994e-09  2.495e-09  2.538e-08  4.857e-11  2.004e-23  1.213e-12  1.323e-12  7.356e-08  3.499e-06  2.283e-13  3.302e-10
2.06216e+14  -2.97428e+14  -1.63788e+14  3.97259e+14  1.96400e+06  2.30200e+03  4.36700e-01  2.34900e+03  1.484e-04  2.005e-05  3.903e-14  3.268e-13  1.273e-10  2.177e-17  7.446e-06  4.934e-14  3.841e-11  6.857e-10  5.409e-15  2.707e-09  2.569e-09  2.828e-20  6.883e-06  2.338e-12  1.818e-12  2.453e-11  1.540e-05  1.831e-11  6.899e-09  2.168e-11  3.735e-10  9.965e-11  2.122e-12  5.648e-10  9.869e-12  3.242e-06  1.124e-06  1.435e-07  1.434e-17  4.519e-18  4.483e-12  1.215e-12  1.138e-19  2.453e-11  1.818e-12  4.349e-08  2.381e-07  9.773e-05  6.978e-05  8.028e-06  3.952e-06  2.292e-09  2.361e-09  2.539e-08  4.739e-11  2.474e-23  1.628e-12  1.523e-12  6.834e-08  2.894e-06  3.168e-13  2.964e-10
2.30901e+14  -3.14431e+14  -1.75236e+14  4.27656e+14  1.79100e+06  2.07600e+03  4.20100e-01  2.35100e+03  1.481e-04  2.005e-05  3.390e-14  3.531e-13  7.734e-11  2.705e-17  8.319e-06  5.277e-14  4.312e-11  8.058e-10  6.712e-15  2.455e-09  2.604e-09  2.902e-20  7.443e-06  2.316e-12  2.092e-12  2.016e-11  1.349e-05  2.510e-11  7.331e-09  2.928e-11  2.364e-10  5.609e-11  1.240e-12  3.147e-10  8.123e-12  3.401e-06  1.448e-06  9.032e-08  2.125e-17  5.497e-18  3.534e-12  1.401e-12  1.481e-19  2.016e-11  2.092e-12  4.760e-08  2.296e-07  1.059e-04  6.706e-05  7.595e-06  3.781e-06  2.544e-09  2.325e-09  2.535e-08  5.461e-11  1.731e-23  2.120e-12  1.901e-12  7.116e-08  2.491e-06  4.458e-13  3.047e-10
2.53920e+14  -3.32327e+14  -1.87671e+14  4.58408e+14  1.46100e+06  1.77300e+03  4.14000e-01  2.35200e+03  1.480e-04  2.005e-05  2.964e-14  3.394e-13  4.575e-11  3.009e-17  8.602e-06  5.022e-14  4.588e-11  9.067e-10  7.432e-15  2.276e-09  2.564e-09  2.616e-20  7.785e-06  2.294e-12  2.467e-12  1.539e-11  1.132e-05  3.330e-11  7.297e-09  3.548e-11  1.191e-10  2.578e-11  5.775e-13  1.452e-10  6.016e-12  3.412e-06  1.658e-06  4.889e-08  2.770e-17  5.320e-18  2.736e-12  1.455e-12  1.682e-19  1.539e-11  2.467e-12  5.397e-08  2.260e-07  1.104e-04  6.650e-05  7.404e-06  3.642e-06  2.723e-09  2.367e-09  2.527e-08  7.196e-11  1.047e-23  2.841e-12  2.596e-12  8.180e-08  2.280e-06  6.218e-13  3.494e-10
2.74471e+14  -3.49916e+14  -2.00446e+14  4.87805e+14  1.19800e+06  1.55700e+03  4.03400e-01  2.35400e+03  1.478e-04  2.005e-05  2.709e-14  3.192e-13  2.913e-11  3.169e-17  8.624e-06  4.590e-14  4.739e-11  1.006e-09  7.778e-15  2.137e-09  2.494e-09  2.273e-20  7.966e-06  2.273e-12  2.906e-12  1.166e-11  9.608e-06  4.240e-11  7.105e-09  4.102e-11  6.239e-11  1.205e-11  2.671e-13  7.174e-11  4.541e-12  3.344e-06  1.777e-06  2.723e-08  3.375e-17  4.825e-18  2.109e-12  1.451e-12  1.764e-19  1.166e-11  2.906e-12  6.272e-08  2.258e-07  1.133e-04  6.677e-05  7.360e-06  3.544e-06  2.861e-09  2.440e-09  2.518e-08  1.001e-10  6.539e-24  3.887e-12  3.665e-12  9.807e-08  2.192e-06  8.403e-13  4.153e-10
2.93325e+14  -3.67504e+14  -2.12109e+14  5.15838e+14  1.01800e+06  1.41300e+03  3.97600e-01  2.35600e+03  1.477e-04  2.004e-05  2.540e-14  2.993e-13  1.999e-11  3.259e-17  8.538e-06  4.141e-14  4.824e-11  1.110e-09  7.921e-15  2.020e-09  2.411e-09  1.962e-20  8.046e-06  2.250e-12  3.352e-12  9.022e-12  8.296e-06  5.224e-11  6.871e-09  4.434e-11  3.578e-11  6.110e-12  1.301e-13  3.891e-11  3.542e-12  3.240e-06  1.840e-06  1.604e-08  3.748e-17  4.236e-18  1.663e-12  1.427e-12  1.782e-19  9.022e-12  3.352e-12  7.271e-08  2.277e-07  1.153e-04  6.741e-05  7.395e-06  3.476e-06  2.978e-09  2.524e-09  2.508e-08  1.354e-10  4.227e-24  5.159e-12  4.999e-12  1.170e-07  2.176e-06  1.057e-12  4.861e-10
3.11036e+14  -3.84475e+14  -2.22045e+14  5.42097e+14  8.87600e+05  1.31100e+03  3.86700e-01  2.35700e+03  1.477e-04  2.004e-05  2.415e-14  2.806e-13  1.454e-11  3.313e-17  8.399e-06  3.714e-14  4.866e-11  1.219e-09  7.955e-15  1.916e-09  2.323e-09  1.694e-20  8.056e-06  2.225e-12  3.805e-12  7.172e-12  7.280e-06  6.280e-11  6.627e-09  4.707e-11  2.238e-11  3.385e-12  6.708e-14  2.290e-11  2.839e-12  3.116e-06  1.864e-06  9.959e-09  4.002e-17  3.669e-18  1.348e-12  1.396e-12  1.765e-19  7.172e-12  3.805e-12  8.452e-08  2.312e-07  1.168e-04  6.827e-05  7.481e-06  3.432e-06  3.081e-09  2.616e-09  2.497e-08  1.829e-10  2.909e-24  6.783e-12  6.745e-12  1.390e-07  2.208e-06  1.308e-12  5.640e-10
3.28008e+14  -4.01447e+14  -2.30099e+14  5.67181e+14  7.82600e+05  1.22700e+03  3.84700e-01  2.35900e+03  1.476e-04  2.004e-05  2.314e-14  2.633e-13  1.110e-11  3.347e-17  8.234e-06  3.327e-14  4.878e-11  1.328e-09  7.930e-15  1.822e-09  2.229e-09  1.471e-20  8.020e-06  2.200e-12  4.240e-12  5.863e-12  6.477e-06  7.394e-11  6.388e-09  4.751e-11  1.485e-11  2.011e-12  3.651e-14  1.450e-11  2.328e-12  2.986e-06  1.863e-06  6.452e-09  3.998e-17  3.136e-18  1.125e-12  1.363e-12  1.728e-19  5.863e-12  4.240e-12  9.670e-08  2.356e-07  1.181e-04  6.923e-05  7.593e-06  3.405e-06  3.175e-09  2.712e-09  2.486e-08  2.374e-10  2.085e-24  8.590e-12  8.732e-12  1.620e-07  2.271e-06  1.541e-12  6.408e-10
3.44053e+14  -4.17801e+14  -2.36517e+14  5.90652e+14  6.88600e+05  1.15000e+03  3.79500e-01  2.36000e+03  1.476e-04  2.003e-05  2.228e-14  2.473e-13  8.821e-12  3.367e-17  8.055e-06  2.980e-14  4.862e-11  1.434e-09  7.875e-15  1.735e-09  2.133e-09  1.285e-20  7.946e-06  2.174e-12  4.684e-12  4.935e-12  5.837e-06  8.542e-11  6.157e-09  4.799e-11  1.022e-11  1.251e-12  2.096e-14  9.857e-12  1.949e-12  2.852e-06  1.845e-06  4.331e-09  3.952e-17  2.679e-18  9.652e-13  1.329e-12  1.679e-19  4.935e-12  4.684e-12  1.099e-07  2.407e-07  1.191e-04  7.028e-05  7.723e-06  3.391e-06  3.262e-09  2.812e-09  2.475e-08  3.072e-10  1.609e-24  1.072e-11  1.118e-11  1.875e-07  2.358e-06  1.825e-12  7.252e-10
3.59173e+14  -4.33538e+14  -2.41701e+14  6.12682e+14  6.02300e+05  1.07800e+03  3.77900e-01  2.36200e+03  1.476e-04  2.003e-05  2.153e-14  2.326e-13  7.259e-12  3.376e-17  7.871e-06  2.671e-14  4.821e-11  1.533e-09  7.810e-15  1.654e-09  2.034e-09  1.131e-20  7.844e-06  2.147e-12  5.138e-12  4.272e-12  5.325e-06  9.703e-11  5.937e-09  4.780e-11  7.247e-12  8.031e-13  1.268e-14  7.177e-12  1.663e-12  2.717e-06  1.814e-06  3.000e-09  3.814e-17  2.286e-18  8.481e-13  1.295e-12  1.620e-19  4.272e-12  5.138e-12  1.235e-07  2.463e-07  1.199e-04  7.137e-05  7.863e-06  3.388e-06  3.343e-09  2.913e-09  2.463e-08  3.919e-10  1.319e-24  1.317e-11  1.408e-11  2.151e-07  2.464e-06  2.138e-12  8.165e-10
3.73676e+14  -4.48966e+14  -2.45959e+14  6.33798e+14  5.24500e+05  1.01100e+03  3.68800e-01  2.36400e+03  1.476e-04  2.003e-05  2.083e-14  2.189e-13  6.132e-12  3.376e-17  7.683e-06  2.395e-14  4.757e-11  1.623e-09  7.747e-15  1.576e-09  1.934e-09  9.996e-21  7.714e-06  2.120e-12  5.634e-12  3.801e-12  4.916e-06  1.087e-10  5.726e-09  4.867e-11  5.339e-12  5.311e-13  8.082e-15  5.573e-12  1.443e-12  2.581e-06  1.774e-06  2.139e-09  3.734e-17  1.959e-18  7.593e-13  1.261e-12  1.555e-19  3.801e-12  5.634e-12  1.390e-07  2.526e-07  1.206e-04  7.251e-05  8.010e-06  3.392e-06  3.420e-09  3.016e-09  2.449e-08  5.076e-10  1.168e-24  1.620e-11  1.785e-11  2.467e-07  2.590e-06  2.562e-12  9.248e-10
3.87561e+14  -4.63469e+14  -2.49384e+14  6.53605e+14  4.55900e+05  9.49100e+02  3.64700e-01  2.36500e+03  1.475e-04  2.003e-05  2.017e-14  2.062e-13  5.289e-12  3.370e-17  7.496e-06  2.151e-14  4.676e-11  1.704e-09  7.690e-15  1.501e-09  1.835e-09  8.884e-21  7.564e-06  2.092e-12  6.156e-12  3.463e-12  4.587e-06  1.202e-10  5.525e-09  4.883e-11  4.128e-12  3.637e-13  5.409e-15  4.578e-12  1.271e-12  2.447e-06  1.727e-06  1.569e-09  3.571e-17  1.676e-18  6.899e-13  1.228e-12  1.486e-19  3.463e-12  6.156e-12  1.554e-07  2.594e-07  1.212e-04  7.366e-05  8.157e-06  3.402e-06  3.494e-09  3.117e-09  2.434e-08  6.496e-10  1.080e-24  1.978e-11  2.240e-11  2.814e-07  2.731e-06  3.031e-12  1.044e-09
4.00521e+14  -4.77354e+14  -2.52100e+14  6.72189e+14  3.97000e+05  8.93100e+02  3.55300e-01  2.36700e+03  1.475e-04  2.002e-05  1.954e-14  1.944e-13  4.628e-12  3.358e-17  7.311e-06  1.931e-14  4.580e-11  1.776e-09  7.643e-15  1.429e-09  1.738e-09  7.923e-21  7.395e-06  2.065e-12  6.718e-12  3.222e-12  4.323e-06  1.317e-10  5.331e-09  4.973e-11  3.372e-12  2.591e-13  3.791e-15  3.942e-12  1.134e-12  2.313e-06  1.676e-06  1.181e-09  3.448e-17  1.440e-18  6.334e-13  1.194e-12  1.414e-19  3.222e-12  6.718e-12  1.738e-07  2.667e-07  1.218e-04  7.484e-05  8.304e-06  3.415e-06  3.566e-09  3.217e-09  2.418e-08  8.350e-10  1.051e-24  2.408e-11  2.807e-11  3.205e-07  2.888e-06  3.616e-12  1.179e-09
4.12864e+14  -4.90623e+14  -2.54106e+14  6.89737e+14  3.48200e+05  8.44200e+02  3.51700e-01  2.36800e+03  1.475e-04  2.002e-05  1.893e-14  1.833e-13  4.093e-12  3.342e-17  7.129e-06  1.736e-14  4.475e-11  1.841e-09  7.604e-15  1.360e-09  1.644e-09  7.091e-21  7.216e-06  2.036e-12  7.295e-12  3.047e-12  4.108e-06  1.431e-10  5.147e-09  4.981e-11  2.902e-12  1.929e-13  2.770e-15  3.522e-12  1.023e-12  2.185e-06  1.622e-06  9.116e-10  3.251e-17  1.236e-18  5.860e-13  1.162e-12  1.342e-19  3.047e-12  7.295e-12  1.930e-07  2.742e-07  1.223e-04  7.600e-05  8.446e-06  3.428e-06  3.634e-09  3.314e-09  2.401e-08  1.054e-09  1.043e-24  2.906e-11  3.470e-11  3.623e-07  3.056e-06  4.231e-12  1.323e-09
4.24898e+14  -5.03274e+14  -2.55371e+14  7.06426e+14  3.10900e+05  8.07600e+02  3.45100e-01  2.37000e+03  1.475e-04  2.002e-05  1.833e-14  1.729e-13  3.643e-12  3.323e-17  6.949e-06  1.560e-14  4.365e-11  1.899e-09  7.572e-15  1.294e-09  1.554e-09  6.356e-21  7.028e-06  2.008e-12  7.881e-12  2.916e-12  3.929e-06  1.545e-10  4.972e-09  5.023e-11  2.614e-12  1.506e-13  2.097e-15  3.236e-12  9.301e-13  2.061e-06  1.567e-06  7.182e-10  3.069e-17  1.064e-18  5.445e-13  1.130e-12  1.270e-19  2.916e-12  7.881e-12  2.136e-07  2.822e-07  1.228e-04  7.717e-05  8.581e-06  3.440e-06  3.700e-09  3.407e-09  2.383e-08  1.317e-09  1.054e-24  3.482e-11  4.242e-11  4.071e-07  3.235e-06  4.905e-12  1.475e-09
4.36315e+14  -5.15617e+14  -2.56050e+14  7.22352e+14  2.95100e+05  8.23800e+02  3.38100e-01  2.37200e+03  1.475e-04  2.001e-05  1.774e-14  1.630e-13  3.238e-12  3.304e-17  6.772e-06  1.401e-14  4.258e-11  1.954e-09  7.535e-15  1.231e-09  1.475e-09  5.689e-21  6.836e-06  1.979e-12  8.418e-12  2.801e-12  3.770e-06  1.660e-10  4.810e-09  5.143e-11  2.453e-12  1.302e-13  1.618e-15  3.026e-12  8.480e-13  1.943e-06  1.511e-06  5.753e-10  2.900e-17  9.195e-19  5.053e-13  1.099e-12  1.200e-19  2.801e-12  8.418e-12  2.357e-07  2.905e-07  1.232e-04  7.833e-05  8.710e-06  3.445e-06  3.762e-09  3.488e-09  2.366e-08  1.606e-09  1.061e-24  4.214e-11  5.117e-11  4.530e-07  3.423e-06  5.496e-12  1.622e-09
4.48658e+14  -5.27959e+14  -2.57562e+14  7.39170e+14  3.18100e+05  9.95800e+02  3.31600e-01  2.37300e+03  1.475e-04  2.001e-05  1.713e-14  1.533e-13  2.808e-12  3.292e-17  6.600e-06  1.257e-14  4.194e-11  2.014e-09  7.468e-15  1.173e-09  1.428e-09  5.041e-21  6.647e-06  1.948e-12  8.765e-12  2.661e-12  3.621e-06  1.781e-10  4.674e-09  5.575e-11  3.043e-12  1.638e-13  1.258e-15  2.862e-12  7.675e-13  1.836e-06  1.456e-06  5.152e-10  2.862e-17  8.075e-19  4.597e-13  1.068e-12  1.139e-19  2.661e-12  8.765e-12  2.592e-07  2.995e-07  1.236e-04  7.946e-05  8.830e-06  3.438e-06  3.820e-09  3.536e-09  2.352e-08  1.869e-09  1.060e-24  5.287e-11  6.040e-11  4.950e-07  3.623e-06  5.677e-12  1.733e-09
4.62543e+14  -5.42154e+14  -2.62468e+14  7.59451e+14  3.70500e+05  1.19500e+03  3.24600e-01  2.37500e+03  1.475e-04  2.001e-05  1.645e-14  1.435e-13  2.330e-12  3.297e-17  6.430e-06  1.125e-14  4.229e-11  2.092e-09  7.354e-15  1.124e-09  1.406e-09  4.414e-21  6.468e-06  1.914e-12  8.833e-12  2.478e-12  3.489e-06  1.911e-10  4.545e-09  5.710e-11  9.316e-12  4.617e-13  1.089e-15  2.854e-12  6.839e-13  1.742e-06  1.403e-06  7.614e-10  2.778e-17  6.942e-19  4.030e-13  1.037e-12  1.093e-19  2.478e-12  8.833e-12  2.835e-07  3.089e-07  1.241e-04  8.055e-05  8.945e-06  3.414e-06  3.869e-09  3.559e-09  2.344e-08  2.049e-09  1.076e-24  6.380e-11  6.807e-11  5.285e-07  3.827e-06  5.390e-12  1.785e-09
4.78897e+14  -5.57582e+14  -2.71540e+14  7.83565e+14  4.14000e+05  1.27500e+03  3.17100e-01  2.37600e+03  1.475e-04  2.000e-05  1.571e-14  1.336e-13  1.880e-12  3.316e-17  6.258e-06  1.004e-14  4.346e-11  2.187e-09  7.200e-15  1.082e-09  1.386e-09  3.879e-21  6.301e-06  1.876e-12  8.707e-12  2.296e-12  3.373e-06  2.055e-10  4.413e-09  5.423e-11  2.063e-11  1.259e-12  1.302e-15  3.070e-12  6.013e-13  1.658e-06  1.351e-06  1.238e-09  2.601e-17  5.843e-19  3.457e-13  1.007e-12  1.060e-19  2.296e-12  8.707e-12  3.087e-07  3.189e-07  1.247e-04  8.160e-05  9.054e-06  3.381e-06  3.912e-09  3.580e-09  2.340e-08  2.187e-09  1.135e-24  7.083e-11  7.334e-11  5.551e-07  4.030e-06  5.048e-12  1.796e-09
4.96486e+14  -5.73936e+14  -2.83234e+14  8.10014e+14  4.29600e+05  1.27400e+03  3.14500e-01  2.37800e+03  1.475e-04  2.000e-05  1.499e-14  1.240e-13  1.515e-12  3.338e-17  6.085e-06  8.952e-15  4.488e-11  2.285e-09  7.026e-15  1.044e-09  1.355e-09  3.468e-21  6.141e-06  1.836e-12  8.517e-12  2.159e-12  3.255e-06  2.212e-10  4.283e-09  5.060e-11  2.817e-11  2.106e-12  1.841e-15  3.232e-12  5.260e-13  1.582e-06  1.301e-06  1.582e-09  2.410e-17  4.913e-19  2.979e-13  9.785e-13  1.032e-19  2.159e-12  8.517e-12  3.335e-07  3.291e-07  1.252e-04  8.264e-05  9.158e-06  3.345e-06  3.950e-09  3.612e-09  2.337e-08  2.345e-09  1.193e-24  7.546e-11  7.789e-11  5.784e-07  4.228e-06  4.884e-12  1.798e-09
5.15000e+14  -5.90599e+14  -2.96102e+14  8.37680e+14  4.19600e+05  1.23500e+03  3.11600e-01  2.37900e+03  1.475e-04  1.999e-05  1.432e-14  1.150e-13  1.237e-12  3.353e-17  5.913e-06  7.987e-15  4.607e-11  2.376e-09  6.853e-15  1.006e-09  1.312e-09  3.143e-21  5.984e-06  1.796e-12  8.371e-12  2.069e-12  3.130e-06  2.376e-10  4.153e-09  4.819e-11  2.920e-11  2.466e-12  2.244e-15  3.220e-12  4.612e-13  1.509e-06  1.251e-06  1.664e-09  2.266e-17  4.159e-19  2.613e-13  9.502e-13  1.002e-19  2.069e-12  8.371e-12  3.586e-07  3.394e-07  1.257e-04  8.367e-05  9.256e-06  3.309e-06  3.988e-09  3.656e-09  2.332e-08  2.581e-09  1.231e-24  8.036e-11  8.385e-11  6.034e-07  4.423e-06  4.985e-12  1.818e-09
5.34131e+14  -6.06953e+14  -3.09185e+14  8.65611e+14  3.93700e+05  1.18200e+03  3.07000e-01  2.38100e+03  1.475e-04  1.999e-05  1.371e-14  1.065e-13  1.025e-12  3.358e-17  5.741e-06  7.133e-15  4.683e-11  2.454e-09  6.695e-15  9.672e-10  1.260e-09  2.859e-21  5.823e-06  1.756e-12  8.320e-12  2.002e-12  3.004e-06  2.542e-10  4.022e-09  4.722e-11  2.615e-11  2.339e-12  2.275e-15  3.111e-12  4.069e-13  1.437e-06  1.202e-06  1.558e-09  2.171e-17  3.543e-19  2.332e-13  9.225e-13  9.661e-20  2.002e-12  8.320e-12  3.851e-07  3.500e-07  1.262e-04  8.470e-05  9.348e-06  3.276e-06  4.026e-09  3.709e-09  2.324e-08  2.927e-09  1.263e-24  8.713e-11  9.249e-11  6.334e-07  4.620e-06  5.334e-12  1.871e-09
5.53262e+14  -6.23307e+14  -3.22453e+14  8.93637e+14  3.63300e+05  1.13000e+03  3.01400e-01  2.38300e+03  1.475e-04  1.998e-05  1.315e-14  9.875e-14  8.606e-13  3.356e-17  5.573e-06  6.371e-15  4.717e-11  2.518e-09  6.556e-15  9.277e-10  1.204e-09  2.595e-21  5.658e-06  1.718e-12  8.365e-12  1.941e-12  2.884e-06  2.707e-10  3.891e-09  4.731e-11  2.195e-11  1.987e-12  2.049e-15  2.989e-12  3.618e-13  1.366e-06  1.154e-06  1.375e-09  2.105e-17  3.033e-19  2.104e-13  8.953e-13  9.255e-20  1.941e-12  8.365e-12  4.133e-07  3.610e-07  1.267e-04  8.575e-05  9.432e-06  3.244e-06  4.065e-09  3.766e-09  2.314e-08  3.389e-09  1.305e-24  9.640e-11  1.041e-10  6.693e-07  4.819e-06  5.859e-12  1.955e-09
5.72393e+14  -6.39044e+14  -3.34487e+14  9.20811e+14  3.33400e+05  1.08100e+03  2.99800e-01  2.38400e+03  1.475e-04  1.998e-05  1.262e-14  9.161e-14  7.313e-13  3.348e-17  5.408e-06  5.692e-15  4.716e-11  2.569e-09  6.433e-15  8.882e-10  1.147e-09  2.347e-21  5.491e-06  1.680e-12  8.481e-12  1.879e-12  2.772e-06  2.869e-10  3.761e-09  4.759e-11  1.788e-11  1.594e-12  1.725e-15  2.889e-12  3.242e-13  1.297e-06  1.106e-06  1.176e-09  2.031e-17  2.601e-19  1.914e-13  8.688e-13  8.820e-20  1.879e-12  8.481e-12  4.421e-07  3.720e-07  1.271e-04  8.678e-05  9.510e-06  3.212e-06  4.104e-09  3.824e-09  2.301e-08  3.935e-09  1.348e-24  1.077e-10  1.180e-10  7.098e-07  5.020e-06  6.445e-12  2.060e-09
5.91216e+14  -6.54781e+14  -3.45596e+14  9.47476e+14  3.05000e+05  1.03400e+03  2.96300e-01  2.38600e+03  1.475e-04  1.997e-05  1.213e-14  8.504e-14  6.276e-13  3.334e-17  5.247e-06  5.081e-15  4.684e-11  2.608e-09  6.325e-15  8.487e-10  1.090e-09  2.114e-21  5.322e-06  1.643e-12  8.661e-12  1.817e-12  2.670e-06  3.027e-10  3.634e-09  4.830e-11  1.439e-11  1.241e-12  1.403e-15  2.817e-12  2.926e-13  1.229e-06  1.059e-06  9.897e-10  1.967e-17  2.239e-19  1.751e-13  8.429e-13  8.367e-20  1.817e-12  8.661e-12  4.723e-07  3.833e-07  1.275e-04  8.780e-05  9.580e-06  3.179e-06  4.143e-09  3.883e-09  2.286e-08  4.585e-09  1.408e-24  1.208e-10  1.342e-10  7.551e-07  5.224e-06  7.130e-12  2.186e-09
6.10038e+14  -6.70209e+14  -3.56087e+14  9.73717e+14  2.78400e+05  9.90100e+02  2.95700e-01  2.38700e+03  1.475e-04  1.997e-05  1.166e-14  7.902e-14  5.434e-13  3.317e-17  5.091e-06  4.535e-15  4.629e-11  2.637e-09  6.230e-15  8.098e-10  1.035e-09  1.901e-21  5.153e-06  1.608e-12  8.887e-12  1.757e-12  2.579e-06  3.181e-10  3.510e-09  4.904e-11  1.158e-11  9.535e-13  1.128e-15  2.772e-12  2.659e-13  1.163e-06  1.014e-06  8.268e-10  1.893e-17  1.932e-19  1.610e-13  8.177e-13  7.909e-20  1.757e-12  8.887e-12  5.028e-07  3.946e-07  1.278e-04  8.881e-05  9.643e-06  3.144e-06  4.181e-09  3.939e-09  2.270e-08  5.322e-09  1.479e-24  1.355e-10  1.524e-10  8.042e-07  5.430e-06  7.855e-12  2.327e-09
6.28244e+14  -6.85638e+14  -3.65344e+14  9.99132e+14  2.54000e+05  9.49400e+02  2.92000e-01  2.38900e+03  1.475e-04  1.996e-05  1.122e-14  7.348e-14  4.737e-13  3.297e-17  4.940e-06  4.043e-15  4.554e-11  2.655e-09  6.148e-15  7.715e-10  9.818e-10  1.705e-21  4.983e-06  1.573e-12  9.157e-12  1.702e-12  2.499e-06  3.330e-10  3.390e-09  5.018e-11  9.391e-12  7.311e-13  9.092e-16  2.749e-12  2.432e-13  1.099e-06  9.692e-07  6.899e-10  1.832e-17  1.675e-19  1.486e-13  7.931e-13  7.452e-20  1.702e-12  9.157e-12  5.346e-07  4.060e-07  1.281e-04  8.980e-05  9.698e-06  3.108e-06  4.219e-09  3.994e-09  2.253e-08  6.184e-09  1.572e-24  1.518e-10  1.728e-10  8.579e-07  5.638e-06  8.694e-12  2.485e-09
6.46141e+14  -7.01066e+14  -3.73984e+14  1.02414e+15  2.32000e+05  9.12000e+02  2.93700e-01  2.39100e+03  1.475e-04  1.996e-05  1.079e-14  6.841e-14  4.157e-13  3.275e-17  4.794e-06  3.607e-15  4.466e-11  2.664e-09  6.076e-15  7.344e-10  9.315e-10  1.529e-21  4.816e-06  1.539e-12  9.450e-12  1.652e-12  2.427e-06  3.473e-10  3.275e-09  5.108e-11  7.723e-12  5.635e-13  7.416e-16  2.742e-12  2.237e-13  1.039e-06  9.266e-07  5.771e-10  1.754e-17  1.454e-19  1.376e-13  7.693e-13  7.007e-20  1.652e-12  9.450e-12  5.660e-07  4.173e-07  1.285e-04  9.076e-05  9.746e-06  3.070e-06  4.255e-09  4.045e-09  2.235e-08  7.124e-09  1.669e-24  1.696e-10  1.949e-10  9.141e-07  5.846e-06  9.526e-12  2.650e-09
6.63729e+14  -7.16494e+14  -3.82007e+14  1.04873e+15  2.12400e+05  8.77200e+02  2.93100e-01  2.39200e+03  1.475e-04  1.995e-05  1.039e-14  6.373e-14  3.667e-13  3.251e-17  4.653e-06  3.218e-15  4.369e-11  2.666e-09  6.013e-15  6.985e-10  8.839e-10  1.370e-21  4.651e-06  1.506e-12  9.764e-12  1.607e-12  2.364e-06  3.610e-10  3.163e-09  5.215e-11  6.459e-12  4.384e-13  6.155e-16  2.747e-12  2.069e-13  9.807e-07  8.855e-07  4.849e-10  1.684e-17  1.267e-19  1.277e-13  7.461e-13  6.577e-20  1.607e-12  9.764e-12  5.977e-07  4.286e-07  1.287e-04  9.170e-05  9.786e-06  3.030e-06  4.290e-09  4.094e-09  2.215e-08  8.173e-09  1.781e-24  1.886e-10  2.187e-10  9.732e-07  6.053e-06  1.042e-11  2.826e-09
6.80700e+14  -7.31923e+14  -3.89721e+14  1.07282e+15  1.95100e+05  8.44900e+02  2.93000e-01  2.39400e+03  1.475e-04  1.995e-05  1.000e-14  5.943e-14  3.248e-13  3.225e-17  4.517e-06  2.871e-15  4.263e-11  2.661e-09  5.957e-15  6.638e-10  8.391e-10  1.228e-21  4.489e-06  1.474e-12  1.009e-11  1.568e-12  2.308e-06  3.741e-10  3.056e-09  5.320e-11  5.501e-12  3.452e-13  5.212e-16  2.761e-12  1.921e-13  9.256e-07  8.460e-07  4.097e-10  1.613e-17  1.108e-19  1.189e-13  7.237e-13  6.165e-20  1.568e-12  1.009e-11  6.295e-07  4.398e-07  1.290e-04  9.261e-05  9.819e-06  2.988e-06  4.324e-09  4.140e-09  2.196e-08  9.326e-09  1.903e-24  2.089e-10  2.442e-10  1.035e-06  6.260e-06  1.136e-11  3.010e-09
6.97672e+14  -7.47351e+14  -3.96818e+14  1.09670e+15  1.79700e+05  8.14600e+02  2.94600e-01  2.39500e+03  1.475e-04  1.994e-05  9.634e-15  5.546e-14  2.888e-13  3.199e-17  4.386e-06  2.564e-15  4.154e-11  2.650e-09  5.907e-15  6.306e-10  7.969e-10  1.102e-21  4.330e-06  1.443e-12  1.043e-11  1.533e-12  2.258e-06  3.866e-10  2.953e-09  5.415e-11  4.772e-12  2.754e-13  4.506e-16  2.782e-12  1.792e-13  8.737e-07  8.082e-07  3.483e-10  1.538e-17  9.711e-20  1.109e-13  7.020e-13  5.774e-20  1.533e-12  1.043e-11  6.608e-07  4.508e-07  1.293e-04  9.350e-05  9.846e-06  2.944e-06  4.356e-09  4.183e-09  2.176e-08  1.057e-08  2.030e-24  2.304e-10  2.712e-10  1.098e-06  6.465e-06  1.231e-11  3.198e-09
7.14334e+14  -7.63088e+14  -4.04224e+14  1.12070e+15  1.66000e+05  7.86300e+02  2.95800e-01  2.39700e+03  1.475e-04  1.994e-05  9.281e-15  5.181e-14  2.577e-13  3.171e-17  4.260e-06  2.291e-15  4.042e-11  2.634e-09  5.863e-15  5.988e-10  7.573e-10  9.898e-22  4.176e-06  1.412e-12  1.077e-11  1.502e-12  2.214e-06  3.985e-10  2.855e-09  5.509e-11  4.214e-12  2.228e-13  3.976e-16  2.806e-12  1.678e-13  8.247e-07  7.721e-07  2.981e-10  1.467e-17  8.538e-20  1.036e-13  6.809e-13  5.405e-20  1.502e-12  1.077e-11  6.918e-07  4.616e-07  1.295e-04  9.436e-05  9.867e-06  2.898e-06  4.387e-09  4.224e-09  2.155e-08  1.191e-08  2.165e-24  2.529e-10  2.995e-10  1.164e-06  6.668e-06  1.329e-11  3.391e-09
7.30997e+14  -7.78516e+14  -4.11012e+14  1.14428e+15  1.53800e+05  7.60300e+02  2.93200e-01  2.39900e+03  1.475e-04  1.994e-05  8.941e-15  4.841e-14  2.303e-13  3.143e-17  4.138e-06  2.047e-15  3.926e-11  2.613e-09  5.824e-15  5.682e-10  7.201e-10  8.891e-22  4.024e-06  1.382e-12  1.112e-11  1.476e-12  2.174e-06  4.099e-10  2.760e-09  5.626e-11  3.785e-12  1.828e-13  3.580e-16  2.834e-12  1.575e-13  7.781e-07  7.372e-07  2.568e-10  1.407e-17  7.542e-20  9.692e-14  6.604e-13  5.052e-20  1.476e-12  1.112e-11  7.235e-07  4.726e-07  1.298e-04  9.520e-05  9.880e-06  2.850e-06  4.416e-09  4.262e-09  2.134e-08  1.340e-08  2.318e-24  2.766e-10  3.295e-10  1.232e-06  6.871e-06  1.438e-11  3.593e-09
7.47351e+14  -7.93945e+14  -4.18109e+14  1.16777e+15  1.43300e+05  7.38100e+02  2.89100e-01  2.40000e+03  1.475e-04  1.993e-05  8.610e-15  4.525e-14  2.060e-13  3.114e-17  4.020e-06  1.828e-15  3.809e-11  2.588e-09  5.789e-15  5.387e-10  6.855e-10  7.986e-22  3.874e-06  1.353e-12  1.148e-11  1.452e-12  2.138e-06  4.207e-10  2.668e-09  5.763e-11  3.453e-12  1.523e-13  3.283e-16  2.864e-12  1.483e-13  7.337e-07  7.035e-07  2.225e-10  1.353e-17  6.679e-20  9.070e-14  6.404e-13  4.717e-20  1.452e-12  1.148e-11  7.565e-07  4.838e-07  1.300e-04  9.603e-05  9.888e-06  2.800e-06  4.445e-09  4.298e-09  2.112e-08  1.507e-08  2.490e-24  3.020e-10  3.618e-10  1.303e-06  7.073e-06  1.558e-11  3.804e-09
7.63705e+14  -8.09373e+14  -4.24898e+14  1.19116e+15  1.34900e+05  7.21600e+02  2.83500e-01  2.40200e+03  1.475e-04  1.993e-05  8.288e-15  4.228e-14  1.843e-13  3.084e-17  3.904e-06  1.631e-15  3.692e-11  2.559e-09  5.757e-15  5.104e-10  6.533e-10  7.170e-22  3.727e-06  1.324e-12  1.184e-11  1.431e-12  2.106e-06  4.311e-10  2.579e-09  5.925e-11  3.193e-12  1.291e-13  3.056e-16  2.898e-12  1.399e-13  6.913e-07  6.708e-07  1.939e-10  1.306e-17  5.927e-20  8.488e-14  6.208e-13  4.397e-20  1.431e-12  1.184e-11  7.913e-07  4.953e-07  1.302e-04  9.685e-05  9.889e-06  2.748e-06  4.472e-09  4.331e-09  2.089e-08  1.692e-08  2.677e-24  3.298e-10  3.969e-10  1.377e-06  7.275e-06  1.687e-11  4.024e-09
7.79751e+14  -8.24802e+14  -4.31995e+14  1.21447e+15  1.29000e+05  7.14700e+02  2.81300e-01  2.40300e+03  1.475e-04  1.992e-05  7.976e-15  3.951e-14  1.649e-13  3.054e-17  3.791e-06  1.455e-15  3.576e-11  2.527e-09  5.726e-15  4.835e-10  6.243e-10  6.434e-22  3.583e-06  1.295e-12  1.217e-11  1.410e-12  2.076e-06  4.412e-10  2.492e-09  6.098e-11  2.986e-12  1.119e-13  2.874e-16  2.935e-12  1.321e-13  6.514e-07  6.394e-07  1.698e-10  1.258e-17  5.257e-20  7.943e-14  6.017e-13  4.097e-20  1.410e-12  1.217e-11  8.266e-07  5.070e-07  1.304e-04  9.764e-05  9.885e-06  2.693e-06  4.497e-09  4.361e-09  2.066e-08  1.888e-08  2.864e-24  3.607e-10  4.345e-10  1.453e-06  7.476e-06  1.810e-11  4.244e-09
7.96413e+14  -8.39921e+14  -4.39092e+14  1.23796e+15  1.25900e+05  7.20200e+02  2.81100e-01  2.40500e+03  1.475e-04  1.992e-05  7.674e-15  3.691e-14  1.475e-13  3.025e-17  3.681e-06  1.298e-15  3.465e-11  2.493e-09  5.693e-15  4.581e-10  5.989e-10  5.772e-22  3.445e-06  1.266e-12  1.248e-11  1.387e-12  2.045e-06  4.511e-10  2.409e-09  6.287e-11  2.822e-12  9.990e-14  2.716e-16  2.978e-12  1.249e-13  6.144e-07  6.094e-07  1.493e-10  1.218e-17  4.666e-20  7.434e-14  5.832e-13  3.817e-20  1.387e-12  1.248e-11  8.620e-07  5.186e-07  1.306e-04  9.842e-05  9.877e-06  2.636e-06  4.522e-09  4.387e-09  2.044e-08  2.090e-08  3.041e-24  3.952e-10  4.741e-10  1.528e-06  7.674e-06  1.916e-11  4.457e-09
8.13076e+14  -8.55041e+14  -4.46806e+14  1.26168e+15  1.25200e+05  7.36000e+02  2.76500e-01  2.40700e+03  1.475e-04  1.991e-05  7.380e-15  3.445e-14  1.317e-13  2.996e-17  3.573e-06  1.157e-15  3.359e-11  2.458e-09  5.658e-15  4.341e-10  5.775e-10  5.169e-22  3.310e-06  1.237e-12  1.274e-11  1.361e-12  2.014e-06  4.608e-10  2.329e-09  6.513e-11  2.693e-12  9.228e-14  2.575e-16  3.027e-12  1.180e-13  5.797e-07  5.805e-07  1.319e-10  1.193e-17  4.151e-20  6.951e-14  5.651e-13  3.553e-20  1.361e-12  1.274e-11  8.989e-07  5.307e-07  1.308e-04  9.918e-05  9.865e-06  2.577e-06  4.545e-09  4.409e-09  2.022e-08  2.302e-08  3.223e-24  4.334e-10  5.155e-10  1.604e-06  7.870e-06  2.011e-11  4.667e-09
8.30047e+14  -8.70470e+14  -4.55446e+14  1.28613e+15  1.26000e+05  7.55500e+02  2.74000e-01  2.40800e+03  1.475e-04  1.990e-05  7.093e-15  3.213e-14  1.174e-13  2.969e-17  3.468e-06  1.031e-15  3.259e-11  2.421e-09  5.617e-15  4.115e-10  5.595e-10  4.621e-22  3.180e-06  1.208e-12  1.294e-11  1.332e-12  1.982e-06  4.704e-10  2.251e-09  6.725e-11  2.598e-12  8.803e-14  2.441e-16  3.084e-12  1.114e-13  5.474e-07  5.527e-07  1.171e-10  1.168e-17  3.684e-20  6.494e-14  5.475e-13  3.307e-20  1.332e-12  1.294e-11  9.367e-07  5.429e-07  1.310e-04  9.993e-05  9.850e-06  2.515e-06  4.566e-09  4.427e-09  2.001e-08  2.518e-08  3.403e-24  4.751e-10  5.586e-10  1.679e-06  8.065e-06  2.086e-11  4.868e-09
8.47636e+14  -8.86207e+14  -4.64703e+14  1.31141e+15  1.27400e+05  7.72300e+02  2.73700e-01  2.41000e+03  1.474e-04  1.990e-05  6.815e-15  2.993e-14  1.046e-13  2.944e-17  3.365e-06  9.176e-16  3.166e-11  2.384e-09  5.572e-15  3.904e-10  5.443e-10  4.128e-22  3.055e-06  1.178e-12  1.310e-11  1.298e-12  1.948e-06  4.800e-10  2.176e-09  6.895e-11  2.533e-12  8.599e-14  2.311e-16  3.146e-12  1.051e-13  5.176e-07  5.262e-07  1.048e-10  1.140e-17  3.259e-20  6.064e-14  5.304e-13  3.080e-20  1.298e-12  1.310e-11  9.745e-07  5.552e-07  1.312e-04  1.007e-04  9.833e-06  2.452e-06  4.587e-09  4.443e-09  1.981e-08  2.733e-08  3.569e-24  5.189e-10  6.021e-10  1.753e-06  8.255e-06  2.139e-11  5.058e-09
8.65533e+14  -9.01944e+14  -4.74886e+14  1.33722e+15  1.28400e+05  7.82900e+02  2.71800e-01  2.41100e+03  1.474e-04  1.989e-05  6.545e-15  2.785e-14  9.300e-14  2.919e-17  3.264e-06  8.164e-16  3.079e-11  2.347e-09  5.523e-15  3.707e-10  5.307e-10  3.683e-22  2.935e-06  1.148e-12  1.321e-11  1.262e-12  1.913e-06  4.896e-10  2.103e-09  7.030e-11  2.491e-12  8.503e-14  2.187e-16  3.211e-12  9.909e-14  4.898e-07  5.009e-07  9.442e-11  1.111e-17  2.882e-20  5.661e-14  5.138e-13  2.868e-20  1.262e-12  1.321e-11  1.013e-06  5.677e-07  1.314e-04  1.014e-04  9.814e-06  2.388e-06  4.606e-09  4.457e-09  1.962e-08  2.953e-08  3.735e-24  5.635e-10  6.455e-10  1.825e-06  8.441e-06  2.181e-11  5.239e-09
8.83738e+14  -9.17989e+14  -4.85686e+14  1.36367e+15  1.28500e+05  7.86700e+02  2.71400e-01  2.41300e+03  1.474e-04  1.989e-05  6.285e-15  2.589e-14  8.268e-14  2.896e-17  3.166e-06  7.262e-16  2.996e-11  2.310e-09  5.471e-15  3.521e-10  5.180e-10  3.286e-22  2.820e-06  1.117e-12  1.328e-11  1.224e-12  1.877e-06  4.992e-10  2.032e-09  7.122e-11  2.460e-12  8.431e-14  2.070e-16  3.278e-12  9.338e-14  4.640e-07  4.767e-07  8.556e-11  1.078e-17  2.545e-20  5.285e-14  4.977e-13  2.671e-20  1.224e-12  1.328e-11  1.051e-06  5.802e-07  1.316e-04  1.021e-04  9.793e-06  2.323e-06  4.625e-09  4.470e-09  1.944e-08  3.177e-08  3.904e-24  6.078e-10  6.886e-10  1.897e-06  8.624e-06  2.215e-11  5.413e-09
9.02252e+14  -9.34652e+14  -4.97411e+14  1.39106e+15  1.27500e+05  7.84500e+02  2.67400e-01  2.41500e+03  1.474e-04  1.988e-05  6.031e-15  2.404e-14  7.343e-14  2.874e-17  3.069e-06  6.452e-16  2.915e-11  2.272e-09  5.417e-15  3.344e-10  5.056e-10  2.929e-22  2.709e-06  1.087e-12  1.334e-11  1.186e-12  1.840e-06  5.087e-10  1.962e-09  7.202e-11  2.430e-12  8.324e-14  1.965e-16  3.344e-12  8.798e-14  4.395e-07  4.534e-07  7.778e-11  1.045e-17  2.252e-20  4.934e-14  4.820e-13  2.486e-20  1.186e-12  1.334e-11  1.091e-06  5.929e-07  1.318e-04  1.028e-04  9.768e-06  2.259e-06  4.642e-09  4.482e-09  1.926e-08  3.418e-08  4.094e-24  6.515e-10  7.317e-10  1.970e-06  8.802e-06  2.258e-11  5.588e-09
9.20766e+14  -9.51314e+14  -5.09445e+14  1.41857e+15  1.25400e+05  7.77800e+02  2.64700e-01  2.41600e+03  1.474e-04  1.988e-05  5.786e-15  2.231e-14  6.520e-14  2.851e-17  2.975e-06  5.729e-16  2.835e-11  2.234e-09  5.362e-15  3.175e-10  4.931e-10  2.611e-22  2.601e-06  1.056e-12  1.339e-11  1.148e-12  1.803e-06  5.180e-10  1.895e-09  7.266e-11  2.395e-12  8.155e-14  1.872e-16  3.407e-12  8.290e-14  4.163e-07  4.311e-07  7.078e-11  1.010e-17  1.993e-20  4.607e-14  4.668e-13  2.313e-20  1.148e-12  1.339e-11  1.131e-06  6.059e-07  1.320e-04  1.034e-04  9.740e-06  2.194e-06  4.658e-09  4.495e-09  1.907e-08  3.677e-08  4.305e-24  6.948e-10  7.755e-10  2.044e-06  8.978e-06  2.309e-11  5.765e-09
9.39589e+14  -9.68286e+14  -5.22097e+14  1.44672e+15  1.22400e+05  7.67700e+02  2.62800e-01  2.41800e+03  1.474e-04  1.987e-05  5.549e-15  2.070e-14  5.789e-14  2.829e-17  2.883e-06  5.085e-16  2.756e-11  2.195e-09  5.307e-15  3.014e-10  4.804e-10  2.329e-22  2.496e-06  1.026e-12  1.343e-11  1.111e-12  1.767e-06  5.271e-10  1.830e-09  7.322e-11  2.353e-12  7.916e-14  1.788e-16  3.466e-12  7.816e-14  3.944e-07  4.098e-07  6.440e-11  9.743e-18  1.765e-20  4.303e-14  4.519e-13  2.150e-20  1.111e-12  1.343e-11  1.172e-06  6.190e-07  1.322e-04  1.041e-04  9.708e-06  2.130e-06  4.674e-09  4.508e-09  1.889e-08  3.956e-08  4.532e-24  7.384e-10  8.204e-10  2.119e-06  9.148e-06  2.369e-11  5.944e-09
9.58103e+14  -9.85257e+14  -5.34748e+14  1.47467e+15  1.18700e+05  7.55100e+02  2.58600e-01  2.41900e+03  1.474e-04  1.987e-05  5.320e-15  1.919e-14  5.139e-14  2.807e-17  2.794e-06  4.510e-16  2.676e-11  2.155e-09  5.252e-15  2.860e-10  4.675e-10  2.078e-22  2.395e-06  9.962e-13  1.347e-11  1.076e-12  1.732e-06  5.360e-10  1.766e-09  7.388e-11  2.305e-12  7.612e-14  1.717e-16  3.522e-12  7.373e-14  3.734e-07  3.893e-07  5.853e-11  9.402e-18  1.567e-20  4.019e-14  4.374e-13  1.996e-20  1.076e-12  1.347e-11  1.214e-06  6.324e-07  1.324e-04  1.047e-04  9.673e-06  2.066e-06  4.689e-09  4.521e-09  1.869e-08  4.264e-08  4.789e-24  7.826e-10  8.671e-10  2.196e-06  9.316e-06  2.447e-11  6.131e-09
9.76617e+14  -1.00254e+15  -5.47708e+14  1.50295e+15  1.14400e+05  7.40800e+02  2.53900e-01  2.42100e+03  1.474e-04  1.986e-05  5.098e-15  1.779e-14  4.561e-14  2.784e-17  2.706e-06  3.996e-16  2.596e-11  2.114e-09  5.200e-15  2.711e-10  4.544e-10  1.854e-22  2.296e-06  9.670e-13  1.353e-11  1.044e-12  1.699e-06  5.445e-10  1.704e-09  7.464e-11  2.252e-12  7.260e-14  1.658e-16  3.574e-12  6.961e-14  3.532e-07  3.696e-07  5.313e-11  9.068e-18  1.393e-20  3.755e-14  4.233e-13  1.851e-20  1.044e-12  1.353e-11  1.259e-06  6.462e-07  1.326e-04  1.054e-04  9.633e-06  2.004e-06  4.702e-09  4.535e-09  1.849e-08  4.605e-08  5.081e-24  8.282e-10  9.164e-10  2.277e-06  9.480e-06  2.544e-11  6.327e-09
9.95131e+14  -1.01982e+15  -5.60668e+14  1.53123e+15  1.09800e+05  7.25200e+02  2.52300e-01  2.42200e+03  1.473e-04  1.985e-05  4.885e-15  1.649e-14  4.049e-14  2.761e-17  2.622e-06  3.542e-16  2.515e-11  2.074e-09  5.149e-15  2.569e-10  4.411e-10  1.655e-22  2.200e-06  9.385e-13  1.359e-11  1.014e-12  1.667e-06  5.527e-10  1.644e-09  7.538e-11  2.198e-12  6.877e-14  1.607e-16  3.623e-12  6.580e-14  3.340e-07  3.508e-07  4.819e-11  8.723e-18  1.239e-20  3.509e-14  4.096e-13  1.715e-20  1.014e-12  1.359e-11  1.303e-06  6.601e-07  1.327e-04  1.060e-04  9.589e-06  1.942e-06  4.716e-09  4.548e-09  1.829e-08  4.976e-08  5.392e-24  8.756e-10  9.683e-10  2.359e-06  9.640e-06  2.650e-11  6.530e-09
1.01365e+15  -1.03740e+15  -5.73627e+14  1.55972e+15  1.04800e+05  7.08900e+02  2.50000e-01  2.42400e+03  1.473e-04  1.985e-05  4.679e-15  1.528e-14  3.597e-14  2.738e-17  2.540e-06  3.139e-16  2.434e-11  2.032e-09  5.101e-15  2.432e-10  4.279e-10  1.479e-22  2.107e-06  9.108e-13  1.366e-11  9.855e-13  1.636e-06  5.606e-10  1.586e-09  7.622e-11  2.143e-12  6.478e-14  1.565e-16  3.669e-12  6.226e-14  3.156e-07  3.328e-07  4.371e-11  8.395e-18  1.105e-20  3.281e-14  3.962e-13  1.588e-20  9.855e-13  1.366e-11  1.349e-06  6.741e-07  1.329e-04  1.066e-04  9.541e-06  1.881e-06  4.728e-09  4.562e-09  1.807e-08  5.380e-08  5.728e-24  9.250e-10  1.023e-09  2.443e-06  9.796e-06  2.769e-11  6.739e-09
1.03154e+15  -1.05468e+15  -5.86279e+14  1.58750e+15  9.97200e+04  6.92100e+02  2.48400e-01  2.42600e+03  1.473e-04  1.984e-05  4.482e-15  1.417e-14  3.196e-14  2.714e-17  2.460e-06  2.783e-16  2.353e-11  1.990e-09  5.055e-15  2.301e-10  4.148e-10  1.323e-22  2.018e-06  8.840e-13  1.375e-11  9.596e-13  1.607e-06  5.681e-10  1.529e-09  7.709e-11  2.091e-12  6.080e-14  1.530e-16  3.713e-12  5.899e-14  2.982e-07  3.157e-07  3.967e-11  8.075e-18  9.869e-21  3.068e-14  3.833e-13  1.469e-20  9.596e-13  1.375e-11  1.394e-06  6.882e-07  1.330e-04  1.072e-04  9.490e-06  1.822e-06  4.740e-09  4.576e-09  1.785e-08  5.817e-08  6.091e-24  9.765e-10  1.080e-09  2.529e-06  9.947e-06  2.900e-11  6.956e-09
1.04975e+15  -1.07227e+15  -5.98930e+14  1.61569e+15  9.45900e+04  6.75200e+02  2.44700e-01  2.42700e+03  1.473e-04  1.983e-05  4.293e-15  1.315e-14  2.840e-14  2.690e-17  2.383e-06  2.466e-16  2.273e-11  1.948e-09  5.012e-15  2.176e-10  4.018e-10  1.184e-22  1.931e-06  8.580e-13  1.385e-11  9.361e-13  1.580e-06  5.752e-10  1.475e-09  7.811e-11  2.040e-12  5.689e-14  1.503e-16  3.754e-12  5.596e-14  2.814e-07  2.993e-07  3.605e-11  7.778e-18  8.850e-21  2.869e-14  3.707e-13  1.358e-20  9.361e-13  1.385e-11  1.442e-06  7.026e-07  1.332e-04  1.078e-04  9.434e-06  1.763e-06  4.751e-09  4.589e-09  1.763e-08  6.297e-08  6.494e-24  1.030e-09  1.140e-09  2.618e-06  1.010e-05  3.049e-11  7.183e-09
1.06764e+15  -1.08955e+15  -6.11273e+14  1.64336e+15  8.95100e+04  6.58300e+02  2.42600e-01  2.42900e+03  1.473e-04  1.983e-05  4.110e-15  1.220e-14  2.524e-14  2.665e-17  2.309e-06  2.186e-16  2.192e-11  1.906e-09  4.971e-15  2.055e-10  3.890e-10  1.061e-22  1.847e-06  8.330e-13  1.396e-11  9.147e-13  1.555e-06  5.819e-10  1.422e-09  7.916e-11  1.993e-12  5.315e-14  1.482e-16  3.793e-12  5.315e-14  2.655e-07  2.836e-07  3.281e-11  7.483e-18  7.946e-21  2.684e-14  3.585e-13  1.254e-20  9.147e-13  1.396e-11  1.489e-06  7.171e-07  1.333e-04  1.084e-04  9.375e-06  1.706e-06  4.761e-09  4.602e-09  1.739e-08  6.816e-08  6.933e-24  1.086e-09  1.203e-09  2.709e-06  1.024e-05  3.210e-11  7.417e-09
1.08554e+15  -1.10714e+15  -6.23307e+14  1.67113e+15  8.45400e+04  6.41500e+02  2.40400e-01  2.43000e+03  1.472e-04  1.982e-05  3.936e-15  1.133e-14  2.244e-14  2.639e-17  2.237e-06  1.939e-16  2.113e-11  1.863e-09  4.932e-15  1.941e-10  3.766e-10  9.512e-23  1.765e-06  8.088e-13  1.408e-11  8.952e-13  1.532e-06  5.881e-10  1.371e-09  8.028e-11  1.948e-12  4.963e-14  1.465e-16  3.830e-12  5.055e-14  2.503e-07  2.687e-07  2.994e-11  7.200e-18  7.153e-21  2.511e-14  3.466e-13  1.157e-20  8.952e-13  1.408e-11  1.538e-06  7.317e-07  1.335e-04  1.090e-04  9.312e-06  1.649e-06  4.771e-09  4.615e-09  1.715e-08  7.378e-08  7.406e-24  1.144e-09  1.269e-09  2.802e-06  1.038e-05  3.385e-11  7.658e-09
1.10313e+15  -1.12442e+15  -6.35341e+14  1.69849e+15  7.97300e+04  6.25100e+02  2.36900e-01  2.43200e+03  1.472e-04  1.981e-05  3.767e-15  1.052e-14  1.995e-14  2.613e-17  2.167e-06  1.720e-16  2.034e-11  1.819e-09  4.895e-15  1.831e-10  3.644e-10  8.533e-23  1.686e-06  7.855e-13  1.421e-11  8.775e-13  1.510e-06  5.940e-10  1.322e-09  8.149e-11  1.906e-12  4.633e-14  1.454e-16  3.866e-12  4.813e-14  2.358e-07  2.544e-07  2.739e-11  6.933e-18  6.461e-21  2.348e-14  3.351e-13  1.067e-20  8.775e-13  1.421e-11  1.588e-06  7.467e-07  1.336e-04  1.095e-04  9.245e-06  1.594e-06  4.780e-09  4.627e-09  1.690e-08  7.989e-08  7.924e-24  1.205e-09  1.338e-09  2.898e-06  1.052e-05  3.578e-11  7.907e-09
1.12041e+15  -1.14139e+15  -6.46758e+14  1.72522e+15  7.51400e+04  6.09200e+02  2.32800e-01  2.43400e+03  1.472e-04  1.981e-05  3.605e-15  9.777e-15  1.772e-14  2.587e-17  2.099e-06  1.525e-16  1.956e-11  1.776e-09  4.861e-15  1.726e-10  3.527e-10  7.657e-23  1.610e-06  7.631e-13  1.435e-11  8.616e-13  1.489e-06  5.994e-10  1.275e-09  8.280e-11  1.867e-12  4.328e-14  1.448e-16  3.900e-12  4.587e-14  2.219e-07  2.408e-07  2.513e-11  6.678e-18  5.851e-21  2.195e-14  3.238e-13  9.823e-21  8.616e-13  1.435e-11  1.639e-06  7.620e-07  1.337e-04  1.101e-04  9.175e-06  1.540e-06  4.788e-09  4.639e-09  1.665e-08  8.652e-08  8.493e-24  1.268e-09  1.410e-09  2.996e-06  1.065e-05  3.790e-11  8.166e-09
1.13769e+15  -1.15867e+15  -6.58175e+14  1.75216e+15  7.08200e+04  5.94100e+02  2.30000e-01  2.43500e+03  1.472e-04  1.980e-05  3.449e-15  9.088e-15  1.575e-14  2.560e-17  2.034e-06  1.353e-16  1.880e-11  1.732e-09  4.829e-15  1.626e-10  3.413e-10  6.875e-23  1.536e-06  7.416e-13  1.450e-11  8.471e-13  1.470e-06  6.044e-10  1.229e-09  8.415e-11  1.830e-12  4.049e-14  1.444e-16  3.933e-12  4.376e-14  2.087e-07  2.278e-07  2.312e-11  6.427e-18  5.305e-21  2.052e-14  3.129e-13  9.038e-21  8.471e-13  1.450e-11  1.692e-06  7.775e-07  1.339e-04  1.106e-04  9.100e-06  1.487e-06  4.796e-09  4.651e-09  1.639e-08  9.367e-08  9.106e-24  1.334e-09  1.484e-09  3.097e-06  1.078e-05  4.015e-11  8.430e-09
1.15497e+15  -1.17533e+15  -6.68975e+14  1.77845e+15  6.68300e+04  5.79900e+02  2.27000e-01  2.43700e+03  1.471e-04  1.979e-05  3.299e-15  8.452e-15  1.398e-14  2.532e-17  1.970e-06  1.200e-16  1.805e-11  1.689e-09  4.798e-15  1.530e-10  3.304e-10  6.176e-23  1.465e-06  7.208e-13  1.465e-11  8.338e-13  1.453e-06  6.090e-10  1.184e-09  8.556e-11  1.795e-12  3.796e-14  1.443e-16  3.965e-12  4.179e-14  1.962e-07  2.154e-07  2.134e-11  6.188e-18  4.821e-21  1.918e-14  3.023e-13  8.308e-21  8.338e-13  1.465e-11  1.745e-06  7.933e-07  1.340e-04  1.111e-04  9.023e-06  1.435e-06  4.803e-09  4.662e-09  1.612e-08  1.013e-07  9.759e-24  1.402e-09  1.562e-09  3.199e-06  1.090e-05  4.253e-11  8.700e-09
1.17194e+15  -1.19231e+15  -6.79775e+14  1.80475e+15  6.32200e+04  5.67000e+02  2.23500e-01  2.43800e+03  1.471e-04  1.978e-05  3.155e-15  7.862e-15  1.241e-14  2.504e-17  1.909e-06  1.065e-16  1.732e-11  1.645e-09  4.768e-15  1.440e-10  3.200e-10  5.550e-23  1.396e-06  7.008e-13  1.481e-11  8.215e-13  1.436e-06  6.133e-10  1.141e-09  8.705e-11  1.762e-12  3.567e-14  1.443e-16  3.996e-12  3.994e-14  1.844e-07  2.036e-07  1.975e-11  5.962e-18  4.390e-21  1.791e-14  2.920e-13  7.630e-21  8.215e-13  1.481e-11  1.800e-06  8.094e-07  1.341e-04  1.116e-04  8.943e-06  1.383e-06  4.810e-09  4.673e-09  1.585e-08  1.096e-07  1.046e-23  1.473e-09  1.643e-09  3.304e-06  1.103e-05  4.504e-11  8.975e-09
1.18860e+15  -1.20897e+15  -6.89958e+14  1.83042e+15  6.00500e+04  5.55900e+02  2.19200e-01  2.44000e+03  1.470e-04  1.978e-05  3.016e-15  7.315e-15  1.101e-14  2.476e-17  1.849e-06  9.445e-17  1.660e-11  1.602e-09  4.740e-15  1.354e-10  3.101e-10  4.987e-23  1.330e-06  6.815e-13  1.496e-11  8.100e-13  1.420e-06  6.172e-10  1.100e-09  8.865e-11  1.730e-12  3.364e-14  1.444e-16  4.027e-12  3.820e-14  1.731e-07  1.923e-07  1.832e-11  5.752e-18  4.006e-21  1.673e-14  2.820e-13  7.000e-21  8.100e-13  1.496e-11  1.857e-06  8.260e-07  1.342e-04  1.121e-04  8.859e-06  1.333e-06  4.816e-09  4.683e-09  1.558e-08  1.184e-07  1.121e-23  1.547e-09  1.726e-09  3.410e-06  1.114e-05  4.770e-11  9.255e-09
1.20557e+15  -1.22563e+15  -7.00449e+14  1.85640e+15  5.73300e+04  5.46700e+02  2.19300e-01  2.44200e+03  1.470e-04  1.977e-05  2.883e-15  6.808e-15  9.771e-15  2.447e-17  1.791e-06  8.387e-17  1.591e-11  1.559e-09  4.712e-15  1.272e-10  3.008e-10  4.485e-23  1.267e-06  6.627e-13  1.511e-11  7.987e-13  1.405e-06  6.208e-10  1.060e-09  9.024e-11  1.699e-12  3.187e-14  1.443e-16  4.058e-12  3.655e-14  1.626e-07  1.816e-07  1.704e-11  5.543e-18  3.646e-21  1.562e-14  2.723e-13  6.421e-21  7.987e-13  1.511e-11  1.914e-06  8.424e-07  1.343e-04  1.126e-04  8.775e-06  1.284e-06  4.821e-09  4.692e-09  1.531e-08  1.277e-07  1.198e-23  1.624e-09  1.813e-09  3.516e-06  1.126e-05  5.031e-11  9.534e-09
1.22224e+15  -1.24199e+15  -7.10323e+14  1.88174e+15  5.50800e+04  5.40000e+02  2.17600e-01  2.44300e+03  1.470e-04  1.976e-05  2.756e-15  6.339e-15  8.669e-15  2.419e-17  1.735e-06  7.451e-17  1.524e-11  1.517e-09  4.684e-15  1.196e-10  2.921e-10  4.035e-23  1.206e-06  6.445e-13  1.525e-11  7.875e-13  1.390e-06  6.242e-10  1.021e-09  9.192e-11  1.669e-12  3.034e-14  1.440e-16  4.090e-12  3.500e-14  1.527e-07  1.715e-07  1.588e-11  5.358e-18  3.327e-21  1.459e-14  2.629e-13  5.887e-21  7.875e-13  1.525e-11  1.971e-06  8.591e-07  1.344e-04  1.131e-04  8.688e-06  1.237e-06  4.826e-09  4.701e-09  1.503e-08  1.374e-07  1.277e-23  1.705e-09  1.902e-09  3.623e-06  1.137e-05  5.292e-11  9.813e-09
1.23890e+15  -1.25834e+15  -7.20506e+14  1.90720e+15  5.32900e+04  5.35600e+02  2.16100e-01  2.44500e+03  1.469e-04  1.975e-05  2.634e-15  5.902e-15  7.689e-15  2.391e-17  1.681e-06  6.625e-17  1.460e-11  1.475e-09  4.656e-15  1.124e-10  2.840e-10  3.631e-23  1.148e-06  6.268e-13  1.538e-11  7.762e-13  1.375e-06  6.273e-10  9.842e-10  9.368e-11  1.640e-12  2.906e-14  1.435e-16  4.124e-12  3.351e-14  1.434e-07  1.619e-07  1.483e-11  5.191e-18  3.038e-21  1.362e-14  2.538e-13  5.395e-21  7.762e-13  1.538e-11  2.028e-06  8.758e-07  1.345e-04  1.136e-04  8.600e-06  1.190e-06  4.831e-09  4.709e-09  1.476e-08  1.475e-07  1.358e-23  1.789e-09  1.993e-09  3.730e-06  1.148e-05  5.549e-11  1.009e-08
1.25556e+15  -1.27500e+15  -7.30380e+14  1.93275e+15  5.19200e+04  5.33600e+02  2.12700e-01  2.44600e+03  1.469e-04  1.975e-05  2.516e-15  5.494e-15  6.816e-15  2.364e-17  1.628e-06  5.891e-17  1.398e-11  1.434e-09  4.627e-15  1.056e-10  2.767e-10  3.267e-23  1.092e-06  6.094e-13  1.549e-11  7.646e-13  1.360e-06  6.302e-10  9.483e-10  9.557e-11  1.613e-12  2.800e-14  1.427e-16  4.160e-12  3.210e-14  1.347e-07  1.528e-07  1.387e-11  5.045e-18  2.778e-21  1.271e-14  2.449e-13  4.940e-21  7.646e-13  1.549e-11  2.088e-06  8.930e-07  1.347e-04  1.141e-04  8.511e-06  1.145e-06  4.835e-09  4.717e-09  1.449e-08  1.583e-07  1.443e-23  1.878e-09  2.088e-09  3.837e-06  1.158e-05  5.806e-11  1.037e-08
1.27222e+15  -1.29136e+15  -7.40871e+14  1.95833e+15  5.09300e+04  5.33500e+02  2.11900e-01  2.44800e+03  1.468e-04  1.974e-05  2.403e-15  5.114e-15  6.041e-15  2.336e-17  1.577e-06  5.243e-17  1.338e-11  1.393e-09  4.597e-15  9.915e-11  2.701e-10  2.941e-23  1.039e-06  5.923e-13  1.559e-11  7.525e-13  1.344e-06  6.330e-10  9.136e-10  9.745e-11  1.586e-12  2.716e-14  1.416e-16  4.198e-12  3.074e-14  1.266e-07  1.441e-07  1.299e-11  4.907e-18  2.535e-21  1.187e-14  2.364e-13  4.523e-21  7.525e-13  1.559e-11  2.147e-06  9.103e-07  1.348e-04  1.145e-04  8.420e-06  1.100e-06  4.839e-09  4.724e-09  1.423e-08  1.694e-07  1.530e-23  1.971e-09  2.185e-09  3.944e-06  1.168e-05  6.051e-11  1.064e-08
1.28889e+15  -1.30802e+15  -7.51362e+14  1.98411e+15  5.02300e+04  5.34700e+02  2.10100e-01  2.45000e+03  1.468e-04  1.973e-05  2.295e-15  4.759e-15  5.352e-15  2.310e-17  1.527e-06  4.671e-17  1.281e-11  1.353e-09  4.567e-15  9.313e-11  2.641e-10  2.647e-23  9.888e-07  5.755e-13  1.566e-11  7.397e-13  1.328e-06  6.356e-10  8.802e-10  9.935e-11  1.561e-12  2.652e-14  1.400e-16  4.241e-12  2.944e-14  1.189e-07  1.359e-07  1.218e-11  4.782e-18  2.315e-21  1.108e-14  2.281e-13  4.139e-21  7.397e-13  1.566e-11  2.207e-06  9.277e-07  1.349e-04  1.150e-04  8.330e-06  1.057e-06  4.843e-09  4.730e-09  1.396e-08  1.809e-07  1.618e-23  2.069e-09  2.286e-09  4.051e-06  1.177e-05  6.284e-11  1.091e-08
1.30586e+15  -1.32437e+15  -7.62162e+14  2.01001e+15  4.97500e+04  5.36400e+02  2.08300e-01  2.45100e+03  1.468e-04  1.972e-05  2.191e-15  4.427e-15  4.740e-15  2.284e-17  1.479e-06  4.164e-17  1.226e-11  1.314e-09  4.536e-15  8.747e-11  2.587e-10  2.383e-23  9.405e-07  5.589e-13  1.572e-11  7.263e-13  1.312e-06  6.380e-10  8.478e-10  1.012e-10  1.537e-12  2.604e-14  1.381e-16  4.286e-12  2.819e-14  1.118e-07  1.282e-07  1.143e-11  4.665e-18  2.113e-21  1.035e-14  2.201e-13  3.786e-21  7.263e-13  1.572e-11  2.268e-06  9.455e-07  1.349e-04  1.154e-04  8.238e-06  1.016e-06  4.846e-09  4.735e-09  1.370e-08  1.929e-07  1.708e-23  2.171e-09  2.388e-09  4.158e-06  1.187e-05  6.506e-11  1.118e-08
1.32283e+15  -1.34134e+15  -7.73271e+14  2.03643e+15  4.93900e+04  5.37900e+02  2.05100e-01  2.45300e+03  1.467e-04  1.971e-05  2.090e-15  4.116e-15  4.196e-15  2.259e-17  1.432e-06  3.715e-17  1.173e-11  1.275e-09  4.503e-15  8.215e-11  2.539e-10  2.144e-23  8.944e-07  5.425e-13  1.576e-11  7.123e-13  1.295e-06  6.403e-10  8.164e-10  1.030e-10  1.515e-12  2.569e-14  1.359e-16  4.336e-12  2.698e-14  1.052e-07  1.208e-07  1.073e-11  4.553e-18  1.930e-21  9.657e-15  2.123e-13  3.460e-21  7.123e-13  1.576e-11  2.331e-06  9.636e-07  1.350e-04  1.158e-04  8.145e-06  9.749e-07  4.849e-09  4.740e-09  1.345e-08  2.055e-07  1.801e-23  2.279e-09  2.493e-09  4.264e-06  1.196e-05  6.721e-11  1.145e-08
1.34011e+15  -1.35801e+15  -7.84996e+14  2.06308e+15  4.90900e+04  5.38900e+02  2.02400e-01  2.45400e+03  1.467e-04  1.970e-05  1.994e-15  3.824e-15  3.711e-15  2.235e-17  1.386e-06  3.318e-17  1.122e-11  1.237e-09  4.469e-15  7.714e-11  2.494e-10  1.929e-23  8.503e-07  5.263e-13  1.579e-11  6.976e-13  1.278e-06  6.424e-10  7.861e-10  1.047e-10  1.493e-12  2.543e-14  1.335e-16  4.388e-12  2.582e-14  9.891e-08  1.138e-07  1.009e-11  4.440e-18  1.761e-21  9.015e-15  2.048e-13  3.161e-21  6.976e-13  1.579e-11  2.395e-06  9.821e-07  1.351e-04  1.163e-04  8.052e-06  9.354e-07  4.852e-09  4.745e-09  1.320e-08  2.185e-07  1.898e-23  2.390e-09  2.600e-09  4.371e-06  1.204e-05  6.927e-11  1.171e-08
1.35739e+15  -1.37498e+15  -7.97031e+14  2.09005e+15  4.87800e+04  5.38900e+02  1.99300e-01  2.45600e+03  1.466e-04  1.969e-05  1.901e-15  3.552e-15  3.281e-15  2.212e-17  1.341e-06  2.966e-17  1.073e-11  1.200e-09  4.434e-15  7.242e-11  2.453e-10  1.736e-23  8.082e-07  5.102e-13  1.580e-11  6.825e-13  1.261e-06  6.445e-10  7.566e-10  1.062e-10  1.472e-12  2.524e-14  1.308e-16  4.444e-12  2.471e-14  9.302e-08  1.071e-07  9.487e-12  4.327e-18  1.607e-21  8.415e-15  1.975e-13  2.885e-21  6.825e-13  1.580e-11  2.461e-06  1.001e-06  1.352e-04  1.167e-04  7.958e-06  8.971e-07  4.855e-09  4.749e-09  1.294e-08  2.321e-07  2.000e-23  2.505e-09  2.709e-09  4.478e-06  1.212e-05  7.128e-11  1.197e-08
1.37467e+15  -1.39195e+15  -8.09373e+14  2.11715e+15  4.84200e+04  5.37900e+02  1.97500e-01  2.45800e+03  1.465e-04  1.969e-05  1.811e-15  3.297e-15  2.900e-15  2.189e-17  1.297e-06  2.655e-17  1.025e-11  1.163e-09  4.398e-15  6.799e-11  2.414e-10  1.562e-23  7.680e-07  4.944e-13  1.579e-11  6.669e-13  1.243e-06  6.464e-10  7.281e-10  1.076e-10  1.451e-12  2.509e-14  1.279e-16  4.502e-12  2.363e-14  8.750e-08  1.008e-07  8.930e-12  4.209e-18  1.464e-21  7.856e-15  1.904e-13  2.632e-21  6.669e-13  1.579e-11  2.527e-06  1.020e-06  1.353e-04  1.171e-04  7.864e-06  8.600e-07  4.857e-09  4.753e-09  1.270e-08  2.463e-07  2.107e-23  2.624e-09  2.819e-09  4.584e-06  1.220e-05  7.321e-11  1.223e-08
1.39226e+15  -1.40923e+15  -8.22025e+14  2.14477e+15  4.79700e+04  5.35900e+02  1.92600e-01  2.45900e+03  1.465e-04  1.968e-05  1.725e-15  3.058e-15  2.561e-15  2.166e-17  1.255e-06  2.379e-17  9.797e-12  1.127e-09  4.361e-15  6.380e-11  2.376e-10  1.405e-23  7.296e-07  4.788e-13  1.577e-11  6.510e-13  1.224e-06  6.482e-10  7.004e-10  1.089e-10  1.431e-12  2.495e-14  1.250e-16  4.562e-12  2.259e-14  8.227e-08  9.479e-08  8.412e-12  4.093e-18  1.339e-21  7.331e-15  1.835e-13  2.398e-21  6.510e-13  1.577e-11  2.597e-06  1.040e-06  1.354e-04  1.175e-04  7.768e-06  8.240e-07  4.860e-09  4.757e-09  1.245e-08  2.612e-07  2.221e-23  2.746e-09  2.930e-09  4.691e-06  1.228e-05  7.521e-11  1.248e-08
1.40954e+15  -1.42651e+15  -8.34984e+14  2.17231e+15  4.74200e+04  5.32900e+02  1.91600e-01  2.46100e+03  1.464e-04  1.967e-05  1.643e-15  2.835e-15  2.261e-15  2.144e-17  1.213e-06  2.135e-17  9.359e-12  1.092e-09  4.323e-15  5.987e-11  2.339e-10  1.265e-23  6.930e-07  4.634e-13  1.573e-11  6.350e-13  1.206e-06  6.498e-10  6.737e-10  1.099e-10  1.411e-12  2.481e-14  1.220e-16  4.623e-12  2.160e-14  7.737e-08  8.913e-08  7.931e-12  3.970e-18  1.220e-21  6.844e-15  1.768e-13  2.185e-21  6.350e-13  1.573e-11  2.666e-06  1.060e-06  1.355e-04  1.179e-04  7.672e-06  7.894e-07  4.862e-09  4.761e-09  1.221e-08  2.767e-07  2.342e-23  2.870e-09  3.042e-09  4.798e-06  1.235e-05  7.713e-11  1.274e-08
1.42743e+15  -1.44410e+15  -8.47944e+14  2.20045e+15  4.67500e+04  5.29000e+02  1.90300e-01  2.46200e+03  1.464e-04  1.966e-05  1.564e-15  2.628e-15  1.998e-15  2.123e-17  1.173e-06  1.920e-17  8.938e-12  1.058e-09  4.285e-15  5.617e-11  2.303e-10  1.139e-23  6.582e-07  4.484e-13  1.569e-11  6.189e-13  1.187e-06  6.514e-10  6.479e-10  1.109e-10  1.391e-12  2.466e-14  1.189e-16  4.684e-12  2.065e-14  7.277e-08  8.378e-08  7.485e-12  3.847e-18  1.113e-21  6.390e-15  1.704e-13  1.990e-21  6.189e-13  1.569e-11  2.736e-06  1.080e-06  1.356e-04  1.183e-04  7.576e-06  7.561e-07  4.863e-09  4.764e-09  1.197e-08  2.927e-07  2.469e-23  2.996e-09  3.154e-09  4.904e-06  1.242e-05  7.903e-11  1.299e-08
1.44502e+15  -1.46169e+15  -8.61521e+14  2.22864e+15  4.59800e+04  5.24400e+02  1.88300e-01  2.46400e+03  1.463e-04  1.965e-05  1.488e-15  2.436e-15  1.765e-15  2.102e-17  1.134e-06  1.731e-17  8.533e-12  1.025e-09  4.246e-15  5.270e-11  2.267e-10  1.026e-23  6.251e-07  4.337e-13  1.564e-11  6.029e-13  1.168e-06  6.528e-10  6.230e-10  1.117e-10  1.372e-12  2.449e-14  1.158e-16  4.744e-12  1.974e-14  6.844e-08  7.872e-08  7.071e-12  3.724e-18  1.018e-21  5.967e-15  1.641e-13  1.811e-21  6.029e-13  1.564e-11  2.806e-06  1.101e-06  1.357e-04  1.187e-04  7.480e-06  7.241e-07  4.865e-09  4.768e-09  1.173e-08  3.094e-07  2.603e-23  3.124e-09  3.266e-09  5.009e-06  1.249e-05  8.095e-11  1.323e-08
1.46292e+15  -1.47927e+15  -8.75098e+14  2.25703e+15  4.51100e+04  5.19200e+02  1.86300e-01  2.46500e+03  1.462e-04  1.964e-05  1.416e-15  2.257e-15  1.559e-15  2.082e-17  1.096e-06  1.562e-17  8.144e-12  9.926e-10  4.207e-15  4.942e-11  2.230e-10  9.252e-24  5.936e-07  4.193e-13  1.558e-11  5.870e-13  1.149e-06  6.540e-10  5.990e-10  1.124e-10  1.352e-12  2.430e-14  1.129e-16  4.803e-12  1.887e-14  6.434e-08  7.395e-08  6.687e-12  3.600e-18  9.313e-22  5.572e-15  1.581e-13  1.647e-21  5.870e-13  1.558e-11  2.877e-06  1.121e-06  1.357e-04  1.191e-04  7.384e-06  6.933e-07  4.866e-09  4.772e-09  1.150e-08  3.269e-07  2.747e-23  3.252e-09  3.377e-09  5.115e-06  1.256e-05  8.293e-11  1.348e-08
1.48051e+15  -1.49686e+15  -8.88675e+14  2.28522e+15  4.41600e+04  5.13500e+02  1.85400e-01  2.46700e+03  1.462e-04  1.963e-05  1.347e-15  2.091e-15  1.378e-15  2.061e-17  1.059e-06  1.414e-17  7.770e-12  9.611e-10  4.168e-15  4.634e-11  2.194e-10  8.346e-24  5.637e-07  4.053e-13  1.552e-11  5.714e-13  1.131e-06  6.551e-10  5.758e-10  1.130e-10  1.332e-12  2.409e-14  1.099e-16  4.861e-12  1.804e-14  6.049e-08  6.945e-08  6.331e-12  3.476e-18  8.525e-22  5.205e-15  1.523e-13  1.498e-21  5.714e-13  1.552e-11  2.948e-06  1.142e-06  1.358e-04  1.195e-04  7.288e-06  6.637e-07  4.867e-09  4.776e-09  1.126e-08  3.449e-07  2.899e-23  3.382e-09  3.488e-09  5.220e-06  1.262e-05  8.493e-11  1.372e-08
1.49841e+15  -1.51476e+15  -9.02561e+14  2.31394e+15  4.31500e+04  5.07500e+02  1.84000e-01  2.46900e+03  1.461e-04  1.962e-05  1.281e-15  1.937e-15  1.218e-15  2.041e-17  1.024e-06  1.282e-17  7.411e-12  9.303e-10  4.128e-15  4.345e-11  2.157e-10  7.533e-24  5.352e-07  3.917e-13  1.545e-11  5.561e-13  1.112e-06  6.560e-10  5.536e-10  1.134e-10  1.312e-12  2.386e-14  1.071e-16  4.917e-12  1.724e-14  5.685e-08  6.520e-08  6.001e-12  3.354e-18  7.818e-22  4.862e-15  1.467e-13  1.362e-21  5.561e-13  1.545e-11  3.019e-06  1.163e-06  1.359e-04  1.198e-04  7.191e-06  6.354e-07  4.868e-09  4.779e-09  1.103e-08  3.637e-07  3.059e-23  3.511e-09  3.599e-09  5.324e-06  1.268e-05  8.699e-11  1.397e-08
1.51630e+15  -1.53235e+15  -9.16446e+14  2.34246e+15  4.20800e+04  5.01100e+02  1.81500e-01  2.47000e+03  1.460e-04  1.961e-05  1.218e-15  1.794e-15  1.077e-15  2.022e-17  9.892e-07  1.165e-17  7.065e-12  9.003e-10  4.089e-15  4.072e-11  2.120e-10  6.801e-24  5.081e-07  3.785e-13  1.538e-11  5.412e-13  1.094e-06  6.568e-10  5.321e-10  1.138e-10  1.291e-12  2.361e-14  1.044e-16  4.969e-12  1.649e-14  5.341e-08  6.120e-08  5.695e-12  3.233e-18  7.187e-22  4.541e-15  1.412e-13  1.237e-21  5.412e-13  1.538e-11  3.091e-06  1.184e-06  1.360e-04  1.202e-04  7.095e-06  6.081e-07  4.869e-09  4.783e-09  1.081e-08  3.833e-07  3.230e-23  3.641e-09  3.708e-09  5.428e-06  1.273e-05  8.918e-11  1.421e-08
1.53420e+15  -1.55024e+15  -9.30332e+14  2.37119e+15  4.09800e+04  4.94600e+02  1.79900e-01  2.47200e+03  1.459e-04  1.960e-05  1.158e-15  1.662e-15  9.532e-16  2.002e-17  9.558e-07  1.061e-17  6.732e-12  8.710e-10  4.049e-15  3.815e-11  2.083e-10  6.144e-24  4.823e-07  3.657e-13  1.531e-11  5.267e-13  1.076e-06  6.573e-10  5.113e-10  1.141e-10  1.270e-12  2.335e-14  1.018e-16  5.019e-12  1.577e-14  5.016e-08  5.742e-08  5.411e-12  3.114e-18  6.610e-22  4.241e-15  1.360e-13  1.123e-21  5.267e-13  1.531e-11  3.164e-06  1.205e-06  1.360e-04  1.206e-04  6.998e-06  5.820e-07  4.869e-09  4.787e-09  1.058e-08  4.037e-07  3.411e-23  3.772e-09  3.816e-09  5.532e-06  1.279e-05  9.146e-11  1.445e-08
1.55210e+15  -1.56814e+15  -9.44217e+14  2.39992e+15  3.98700e+04  4.87900e+02  1.77600e-01  2.47300e+03  1.459e-04  1.959e-05  1.101e-15  1.539e-15  8.437e-16  1.982e-17  9.234e-07  9.677e-18  6.412e-12  8.425e-10  4.009e-15  3.573e-11  2.045e-10  5.552e-24  4.577e-07  3.534e-13  1.523e-11  5.127e-13  1.058e-06  6.577e-10  4.914e-10  1.143e-10  1.249e-12  2.308e-14  9.935e-17  5.066e-12  1.508e-14  4.709e-08  5.385e-08  5.148e-12  2.997e-18  6.090e-22  3.961e-15  1.309e-13  1.019e-21  5.127e-13  1.523e-11  3.237e-06  1.227e-06  1.361e-04  1.209e-04  6.901e-06  5.568e-07  4.869e-09  4.791e-09  1.035e-08  4.250e-07  3.603e-23  3.901e-09  3.923e-09  5.636e-06  1.284e-05  9.386e-11  1.468e-08
1.56999e+15  -1.58604e+15  -9.58103e+14  2.42865e+15  3.87600e+04  4.81200e+02  1.74100e-01  2.47500e+03  1.458e-04  1.958e-05  1.046e-15  1.425e-15  7.468e-16  1.962e-17  8.918e-07  8.843e-18  6.103e-12  8.145e-10  3.970e-15  3.345e-11  2.007e-10  5.017e-24  4.342e-07  3.414e-13  1.515e-11  4.991e-13  1.040e-06  6.579e-10  4.721e-10  1.145e-10  1.227e-12  2.281e-14  9.701e-17  5.109e-12  1.442e-14  4.417e-08  5.047e-08  4.903e-12  2.883e-18  5.626e-22  3.698e-15  1.260e-13  9.235e-22  4.991e-13  1.515e-11  3.313e-06  1.249e-06  1.362e-04  1.213e-04  6.803e-06  5.326e-07  4.869e-09  4.795e-09  1.013e-08  4.473e-07  3.808e-23  4.031e-09  4.030e-09  5.740e-06  1.289e-05  9.645e-11  1.492e-08
1.58758e+15  -1.60394e+15  -9.71680e+14  2.45707e+15  3.76500e+04  4.74500e+02  1.71200e-01  2.47700e+03  1.457e-04  1.956e-05  9.934e-16  1.320e-15  6.612e-16  1.942e-17  8.613e-07  8.096e-18  5.806e-12  7.872e-10  3.930e-15  3.129e-11  1.970e-10  4.535e-24  4.118e-07  3.299e-13  1.507e-11  4.860e-13  1.023e-06  6.578e-10  4.535e-10  1.147e-10  1.206e-12  2.254e-14  9.478e-17  5.149e-12  1.379e-14  4.141e-08  4.729e-08  4.676e-12  2.771e-18  5.198e-22  3.451e-15  1.212e-13  8.363e-22  4.860e-13  1.507e-11  3.390e-06  1.272e-06  1.362e-04  1.216e-04  6.705e-06  5.093e-07  4.868e-09  4.798e-09  9.907e-09  4.705e-07  4.025e-23  4.161e-09  4.135e-09  5.844e-06  1.294e-05  9.919e-11  1.516e-08
1.60548e+15  -1.62183e+15  -9.85565e+14  2.48581e+15  3.65600e+04  4.67900e+02  1.69100e-01  2.47800e+03  1.456e-04  1.955e-05  9.433e-16  1.222e-15  5.859e-16  1.922e-17  8.316e-07  7.427e-18  5.520e-12  7.606e-10  3.891e-15  2.927e-11  1.933e-10  4.100e-24  3.905e-07  3.187e-13  1.499e-11  4.734e-13  1.007e-06  6.576e-10  4.355e-10  1.147e-10  1.184e-12  2.228e-14  9.264e-17  5.185e-12  1.319e-14  3.880e-08  4.428e-08  4.464e-12  2.661e-18  4.803e-22  3.221e-15  1.166e-13  7.569e-22  4.734e-13  1.499e-11  3.467e-06  1.295e-06  1.363e-04  1.220e-04  6.607e-06  4.869e-07  4.867e-09  4.802e-09  9.686e-09  4.947e-07  4.255e-23  4.290e-09  4.240e-09  5.948e-06  1.298e-05  1.020e-10  1.539e-08
1.62337e+15  -1.63973e+15  -9.99142e+14  2.51443e+15  3.55000e+04  4.61400e+02  1.68400e-01  2.48000e+03  1.456e-04  1.954e-05  8.956e-16  1.132e-15  5.197e-16  1.902e-17  8.030e-07  6.829e-18  5.247e-12  7.348e-10  3.851e-15  2.737e-11  1.895e-10  3.709e-24  3.703e-07  3.079e-13  1.491e-11  4.611e-13  9.900e-07  6.573e-10  4.183e-10  1.147e-10  1.162e-12  2.203e-14  9.057e-17  5.218e-12  1.261e-14  3.635e-08  4.147e-08  4.267e-12  2.554e-18  4.436e-22  3.006e-15  1.121e-13  6.848e-22  4.611e-13  1.491e-11  3.545e-06  1.318e-06  1.364e-04  1.223e-04  6.510e-06  4.655e-07  4.866e-09  4.806e-09  9.468e-09  5.198e-07  4.493e-23  4.420e-09  4.344e-09  6.051e-06  1.302e-05  1.049e-10  1.562e-08
1.64096e+15  -1.65763e+15  -1.01272e+15  2.54285e+15  3.44600e+04  4.55000e+02  1.66800e-01  2.48100e+03  1.455e-04  1.953e-05  8.503e-16  1.048e-15  4.615e-16  1.882e-17  7.753e-07  6.293e-18  4.986e-12  7.097e-10  3.812e-15  2.559e-11  1.859e-10  3.356e-24  3.512e-07  2.975e-13  1.482e-11  4.491e-13  9.737e-07  6.567e-10  4.017e-10  1.147e-10  1.140e-12  2.179e-14  8.857e-17  5.248e-12  1.207e-14  3.404e-08  3.882e-08  4.084e-12  2.452e-18  4.105e-22  2.805e-15  1.079e-13  6.193e-22  4.491e-13  1.482e-11  3.622e-06  1.341e-06  1.364e-04  1.226e-04  6.412e-06  4.451e-07  4.865e-09  4.810e-09  9.252e-09  5.457e-07  4.741e-23  4.549e-09  4.446e-09  6.153e-06  1.307e-05  1.079e-10  1.585e-08
1.65886e+15  -1.67552e+15  -1.02630e+15  2.57147e+15  3.34600e+04  4.48800e+02  1.65600e-01  2.48300e+03  1.454e-04  1.952e-05  8.071e-16  9.707e-16  4.103e-16  1.862e-17  7.485e-07  5.812e-18  4.736e-12  6.853e-10  3.773e-15  2.392e-11  1.822e-10  3.039e-24  3.330e-07  2.875e-13  1.473e-11  4.376e-13  9.578e-07  6.560e-10  3.858e-10  1.146e-10  1.118e-12  2.156e-14  8.662e-17  5.274e-12  1.155e-14  3.187e-08  3.633e-08  3.914e-12  2.353e-18  3.801e-22  2.618e-15  1.037e-13  5.599e-22  4.376e-13  1.473e-11  3.700e-06  1.365e-06  1.365e-04  1.230e-04  6.316e-06  4.255e-07  4.863e-09  4.814e-09  9.040e-09  5.725e-07  4.997e-23  4.678e-09  4.547e-09  6.255e-06  1.311e-05  1.110e-10  1.608e-08
1.67645e+15  -1.69342e+15  -1.03956e+15  2.59978e+15  3.25000e+04  4.42900e+02  1.65300e-01  2.48500e+03  1.453e-04  1.951e-05  7.662e-16  8.993e-16  3.653e-16  1.842e-17  7.227e-07  5.381e-18  4.498e-12  6.617e-10  3.734e-15  2.235e-11  1.787e-10  2.753e-24  3.158e-07  2.779e-13  1.464e-11  4.264e-13  9.420e-07  6.552e-10  3.705e-10  1.144e-10  1.097e-12  2.135e-14  8.473e-17  5.298e-12  1.105e-14  2.984e-08  3.400e-08  3.755e-12  2.258e-18  3.519e-22  2.443e-15  9.974e-14  5.060e-22  4.264e-13  1.464e-11  3.777e-06  1.388e-06  1.365e-04  1.233e-04  6.220e-06  4.068e-07  4.862e-09  4.817e-09  8.831e-09  6.002e-07  5.262e-23  4.807e-09  4.647e-09  6.355e-06  1.314e-05  1.141e-10  1.630e-08
1.69435e+15  -1.71101e+15  -1.05252e+15  2.62796e+15  3.15700e+04  4.37100e+02  1.61900e-01  2.48600e+03  1.452e-04  1.950e-05  7.270e-16  8.330e-16  3.256e-16  1.822e-17  6.976e-07  4.989e-18  4.269e-12  6.387e-10  3.695e-15  2.088e-11  1.752e-10  2.493e-24  2.995e-07  2.685e-13  1.454e-11  4.156e-13  9.266e-07  6.542e-10  3.557e-10  1.142e-10  1.075e-12  2.115e-14  8.291e-17  5.319e-12  1.058e-14  2.792e-08  3.180e-08  3.606e-12  2.168e-18  3.273e-22  2.280e-15  9.589e-14  4.569e-22  4.156e-13  1.454e-11  3.856e-06  1.412e-06  1.366e-04  1.236e-04  6.124e-06  3.888e-07  4.860e-09  4.821e-09  8.623e-09  6.290e-07  5.538e-23  4.935e-09  4.745e-09  6.455e-06  1.318e-05  1.173e-10  1.653e-08
1.71193e+15  -1.72891e+15  -1.06579e+15  2.65627e+15  3.06900e+04  4.31700e+02  1.60600e-01  2.48800e+03  1.451e-04  1.948e-05  6.897e-16  7.717e-16  2.905e-16  1.802e-17  6.733e-07  4.635e-18  4.050e-12  6.162e-10  3.656e-15  1.950e-11  1.717e-10  2.259e-24  2.840e-07  2.596e-13  1.444e-11  4.050e-13  9.114e-07  6.530e-10  3.415e-10  1.140e-10  1.053e-12  2.097e-14  8.113e-17  5.336e-12  1.012e-14  2.612e-08  2.973e-08  3.467e-12  2.081e-18  3.039e-22  2.127e-15  9.218e-14  4.124e-22  4.050e-13  1.444e-11  3.935e-06  1.436e-06  1.367e-04  1.239e-04  6.028e-06  3.716e-07  4.858e-09  4.824e-09  8.418e-09  6.587e-07  5.825e-23  5.063e-09  4.842e-09  6.555e-06  1.321e-05  1.207e-10  1.675e-08
1.72983e+15  -1.74649e+15  -1.07875e+15  2.68445e+15  2.98600e+04  4.26500e+02  1.59600e-01  2.48900e+03  1.450e-04  1.947e-05  6.543e-16  7.150e-16  2.598e-16  1.782e-17  6.498e-07  4.315e-18  3.842e-12  5.945e-10  3.617e-15  1.821e-11  1.683e-10  2.047e-24  2.693e-07  2.509e-13  1.434e-11  3.948e-13  8.965e-07  6.517e-10  3.279e-10  1.137e-10  1.032e-12  2.081e-14  7.939e-17  5.352e-12  9.690e-15  2.443e-08  2.779e-08  3.337e-12  1.997e-18  2.823e-22  1.985e-15  8.860e-14  3.721e-22  3.948e-13  1.434e-11  4.014e-06  1.461e-06  1.367e-04  1.242e-04  5.933e-06  3.552e-07  4.856e-09  4.828e-09  8.217e-09  6.893e-07  6.123e-23  5.191e-09  4.937e-09  6.654e-06  1.325e-05  1.240e-10  1.696e-08
1.74773e+15  -1.76408e+15  -1.09140e+15  2.71251e+15  2.90600e+04  4.21500e+02  1.57600e-01  2.49100e+03  1.449e-04  1.946e-05  6.206e-16  6.625e-16  2.326e-16  1.762e-17  6.271e-07  4.024e-18  3.642e-12  5.734e-10  3.578e-15  1.700e-11  1.651e-10  1.856e-24  2.553e-07  2.425e-13  1.424e-11  3.849e-13  8.817e-07  6.503e-10  3.147e-10  1.134e-10  1.011e-12  2.066e-14  7.768e-17  5.364e-12  9.276e-15  2.284e-08  2.597e-08  3.215e-12  1.918e-18  2.627e-22  1.852e-15  8.515e-14  3.356e-22  3.849e-13  1.424e-11  4.094e-06  1.485e-06  1.368e-04  1.245e-04  5.839e-06  3.395e-07  4.854e-09  4.831e-09  8.018e-09  7.210e-07  6.430e-23  5.318e-09  5.031e-09  6.752e-06  1.328e-05  1.275e-10  1.718e-08
1.76562e+15  -1.78167e+15  -1.10406e+15  2.74057e+15  2.83200e+04  4.16900e+02  1.55800e-01  2.49300e+03  1.448e-04  1.945e-05  5.885e-16  6.138e-16  2.086e-16  1.742e-17  6.051e-07  3.760e-18  3.452e-12  5.529e-10  3.540e-15  1.586e-11  1.619e-10  1.682e-24  2.421e-07  2.345e-13  1.413e-11  3.752e-13  8.672e-07  6.487e-10  3.021e-10  1.130e-10  9.899e-13  2.052e-14  7.601e-17  5.374e-12  8.880e-15  2.135e-08  2.426e-08  3.101e-12  1.842e-18  2.445e-22  1.727e-15  8.182e-14  3.024e-22  3.752e-13  1.413e-11  4.175e-06  1.510e-06  1.368e-04  1.248e-04  5.745e-06  3.244e-07  4.851e-09  4.834e-09  7.823e-09  7.537e-07  6.749e-23  5.445e-09  5.123e-09  6.849e-06  1.331e-05  1.310e-10  1.739e-08
1.78352e+15  -1.79926e+15  -1.11671e+15  2.76863e+15  2.76100e+04  4.12500e+02  1.53800e-01  2.49400e+03  1.447e-04  1.944e-05  5.579e-16  5.686e-16  1.874e-16  1.722e-17  5.838e-07  3.519e-18  3.271e-12  5.330e-10  3.501e-15  1.480e-11  1.587e-10  1.525e-24  2.296e-07  2.267e-13  1.403e-11  3.658e-13  8.529e-07  6.469e-10  2.899e-10  1.126e-10  9.693e-13  2.040e-14  7.437e-17  5.382e-12  8.501e-15  1.995e-08  2.266e-08  2.993e-12  1.770e-18  2.278e-22  1.611e-15  7.861e-14  2.724e-22  3.658e-13  1.403e-11  4.257e-06  1.535e-06  1.369e-04  1.251e-04  5.651e-06  3.100e-07  4.849e-09  4.838e-09  7.630e-09  7.875e-07  7.079e-23  5.571e-09  5.214e-09  6.945e-06  1.334e-05  1.347e-10  1.760e-08
1.80142e+15  -1.81685e+15  -1.12936e+15  2.79669e+15  2.69500e+04  4.08500e+02  1.52300e-01  2.49600e+03  1.446e-04  1.942e-05  5.288e-16  5.268e-16  1.688e-16  1.702e-17  5.632e-07  3.300e-18  3.098e-12  5.137e-10  3.462e-15  1.381e-11  1.557e-10  1.382e-24  2.177e-07  2.191e-13  1.391e-11  3.565e-13  8.387e-07  6.451e-10  2.782e-10  1.122e-10  9.490e-13  2.030e-14  7.275e-17  5.387e-12  8.138e-15  1.864e-08  2.115e-08  2.891e-12  1.702e-18  2.123e-22  1.503e-15  7.551e-14  2.452e-22  3.565e-13  1.391e-11  4.339e-06  1.561e-06  1.369e-04  1.254e-04  5.558e-06  2.963e-07  4.846e-09  4.841e-09  7.441e-09  8.223e-07  7.421e-23  5.698e-09  5.304e-09  7.041e-06  1.336e-05  1.383e-10  1.780e-08
1.81932e+15  -1.83444e+15  -1.14170e+15  2.82463e+15  2.63300e+04  4.04700e+02  1.50300e-01  2.49700e+03  1.445e-04  1.941e-05  5.011e-16  4.880e-16  1.523e-16  1.683e-17  5.432e-07  3.099e-18  2.933e-12  4.949e-10  3.424e-15  1.288e-11  1.528e-10  1.253e-24  2.064e-07  2.118e-13  1.380e-11  3.475e-13  8.248e-07  6.431e-10  2.670e-10  1.118e-10  9.291e-13  2.022e-14  7.115e-17  5.391e-12  7.791e-15  1.741e-08  1.974e-08  2.795e-12  1.636e-18  1.979e-22  1.402e-15  7.253e-14  2.206e-22  3.475e-13  1.380e-11  4.422e-06  1.587e-06  1.370e-04  1.257e-04  5.466e-06  2.831e-07  4.843e-09  4.844e-09  7.254e-09  8.583e-07  7.773e-23  5.823e-09  5.391e-09  7.136e-06  1.339e-05  1.421e-10  1.800e-08
1.83721e+15  -1.85172e+15  -1.15435e+15  2.85249e+15  2.57400e+04  4.01100e+02  1.49900e-01  2.49900e+03  1.444e-04  1.940e-05  4.748e-16  4.522e-16  1.378e-16  1.663e-17  5.239e-07  2.916e-18  2.776e-12  4.768e-10  3.385e-15  1.201e-11  1.499e-10  1.137e-24  1.958e-07  2.048e-13  1.368e-11  3.387e-13  8.109e-07  6.410e-10  2.561e-10  1.113e-10  9.098e-13  2.015e-14  6.956e-17  5.393e-12  7.459e-15  1.626e-08  1.842e-08  2.705e-12  1.574e-18  1.843e-22  1.309e-15  6.965e-14  1.985e-22  3.387e-13  1.368e-11  4.504e-06  1.613e-06  1.370e-04  1.260e-04  5.375e-06  2.706e-07  4.840e-09  4.846e-09  7.072e-09  8.951e-07  8.136e-23  5.949e-09  5.478e-09  7.230e-06  1.342e-05  1.458e-10  1.820e-08
1.85542e+15  -1.86930e+15  -1.16669e+15  2.88063e+15  2.51900e+04  3.97700e+02  1.48400e-01  2.50100e+03  1.443e-04  1.939e-05  4.499e-16  4.189e-16  1.250e-16  1.643e-17  5.053e-07  2.749e-18  2.627e-12  4.593e-10  3.347e-15  1.120e-11  1.472e-10  1.031e-24  1.858e-07  1.980e-13  1.355e-11  3.301e-13  7.973e-07  6.388e-10  2.457e-10  1.107e-10  8.908e-13  2.009e-14  6.799e-17  5.393e-12  7.141e-15  1.518e-08  1.718e-08  2.620e-12  1.515e-18  1.719e-22  1.221e-15  6.689e-14  1.785e-22  3.301e-13  1.355e-11  4.587e-06  1.639e-06  1.370e-04  1.263e-04  5.285e-06  2.586e-07  4.837e-09  4.849e-09  6.892e-09  9.330e-07  8.508e-23  6.074e-09  5.562e-09  7.322e-06  1.344e-05  1.495e-10  1.840e-08
1.87362e+15  -1.88658e+15  -1.17904e+15  2.90857e+15  2.46700e+04  3.94500e+02  1.47300e-01  2.50200e+03  1.442e-04  1.937e-05  4.261e-16  3.881e-16  1.137e-16  1.624e-17  4.872e-07  2.596e-18  2.485e-12  4.423e-10  3.308e-15  1.044e-11  1.445e-10  9.354e-25  1.763e-07  1.914e-13  1.343e-11  3.216e-13  7.837e-07  6.365e-10  2.358e-10  1.102e-10  8.723e-13  2.005e-14  6.643e-17  5.392e-12  6.837e-15  1.418e-08  1.603e-08  2.539e-12  1.458e-18  1.604e-22  1.140e-15  6.422e-14  1.604e-22  3.216e-13  1.343e-11  4.670e-06  1.666e-06  1.371e-04  1.266e-04  5.195e-06  2.472e-07  4.834e-09  4.852e-09  6.717e-09  9.719e-07  8.890e-23  6.198e-09  5.645e-09  7.414e-06  1.346e-05  1.533e-10  1.859e-08
1.89183e+15  -1.90417e+15  -1.19138e+15  2.93671e+15  2.41700e+04  3.91400e+02  1.46100e-01  2.50400e+03  1.441e-04  1.936e-05  4.036e-16  3.596e-16  1.037e-16  1.604e-17  4.698e-07  2.454e-18  2.350e-12  4.259e-10  3.270e-15  9.736e-12  1.419e-10  8.487e-25  1.673e-07  1.851e-13  1.330e-11  3.133e-13  7.704e-07  6.341e-10  2.261e-10  1.095e-10  8.543e-13  2.002e-14  6.488e-17  5.389e-12  6.545e-15  1.324e-08  1.494e-08  2.462e-12  1.404e-18  1.497e-22  1.064e-15  6.165e-14  1.442e-22  3.133e-13  1.330e-11  4.754e-06  1.692e-06  1.371e-04  1.268e-04  5.107e-06  2.363e-07  4.831e-09  4.855e-09  6.545e-09  1.012e-06  9.281e-23  6.322e-09  5.726e-09  7.505e-06  1.348e-05  1.571e-10  1.878e-08
1.91034e+15  -1.92145e+15  -1.20372e+15  2.96485e+15  2.36900e+04  3.88400e+02  1.44400e-01  2.50500e+03  1.440e-04  1.935e-05  3.822e-16  3.331e-16  9.488e-17  1.585e-17  4.529e-07  2.324e-18  2.222e-12  4.100e-10  3.231e-15  9.077e-12  1.394e-10  7.701e-25  1.588e-07  1.789e-13  1.317e-11  3.052e-13  7.571e-07  6.316e-10  2.169e-10  1.089e-10  8.366e-13  2.000e-14  6.335e-17  5.385e-12  6.266e-15  1.236e-08  1.393e-08  2.390e-12  1.353e-18  1.398e-22  9.931e-16  5.918e-14  1.295e-22  3.052e-13  1.317e-11  4.838e-06  1.720e-06  1.372e-04  1.271e-04  5.019e-06  2.259e-07  4.828e-09  4.857e-09  6.376e-09  1.053e-06  9.683e-23  6.445e-09  5.805e-09  7.594e-06  1.350e-05  1.609e-10  1.896e-08
1.92855e+15  -1.93904e+15  -1.21637e+15  2.99312e+15  2.32300e+04  3.85500e+02  1.42200e-01  2.50700e+03  1.439e-04  1.933e-05  3.618e-16  3.085e-16  8.702e-17  1.566e-17  4.366e-07  2.203e-18  2.100e-12  3.945e-10  3.193e-15  8.461e-12  1.370e-10  6.987e-25  1.507e-07  1.729e-13  1.303e-11  2.973e-13  7.440e-07  6.289e-10  2.080e-10  1.081e-10  8.194e-13  1.999e-14  6.184e-17  5.378e-12  5.998e-15  1.154e-08  1.298e-08  2.321e-12  1.303e-18  1.307e-22  9.271e-16  5.680e-14  1.162e-22  2.973e-13  1.303e-11  4.923e-06  1.747e-06  1.372e-04  1.274e-04  4.932e-06  2.160e-07  4.825e-09  4.860e-09  6.210e-09  1.095e-06  1.010e-22  6.567e-09  5.882e-09  7.683e-06  1.352e-05  1.648e-10  1.915e-08
1.94706e+15  -1.95632e+15  -1.22872e+15  3.02126e+15  2.27900e+04  3.82600e+02  1.41800e-01  2.50800e+03  1.437e-04  1.932e-05  3.425e-16  2.858e-16  8.007e-17  1.547e-17  4.208e-07  2.091e-18  1.984e-12  3.797e-10  3.154e-15  7.887e-12  1.346e-10  6.341e-25  1.431e-07  1.672e-13  1.289e-11  2.895e-13  7.310e-07  6.262e-10  1.995e-10  1.074e-10  8.027e-13  1.999e-14  6.034e-17  5.371e-12  5.742e-15  1.077e-08  1.209e-08  2.256e-12  1.256e-18  1.220e-22  8.658e-16  5.451e-14  1.043e-22  2.895e-13  1.289e-11  5.008e-06  1.775e-06  1.372e-04  1.277e-04  4.846e-06  2.066e-07  4.821e-09  4.862e-09  6.049e-09  1.138e-06  1.052e-22  6.689e-09  5.957e-09  7.771e-06  1.354e-05  1.687e-10  1.932e-08
1.96558e+15  -1.97360e+15  -1.24137e+15  3.04952e+15  2.23600e+04  3.79800e+02  1.41200e-01  2.51000e+03  1.436e-04  1.931e-05  3.241e-16  2.647e-16  7.391e-17  1.528e-17  4.055e-07  1.988e-18  1.875e-12  3.653e-10  3.116e-15  7.352e-12  1.323e-10  5.757e-25  1.359e-07  1.616e-13  1.275e-11  2.818e-13  7.182e-07  6.235e-10  1.912e-10  1.065e-10  7.864e-13  2.000e-14  5.885e-17  5.362e-12  5.497e-15  1.005e-08  1.126e-08  2.193e-12  1.210e-18  1.140e-22  8.088e-16  5.230e-14  9.359e-23  2.818e-13  1.275e-11  5.093e-06  1.802e-06  1.373e-04  1.279e-04  4.762e-06  1.976e-07  4.818e-09  4.864e-09  5.890e-09  1.182e-06  1.096e-22  6.810e-09  6.029e-09  7.857e-06  1.356e-05  1.725e-10  1.950e-08
1.98409e+15  -1.99088e+15  -1.25371e+15  3.07766e+15  2.19400e+04  3.76900e+02  1.38900e-01  2.51200e+03  1.435e-04  1.929e-05  3.067e-16  2.452e-16  6.840e-17  1.510e-17  3.907e-07  1.891e-18  1.771e-12  3.514e-10  3.078e-15  6.852e-12  1.300e-10  5.226e-25  1.291e-07  1.562e-13  1.261e-11  2.744e-13  7.055e-07  6.206e-10  1.834e-10  1.057e-10  7.705e-13  2.001e-14  5.739e-17  5.352e-12  5.261e-15  9.382e-09  1.048e-08  2.134e-12  1.167e-18  1.067e-22  7.555e-16  5.018e-14  8.392e-23  2.744e-13  1.261e-11  5.179e-06  1.831e-06  1.373e-04  1.282e-04  4.677e-06  1.890e-07  4.815e-09  4.867e-09  5.735e-09  1.228e-06  1.141e-22  6.930e-09  6.100e-09  7.943e-06  1.358e-05  1.765e-10  1.967e-08
2.00291e+15  -2.00847e+15  -1.26636e+15  3.10633e+15  2.15200e+04  3.74100e+02  1.37600e-01  2.51300e+03  1.434e-04  1.928e-05  2.902e-16  2.270e-16  6.349e-17  1.491e-17  3.764e-07  1.800e-18  1.672e-12  3.380e-10  3.040e-15  6.386e-12  1.279e-10  4.744e-25  1.227e-07  1.510e-13  1.246e-11  2.671e-13  6.929e-07  6.177e-10  1.758e-10  1.048e-10  7.549e-13  2.003e-14  5.595e-17  5.340e-12  5.036e-15  8.754e-09  9.756e-09  2.078e-12  1.125e-18  9.977e-23  7.058e-16  4.813e-14  7.522e-23  2.671e-13  1.246e-11  5.265e-06  1.859e-06  1.374e-04  1.285e-04  4.594e-06  1.808e-07  4.811e-09  4.869e-09  5.583e-09  1.274e-06  1.186e-22  7.049e-09  6.168e-09  8.027e-06  1.359e-05  1.805e-10  1.984e-08
2.02174e+15  -2.02575e+15  -1.27901e+15  3.13480e+15  2.11200e+04  3.71200e+02  1.37100e-01  2.51500e+03  1.433e-04  1.926e-05  2.745e-16  2.103e-16  5.913e-17  1.472e-17  3.627e-07  1.715e-18  1.578e-12  3.251e-10  3.002e-15  5.953e-12  1.257e-10  4.308e-25  1.167e-07  1.459e-13  1.232e-11  2.599e-13  6.805e-07  6.147e-10  1.685e-10  1.038e-10  7.398e-13  2.005e-14  5.453e-17  5.327e-12  4.820e-15  8.168e-09  9.079e-09  2.024e-12  1.085e-18  9.327e-23  6.597e-16  4.617e-14  6.742e-23  2.599e-13  1.232e-11  5.351e-06  1.888e-06  1.374e-04  1.287e-04  4.512e-06  1.731e-07  4.807e-09  4.871e-09  5.435e-09  1.322e-06  1.233e-22  7.167e-09  6.234e-09  8.111e-06  1.361e-05  1.844e-10  2.000e-08
2.04025e+15  -2.04303e+15  -1.29166e+15  3.16306e+15  2.07300e+04  3.68400e+02  1.35800e-01  2.51600e+03  1.431e-04  1.925e-05  2.596e-16  1.947e-16  5.521e-17  1.454e-17  3.493e-07  1.636e-18  1.489e-12  3.126e-10  2.964e-15  5.548e-12  1.236e-10  3.913e-25  1.109e-07  1.411e-13  1.217e-11  2.529e-13  6.682e-07  6.116e-10  1.615e-10  1.028e-10  7.251e-13  2.008e-14  5.314e-17  5.313e-12  4.614e-15  7.620e-09  8.446e-09  1.973e-12  1.046e-18  8.729e-23  6.166e-16  4.428e-14  6.040e-23  2.529e-13  1.217e-11  5.437e-06  1.916e-06  1.374e-04  1.290e-04  4.431e-06  1.657e-07  4.804e-09  4.873e-09  5.290e-09  1.371e-06  1.281e-22  7.283e-09  6.298e-09  8.193e-06  1.362e-05  1.884e-10  2.016e-08
2.05907e+15  -2.06031e+15  -1.30432e+15  3.19153e+15  2.03400e+04  3.65600e+02  1.35900e-01  2.51800e+03  1.430e-04  1.923e-05  2.455e-16  1.803e-16  5.172e-17  1.436e-17  3.365e-07  1.561e-18  1.405e-12  3.005e-10  2.926e-15  5.172e-12  1.216e-10  3.555e-25  1.055e-07  1.363e-13  1.202e-11  2.460e-13  6.561e-07  6.084e-10  1.548e-10  1.018e-10  7.109e-13  2.012e-14  5.176e-17  5.297e-12  4.416e-15  7.110e-09  7.858e-09  1.925e-12  1.009e-18  8.160e-23  5.766e-16  4.247e-14  5.411e-23  2.460e-13  1.202e-11  5.522e-06  1.945e-06  1.375e-04  1.292e-04  4.352e-06  1.587e-07  4.800e-09  4.875e-09  5.149e-09  1.420e-06  1.330e-22  7.399e-09  6.359e-09  8.274e-06  1.364e-05  1.924e-10  2.032e-08
2.07820e+15  -2.07759e+15  -1.31728e+15  3.22033e+15  1.99600e+04  3.62800e+02  1.34700e-01  2.52000e+03  1.429e-04  1.922e-05  2.322e-16  1.670e-16  4.858e-17  1.418e-17  3.241e-07  1.491e-18  1.325e-12  2.889e-10  2.889e-15  4.821e-12  1.196e-10  3.231e-25  1.005e-07  1.318e-13  1.187e-11  2.394e-13  6.441e-07  6.052e-10  1.483e-10  1.007e-10  6.969e-13  2.015e-14  5.041e-17  5.279e-12  4.227e-15  6.633e-09  7.308e-09  1.878e-12  9.735e-19  7.641e-23  5.393e-16  4.072e-14  4.847e-23  2.394e-13  1.187e-11  5.607e-06  1.974e-06  1.375e-04  1.295e-04  4.273e-06  1.520e-07  4.797e-09  4.877e-09  5.011e-09  1.471e-06  1.380e-22  7.513e-09  6.417e-09  8.353e-06  1.365e-05  1.964e-10  2.048e-08
2.09703e+15  -2.09487e+15  -1.32993e+15  3.24880e+15  1.95900e+04  3.60000e+02  1.32200e-01  2.52100e+03  1.428e-04  1.921e-05  2.195e-16  1.547e-16  4.572e-17  1.400e-17  3.120e-07  1.424e-18  1.250e-12  2.777e-10  2.851e-15  4.494e-12  1.176e-10  2.935e-25  9.562e-08  1.274e-13  1.171e-11  2.328e-13  6.323e-07  6.019e-10  1.421e-10  9.958e-11  6.832e-13  2.018e-14  4.909e-17  5.260e-12  4.046e-15  6.186e-09  6.794e-09  1.834e-12  9.395e-19  7.169e-23  5.043e-16  3.904e-14  4.338e-23  2.328e-13  1.171e-11  5.695e-06  2.004e-06  1.375e-04  1.297e-04  4.195e-06  1.456e-07  4.793e-09  4.879e-09  4.875e-09  1.523e-06  1.432e-22  7.625e-09  6.473e-09  8.432e-06  1.366e-05  2.005e-10  2.063e-08
2.11585e+15  -2.11215e+15  -1.34289e+15  3.27740e+15  1.92300e+04  3.57300e+02  1.30700e-01  2.52300e+03  1.426e-04  1.919e-05  2.075e-16  1.432e-16  4.314e-17  1.382e-17  3.004e-07  1.360e-18  1.178e-12  2.669e-10  2.814e-15  4.189e-12  1.157e-10  2.667e-25  9.105e-08  1.231e-13  1.156e-11  2.264e-13  6.206e-07  5.986e-10  1.362e-10  9.843e-11  6.698e-13  2.022e-14  4.780e-17  5.240e-12  3.872e-15  5.767e-09  6.314e-09  1.791e-12  9.067e-19  6.723e-23  4.717e-16  3.742e-14  3.881e-23  2.264e-13  1.156e-11  5.782e-06  2.034e-06  1.375e-04  1.300e-04  4.118e-06  1.395e-07  4.789e-09  4.881e-09  4.743e-09  1.577e-06  1.484e-22  7.736e-09  6.526e-09  8.510e-06  1.368e-05  2.047e-10  2.078e-08
2.13498e+15  -2.12943e+15  -1.35554e+15  3.30607e+15  1.88700e+04  3.54600e+02  1.30400e-01  2.52400e+03  1.425e-04  1.918e-05  1.961e-16  1.326e-16  4.080e-17  1.364e-17  2.892e-07  1.300e-18  1.110e-12  2.564e-10  2.777e-15  3.905e-12  1.138e-10  2.424e-25  8.675e-08  1.190e-13  1.140e-11  2.202e-13  6.091e-07  5.952e-10  1.304e-10  9.725e-11  6.568e-13  2.026e-14  4.652e-17  5.218e-12  3.706e-15  5.377e-09  5.867e-09  1.751e-12  8.752e-19  6.296e-23  4.413e-16  3.587e-14  3.472e-23  2.202e-13  1.140e-11  5.870e-06  2.064e-06  1.376e-04  1.302e-04  4.042e-06  1.337e-07  4.785e-09  4.883e-09  4.614e-09  1.631e-06  1.538e-22  7.845e-09  6.577e-09  8.587e-06  1.369e-05  2.088e-10  2.092e-08
2.15411e+15  -2.14671e+15  -1.36850e+15  3.33487e+15  1.85300e+04  3.51900e+02  1.28600e-01  2.52600e+03  1.424e-04  1.916e-05  1.853e-16  1.228e-16  3.867e-17  1.346e-17  2.784e-07  1.243e-18  1.046e-12  2.464e-10  2.740e-15  3.640e-12  1.119e-10  2.203e-25  8.267e-08  1.150e-13  1.124e-11  2.142e-13  5.978e-07  5.917e-10  1.249e-10  9.605e-11  6.441e-13  2.029e-14  4.528e-17  5.195e-12  3.546e-15  5.012e-09  5.450e-09  1.712e-12  8.450e-19  5.906e-23  4.129e-16  3.438e-14  3.104e-23  2.142e-13  1.124e-11  5.958e-06  2.094e-06  1.376e-04  1.305e-04  3.967e-06  1.281e-07  4.781e-09  4.885e-09  4.487e-09  1.687e-06  1.593e-22  7.953e-09  6.625e-09  8.663e-06  1.370e-05  2.131e-10  2.107e-08
2.17293e+15  -2.16399e+15  -1.38146e+15  3.36347e+15  1.81900e+04  3.49200e+02  1.26900e-01  2.52800e+03  1.422e-04  1.915e-05  1.750e-16  1.136e-16  3.672e-17  1.328e-17  2.679e-07  1.188e-18  9.850e-13  2.367e-10  2.703e-15  3.393e-12  1.101e-10  2.002e-25  7.882e-08  1.112e-13  1.109e-11  2.082e-13  5.865e-07  5.882e-10  1.197e-10  9.482e-11  6.316e-13  2.033e-14  4.406e-17  5.170e-12  3.393e-15  4.670e-09  5.061e-09  1.675e-12  8.161e-19  5.542e-23  3.864e-16  3.294e-14  2.774e-23  2.082e-13  1.109e-11  6.047e-06  2.125e-06  1.376e-04  1.307e-04  3.893e-06  1.228e-07  4.777e-09  4.887e-09  4.364e-09  1.744e-06  1.649e-22  8.060e-09  6.671e-09  8.738e-06  1.371e-05  2.174e-10  2.121e-08
2.19207e+15  -2.18096e+15  -1.39442e+15  3.39207e+15  1.78700e+04  3.46600e+02  1.26400e-01  2.52900e+03  1.421e-04  1.913e-05  1.654e-16  1.052e-16  3.495e-17  1.310e-17  2.578e-07  1.136e-18  9.275e-13  2.273e-10  2.667e-15  3.163e-12  1.083e-10  1.819e-25  7.518e-08  1.075e-13  1.093e-11  2.024e-13  5.755e-07  5.846e-10  1.146e-10  9.356e-11  6.196e-13  2.037e-14  4.287e-17  5.144e-12  3.247e-15  4.352e-09  4.698e-09  1.639e-12  7.882e-19  5.195e-23  3.617e-16  3.156e-14  2.479e-23  2.024e-13  1.093e-11  6.136e-06  2.156e-06  1.377e-04  1.310e-04  3.820e-06  1.178e-07  4.773e-09  4.889e-09  4.244e-09  1.802e-06  1.707e-22  8.164e-09  6.714e-09  8.812e-06  1.372e-05  2.217e-10  2.134e-08
2.21120e+15  -2.19824e+15  -1.40738e+15  3.42087e+15  1.75500e+04  3.44000e+02  1.26000e-01  2.53100e+03  1.420e-04  1.912e-05  1.562e-16  9.739e-17  3.333e-17  1.293e-17  2.481e-07  1.087e-18  8.733e-13  2.183e-10  2.631e-15  2.950e-12  1.065e-10  1.654e-25  7.175e-08  1.039e-13  1.077e-11  1.968e-13  5.646e-07  5.810e-10  1.097e-10  9.228e-11  6.078e-13  2.041e-14  4.170e-17  5.117e-12  3.107e-15  4.056e-09  4.362e-09  1.605e-12  7.616e-19  4.867e-23  3.386e-16  3.024e-14  2.215e-23  1.968e-13  1.077e-11  6.224e-06  2.187e-06  1.377e-04  1.312e-04  3.749e-06  1.130e-07  4.769e-09  4.891e-09  4.127e-09  1.861e-06  1.765e-22  8.267e-09  6.754e-09  8.884e-06  1.373e-05  2.260e-10  2.148e-08
2.23002e+15  -2.21552e+15  -1.42034e+15  3.44947e+15  1.72500e+04  3.41500e+02  1.22800e-01  2.53200e+03  1.418e-04  1.910e-05  1.475e-16  9.013e-17  3.182e-17  1.275e-17  2.386e-07  1.039e-18  8.217e-13  2.096e-10  2.594e-15  2.750e-12  1.047e-10  1.503e-25  6.850e-08  1.004e-13  1.061e-11  1.913e-13  5.538e-07  5.773e-10  1.050e-10  9.100e-11  5.963e-13  2.045e-14  4.056e-17  5.088e-12  2.973e-15  3.777e-09  4.046e-09  1.572e-12  7.362e-19  4.575e-23  3.170e-16  2.896e-14  1.977e-23  1.913e-13  1.061e-11  6.314e-06  2.219e-06  1.377e-04  1.315e-04  3.677e-06  1.085e-07  4.764e-09  4.892e-09  4.012e-09  1.922e-06  1.825e-22  8.368e-09  6.792e-09  8.956e-06  1.374e-05  2.304e-10  2.161e-08
2.24915e+15  -2.23249e+15  -1.43330e+15  3.47808e+15  1.69600e+04  3.39100e+02  1.22300e-01  2.53400e+03  1.417e-04  1.908e-05  1.392e-16  8.342e-17  3.043e-17  1.258e-17  2.295e-07  9.937e-19  7.731e-13  2.012e-10  2.558e-15  2.565e-12  1.030e-10  1.367e-25  6.542e-08  9.703e-14  1.045e-11  1.859e-13  5.432e-07  5.735e-10  1.006e-10  8.969e-11  5.851e-13  2.049e-14  3.944e-17  5.058e-12  2.844e-15  3.518e-09  3.753e-09  1.540e-12  7.117e-19  4.291e-23  2.969e-16  2.774e-14  1.765e-23  1.859e-13  1.045e-11  6.404e-06  2.251e-06  1.377e-04  1.317e-04  3.607e-06  1.041e-07  4.760e-09  4.894e-09  3.900e-09  1.984e-06  1.886e-22  8.468e-09  6.828e-09  9.027e-06  1.375e-05  2.348e-10  2.173e-08
2.26828e+15  -2.24977e+15  -1.44657e+15  3.50701e+15  1.66700e+04  3.36700e+02  1.23200e-01  2.53600e+03  1.415e-04  1.907e-05  1.315e-16  7.722e-17  2.918e-17  1.241e-17  2.208e-07  9.512e-19  7.273e-13  1.932e-10  2.523e-15  2.393e-12  1.013e-10  1.243e-25  6.254e-08  9.378e-14  1.029e-11  1.807e-13  5.327e-07  5.698e-10  9.626e-11  8.836e-11  5.743e-13  2.053e-14  3.834e-17  5.028e-12  2.721e-15  3.278e-09  3.482e-09  1.510e-12  6.882e-19  4.015e-23  2.781e-16  2.657e-14  1.576e-23  1.807e-13  1.029e-11  6.492e-06  2.283e-06  1.378e-04  1.319e-04  3.539e-06  9.999e-08  4.756e-09  4.896e-09  3.792e-09  2.046e-06  1.948e-22  8.565e-09  6.862e-09  9.096e-06  1.375e-05  2.392e-10  2.186e-08
2.28741e+15  -2.26674e+15  -1.45953e+15  3.53562e+15  1.64000e+04  3.34400e+02  1.22700e-01  2.53700e+03  1.414e-04  1.905e-05  1.241e-16  7.148e-17  2.802e-17  1.224e-17  2.123e-07  9.106e-19  6.842e-13  1.855e-10  2.487e-15  2.234e-12  9.969e-11  1.131e-25  5.981e-08  9.064e-14  1.013e-11  1.755e-13  5.223e-07  5.660e-10  9.215e-11  8.701e-11  5.639e-13  2.058e-14  3.727e-17  4.996e-12  2.604e-15  3.054e-09  3.230e-09  1.481e-12  6.658e-19  3.762e-23  2.607e-16  2.545e-14  1.407e-23  1.755e-13  1.013e-11  6.579e-06  2.315e-06  1.378e-04  1.322e-04  3.471e-06  9.608e-08  4.752e-09  4.898e-09  3.687e-09  2.110e-06  2.011e-22  8.661e-09  6.892e-09  9.164e-06  1.376e-05  2.436e-10  2.198e-08
2.30654e+15  -2.28402e+15  -1.47249e+15  3.56442e+15  1.61400e+04  3.32100e+02  1.20600e-01  2.53900e+03  1.412e-04  1.904e-05  1.171e-16  6.616e-17  2.693e-17  1.206e-17  2.042e-07  8.716e-19  6.433e-13  1.781e-10  2.452e-15  2.085e-12  9.807e-11  1.029e-25  5.723e-08  8.760e-14  9.975e-12  1.705e-13  5.122e-07  5.622e-10  8.819e-11  8.566e-11  5.537e-13  2.062e-14  3.622e-17  4.963e-12  2.491e-15  2.844e-09  2.995e-09  1.453e-12  6.444e-19  3.532e-23  2.443e-16  2.436e-14  1.256e-23  1.705e-13  9.975e-12  6.667e-06  2.347e-06  1.378e-04  1.324e-04  3.405e-06  9.234e-08  4.747e-09  4.899e-09  3.584e-09  2.175e-06  2.074e-22  8.755e-09  6.921e-09  9.231e-06  1.377e-05  2.480e-10  2.210e-08
2.32568e+15  -2.30099e+15  -1.48575e+15  3.59316e+15  1.58800e+04  3.29900e+02  1.19800e-01  2.54000e+03  1.411e-04  1.902e-05  1.106e-16  6.123e-17  2.592e-17  1.190e-17  1.963e-07  8.344e-19  6.048e-13  1.709e-10  2.417e-15  1.946e-12  9.648e-11  9.365e-26  5.479e-08  8.467e-14  9.816e-12  1.657e-13  5.021e-07  5.584e-10  8.440e-11  8.430e-11  5.438e-13  2.066e-14  3.519e-17  4.930e-12  2.383e-15  2.649e-09  2.776e-09  1.426e-12  6.239e-19  3.314e-23  2.291e-16  2.333e-14  1.121e-23  1.657e-13  9.816e-12  6.754e-06  2.380e-06  1.378e-04  1.326e-04  3.339e-06  8.878e-08  4.743e-09  4.901e-09  3.483e-09  2.242e-06  2.138e-22  8.847e-09  6.947e-09  9.297e-06  1.378e-05  2.525e-10  2.222e-08
2.34450e+15  -2.31827e+15  -1.49871e+15  3.62177e+15  1.56400e+04  3.27800e+02  1.19000e-01  2.54200e+03  1.409e-04  1.900e-05  1.043e-16  5.666e-17  2.498e-17  1.173e-17  1.887e-07  7.988e-19  5.684e-13  1.641e-10  2.383e-15  1.818e-12  9.491e-11  8.523e-26  5.248e-08  8.183e-14  9.657e-12  1.609e-13  4.922e-07  5.545e-10  8.076e-11  8.293e-11  5.341e-13  2.071e-14  3.419e-17  4.895e-12  2.280e-15  2.467e-09  2.573e-09  1.399e-12  6.042e-19  3.108e-23  2.148e-16  2.233e-14  9.997e-24  1.609e-13  9.657e-12  6.842e-06  2.412e-06  1.378e-04  1.329e-04  3.274e-06  8.540e-08  4.739e-09  4.902e-09  3.386e-09  2.309e-06  2.203e-22  8.938e-09  6.971e-09  9.362e-06  1.378e-05  2.570e-10  2.233e-08
2.36363e+15  -2.33524e+15  -1.51167e+15  3.65038e+15  1.54000e+04  3.25700e+02  1.17300e-01  2.54400e+03  1.408e-04  1.899e-05  9.842e-17  5.243e-17  2.409e-17  1.156e-17  1.814e-07  7.647e-19  5.341e-13  1.575e-10  2.348e-15  1.698e-12  9.338e-11  7.757e-26  5.029e-08  7.908e-14  9.498e-12  1.562e-13  4.824e-07  5.506e-10  7.727e-11  8.156e-11  5.248e-13  2.075e-14  3.321e-17  4.859e-12  2.181e-15  2.297e-09  2.383e-09  1.374e-12  5.854e-19  2.918e-23  2.015e-16  2.137e-14  8.914e-24  1.562e-13  9.498e-12  6.930e-06  2.445e-06  1.379e-04  1.331e-04  3.211e-06  8.216e-08  4.734e-09  4.904e-09  3.291e-09  2.378e-06  2.269e-22  9.026e-09  6.993e-09  9.426e-06  1.379e-05  2.615e-10  2.244e-08
2.38276e+15  -2.35221e+15  -1.52494e+15  3.67912e+15  1.51800e+04  3.23700e+02  1.15200e-01  2.54500e+03  1.406e-04  1.897e-05  9.282e-17  4.850e-17  2.326e-17  1.139e-17  1.743e-07  7.318e-19  5.016e-13  1.511e-10  2.314e-15  1.586e-12  9.187e-11  7.058e-26  4.822e-08  7.642e-14  9.339e-12  1.517e-13  4.728e-07  5.466e-10  7.391e-11  8.018e-11  5.156e-13  2.079e-14  3.225e-17  4.823e-12  2.086e-15  2.138e-09  2.207e-09  1.349e-12  5.673e-19  2.740e-23  1.890e-16  2.045e-14  7.945e-24  1.517e-13  9.339e-12  7.020e-06  2.479e-06  1.379e-04  1.333e-04  3.148e-06  7.906e-08  4.730e-09  4.905e-09  3.198e-09  2.449e-06  2.336e-22  9.113e-09  7.012e-09  9.489e-06  1.380e-05  2.661e-10  2.255e-08
2.40158e+15  -2.36949e+15  -1.53790e+15  3.70773e+15  1.49600e+04  3.21700e+02  1.15700e-01  2.54700e+03  1.405e-04  1.895e-05  8.754e-17  4.487e-17  2.249e-17  1.123e-17  1.675e-07  7.008e-19  4.711e-13  1.450e-10  2.280e-15  1.483e-12  9.039e-11  6.426e-26  4.627e-08  7.385e-14  9.180e-12  1.473e-13  4.633e-07  5.426e-10  7.069e-11  7.879e-11  5.069e-13  2.083e-14  3.132e-17  4.785e-12  1.995e-15  1.991e-09  2.044e-09  1.326e-12  5.498e-19  2.567e-23  1.773e-16  1.957e-14  7.083e-24  1.473e-13  9.180e-12  7.108e-06  2.513e-06  1.379e-04  1.336e-04  3.086e-06  7.613e-08  4.725e-09  4.907e-09  3.108e-09  2.520e-06  2.404e-22  9.198e-09  7.029e-09  9.551e-06  1.380e-05  2.707e-10  2.265e-08
2.42071e+15  -2.38646e+15  -1.55117e+15  3.73647e+15  1.47400e+04  3.19700e+02  1.13300e-01  2.54800e+03  1.403e-04  1.894e-05  8.254e-17  4.150e-17  2.175e-17  1.106e-17  1.610e-07  6.708e-19  4.422e-13  1.391e-10  2.246e-15  1.387e-12  8.893e-11  5.849e-26  4.442e-08  7.135e-14  9.022e-12  1.430e-13  4.539e-07  5.386e-10  6.760e-11  7.739e-11  4.983e-13  2.087e-14  3.040e-17  4.747e-12  1.908e-15  1.853e-09  1.892e-09  1.303e-12  5.331e-19  2.409e-23  1.664e-16  1.873e-14  6.311e-24  1.430e-13  9.022e-12  7.197e-06  2.547e-06  1.379e-04  1.338e-04  3.025e-06  7.332e-08  4.721e-09  4.908e-09  3.019e-09  2.593e-06  2.473e-22  9.281e-09  7.044e-09  9.613e-06  1.381e-05  2.753e-10  2.276e-08
