# Collapse Model Output 
 
# Orich/ev_output/ev_3769722.dat in GNUPLOT format produced by evolve_output.pl 
 
X                 Y                 Z                 R                 DENSITY           TEMP              AV                TIME              CO                N2                CH4               NH3               H2S               HCP               H2O               C2H2              HCN               CS                SiC2              HCl               HF                C2H4              SiO               SiS               SiN               SiC               OH                CN                SiOH+             HCO+              CH                CH2               CH3               NH                NH2               SO                SO2               HS                HCNH+             NH4+              H2CO              H2CS              CH3CN             SiC               SiN               C                 N                 H                 O                 S                 Si                Cl                F                 P                 C+                N+                H+                O+                S+                Si+               Cl+               P+              
#  (CM)              (CM)              (CM)              (CM)              (CM-3)            (K)               (MAG)             (YR)              (wrt              Hnuc)           
 
-1.55827e+14  -1.35245e+14  1.81068e+13  2.07126e+14  9.55700e+06  1.17200e+03  8.92200e-01  2.32500e+03  1.411e-04  2.007e-05  1.063e-17  7.385e-16  3.221e-13  1.323e-16  2.578e-05  8.009e-18  1.361e-10  2.303e-11  2.470e-19  3.088e-09  4.926e-09  7.143e-26  8.976e-06  1.392e-08  8.006e-14  9.864e-17  1.512e-06  4.839e-12  6.883e-09  2.086e-11  8.495e-14  3.782e-14  3.158e-16  8.573e-13  3.992e-15  1.838e-06  1.020e-05  5.222e-10  6.909e-15  7.868e-19  2.361e-15  1.967e-15  3.159e-18  9.864e-17  8.006e-14  4.168e-10  3.573e-08  4.806e-05  1.620e-05  5.890e-07  1.248e-07  1.912e-09  3.381e-11  1.954e-08  9.361e-15  1.485e-28  8.049e-16  3.151e-15  2.579e-09  1.193e-08  7.272e-15  8.759e-12
-1.82240e+14  -1.85511e+14  1.96774e+13  2.60793e+14  8.29500e+06  1.15100e+03  6.89300e-01  2.32700e+03  1.411e-04  2.007e-05  1.060e-17  7.328e-16  4.246e-13  1.338e-16  2.567e-05  8.207e-18  1.356e-10  3.600e-11  2.757e-19  3.058e-09  4.909e-09  7.901e-26  8.928e-06  1.387e-08  1.085e-13  1.726e-16  1.554e-06  7.839e-12  8.239e-09  5.028e-11  2.008e-13  7.783e-14  4.409e-16  8.938e-13  3.801e-15  1.883e-06  1.011e-05  4.775e-10  1.184e-14  8.515e-19  3.204e-15  1.965e-15  3.213e-18  1.726e-16  1.085e-13  1.383e-09  3.719e-08  4.816e-05  1.660e-05  6.253e-07  1.729e-07  1.942e-09  4.482e-11  1.952e-08  6.856e-14  2.876e-28  3.508e-15  1.194e-14  3.574e-09  1.866e-08  1.915e-14  1.739e-11
-2.07512e+14  -2.30161e+14  1.96342e+13  3.10517e+14  5.84400e+06  9.64600e+02  6.10500e-01  2.32900e+03  1.411e-04  2.007e-05  1.047e-17  7.207e-16  5.913e-13  1.391e-16  2.544e-05  8.816e-18  1.344e-10  6.532e-11  3.407e-19  2.985e-09  4.875e-09  9.081e-26  8.860e-06  1.382e-08  1.533e-13  3.684e-16  1.515e-06  1.467e-11  9.644e-09  8.301e-11  1.066e-13  3.448e-14  4.183e-16  9.041e-13  2.980e-15  1.958e-06  9.966e-06  2.419e-10  1.397e-14  7.901e-19  5.276e-15  1.969e-15  3.440e-18  3.684e-16  1.533e-13  3.138e-09  4.005e-08  4.828e-05  1.742e-05  6.949e-07  2.434e-07  2.014e-09  7.101e-11  1.950e-08  2.681e-13  5.378e-28  9.509e-15  3.142e-14  5.253e-09  2.859e-08  3.854e-14  2.959e-11
-2.32814e+14  -2.73298e+14  1.93966e+13  3.59543e+14  4.13600e+06  8.18400e+02  6.25100e-01  2.33000e+03  1.411e-04  2.007e-05  1.032e-17  7.077e-16  7.517e-13  1.465e-16  2.518e-05  9.469e-18  1.330e-10  9.933e-11  4.282e-19  2.907e-09  4.835e-09  1.007e-25  8.802e-06  1.377e-08  1.962e-13  6.302e-16  1.510e-06  2.245e-11  1.059e-08  9.573e-11  7.933e-14  1.915e-14  4.254e-16  1.030e-12  2.374e-15  2.034e-06  9.809e-06  1.390e-10  1.259e-14  7.275e-19  7.742e-15  1.974e-15  3.755e-18  6.302e-16  1.962e-13  4.353e-09  4.308e-08  4.843e-05  1.829e-05  7.741e-07  3.075e-07  2.092e-09  1.042e-10  1.949e-08  4.750e-13  9.219e-28  1.399e-14  4.749e-14  6.953e-09  3.806e-08  5.322e-14  3.903e-11
-2.58117e+14  -3.16591e+14  1.92608e+13  4.08931e+14  2.87600e+06  6.99800e+02  6.15200e-01  2.33200e+03  1.412e-04  2.007e-05  1.017e-17  6.946e-16  9.036e-13  1.532e-16  2.490e-05  1.004e-17  1.314e-10  1.325e-10  5.325e-19  2.826e-09  4.790e-09  1.093e-25  8.733e-06  1.372e-08  2.464e-13  1.006e-15  1.562e-06  3.019e-11  1.146e-08  1.221e-10  1.056e-13  1.607e-14  4.615e-16  1.185e-12  1.987e-15  2.112e-06  9.636e-06  1.001e-10  1.202e-14  7.087e-19  1.055e-14  1.980e-15  4.050e-18  1.006e-15  2.464e-13  5.914e-09  4.638e-08  4.864e-05  1.923e-05  8.656e-07  3.809e-07  2.173e-09  1.443e-10  1.948e-08  9.042e-13  1.706e-27  2.277e-14  8.040e-14  9.060e-09  5.046e-08  8.254e-14  5.558e-11
-2.82525e+14  -3.58864e+14  1.88813e+13  4.57122e+14  2.13500e+06  6.27100e+02  5.85600e-01  2.33300e+03  1.412e-04  2.007e-05  1.001e-17  6.810e-16  1.042e-12  1.599e-16  2.461e-05  1.081e-17  1.294e-10  1.689e-10  6.595e-19  2.741e-09  4.737e-09  1.187e-25  8.650e-06  1.367e-08  3.045e-13  1.622e-15  1.660e-06  3.849e-11  1.225e-08  1.592e-10  1.642e-13  1.778e-14  5.248e-16  1.351e-12  1.726e-15  2.193e-06  9.444e-06  8.630e-11  1.162e-14  6.954e-19  1.405e-14  1.991e-15  4.346e-18  1.622e-15  3.045e-13  8.214e-09  5.012e-08  4.891e-05  2.025e-05  9.723e-07  4.671e-07  2.257e-09  1.923e-10  1.946e-08  1.787e-12  3.107e-27  3.939e-14  1.396e-13  1.184e-08  6.695e-08  1.298e-13  7.842e-11
-3.05297e+14  -3.98978e+14  1.79154e+13  5.02703e+14  1.72900e+06  5.90100e+02  5.50900e-01  2.33500e+03  1.413e-04  2.007e-05  9.837e-18  6.667e-16  1.162e-12  1.671e-16  2.429e-05  1.214e-17  1.273e-10  2.130e-10  8.257e-19  2.654e-09  4.676e-09  1.301e-25  8.555e-06  1.361e-08  3.672e-13  2.652e-15  1.786e-06  4.806e-11  1.290e-08  1.975e-10  2.537e-13  2.270e-14  6.134e-16  1.523e-12  1.532e-15  2.274e-06  9.234e-06  8.328e-11  1.081e-14  6.688e-19  1.867e-14  2.014e-15  4.671e-18  2.652e-15  3.672e-13  1.144e-08  5.441e-08  4.923e-05  2.136e-05  1.096e-06  5.628e-07  2.344e-09  2.488e-10  1.944e-08  3.369e-12  5.307e-27  6.659e-14  2.273e-13  1.540e-08  8.757e-08  1.909e-13  1.042e-10
-3.26156e+14  -4.36932e+14  1.64312e+13  5.45488e+14  1.47400e+06  5.67700e+02  5.19300e-01  2.33600e+03  1.413e-04  2.007e-05  9.656e-18  6.516e-16  1.258e-12  1.754e-16  2.395e-05  1.446e-17  1.249e-10  2.683e-10  1.057e-18  2.565e-09  4.606e-09  1.442e-25  8.452e-06  1.355e-08  4.321e-13  4.309e-15  1.931e-06  5.932e-11  1.339e-08  2.310e-10  3.787e-13  3.014e-14  7.194e-16  1.695e-12  1.380e-15  2.353e-06  9.011e-06  8.612e-11  9.614e-15  6.284e-19  2.468e-14  2.055e-15  5.030e-18  4.309e-15  4.321e-13  1.567e-08  5.925e-08  4.960e-05  2.255e-05  1.235e-06  6.647e-07  2.432e-09  3.148e-10  1.942e-08  5.951e-12  8.567e-27  1.074e-13  3.468e-13  1.981e-08  1.122e-07  2.634e-13  1.317e-10
-3.45596e+14  -4.72417e+14  1.47434e+13  5.85519e+14  1.30300e+06  5.52600e+02  4.92300e-01  2.33800e+03  1.414e-04  2.007e-05  9.466e-18  6.359e-16  1.325e-12  1.845e-16  2.359e-05  1.823e-17  1.224e-10  3.374e-10  1.391e-18  2.475e-09  4.527e-09  1.612e-25  8.343e-06  1.348e-08  4.967e-13  6.829e-15  2.085e-06  7.256e-11  1.371e-08  2.559e-10  5.433e-13  3.980e-14  8.308e-16  1.865e-12  1.254e-15  2.427e-06  8.777e-06  9.269e-11  8.221e-15  5.777e-19  3.221e-14  2.117e-15  5.408e-18  6.829e-15  4.967e-13  2.090e-08  6.463e-08  5.001e-05  2.381e-05  1.390e-06  7.694e-07  2.523e-09  3.905e-10  1.940e-08  9.785e-12  1.314e-26  1.640e-13  4.994e-13  2.510e-08  1.406e-07  3.437e-13  1.595e-10
-3.64110e+14  -5.05743e+14  1.32067e+13  6.23319e+14  1.18600e+06  5.41200e+02  4.77200e-01  2.34000e+03  1.414e-04  2.006e-05  9.271e-18  6.198e-16  1.364e-12  1.941e-16  2.322e-05  2.370e-17  1.199e-10  4.212e-10  1.870e-18  2.385e-09  4.440e-09  1.809e-25  8.237e-06  1.340e-08  5.574e-13  1.036e-14  2.238e-06  8.772e-11  1.388e-08  2.638e-10  7.404e-13  5.071e-14  9.278e-16  2.032e-12  1.148e-15  2.493e-06  8.540e-06  1.018e-10  6.717e-15  5.192e-19  4.095e-14  2.203e-15  5.778e-18  1.036e-14  5.574e-13  2.655e-08  7.031e-08  5.046e-05  2.512e-05  1.555e-06  8.711e-07  2.612e-09  4.753e-10  1.939e-08  1.443e-11  1.886e-26  2.288e-13  6.585e-13  3.102e-08  1.712e-07  4.154e-13  1.835e-10
-3.82007e+14  -5.37834e+14  1.20496e+13  6.59803e+14  1.09700e+06  5.30600e+02  4.60300e-01  2.34100e+03  1.415e-04  2.006e-05  9.071e-18  6.032e-16  1.376e-12  2.034e-16  2.284e-05  3.077e-17  1.173e-10  5.193e-10  2.526e-18  2.296e-09  4.346e-09  2.025e-25  8.131e-06  1.332e-08  6.145e-13  1.498e-14  2.387e-06  1.047e-10  1.394e-08  2.685e-10  9.678e-13  6.177e-14  9.986e-16  2.198e-12  1.057e-15  2.550e-06  8.300e-06  1.126e-10  5.488e-15  4.657e-19  5.048e-14  2.310e-15  6.104e-18  1.498e-14  6.145e-13  3.285e-08  7.635e-08  5.093e-05  2.646e-05  1.731e-06  9.707e-07  2.701e-09  5.685e-10  1.938e-08  2.049e-11  2.638e-26  3.103e-13  8.543e-13  3.768e-08  2.043e-07  4.967e-13  2.077e-10
-3.99595e+14  -5.68999e+14  1.13430e+13  6.95388e+14  1.01800e+06  5.18500e+02  4.44700e-01  2.34300e+03  1.416e-04  2.006e-05  8.867e-18  5.860e-16  1.367e-12  2.121e-16  2.244e-05  3.929e-17  1.147e-10  6.311e-10  3.385e-18  2.207e-09  4.244e-09  2.256e-25  8.026e-06  1.323e-08  6.682e-13  2.081e-14  2.533e-06  1.234e-10  1.391e-08  2.693e-10  1.226e-12  7.214e-14  1.041e-15  2.365e-12  9.768e-16  2.598e-06  8.059e-06  1.244e-10  4.501e-15  4.174e-19  6.047e-14  2.436e-15  6.370e-18  2.081e-14  6.682e-13  3.985e-08  8.274e-08  5.144e-05  2.784e-05  1.916e-06  1.068e-06  2.790e-09  6.694e-10  1.936e-08  2.831e-11  3.620e-26  4.115e-13  1.097e-12  4.517e-08  2.402e-07  5.881e-13  2.330e-10
-4.17184e+14  -5.98930e+14  1.10591e+13  7.29987e+14  9.39400e+05  5.03900e+02  4.26900e-01  2.34400e+03  1.416e-04  2.006e-05  8.658e-18  5.684e-16  1.340e-12  2.199e-16  2.204e-05  4.894e-17  1.120e-10  7.555e-10  4.460e-18  2.118e-09  4.137e-09  2.496e-25  7.917e-06  1.313e-08  7.206e-13  2.799e-14  2.678e-06  1.436e-10  1.383e-08  2.710e-10  1.520e-12  8.115e-14  1.058e-15  2.534e-12  9.079e-16  2.639e-06  7.813e-06  1.368e-10  3.746e-15  3.759e-19  7.059e-14  2.575e-15  6.564e-18  2.799e-14  7.206e-13  4.793e-08  8.958e-08  5.197e-05  2.926e-05  2.113e-06  1.166e-06  2.878e-09  7.778e-10  1.935e-08  3.914e-11  4.960e-26  5.467e-13  1.427e-12  5.374e-08  2.798e-07  7.051e-13  2.628e-10
-4.34463e+14  -6.28244e+14  1.11115e+13  7.63919e+14  8.58700e+05  4.87100e+02  4.13200e-01  2.34600e+03  1.417e-04  2.006e-05  8.445e-18  5.504e-16  1.300e-12  2.266e-16  2.163e-05  5.934e-17  1.092e-10  8.909e-10  5.751e-18  2.031e-09  4.022e-09  2.739e-25  7.806e-06  1.302e-08  7.720e-13  3.665e-14  2.820e-06  1.652e-10  1.369e-08  2.684e-10  1.848e-12  8.823e-14  1.052e-15  2.701e-12  8.488e-16  2.670e-06  7.567e-06  1.494e-10  3.112e-15  3.377e-19  8.047e-14  2.723e-15  6.682e-18  3.665e-14  7.720e-13  5.696e-08  9.678e-08  5.253e-05  3.071e-05  2.318e-06  1.264e-06  2.966e-09  8.930e-10  1.933e-08  5.319e-11  6.702e-26  7.143e-13  1.842e-12  6.344e-08  3.233e-07  8.386e-13  2.959e-10
-4.51743e+14  -6.56941e+14  1.14201e+13  7.97354e+14  7.76600e+05  4.68700e+02  4.03500e-01  2.34800e+03  1.418e-04  2.006e-05  8.231e-18  5.323e-16  1.249e-12  2.319e-16  2.122e-05  6.982e-17  1.064e-10  1.034e-09  7.228e-18  1.945e-09  3.902e-09  2.979e-25  7.692e-06  1.290e-08  8.228e-13  4.678e-14  2.960e-06  1.877e-10  1.351e-08  2.624e-10  2.200e-12  9.279e-14  1.025e-15  2.863e-12  7.985e-16  2.693e-06  7.322e-06  1.617e-10  2.582e-15  3.031e-19  8.961e-14  2.872e-15  6.722e-18  4.678e-14  8.228e-13  6.671e-08  1.042e-07  5.311e-05  3.218e-05  2.530e-06  1.360e-06  3.051e-09  1.014e-09  1.930e-08  7.099e-11  8.911e-26  9.160e-13  2.352e-12  7.427e-08  3.707e-07  9.902e-13  3.324e-10
-4.68714e+14  -6.85329e+14  1.19200e+13  8.30368e+14  6.95300e+05  4.49400e+02  3.87800e-01  2.34900e+03  1.419e-04  2.005e-05  8.014e-18  5.140e-16  1.190e-12  2.359e-16  2.080e-05  7.982e-17  1.036e-10  1.183e-09  8.851e-18  1.860e-09  3.777e-09  3.207e-25  7.570e-06  1.278e-08  8.760e-13  5.850e-14  3.103e-06  2.110e-10  1.331e-08  2.620e-10  2.586e-12  9.536e-14  9.865e-16  3.015e-12  7.559e-16  2.707e-06  7.074e-06  1.736e-10  2.199e-15  2.742e-19  9.778e-14  3.015e-15  6.685e-18  5.850e-14  8.760e-13  7.806e-08  1.121e-07  5.371e-05  3.368e-05  2.751e-06  1.459e-06  3.136e-09  1.141e-09  1.927e-08  9.700e-11  1.194e-25  1.197e-12  3.088e-12  8.690e-08  4.243e-07  1.204e-12  3.784e-10
-4.85377e+14  -7.12792e+14  1.25433e+13  8.62450e+14  6.18800e+05  4.30400e+02  3.77100e-01  2.35100e+03  1.420e-04  2.005e-05  7.796e-18  4.955e-16  1.126e-12  2.387e-16  2.038e-05  8.909e-17  1.007e-10  1.335e-09  1.058e-17  1.777e-09  3.648e-09  3.421e-25  7.443e-06  1.265e-08  9.309e-13  7.197e-14  3.247e-06  2.348e-10  1.308e-08  2.565e-10  2.999e-12  9.638e-14  9.393e-16  3.157e-12  7.201e-16  2.712e-06  6.827e-06  1.849e-10  1.853e-15  2.458e-19  1.048e-13  3.149e-15  6.583e-18  7.197e-14  9.309e-13  9.060e-08  1.204e-07  5.431e-05  3.520e-05  2.978e-06  1.559e-06  3.219e-09  1.273e-09  1.923e-08  1.302e-10  1.568e-25  1.538e-12  3.997e-12  1.012e-07  4.836e-07  1.444e-12  4.301e-10
-5.01731e+14  -7.39945e+14  1.32160e+13  8.94107e+14  5.55600e+05  4.17400e+02  3.64600e-01  2.35200e+03  1.420e-04  2.005e-05  7.576e-18  4.770e-16  1.058e-12  2.404e-16  1.995e-05  9.746e-17  9.783e-11  1.491e-09  1.240e-17  1.696e-09  3.515e-09  3.614e-25  7.309e-06  1.252e-08  9.870e-13  8.725e-14  3.392e-06  2.592e-10  1.283e-08  2.522e-10  3.433e-12  9.749e-14  8.871e-16  3.293e-12  6.893e-16  2.709e-06  6.581e-06  1.956e-10  1.574e-15  2.203e-19  1.107e-13  3.272e-15  6.428e-18  8.725e-14  9.870e-13  1.047e-07  1.290e-07  5.493e-05  3.675e-05  3.210e-06  1.659e-06  3.300e-09  1.408e-09  1.919e-08  1.743e-10  2.035e-25  1.979e-12  5.172e-12  1.175e-07  5.497e-07  1.726e-12  4.879e-10
-5.17777e+14  -7.66482e+14  1.38485e+13  9.25084e+14  5.20200e+05  4.27800e+02  3.57400e-01  2.35400e+03  1.421e-04  2.005e-05  7.358e-18  4.587e-16  9.892e-13  2.415e-16  1.952e-05  1.058e-16  9.498e-11  1.654e-09  1.436e-17  1.617e-09  3.387e-09  3.782e-25  7.175e-06  1.238e-08  1.039e-12  1.044e-13  3.528e-06  2.844e-10  1.258e-08  2.460e-10  3.868e-12  1.045e-13  8.333e-16  3.444e-12  6.616e-16  2.699e-06  6.339e-06  2.058e-10  1.322e-15  1.976e-19  1.158e-13  3.395e-15  6.241e-18  1.044e-13  1.039e-12  1.197e-07  1.379e-07  5.556e-05  3.830e-05  3.445e-06  1.754e-06  3.379e-09  1.538e-09  1.915e-08  2.234e-10  2.550e-25  2.531e-12  6.479e-12  1.349e-07  6.213e-07  1.953e-12  5.420e-10
-5.33822e+14  -7.93945e+14  1.43947e+13  9.56829e+14  5.23700e+05  4.81100e+02  3.42400e-01  2.35600e+03  1.422e-04  2.004e-05  7.135e-18  4.402e-16  9.184e-13  2.425e-16  1.909e-05  1.162e-16  9.218e-11  1.832e-09  1.664e-17  1.540e-09  3.276e-09  3.905e-25  7.039e-06  1.224e-08  1.080e-12  1.236e-13  3.651e-06  3.112e-10  1.235e-08  2.508e-10  4.299e-12  1.326e-13  7.835e-16  3.654e-12  6.353e-16  2.681e-06  6.098e-06  2.158e-10  1.145e-15  1.826e-19  1.209e-13  3.539e-15  6.041e-18  1.236e-13  1.080e-12  1.369e-07  1.475e-07  5.621e-05  3.987e-05  3.685e-06  1.845e-06  3.455e-09  1.652e-09  1.912e-08  2.825e-10  3.178e-25  3.361e-12  8.109e-12  1.537e-07  7.006e-07  2.122e-12  5.899e-10
-5.50793e+14  -8.22642e+14  1.48668e+13  9.90118e+14  5.57600e+05  5.58900e+02  3.34600e-01  2.35700e+03  1.423e-04  2.004e-05  6.913e-18  4.217e-16  8.468e-13  2.441e-16  1.866e-05  1.312e-16  8.962e-11  2.035e-09  1.958e-17  1.467e-09  3.184e-09  3.992e-25  6.912e-06  1.208e-08  1.103e-12  1.451e-13  3.746e-06  3.405e-10  1.212e-08  2.458e-10  4.679e-12  1.972e-13  7.385e-16  3.947e-12  6.091e-16  2.658e-06  5.865e-06  2.257e-10  9.566e-16  1.672e-19  1.264e-13  3.725e-15  5.847e-18  1.451e-13  1.103e-12  1.548e-07  1.576e-07  5.689e-05  4.145e-05  3.924e-06  1.924e-06  3.528e-09  1.745e-09  1.911e-08  3.339e-10  3.808e-25  4.289e-12  9.576e-12  1.719e-07  7.831e-07  2.130e-12  6.168e-10
-5.68999e+14  -8.54116e+14  1.53142e+13  1.02641e+15  5.93200e+05  6.17800e+02  3.36500e-01  2.35900e+03  1.424e-04  2.004e-05  6.697e-18  4.035e-16  7.766e-13  2.459e-16  1.823e-05  1.504e-16  8.744e-11  2.264e-09  2.339e-17  1.400e-09  3.103e-09  4.056e-25  6.800e-06  1.191e-08  1.107e-12  1.676e-13  3.804e-06  3.723e-10  1.187e-08  2.255e-10  4.944e-12  2.790e-13  6.904e-16  4.294e-12  5.835e-16  2.631e-06  5.643e-06  2.354e-10  7.661e-16  1.501e-19  1.320e-13  3.944e-15  5.658e-18  1.676e-13  1.107e-12  1.712e-07  1.675e-07  5.760e-05  4.298e-05  4.157e-06  1.991e-06  3.596e-09  1.828e-09  1.912e-08  3.690e-10  4.381e-25  4.996e-12  1.055e-11  1.881e-07  8.630e-07  2.041e-12  6.216e-10
-5.88130e+14  -8.87749e+14  1.58018e+13  1.06501e+15  6.07000e+05  6.44700e+02  3.30700e-01  2.36000e+03  1.425e-04  2.003e-05  6.482e-18  3.854e-16  7.084e-13  2.475e-16  1.780e-05  1.707e-16  8.551e-11  2.506e-09  2.807e-17  1.336e-09  3.022e-09  4.093e-25  6.695e-06  1.173e-08  1.101e-12  1.899e-13  3.841e-06  4.055e-10  1.162e-08  2.104e-10  5.147e-12  3.424e-13  6.379e-16  4.649e-12  5.599e-16  2.600e-06  5.428e-06  2.440e-10  6.391e-16  1.371e-19  1.368e-13  4.168e-15  5.458e-18  1.899e-13  1.101e-12  1.879e-07  1.777e-07  5.833e-05  4.451e-05  4.388e-06  2.050e-06  3.660e-09  1.909e-09  1.914e-08  4.168e-10  5.148e-25  5.704e-12  1.177e-11  2.041e-07  9.426e-07  2.066e-12  6.282e-10
-6.08496e+14  -9.23235e+14  1.63541e+13  1.10585e+15  5.95000e+05  6.47300e+02  3.28900e-01  2.36200e+03  1.425e-04  2.003e-05  6.273e-18  3.678e-16  6.449e-13  2.486e-16  1.737e-05  1.900e-16  8.371e-11  2.749e-09  3.346e-17  1.275e-09  2.937e-09  4.108e-25  6.594e-06  1.154e-08  1.093e-12  2.116e-13  3.863e-06  4.392e-10  1.136e-08  1.962e-10  5.344e-12  3.735e-13  5.825e-16  4.980e-12  5.383e-16  2.566e-06  5.221e-06  2.509e-10  5.406e-16  1.257e-19  1.405e-13  4.379e-15  5.247e-18  2.116e-13  1.093e-12  2.044e-07  1.879e-07  5.907e-05  4.602e-05  4.614e-06  2.105e-06  3.721e-09  1.996e-09  1.915e-08  4.747e-10  6.060e-25  6.449e-12  1.321e-11  2.202e-07  1.022e-06  2.152e-12  6.428e-10
-6.29787e+14  -9.59646e+14  1.70083e+13  1.14797e+15  5.64100e+05  6.35500e+02  3.24200e-01  2.36400e+03  1.426e-04  2.003e-05  6.067e-18  3.506e-16  5.864e-13  2.490e-16  1.695e-05  2.059e-16  8.189e-11  2.981e-09  3.924e-17  1.216e-09  2.846e-09  4.101e-25  6.491e-06  1.135e-08  1.088e-12  2.330e-13  3.883e-06  4.725e-10  1.108e-08  1.873e-10  5.573e-12  3.778e-13  5.270e-16  5.271e-12  5.184e-16  2.527e-06  5.018e-06  2.560e-10  4.719e-16  1.165e-19  1.430e-13  4.564e-15  5.023e-18  2.330e-13  1.088e-12  2.218e-07  1.983e-07  5.981e-05  4.752e-05  4.837e-06  2.159e-06  3.780e-09  2.089e-09  1.914e-08  5.554e-10  7.224e-25  7.371e-12  1.517e-11  2.381e-07  1.105e-06  2.336e-12  6.726e-10
-6.51695e+14  -9.97291e+14  1.78074e+13  1.19148e+15  5.22600e+05  6.15700e+02  3.18500e-01  2.36500e+03  1.427e-04  2.002e-05  5.865e-18  3.339e-16  5.331e-13  2.488e-16  1.653e-05  2.175e-16  7.997e-11  3.198e-09  4.510e-17  1.159e-09  2.749e-09  4.078e-25  6.384e-06  1.115e-08  1.089e-12  2.543e-13  3.905e-06  5.050e-10  1.080e-08  1.813e-10  5.849e-12  3.654e-13  4.744e-16  5.518e-12  5.004e-16  2.484e-06  4.819e-06  2.595e-10  4.188e-16  1.083e-19  1.443e-13  4.716e-15  4.788e-18  2.543e-13  1.089e-12  2.406e-07  2.090e-07  6.054e-05  4.902e-05  5.059e-06  2.213e-06  3.837e-09  2.188e-09  1.912e-08  6.626e-10  8.646e-25  8.518e-12  1.775e-11  2.585e-07  1.192e-06  2.605e-12  7.181e-10
-6.74221e+14  -1.03524e+15  1.87547e+13  1.23558e+15  4.76500e+05  5.91800e+02  3.14200e-01  2.36700e+03  1.428e-04  2.002e-05  5.668e-18  3.178e-16  4.847e-13  2.480e-16  1.612e-05  2.246e-16  7.794e-11  3.398e-09  5.078e-17  1.103e-09  2.647e-09  4.040e-25  6.271e-06  1.096e-08  1.096e-12  2.759e-13  3.933e-06  5.364e-10  1.052e-08  1.761e-10  6.160e-12  3.439e-13  4.258e-16  5.723e-12  4.842e-16  2.437e-06  4.625e-06  2.620e-10  3.728e-16  1.001e-19  1.444e-13  4.834e-15  4.548e-18  2.759e-13  1.096e-12  2.607e-07  2.198e-07  6.125e-05  5.051e-05  5.277e-06  2.267e-06  3.893e-09  2.292e-09  1.909e-08  7.961e-10  1.029e-24  9.869e-12  2.088e-11  2.817e-07  1.285e-06  2.933e-12  7.765e-10
-6.97055e+14  -1.07382e+15  1.98162e+13  1.28037e+15  4.30100e+05  5.66400e+02  3.10300e-01  2.36800e+03  1.429e-04  2.001e-05  5.476e-18  3.024e-16  4.408e-13  2.468e-16  1.571e-05  2.273e-16  7.583e-11  3.580e-09  5.607e-17  1.048e-09  2.542e-09  3.991e-25  6.152e-06  1.077e-08  1.111e-12  2.978e-13  3.966e-06  5.666e-10  1.023e-08  1.719e-10  6.494e-12  3.182e-13  3.820e-16  5.889e-12  4.698e-16  2.386e-06  4.435e-06  2.637e-10  3.332e-16  9.233e-20  1.434e-13  4.919e-15  4.306e-18  2.978e-13  1.111e-12  2.818e-07  2.308e-07  6.195e-05  5.199e-05  5.492e-06  2.321e-06  3.947e-09  2.400e-09  1.906e-08  9.606e-10  1.217e-24  1.144e-11  2.466e-11  3.077e-07  1.385e-06  3.325e-12  8.468e-10
-7.19889e+14  -1.11239e+15  2.09394e+13  1.32517e+15  3.85600e+05  5.41300e+02  3.06000e-01  2.37000e+03  1.430e-04  2.001e-05  5.289e-18  2.875e-16  4.008e-13  2.451e-16  1.532e-05  2.263e-16  7.364e-11  3.743e-09  6.087e-17  9.953e-10  2.435e-09  3.931e-25  6.028e-06  1.059e-08  1.133e-12  3.201e-13  4.007e-06  5.955e-10  9.943e-09  1.688e-10  6.840e-12  2.914e-13  3.432e-16  6.023e-12  4.571e-16  2.331e-06  4.250e-06  2.648e-10  2.993e-16  8.492e-20  1.415e-13  4.973e-15  4.065e-18  3.201e-13  1.133e-12  3.043e-07  2.419e-07  6.263e-05  5.346e-05  5.702e-06  2.373e-06  3.999e-09  2.509e-09  1.901e-08  1.164e-09  1.430e-24  1.327e-11  2.919e-11  3.368e-07  1.491e-06  3.792e-12  9.289e-10
-7.42723e+14  -1.15096e+15  2.20688e+13  1.36997e+15  3.44500e+05  5.17100e+02  2.98700e-01  2.37200e+03  1.430e-04  2.001e-05  5.105e-18  2.732e-16  3.641e-13  2.431e-16  1.492e-05  2.221e-16  7.138e-11  3.888e-09  6.515e-17  9.440e-10  2.328e-09  3.857e-25  5.896e-06  1.040e-08  1.161e-12  3.430e-13  4.055e-06  6.232e-10  9.654e-09  1.679e-10  7.200e-12  2.651e-13  3.093e-16  6.129e-12  4.459e-16  2.273e-06  4.068e-06  2.653e-10  2.719e-16  7.818e-20  1.387e-13  4.998e-15  3.824e-18  3.430e-13  1.161e-12  3.289e-07  2.534e-07  6.329e-05  5.492e-05  5.909e-06  2.424e-06  4.050e-09  2.619e-09  1.895e-08  1.423e-09  1.681e-24  1.547e-11  3.481e-11  3.698e-07  1.606e-06  4.376e-12  1.025e-09
-7.65248e+14  -1.18984e+15  2.31611e+13  1.41487e+15  3.07100e+05  4.94200e+02  2.93800e-01  2.37300e+03  1.431e-04  2.000e-05  4.926e-18  2.595e-16  3.305e-13  2.408e-16  1.454e-05  2.157e-16  6.909e-11  4.016e-09  6.890e-17  8.946e-10  2.221e-09  3.773e-25  5.760e-06  1.022e-08  1.193e-12  3.666e-13  4.110e-06  6.496e-10  9.368e-09  1.666e-10  7.559e-12  2.404e-13  2.799e-16  6.213e-12  4.360e-16  2.212e-06  3.891e-06  2.655e-10  2.455e-16  7.147e-20  1.353e-13  4.998e-15  3.589e-18  3.666e-13  1.193e-12  3.550e-07  2.651e-07  6.394e-05  5.638e-05  6.111e-06  2.472e-06  4.098e-09  2.728e-09  1.888e-08  1.734e-09  1.953e-24  1.802e-11  4.140e-11  4.063e-07  1.729e-06  5.025e-12  1.132e-09
-7.87465e+14  -1.22841e+15  2.41855e+13  1.45934e+15  2.73800e+05  4.72900e+02  2.87100e-01  2.37500e+03  1.432e-04  2.000e-05  4.750e-18  2.463e-16  2.997e-13  2.383e-16  1.416e-05  2.074e-16  6.678e-11  4.128e-09  7.217e-17  8.469e-10  2.116e-09  3.677e-25  5.619e-06  1.004e-08  1.231e-12  3.908e-13  4.169e-06  6.749e-10  9.086e-09  1.665e-10  7.912e-12  2.176e-13  2.542e-16  6.280e-12  4.271e-16  2.148e-06  3.718e-06  2.651e-10  2.231e-16  6.530e-20  1.314e-13  4.976e-15  3.360e-18  3.908e-13  1.231e-12  3.832e-07  2.772e-07  6.458e-05  5.783e-05  6.308e-06  2.518e-06  4.145e-09  2.836e-09  1.880e-08  2.117e-09  2.260e-24  2.096e-11  4.923e-11  4.466e-07  1.859e-06  5.783e-12  1.251e-09
-8.09682e+14  -1.26698e+15  2.51267e+13  1.50381e+15  2.44700e+05  4.53300e+02  2.78500e-01  2.37600e+03  1.433e-04  1.999e-05  4.577e-18  2.336e-16  2.713e-13  2.356e-16  1.379e-05  1.979e-16  6.445e-11  4.224e-09  7.500e-17  8.008e-10  2.013e-09  3.570e-25  5.472e-06  9.867e-09  1.272e-12  4.157e-13  4.234e-06  6.992e-10  8.805e-09  1.677e-10  8.259e-12  1.970e-13  2.319e-16  6.334e-12  4.189e-16  2.081e-06  3.548e-06  2.644e-10  2.037e-16  5.960e-20  1.270e-13  4.935e-15  3.137e-18  4.157e-13  1.272e-12  4.141e-07  2.897e-07  6.520e-05  5.928e-05  6.500e-06  2.559e-06  4.190e-09  2.942e-09  1.871e-08  2.591e-09  2.607e-24  2.442e-11  5.863e-11  4.913e-07  1.999e-06  6.675e-12  1.384e-09
-8.31282e+14  -1.30524e+15  2.59752e+13  1.54769e+15  2.19500e+05  4.35200e+02  2.73300e-01  2.37800e+03  1.434e-04  1.999e-05  4.409e-18  2.214e-16  2.453e-13  2.328e-16  1.342e-05  1.878e-16  6.215e-11  4.306e-09  7.745e-17  7.567e-10  1.912e-09  3.456e-25  5.323e-06  9.692e-09  1.316e-12  4.413e-13  4.302e-06  7.226e-10  8.529e-09  1.680e-10  8.588e-12  1.785e-13  2.122e-16  6.378e-12  4.113e-16  2.013e-06  3.384e-06  2.633e-10  1.841e-16  5.392e-20  1.223e-13  4.879e-15  2.923e-18  4.413e-13  1.316e-12  4.466e-07  3.026e-07  6.581e-05  6.072e-05  6.684e-06  2.597e-06  4.234e-09  3.044e-09  1.862e-08  3.142e-09  2.969e-24  2.835e-11  6.939e-11  5.395e-07  2.146e-06  7.624e-12  1.525e-09
-8.52881e+14  -1.34320e+15  2.67312e+13  1.59132e+15  1.97700e+05  4.18700e+02  2.63900e-01  2.37900e+03  1.434e-04  1.998e-05  4.243e-18  2.096e-16  2.213e-13  2.298e-16  1.306e-05  1.771e-16  5.984e-11  4.374e-09  7.955e-17  7.142e-10  1.815e-09  3.332e-25  5.171e-06  9.518e-09  1.362e-12  4.674e-13  4.372e-06  7.451e-10  8.256e-09  1.701e-10  8.899e-12  1.620e-13  1.949e-16  6.416e-12  4.041e-16  1.943e-06  3.222e-06  2.618e-10  1.683e-16  4.894e-20  1.174e-13  4.810e-15  2.717e-18  4.674e-13  1.362e-12  4.824e-07  3.161e-07  6.640e-05  6.216e-05  6.863e-06  2.629e-06  4.275e-09  3.144e-09  1.851e-08  3.819e-09  3.377e-24  3.285e-11  8.202e-11  5.923e-07  2.302e-06  8.731e-12  1.679e-09
-8.73864e+14  -1.38115e+15  2.73977e+13  1.63461e+15  1.79100e+05  4.03800e+02  2.58700e-01  2.38100e+03  1.435e-04  1.998e-05  4.082e-18  1.983e-16  1.993e-13  2.268e-16  1.271e-05  1.663e-16  5.757e-11  4.432e-09  8.137e-17  6.735e-10  1.720e-09  3.204e-25  5.018e-06  9.345e-09  1.409e-12  4.940e-13  4.442e-06  7.669e-10  7.989e-09  1.711e-10  9.186e-12  1.475e-13  1.795e-16  6.450e-12  3.971e-16  1.872e-06  3.066e-06  2.600e-10  1.520e-16  4.403e-20  1.123e-13  4.730e-15  2.521e-18  4.940e-13  1.409e-12  5.199e-07  3.299e-07  6.699e-05  6.359e-05  7.034e-06  2.656e-06  4.314e-09  3.241e-09  1.840e-08  4.597e-09  3.800e-24  3.797e-11  9.634e-11  6.484e-07  2.464e-06  9.883e-12  1.841e-09
-8.94846e+14  -1.41879e+15  2.79809e+13  1.67765e+15  1.63200e+05  3.90700e+02  2.54400e-01  2.38300e+03  1.436e-04  1.997e-05  3.925e-18  1.875e-16  1.794e-13  2.237e-16  1.236e-05  1.557e-16  5.535e-11  4.478e-09  8.294e-17  6.349e-10  1.629e-09  3.072e-25  4.866e-06  9.174e-09  1.457e-12  5.210e-13  4.510e-06  7.880e-10  7.729e-09  1.721e-10  9.440e-12  1.347e-13  1.656e-16  6.481e-12  3.903e-16  1.801e-06  2.916e-06  2.580e-10  1.370e-16  3.952e-20  1.072e-13  4.643e-15  2.336e-18  5.210e-13  1.457e-12  5.590e-07  3.439e-07  6.757e-05  6.499e-05  7.196e-06  2.678e-06  4.352e-09  3.334e-09  1.828e-08  5.480e-09  4.235e-24  4.361e-11  1.122e-10  7.077e-07  2.631e-06  1.108e-11  2.009e-09
-9.15521e+14  -1.45613e+15  2.84870e+13  1.72026e+15  1.49700e+05  3.79000e+02  2.49800e-01  2.38400e+03  1.437e-04  1.997e-05  3.772e-18  1.772e-16  1.613e-13  2.205e-16  1.202e-05  1.454e-16  5.318e-11  4.515e-09  8.429e-17  5.981e-10  1.542e-09  2.938e-25  4.715e-06  9.002e-09  1.504e-12  5.481e-13  4.576e-06  8.086e-10  7.476e-09  1.735e-10  9.661e-12  1.235e-13  1.531e-16  6.511e-12  3.835e-16  1.731e-06  2.771e-06  2.557e-10  1.236e-16  3.547e-20  1.022e-13  4.550e-15  2.161e-18  5.481e-13  1.504e-12  5.996e-07  3.583e-07  6.814e-05  6.638e-05  7.349e-06  2.694e-06  4.387e-09  3.423e-09  1.816e-08  6.485e-09  4.689e-24  4.982e-11  1.298e-10  7.700e-07  2.802e-06  1.233e-11  2.182e-09
-9.36195e+14  -1.49347e+15  2.89251e+13  1.76288e+15  1.38200e+05  3.68600e+02  2.46400e-01  2.38600e+03  1.437e-04  1.996e-05  3.624e-18  1.673e-16  1.448e-13  2.174e-16  1.168e-05  1.355e-16  5.106e-11  4.543e-09  8.545e-17  5.632e-10  1.459e-09  2.804e-25  4.566e-06  8.832e-09  1.551e-12  5.751e-13  4.639e-06  8.285e-10  7.230e-09  1.747e-10  9.849e-12  1.136e-13  1.418e-16  6.540e-12  3.767e-16  1.661e-06  2.632e-06  2.532e-10  1.113e-16  3.178e-20  9.713e-14  4.452e-15  1.997e-18  5.751e-13  1.551e-12  6.414e-07  3.728e-07  6.870e-05  6.775e-05  7.494e-06  2.704e-06  4.421e-09  3.508e-09  1.804e-08  7.608e-09  5.155e-24  5.662e-11  1.489e-10  8.348e-07  2.977e-06  1.362e-11  2.359e-09
-9.56560e+14  -1.53050e+15  2.92985e+13  1.80507e+15  1.28300e+05  3.59200e+02  2.40200e-01  2.38700e+03  1.438e-04  1.995e-05  3.480e-18  1.578e-16  1.299e-13  2.142e-16  1.135e-05  1.260e-16  4.899e-11  4.562e-09  8.645e-17  5.299e-10  1.379e-09  2.669e-25  4.418e-06  8.661e-09  1.596e-12  6.020e-13  4.698e-06  8.480e-10  6.991e-09  1.769e-10  1.001e-11  1.050e-13  1.315e-16  6.569e-12  3.699e-16  1.592e-06  2.498e-06  2.504e-10  1.011e-16  2.859e-20  9.216e-14  4.350e-15  1.843e-18  6.020e-13  1.596e-12  6.857e-07  3.879e-07  6.925e-05  6.910e-05  7.629e-06  2.709e-06  4.453e-09  3.590e-09  1.791e-08  8.899e-09  5.652e-24  6.409e-11  1.701e-10  9.031e-07  3.156e-06  1.501e-11  2.543e-09
-9.76926e+14  -1.56722e+15  2.96194e+13  1.84700e+15  1.19800e+05  3.50700e+02  2.34400e-01  2.38900e+03  1.439e-04  1.995e-05  3.339e-18  1.488e-16  1.162e-13  2.110e-16  1.103e-05  1.169e-16  4.697e-11  4.572e-09  8.730e-17  4.982e-10  1.304e-09  2.533e-25  4.272e-06  8.491e-09  1.641e-12  6.288e-13  4.754e-06  8.670e-10  6.757e-09  1.794e-10  1.013e-11  9.731e-14  1.221e-16  6.599e-12  3.631e-16  1.523e-06  2.368e-06  2.475e-10  9.178e-17  2.570e-20  8.730e-14  4.246e-15  1.698e-18  6.288e-13  1.641e-12  7.323e-07  4.034e-07  6.979e-05  7.044e-05  7.756e-06  2.708e-06  4.483e-09  3.667e-09  1.778e-08  1.036e-08  6.178e-24  7.236e-11  1.936e-10  9.745e-07  3.339e-06  1.647e-11  2.733e-09
-9.97291e+14  -1.60394e+15  2.98971e+13  1.88894e+15  1.12300e+05  3.42700e+02  2.30200e-01  2.39100e+03  1.440e-04  1.994e-05  3.203e-18  1.401e-16  1.039e-13  2.078e-16  1.071e-05  1.084e-16  4.501e-11  4.576e-09  8.803e-17  4.682e-10  1.231e-09  2.400e-25  4.129e-06  8.320e-09  1.684e-12  6.555e-13  4.805e-06  8.857e-10  6.529e-09  1.818e-10  1.024e-11  9.055e-14  1.135e-16  6.629e-12  3.562e-16  1.456e-06  2.244e-06  2.444e-10  8.307e-17  2.304e-20  8.258e-14  4.139e-15  1.563e-18  6.555e-13  1.684e-12  7.806e-07  4.193e-07  7.033e-05  7.176e-05  7.874e-06  2.702e-06  4.512e-09  3.741e-09  1.764e-08  1.199e-08  6.718e-24  8.146e-11  2.192e-10  1.048e-06  3.524e-06  1.797e-11  2.927e-09
-1.01766e+15  -1.64035e+15  3.01471e+13  1.93061e+15  1.05800e+05  3.35300e+02  2.25300e-01  2.39200e+03  1.440e-04  1.993e-05  3.070e-18  1.319e-16  9.279e-14  2.046e-16  1.040e-05  1.004e-16  4.310e-11  4.573e-09  8.864e-17  4.397e-10  1.162e-09  2.269e-25  3.989e-06  8.149e-09  1.726e-12  6.820e-13  4.851e-06  9.040e-10  6.307e-09  1.846e-10  1.031e-11  8.455e-14  1.057e-16  6.660e-12  3.493e-16  1.390e-06  2.125e-06  2.411e-10  7.543e-17  2.070e-20  7.800e-14  4.032e-15  1.436e-18  6.820e-13  1.726e-12  8.310e-07  4.356e-07  7.087e-05  7.307e-05  7.983e-06  2.692e-06  4.539e-09  3.812e-09  1.751e-08  1.381e-08  7.279e-24  9.140e-11  2.471e-10  1.125e-06  3.711e-06  1.951e-11  3.124e-09
-1.03802e+15  -1.67676e+15  3.03816e+13  1.97229e+15  9.99000e+04  3.28300e+02  2.21300e-01  2.39400e+03  1.441e-04  1.993e-05  2.942e-18  1.240e-16  8.275e-14  2.014e-16  1.010e-05  9.286e-17  4.125e-11  4.563e-09  8.915e-17  4.128e-10  1.097e-09  2.141e-25  3.852e-06  7.978e-09  1.765e-12  7.082e-13  4.892e-06  9.219e-10  6.091e-09  1.873e-10  1.036e-11  7.921e-14  9.845e-17  6.692e-12  3.423e-16  1.325e-06  2.011e-06  2.377e-10  6.848e-17  1.859e-20  7.359e-14  3.924e-15  1.318e-18  7.082e-13  1.765e-12  8.832e-07  4.522e-07  7.139e-05  7.435e-05  8.083e-06  2.677e-06  4.564e-09  3.879e-09  1.737e-08  1.582e-08  7.861e-24  1.022e-10  2.772e-10  1.204e-06  3.899e-06  2.110e-11  3.325e-09
-1.05839e+15  -1.71286e+15  3.06099e+13  2.01371e+15  9.45900e+04  3.21700e+02  2.17000e-01  2.39500e+03  1.441e-04  1.992e-05  2.817e-18  1.165e-16  7.370e-14  1.983e-16  9.800e-06  8.588e-17  3.946e-11  4.548e-09  8.957e-17  3.873e-10  1.035e-09  2.016e-25  3.719e-06  7.807e-09  1.803e-12  7.340e-13  4.928e-06  9.396e-10  5.881e-09  1.904e-10  1.039e-11  7.443e-14  9.182e-17  6.725e-12  3.352e-16  1.263e-06  1.901e-06  2.342e-10  6.237e-17  1.674e-20  6.936e-14  3.816e-15  1.209e-18  7.340e-13  1.803e-12  9.373e-07  4.693e-07  7.192e-05  7.562e-05  8.173e-06  2.658e-06  4.588e-09  3.942e-09  1.723e-08  1.806e-08  8.470e-24  1.139e-10  3.097e-10  1.286e-06  4.088e-06  2.273e-11  3.530e-09
-1.07875e+15  -1.74927e+15  3.08475e+13  2.05538e+15  8.97200e+04  3.15300e+02  2.14400e-01  2.39700e+03  1.442e-04  1.991e-05  2.697e-18  1.094e-16  6.560e-14  1.951e-16  9.509e-06  7.942e-17  3.773e-11  4.527e-09  8.991e-17  3.633e-10  9.763e-10  1.896e-25  3.589e-06  7.636e-09  1.839e-12  7.593e-13  4.958e-06  9.569e-10  5.678e-09  1.933e-10  1.040e-11  7.017e-14  8.572e-17  6.757e-12  3.281e-16  1.202e-06  1.797e-06  2.305e-10  5.673e-17  1.507e-20  6.531e-14  3.708e-15  1.108e-18  7.593e-13  1.839e-12  9.924e-07  4.865e-07  7.243e-05  7.686e-05  8.255e-06  2.635e-06  4.610e-09  4.002e-09  1.708e-08  2.050e-08  9.099e-24  1.266e-10  3.444e-10  1.369e-06  4.277e-06  2.437e-11  3.736e-09
-1.09912e+15  -1.78506e+15  3.11036e+13  2.09654e+15  8.52100e+04  3.09100e+02  2.12100e-01  2.39900e+03  1.442e-04  1.990e-05  2.582e-18  1.027e-16  5.834e-14  1.920e-16  9.225e-06  7.345e-17  3.606e-11  4.502e-09  9.017e-17  3.406e-10  9.208e-10  1.781e-25  3.464e-06  7.465e-09  1.872e-12  7.840e-13  4.983e-06  9.738e-10  5.481e-09  1.963e-10  1.038e-11  6.635e-14  8.012e-17  6.789e-12  3.211e-16  1.144e-06  1.698e-06  2.268e-10  5.171e-17  1.359e-20  6.145e-14  3.602e-15  1.014e-18  7.840e-13  1.872e-12  1.048e-06  5.039e-07  7.293e-05  7.807e-05  8.328e-06  2.609e-06  4.631e-09  4.059e-09  1.694e-08  2.315e-08  9.744e-24  1.401e-10  3.812e-10  1.454e-06  4.465e-06  2.602e-11  3.944e-09
-1.11948e+15  -1.82117e+15  3.13813e+13  2.13796e+15  8.09800e+04  3.03100e+02  2.07600e-01  2.40000e+03  1.443e-04  1.990e-05  2.470e-18  9.629e-17  5.182e-14  1.889e-16  8.947e-06  6.790e-17  3.445e-11  4.470e-09  9.036e-17  3.192e-10  8.685e-10  1.669e-25  3.341e-06  7.296e-09  1.904e-12  8.080e-13  5.004e-06  9.903e-10  5.290e-09  1.999e-10  1.035e-11  6.290e-14  7.497e-17  6.820e-12  3.140e-16  1.087e-06  1.604e-06  2.230e-10  4.751e-17  1.233e-20  5.776e-14  3.496e-15  9.278e-19  8.080e-13  1.904e-12  1.107e-06  5.218e-07  7.343e-05  7.927e-05  8.393e-06  2.579e-06  4.651e-09  4.112e-09  1.679e-08  2.610e-08  1.043e-23  1.546e-10  4.205e-10  1.541e-06  4.653e-06  2.778e-11  4.158e-09
-1.14016e+15  -1.85696e+15  3.17208e+13  2.17928e+15  7.69900e+04  2.97100e+02  2.03100e-01  2.40200e+03  1.443e-04  1.989e-05  2.361e-18  9.024e-17  4.597e-14  1.858e-16  8.674e-06  6.275e-17  3.289e-11  4.433e-09  9.048e-17  2.990e-10  8.192e-10  1.562e-25  3.222e-06  7.127e-09  1.934e-12  8.314e-13  5.021e-06  1.006e-09  5.103e-09  2.038e-10  1.030e-11  5.981e-14  7.025e-17  6.851e-12  3.069e-16  1.032e-06  1.513e-06  2.190e-10  4.376e-17  1.121e-20  5.424e-14  3.391e-15  8.476e-19  8.314e-13  1.934e-12  1.167e-06  5.402e-07  7.393e-05  8.045e-05  8.448e-06  2.547e-06  4.669e-09  4.163e-09  1.664e-08  2.938e-08  1.118e-23  1.702e-10  4.627e-10  1.631e-06  4.841e-06  2.964e-11  4.376e-09
-1.16052e+15  -1.89275e+15  3.20910e+13  2.22044e+15  7.32100e+04  2.91200e+02  1.97200e-01  2.40300e+03  1.444e-04  1.988e-05  2.256e-18  8.449e-17  4.071e-14  1.828e-16  8.407e-06  5.797e-17  3.137e-11  4.390e-09  9.055e-17  2.798e-10  7.729e-10  1.459e-25  3.105e-06  6.960e-09  1.963e-12  8.542e-13  5.034e-06  1.022e-09  4.921e-09  2.083e-10  1.023e-11  5.703e-14  6.592e-17  6.878e-12  2.998e-16  9.781e-07  1.427e-06  2.150e-10  4.051e-17  1.023e-20  5.087e-14  3.287e-15  7.731e-19  8.542e-13  1.963e-12  1.231e-06  5.593e-07  7.441e-05  8.162e-05  8.496e-06  2.511e-06  4.687e-09  4.210e-09  1.649e-08  3.306e-08  1.200e-23  1.870e-10  5.083e-10  1.725e-06  5.030e-06  3.167e-11  4.602e-09
-1.18120e+15  -1.92824e+15  3.24922e+13  2.26150e+15  6.96000e+04  2.85400e+02  1.93900e-01  2.40500e+03  1.444e-04  1.987e-05  2.155e-18  7.907e-17  3.602e-14  1.798e-16  8.146e-06  5.356e-17  2.991e-11  4.343e-09  9.057e-17  2.618e-10  7.293e-10  1.360e-25  2.991e-06  6.794e-09  1.990e-12  8.763e-13  5.043e-06  1.037e-09  4.744e-09  2.128e-10  1.015e-11  5.455e-14  6.196e-17  6.902e-12  2.928e-16  9.266e-07  1.344e-06  2.109e-10  3.739e-17  9.328e-21  4.768e-14  3.184e-15  7.044e-19  8.763e-13  1.990e-12  1.297e-06  5.787e-07  7.489e-05  8.277e-05  8.534e-06  2.473e-06  4.702e-09  4.255e-09  1.633e-08  3.710e-08  1.287e-23  2.051e-10  5.572e-10  1.820e-06  5.217e-06  3.375e-11  4.832e-09
-1.20156e+15  -1.96373e+15  3.29550e+13  2.30240e+15  6.61600e+04  2.79700e+02  1.90000e-01  2.40700e+03  1.445e-04  1.986e-05  2.057e-18  7.396e-17  3.183e-14  1.767e-16  7.892e-06  4.950e-17  2.850e-11  4.290e-09  9.053e-17  2.448e-10  6.883e-10  1.266e-25  2.881e-06  6.630e-09  2.016e-12  8.978e-13  5.049e-06  1.051e-09  4.572e-09  2.175e-10  1.006e-11  5.232e-14  5.833e-17  6.924e-12  2.859e-16  8.771e-07  1.266e-06  2.067e-10  3.463e-17  8.521e-21  4.465e-14  3.083e-15  6.412e-19  8.978e-13  2.016e-12  1.364e-06  5.986e-07  7.536e-05  8.390e-05  8.565e-06  2.432e-06  4.717e-09  4.297e-09  1.617e-08  4.155e-08  1.378e-23  2.245e-10  6.095e-10  1.918e-06  5.404e-06  3.593e-11  5.068e-09
-1.22224e+15  -1.99921e+15  3.34796e+13  2.34346e+15  6.28700e+04  2.74000e+02  1.85900e-01  2.40800e+03  1.445e-04  1.985e-05  1.963e-18  6.913e-17  2.810e-14  1.738e-16  7.643e-06  4.576e-17  2.714e-11  4.233e-09  9.045e-17  2.288e-10  6.499e-10  1.176e-25  2.774e-06  6.468e-09  2.040e-12  9.187e-13  5.051e-06  1.065e-09  4.405e-09  2.225e-10  9.964e-12  5.033e-14  5.500e-17  6.943e-12  2.789e-16  8.293e-07  1.191e-06  2.025e-10  3.216e-17  7.803e-21  4.178e-14  2.984e-15  5.830e-19  9.187e-13  2.040e-12  1.433e-06  6.189e-07  7.583e-05  8.502e-05  8.588e-06  2.389e-06  4.731e-09  4.336e-09  1.600e-08  4.645e-08  1.476e-23  2.454e-10  6.652e-10  2.018e-06  5.589e-06  3.824e-11  5.308e-09
-1.24291e+15  -2.03470e+15  3.40350e+13  2.38453e+15  5.97400e+04  2.68300e+02  1.83100e-01  2.41000e+03  1.445e-04  1.985e-05  1.873e-18  6.460e-17  2.479e-14  1.708e-16  7.401e-06  4.232e-17  2.584e-11  4.172e-09  9.034e-17  2.137e-10  6.139e-10  1.091e-25  2.671e-06  6.308e-09  2.062e-12  9.389e-13  5.049e-06  1.078e-09  4.244e-09  2.274e-10  9.854e-12  4.854e-14  5.194e-17  6.959e-12  2.721e-16  7.836e-07  1.120e-06  1.982e-10  2.985e-17  7.147e-21  3.907e-14  2.887e-15  5.297e-19  9.389e-13  2.062e-12  1.504e-06  6.395e-07  7.628e-05  8.611e-05  8.602e-06  2.345e-06  4.744e-09  4.373e-09  1.583e-08  5.179e-08  1.579e-23  2.676e-10  7.244e-10  2.120e-06  5.773e-06  4.061e-11  5.553e-09
-1.26358e+15  -2.06987e+15  3.46522e+13  2.42533e+15  5.67600e+04  2.62800e+02  1.81200e-01  2.41100e+03  1.446e-04  1.984e-05  1.786e-18  6.035e-17  2.185e-14  1.679e-16  7.166e-06  3.917e-17  2.459e-11  4.108e-09  9.018e-17  1.996e-10  5.801e-10  1.011e-25  2.571e-06  6.151e-09  2.083e-12  9.584e-13  5.045e-06  1.091e-09  4.087e-09  2.323e-10  9.734e-12  4.695e-14  4.914e-17  6.973e-12  2.654e-16  7.400e-07  1.053e-06  1.940e-10  2.772e-17  6.551e-21  3.652e-14  2.791e-15  4.809e-19  9.584e-13  2.083e-12  1.575e-06  6.603e-07  7.673e-05  8.718e-05  8.610e-06  2.299e-06  4.755e-09  4.407e-09  1.566e-08  5.757e-08  1.686e-23  2.913e-10  7.866e-10  2.223e-06  5.954e-06  4.304e-11  5.801e-09
-1.28395e+15  -2.10505e+15  3.53002e+13  2.46597e+15  5.39200e+04  2.57400e+02  1.77800e-01  2.41300e+03  1.446e-04  1.983e-05  1.703e-18  5.635e-17  1.924e-14  1.650e-16  6.937e-06  3.627e-17  2.339e-11  4.040e-09  9.000e-17  1.864e-10  5.485e-10  9.357e-26  2.475e-06  5.996e-09  2.102e-12  9.771e-13  5.037e-06  1.103e-09  3.936e-09  2.374e-10  9.605e-12  4.552e-14  4.656e-17  6.985e-12  2.587e-16  6.982e-07  9.898e-07  1.897e-10  2.585e-17  6.028e-21  3.411e-14  2.698e-15  4.362e-19  9.771e-13  2.102e-12  1.648e-06  6.815e-07  7.716e-05  8.822e-05  8.610e-06  2.252e-06  4.766e-09  4.440e-09  1.549e-08  6.387e-08  1.800e-23  3.164e-10  8.521e-10  2.329e-06  6.133e-06  4.559e-11  6.054e-09
-1.30462e+15  -2.13992e+15  3.60099e+13  2.50651e+15  5.12500e+04  2.52200e+02  1.76000e-01  2.41500e+03  1.446e-04  1.982e-05  1.623e-18  5.261e-17  1.694e-14  1.622e-16  6.714e-06  3.362e-17  2.224e-11  3.968e-09  8.978e-17  1.740e-10  5.189e-10  8.650e-26  2.382e-06  5.844e-09  2.120e-12  9.951e-13  5.027e-06  1.114e-09  3.789e-09  2.424e-10  9.469e-12  4.423e-14  4.419e-17  6.995e-12  2.522e-16  6.585e-07  9.298e-07  1.854e-10  2.409e-17  5.548e-21  3.185e-14  2.607e-15  3.955e-19  9.951e-13  2.120e-12  1.722e-06  7.029e-07  7.759e-05  8.925e-05  8.603e-06  2.203e-06  4.776e-09  4.470e-09  1.531e-08  7.067e-08  1.919e-23  3.428e-10  9.207e-10  2.436e-06  6.309e-06  4.820e-11  6.310e-09
-1.32499e+15  -2.17479e+15  3.67813e+13  2.54689e+15  4.87300e+04  2.47100e+02  1.74500e-01  2.41600e+03  1.446e-04  1.981e-05  1.546e-18  4.911e-17  1.491e-14  1.594e-16  6.498e-06  3.118e-17  2.114e-11  3.895e-09  8.953e-17  1.623e-10  4.912e-10  7.989e-26  2.292e-06  5.696e-09  2.136e-12  1.012e-12  5.014e-06  1.125e-09  3.648e-09  2.473e-10  9.325e-12  4.309e-14  4.200e-17  7.002e-12  2.457e-16  6.206e-07  8.732e-07  1.811e-10  2.247e-17  5.111e-21  2.973e-14  2.518e-15  3.584e-19  1.012e-12  2.136e-12  1.796e-06  7.244e-07  7.801e-05  9.025e-05  8.590e-06  2.155e-06  4.785e-09  4.498e-09  1.513e-08  7.797e-08  2.043e-23  3.707e-10  9.922e-10  2.544e-06  6.482e-06  5.087e-11  6.568e-09
-1.34566e+15  -2.20965e+15  3.75527e+13  2.58743e+15  4.63800e+04  2.42300e+02  1.72300e-01  2.41800e+03  1.446e-04  1.980e-05  1.473e-18  4.584e-17  1.311e-14  1.566e-16  6.289e-06  2.895e-17  2.009e-11  3.818e-09  8.926e-17  1.515e-10  4.654e-10  7.369e-26  2.206e-06  5.550e-09  2.151e-12  1.029e-12  4.998e-06  1.135e-09  3.512e-09  2.522e-10  9.175e-12  4.205e-14  3.998e-17  7.008e-12  2.394e-16  5.846e-07  8.198e-07  1.769e-10  2.102e-17  4.722e-21  2.773e-14  2.432e-15  3.245e-19  1.029e-12  2.151e-12  1.871e-06  7.462e-07  7.842e-05  9.124e-05  8.570e-06  2.105e-06  4.793e-09  4.525e-09  1.495e-08  8.583e-08  2.173e-23  4.001e-10  1.067e-09  2.653e-06  6.652e-06  5.363e-11  6.830e-09
-1.36603e+15  -2.24452e+15  3.83550e+13  2.62781e+15  4.41900e+04  2.37700e+02  1.68600e-01  2.41900e+03  1.446e-04  1.979e-05  1.403e-18  4.276e-17  1.152e-14  1.539e-16  6.085e-06  2.688e-17  1.908e-11  3.739e-09  8.897e-17  1.412e-10  4.411e-10  6.788e-26  2.122e-06  5.407e-09  2.164e-12  1.044e-12  4.981e-06  1.144e-09  3.380e-09  2.574e-10  9.018e-12  4.112e-14  3.812e-17  7.011e-12  2.331e-16  5.502e-07  7.691e-07  1.726e-10  1.973e-17  4.378e-21  2.586e-14  2.347e-15  2.935e-19  1.044e-12  2.164e-12  1.948e-06  7.685e-07  7.882e-05  9.221e-05  8.545e-06  2.055e-06  4.800e-09  4.549e-09  1.477e-08  9.436e-08  2.310e-23  4.309e-10  1.144e-09  2.764e-06  6.820e-06  5.655e-11  7.096e-09
-1.38639e+15  -2.27908e+15  3.91881e+13  2.66793e+15  4.21600e+04  2.33500e+02  1.66100e-01  2.42100e+03  1.446e-04  1.978e-05  1.336e-18  3.989e-17  1.012e-14  1.511e-16  5.886e-06  2.499e-17  1.811e-11  3.658e-09  8.865e-17  1.316e-10  4.185e-10  6.244e-26  2.042e-06  5.268e-09  2.176e-12  1.059e-12  4.961e-06  1.153e-09  3.252e-09  2.625e-10  8.857e-12  4.029e-14  3.640e-17  7.014e-12  2.270e-16  5.176e-07  7.212e-07  1.684e-10  1.851e-17  4.061e-21  2.409e-14  2.265e-15  2.653e-19  1.059e-12  2.176e-12  2.026e-06  7.911e-07  7.921e-05  9.315e-05  8.513e-06  2.004e-06  4.807e-09  4.573e-09  1.459e-08  1.035e-07  2.455e-23  4.634e-10  1.225e-09  2.877e-06  6.985e-06  5.957e-11  7.366e-09
-1.40707e+15  -2.31364e+15  4.00212e+13  2.70821e+15  4.03000e+04  2.29700e+02  1.63700e-01  2.42200e+03  1.447e-04  1.977e-05  1.271e-18  3.719e-17  8.880e-15  1.485e-16  5.693e-06  2.326e-17  1.719e-11  3.576e-09  8.830e-17  1.227e-10  3.973e-10  5.738e-26  1.965e-06  5.131e-09  2.186e-12  1.074e-12  4.939e-06  1.161e-09  3.129e-09  2.676e-10  8.691e-12  3.954e-14  3.480e-17  7.016e-12  2.209e-16  4.865e-07  6.760e-07  1.642e-10  1.738e-17  3.770e-21  2.244e-14  2.185e-15  2.396e-19  1.074e-12  2.186e-12  2.106e-06  8.140e-07  7.959e-05  9.409e-05  8.475e-06  1.954e-06  4.813e-09  4.594e-09  1.440e-08  1.134e-07  2.608e-23  4.975e-10  1.309e-09  2.991e-06  7.147e-06  6.266e-11  7.638e-09
-1.42713e+15  -2.34820e+15  4.08852e+13  2.74816e+15  3.86100e+04  2.26400e+02  1.61000e-01  2.42400e+03  1.447e-04  1.976e-05  1.209e-18  3.468e-17  7.788e-15  1.458e-16  5.506e-06  2.167e-17  1.631e-11  3.492e-09  8.794e-17  1.143e-10  3.776e-10  5.266e-26  1.890e-06  4.997e-09  2.195e-12  1.087e-12  4.915e-06  1.168e-09  3.010e-09  2.728e-10  8.522e-12  3.888e-14  3.331e-17  7.017e-12  2.150e-16  4.571e-07  6.334e-07  1.601e-10  1.635e-17  3.506e-21  2.090e-14  2.107e-15  2.163e-19  1.087e-12  2.195e-12  2.187e-06  8.374e-07  7.997e-05  9.500e-05  8.433e-06  1.903e-06  4.818e-09  4.614e-09  1.421e-08  1.239e-07  2.769e-23  5.335e-10  1.396e-09  3.106e-06  7.306e-06  6.584e-11  7.913e-09
-1.44749e+15  -2.38245e+15  4.17492e+13  2.78802e+15  3.70800e+04  2.23500e+02  1.58100e-01  2.42600e+03  1.446e-04  1.975e-05  1.150e-18  3.232e-17  6.825e-15  1.432e-16  5.323e-06  2.022e-17  1.546e-11  3.407e-09  8.757e-17  1.064e-10  3.591e-10  4.827e-26  1.819e-06  4.865e-09  2.202e-12  1.100e-12  4.889e-06  1.175e-09  2.894e-09  2.781e-10  8.351e-12  3.828e-14  3.193e-17  7.017e-12  2.091e-16  4.292e-07  5.931e-07  1.560e-10  1.540e-17  3.267e-21  1.945e-14  2.032e-15  1.950e-19  1.100e-12  2.202e-12  2.270e-06  8.612e-07  8.034e-05  9.590e-05  8.385e-06  1.852e-06  4.822e-09  4.633e-09  1.402e-08  1.352e-07  2.937e-23  5.715e-10  1.486e-09  3.222e-06  7.462e-06  6.911e-11  8.190e-09
-1.46786e+15  -2.41701e+15  4.26132e+13  2.82814e+15  3.57000e+04  2.21200e+02  1.55700e-01  2.42700e+03  1.446e-04  1.973e-05  1.094e-18  3.011e-17  5.979e-15  1.406e-16  5.146e-06  1.889e-17  1.465e-11  3.322e-09  8.717e-17  9.907e-11  3.419e-10  4.420e-26  1.750e-06  4.737e-09  2.208e-12  1.113e-12  4.860e-06  1.182e-09  2.783e-09  2.834e-10  8.178e-12  3.776e-14  3.063e-17  7.018e-12  2.034e-16  4.028e-07  5.552e-07  1.519e-10  1.452e-17  3.046e-21  1.809e-14  1.958e-15  1.757e-19  1.113e-12  2.208e-12  2.355e-06  8.854e-07  8.070e-05  9.678e-05  8.333e-06  1.801e-06  4.826e-09  4.651e-09  1.383e-08  1.472e-07  3.114e-23  6.116e-10  1.580e-09  3.339e-06  7.615e-06  7.242e-11  8.469e-09
-1.48791e+15  -2.45126e+15  4.34463e+13  2.86783e+15  3.44800e+04  2.19400e+02  1.53500e-01  2.42900e+03  1.446e-04  1.972e-05  1.039e-18  2.805e-17  5.235e-15  1.381e-16  4.974e-06  1.770e-17  1.388e-11  3.236e-09  8.677e-17  9.220e-11  3.259e-10  4.044e-26  1.684e-06  4.611e-09  2.212e-12  1.125e-12  4.830e-06  1.188e-09  2.676e-09  2.886e-10  8.005e-12  3.731e-14  2.942e-17  7.020e-12  1.977e-16  3.778e-07  5.194e-07  1.480e-10  1.370e-17  2.844e-21  1.683e-14  1.887e-15  1.582e-19  1.125e-12  2.212e-12  2.440e-06  9.100e-07  8.105e-05  9.764e-05  8.276e-06  1.751e-06  4.830e-09  4.667e-09  1.364e-08  1.599e-07  3.299e-23  6.540e-10  1.676e-09  3.456e-06  7.764e-06  7.575e-11  8.749e-09
-1.50828e+15  -2.48582e+15  4.42795e+13  2.90795e+15  3.34000e+04  2.18100e+02  1.51200e-01  2.43000e+03  1.446e-04  1.971e-05  9.877e-19  2.613e-17  4.582e-15  1.356e-16  4.807e-06  1.661e-17  1.315e-11  3.150e-09  8.634e-17  8.578e-11  3.110e-10  3.695e-26  1.620e-06  4.487e-09  2.214e-12  1.136e-12  4.797e-06  1.193e-09  2.572e-09  2.939e-10  7.832e-12  3.692e-14  2.829e-17  7.023e-12  1.922e-16  3.543e-07  4.858e-07  1.441e-10  1.294e-17  2.658e-21  1.565e-14  1.818e-15  1.423e-19  1.136e-12  2.214e-12  2.527e-06  9.350e-07  8.140e-05  9.849e-05  8.216e-06  1.702e-06  4.833e-09  4.682e-09  1.345e-08  1.735e-07  3.493e-23  6.988e-10  1.776e-09  3.574e-06  7.909e-06  7.910e-11  9.029e-09
-1.52834e+15  -2.52007e+15  4.51126e+13  2.94765e+15  3.24500e+04  2.17300e+02  1.49600e-01  2.43200e+03  1.446e-04  1.970e-05  9.382e-19  2.433e-17  4.010e-15  1.332e-16  4.645e-06  1.564e-17  1.245e-11  3.065e-09  8.591e-17  7.979e-11  2.971e-10  3.374e-26  1.560e-06  4.366e-09  2.214e-12  1.147e-12  4.761e-06  1.198e-09  2.472e-09  2.990e-10  7.660e-12  3.660e-14  2.723e-17  7.028e-12  1.867e-16  3.321e-07  4.542e-07  1.403e-10  1.224e-17  2.485e-21  1.456e-14  1.751e-15  1.279e-19  1.147e-12  2.214e-12  2.615e-06  9.602e-07  8.174e-05  9.933e-05  8.152e-06  1.653e-06  4.836e-09  4.697e-09  1.326e-08  1.877e-07  3.694e-23  7.461e-10  1.880e-09  3.692e-06  8.051e-06  8.242e-11  9.309e-09
-1.54839e+15  -2.55463e+15  4.59149e+13  2.98760e+15  3.16300e+04  2.16900e+02  1.48800e-01  2.43400e+03  1.446e-04  1.969e-05  8.912e-19  2.265e-17  3.509e-15  1.308e-16  4.488e-06  1.477e-17  1.179e-11  2.981e-09  8.547e-17  7.421e-11  2.843e-10  3.079e-26  1.502e-06  4.246e-09  2.213e-12  1.158e-12  4.724e-06  1.203e-09  2.376e-09  3.040e-10  7.490e-12  3.633e-14  2.622e-17  7.034e-12  1.814e-16  3.113e-07  4.246e-07  1.365e-10  1.158e-17  2.324e-21  1.354e-14  1.687e-15  1.150e-19  1.158e-12  2.213e-12  2.703e-06  9.856e-07  8.207e-05  1.001e-04  8.085e-06  1.605e-06  4.838e-09  4.710e-09  1.307e-08  2.026e-07  3.903e-23  7.962e-10  1.985e-09  3.810e-06  8.189e-06  8.566e-11  9.586e-09
-1.56876e+15  -2.58919e+15  4.66863e+13  3.02772e+15  3.09200e+04  2.17000e+02  1.48900e-01  2.43500e+03  1.445e-04  1.968e-05  8.464e-19  2.108e-17  3.073e-15  1.284e-16  4.337e-06  1.400e-17  1.116e-11  2.898e-09  8.502e-17  6.903e-11  2.723e-10  2.810e-26  1.447e-06  4.129e-09  2.210e-12  1.168e-12  4.683e-06  1.208e-09  2.283e-09  3.087e-10  7.323e-12  3.613e-14  2.528e-17  7.042e-12  1.762e-16  2.918e-07  3.969e-07  1.329e-10  1.096e-17  2.173e-21  1.260e-14  1.624e-15  1.034e-19  1.168e-12  2.210e-12  2.791e-06  1.011e-06  8.239e-05  1.009e-04  8.016e-06  1.559e-06  4.840e-09  4.722e-09  1.289e-08  2.182e-07  4.116e-23  8.490e-10  2.094e-09  3.926e-06  8.323e-06  8.878e-11  9.861e-09
-1.58882e+15  -2.62375e+15  4.74269e+13  3.06768e+15  3.03000e+04  2.17300e+02  1.46200e-01  2.43700e+03  1.445e-04  1.966e-05  8.036e-19  1.962e-17  2.690e-15  1.261e-16  4.189e-06  1.331e-17  1.056e-11  2.816e-09  8.456e-17  6.418e-11  2.612e-10  2.561e-26  1.394e-06  4.014e-09  2.206e-12  1.177e-12  4.641e-06  1.212e-09  2.194e-09  3.133e-10  7.157e-12  3.597e-14  2.438e-17  7.053e-12  1.710e-16  2.734e-07  3.708e-07  1.294e-10  1.041e-17  2.040e-21  1.173e-14  1.564e-15  9.282e-20  1.177e-12  2.206e-12  2.880e-06  1.037e-06  8.271e-05  1.017e-04  7.944e-06  1.513e-06  4.842e-09  4.733e-09  1.271e-08  2.345e-07  4.337e-23  9.047e-10  2.204e-09  4.043e-06  8.453e-06  9.189e-11  1.014e-08
-1.60918e+15  -2.65862e+15  4.81366e+13  3.10806e+15  2.97600e+04  2.17800e+02  1.44000e-01  2.43800e+03  1.445e-04  1.965e-05  7.628e-19  1.825e-17  2.355e-15  1.239e-16  4.046e-06  1.270e-17  9.984e-12  2.734e-09  8.410e-17  5.966e-11  2.509e-10  2.333e-26  1.344e-06  3.901e-09  2.199e-12  1.187e-12  4.596e-06  1.216e-09  2.108e-09  3.178e-10  6.993e-12  3.585e-14  2.353e-17  7.065e-12  1.660e-16  2.561e-07  3.463e-07  1.259e-10  9.907e-18  1.916e-21  1.091e-14  1.506e-15  8.329e-20  1.187e-12  2.199e-12  2.971e-06  1.063e-06  8.303e-05  1.025e-04  7.870e-06  1.468e-06  4.843e-09  4.744e-09  1.253e-08  2.517e-07  4.567e-23  9.633e-10  2.317e-09  4.160e-06  8.580e-06  9.497e-11  1.041e-08
-1.62955e+15  -2.69349e+15  4.87846e+13  3.14844e+15  2.93000e+04  2.18400e+02  1.42500e-01  2.44000e+03  1.444e-04  1.964e-05  7.238e-19  1.697e-17  2.061e-15  1.216e-16  3.906e-06  1.215e-17  9.440e-12  2.654e-09  8.362e-17  5.544e-11  2.414e-10  2.124e-26  1.295e-06  3.790e-09  2.192e-12  1.196e-12  4.550e-06  1.220e-09  2.025e-09  3.220e-10  6.832e-12  3.579e-14  2.273e-17  7.080e-12  1.611e-16  2.399e-07  3.233e-07  1.225e-10  9.426e-18  1.798e-21  1.016e-14  1.449e-15  7.469e-20  1.196e-12  2.192e-12  3.063e-06  1.090e-06  8.333e-05  1.032e-04  7.793e-06  1.424e-06  4.844e-09  4.753e-09  1.235e-08  2.697e-07  4.808e-23  1.025e-09  2.433e-09  4.276e-06  8.703e-06  9.799e-11  1.068e-08
-1.64960e+15  -2.72866e+15  4.94326e+13  3.18893e+15  2.88800e+04  2.19000e+02  1.40100e-01  2.44200e+03  1.444e-04  1.963e-05  6.865e-19  1.578e-17  1.804e-15  1.195e-16  3.771e-06  1.166e-17  8.922e-12  2.575e-09  8.314e-17  5.151e-11  2.324e-10  1.932e-26  1.249e-06  3.680e-09  2.182e-12  1.204e-12  4.501e-06  1.223e-09  1.945e-09  3.260e-10  6.674e-12  3.576e-14  2.197e-17  7.097e-12  1.562e-16  2.246e-07  3.016e-07  1.192e-10  8.981e-18  1.689e-21  9.457e-15  1.395e-15  6.693e-20  1.204e-12  2.182e-12  3.156e-06  1.117e-06  8.364e-05  1.040e-04  7.714e-06  1.381e-06  4.845e-09  4.763e-09  1.217e-08  2.885e-07  5.058e-23  1.089e-09  2.550e-09  4.392e-06  8.823e-06  1.010e-10  1.095e-08
-1.67028e+15  -2.76384e+15  5.00188e+13  3.22973e+15  2.85000e+04  2.19500e+02  1.37700e-01  2.44300e+03  1.444e-04  1.961e-05  6.509e-19  1.466e-17  1.580e-15  1.173e-16  3.640e-06  1.123e-17  8.429e-12  2.497e-09  8.265e-17  4.784e-11  2.241e-10  1.757e-26  1.205e-06  3.572e-09  2.171e-12  1.212e-12  4.450e-06  1.226e-09  1.868e-09  3.297e-10  6.518e-12  3.577e-14  2.125e-17  7.116e-12  1.515e-16  2.102e-07  2.814e-07  1.160e-10  8.563e-18  1.587e-21  8.807e-15  1.342e-15  5.993e-20  1.212e-12  2.171e-12  3.252e-06  1.145e-06  8.393e-05  1.047e-04  7.633e-06  1.340e-06  4.846e-09  4.771e-09  1.199e-08  3.083e-07  5.320e-23  1.157e-09  2.670e-09  4.507e-06  8.939e-06  1.039e-10  1.122e-08
-1.69064e+15  -2.79933e+15  5.05743e+13  3.27064e+15  2.81600e+04  2.19900e+02  1.35600e-01  2.44500e+03  1.443e-04  1.960e-05  6.170e-19  1.362e-17  1.383e-15  1.153e-16  3.512e-06  1.085e-17  7.960e-12  2.420e-09  8.216e-17  4.443e-11  2.163e-10  1.596e-26  1.163e-06  3.466e-09  2.159e-12  1.219e-12  4.397e-06  1.229e-09  1.793e-09  3.331e-10  6.365e-12  3.581e-14  2.057e-17  7.137e-12  1.469e-16  1.967e-07  2.623e-07  1.128e-10  8.167e-18  1.491e-21  8.203e-15  1.291e-15  5.361e-20  1.219e-12  2.159e-12  3.350e-06  1.173e-06  8.423e-05  1.054e-04  7.551e-06  1.299e-06  4.846e-09  4.779e-09  1.181e-08  3.290e-07  5.594e-23  1.228e-09  2.791e-09  4.623e-06  9.053e-06  1.068e-10  1.149e-08
-1.71101e+15  -2.83481e+15  5.10680e+13  3.31154e+15  2.78300e+04  2.20200e+02  1.33400e-01  2.44600e+03  1.443e-04  1.959e-05  5.846e-19  1.264e-17  1.212e-15  1.132e-16  3.388e-06  1.050e-17  7.515e-12  2.345e-09  8.166e-17  4.124e-11  2.090e-10  1.450e-26  1.122e-06  3.361e-09  2.145e-12  1.226e-12  4.342e-06  1.232e-09  1.720e-09  3.361e-10  6.214e-12  3.588e-14  1.992e-17  7.159e-12  1.423e-16  1.840e-07  2.444e-07  1.097e-10  7.792e-18  1.400e-21  7.644e-15  1.242e-15  4.793e-20  1.226e-12  2.145e-12  3.449e-06  1.202e-06  8.451e-05  1.061e-04  7.467e-06  1.260e-06  4.847e-09  4.787e-09  1.164e-08  3.506e-07  5.880e-23  1.301e-09  2.914e-09  4.738e-06  9.163e-06  1.097e-10  1.176e-08
-1.73168e+15  -2.87061e+15  5.15308e+13  3.35287e+15  2.75100e+04  2.20200e+02  1.32000e-01  2.44800e+03  1.442e-04  1.957e-05  5.537e-19  1.173e-17  1.062e-15  1.112e-16  3.268e-06  1.020e-17  7.091e-12  2.271e-09  8.115e-17  3.828e-11  2.021e-10  1.316e-26  1.084e-06  3.258e-09  2.130e-12  1.232e-12  4.286e-06  1.234e-09  1.651e-09  3.388e-10  6.066e-12  3.597e-14  1.930e-17  7.182e-12  1.379e-16  1.721e-07  2.277e-07  1.066e-10  7.434e-18  1.313e-21  7.126e-15  1.194e-15  4.282e-20  1.232e-12  2.130e-12  3.549e-06  1.231e-06  8.480e-05  1.068e-04  7.382e-06  1.222e-06  4.847e-09  4.794e-09  1.147e-08  3.732e-07  6.178e-23  1.377e-09  3.039e-09  4.852e-06  9.270e-06  1.125e-10  1.202e-08
-1.75236e+15  -2.90640e+15  5.19628e+13  3.39420e+15  2.72000e+04  2.20000e+02  1.30800e-01  2.45000e+03  1.441e-04  1.956e-05  5.244e-19  1.088e-17  9.322e-16  1.093e-16  3.152e-06  9.920e-18  6.690e-12  2.199e-09  8.064e-17  3.552e-11  1.956e-10  1.195e-26  1.047e-06  3.157e-09  2.113e-12  1.237e-12  4.228e-06  1.237e-09  1.584e-09  3.411e-10  5.921e-12  3.609e-14  1.871e-17  7.205e-12  1.335e-16  1.610e-07  2.121e-07  1.037e-10  7.094e-18  1.231e-21  6.646e-15  1.148e-15  3.824e-20  1.237e-12  2.113e-12  3.650e-06  1.260e-06  8.507e-05  1.075e-04  7.295e-06  1.185e-06  4.847e-09  4.800e-09  1.130e-08  3.966e-07  6.486e-23  1.456e-09  3.164e-09  4.965e-06  9.373e-06  1.152e-10  1.228e-08
-1.77303e+15  -2.94250e+15  5.23639e+13  3.43580e+15  2.68800e+04  2.19700e+02  1.29600e-01  2.45100e+03  1.441e-04  1.954e-05  4.965e-19  1.009e-17  8.188e-16  1.074e-16  3.039e-06  9.669e-18  6.310e-12  2.129e-09  8.012e-17  3.296e-11  1.894e-10  1.085e-26  1.012e-06  3.057e-09  2.096e-12  1.242e-12  4.169e-06  1.239e-09  1.519e-09  3.431e-10  5.779e-12  3.623e-14  1.816e-17  7.228e-12  1.293e-16  1.506e-07  1.975e-07  1.008e-10  6.774e-18  1.154e-21  6.202e-15  1.104e-15  3.413e-20  1.242e-12  2.096e-12  3.751e-06  1.290e-06  8.534e-05  1.082e-04  7.208e-06  1.149e-06  4.847e-09  4.807e-09  1.113e-08  4.210e-07  6.806e-23  1.538e-09  3.291e-09  5.077e-06  9.473e-06  1.178e-10  1.255e-08
-1.79370e+15  -2.97891e+15  5.27034e+13  3.47765e+15  2.65600e+04  2.19100e+02  1.29900e-01  2.45300e+03  1.440e-04  1.953e-05  4.701e-19  9.358e-18  7.204e-16  1.055e-16  2.930e-06  9.442e-18  5.951e-12  2.060e-09  7.960e-17  3.059e-11  1.835e-10  9.849e-27  9.783e-07  2.959e-09  2.078e-12  1.246e-12  4.108e-06  1.241e-09  1.457e-09  3.445e-10  5.639e-12  3.638e-14  1.762e-17  7.251e-12  1.252e-16  1.408e-07  1.839e-07  9.794e-11  6.465e-18  1.081e-21  5.792e-15  1.061e-15  3.045e-20  1.246e-12  2.078e-12  3.851e-06  1.319e-06  8.561e-05  1.089e-04  7.121e-06  1.114e-06  4.847e-09  4.813e-09  1.097e-08  4.462e-07  7.136e-23  1.622e-09  3.418e-09  5.188e-06  9.570e-06  1.204e-10  1.280e-08
-1.81469e+15  -3.01532e+15  5.30428e+13  3.51967e+15  2.62300e+04  2.18400e+02  1.28900e-01  2.45400e+03  1.439e-04  1.952e-05  4.450e-19  8.675e-18  6.348e-16  1.037e-16  2.824e-06  9.230e-18  5.612e-12  1.993e-09  7.907e-17  2.838e-11  1.778e-10  8.942e-27  9.464e-07  2.864e-09  2.059e-12  1.249e-12  4.046e-06  1.243e-09  1.397e-09  3.457e-10  5.502e-12  3.654e-14  1.712e-17  7.273e-12  1.212e-16  1.317e-07  1.711e-07  9.517e-11  6.178e-18  1.013e-21  5.412e-15  1.020e-15  2.717e-20  1.249e-12  2.059e-12  3.951e-06  1.349e-06  8.587e-05  1.095e-04  7.034e-06  1.081e-06  4.846e-09  4.818e-09  1.081e-08  4.723e-07  7.475e-23  1.709e-09  3.545e-09  5.298e-06  9.664e-06  1.229e-10  1.306e-08
-1.83536e+15  -3.05174e+15  5.33205e+13  3.56153e+15  2.58900e+04  2.17400e+02  1.27700e-01  2.45600e+03  1.439e-04  1.950e-05  4.212e-19  8.040e-18  5.601e-16  1.019e-16  2.722e-06  9.027e-18  5.290e-12  1.928e-09  7.853e-17  2.633e-11  1.724e-10  8.119e-27  9.159e-07  2.770e-09  2.038e-12  1.251e-12  3.984e-06  1.244e-09  1.340e-09  3.465e-10  5.367e-12  3.670e-14  1.664e-17  7.294e-12  1.173e-16  1.231e-07  1.593e-07  9.246e-11  5.909e-18  9.511e-22  5.059e-15  9.804e-16  2.422e-20  1.251e-12  2.038e-12  4.052e-06  1.379e-06  8.612e-05  1.102e-04  6.945e-06  1.049e-06  4.846e-09  4.824e-09  1.064e-08  4.994e-07  7.825e-23  1.797e-09  3.672e-09  5.407e-06  9.755e-06  1.254e-10  1.331e-08
-1.85634e+15  -3.08876e+15  5.35674e+13  3.60407e+15  2.55400e+04  2.16400e+02  1.25700e-01  2.45800e+03  1.438e-04  1.949e-05  3.985e-19  7.448e-18  4.949e-16  1.002e-16  2.623e-06  8.830e-18  4.984e-12  1.864e-09  7.799e-17  2.443e-11  1.673e-10  7.368e-27  8.867e-07  2.678e-09  2.018e-12  1.252e-12  3.921e-06  1.246e-09  1.285e-09  3.470e-10  5.233e-12  3.685e-14  1.617e-17  7.314e-12  1.135e-16  1.151e-07  1.481e-07  8.980e-11  5.657e-18  8.939e-22  4.731e-15  9.421e-16  2.157e-20  1.252e-12  2.018e-12  4.154e-06  1.409e-06  8.637e-05  1.108e-04  6.856e-06  1.018e-06  4.845e-09  4.829e-09  1.049e-08  5.276e-07  8.191e-23  1.888e-09  3.799e-09  5.515e-06  9.844e-06  1.279e-10  1.356e-08
-1.87733e+15  -3.12579e+15  5.37834e+13  3.64662e+15  2.51700e+04  2.15200e+02  1.23500e-01  2.45900e+03  1.437e-04  1.947e-05  3.769e-19  6.897e-18  4.380e-16  9.851e-17  2.526e-06  8.636e-18  4.694e-12  1.801e-09  7.745e-17  2.265e-11  1.623e-10  6.685e-27  8.587e-07  2.588e-09  1.996e-12  1.252e-12  3.857e-06  1.247e-09  1.231e-09  3.473e-10  5.101e-12  3.700e-14  1.574e-17  7.331e-12  1.098e-16  1.075e-07  1.377e-07  8.718e-11  5.418e-18  8.407e-22  4.425e-15  9.050e-16  1.920e-20  1.252e-12  1.996e-12  4.258e-06  1.440e-06  8.662e-05  1.114e-04  6.767e-06  9.874e-07  4.844e-09  4.834e-09  1.033e-08  5.571e-07  8.574e-23  1.980e-09  3.926e-09  5.623e-06  9.930e-06  1.305e-10  1.381e-08
-1.89831e+15  -3.16282e+15  5.39376e+13  3.68916e+15  2.48000e+04  2.13800e+02  1.21600e-01  2.46100e+03  1.436e-04  1.946e-05  3.563e-19  6.385e-18  3.882e-16  9.685e-17  2.433e-06  8.443e-18  4.419e-12  1.739e-09  7.689e-17  2.100e-11  1.575e-10  6.063e-27  8.319e-07  2.500e-09  1.974e-12  1.252e-12  3.793e-06  1.248e-09  1.180e-09  3.473e-10  4.970e-12  3.714e-14  1.532e-17  7.346e-12  1.062e-16  1.004e-07  1.280e-07  8.461e-11  5.189e-18  7.907e-22  4.140e-15  8.693e-16  1.708e-20  1.252e-12  1.974e-12  4.363e-06  1.472e-06  8.686e-05  1.120e-04  6.676e-06  9.579e-07  4.843e-09  4.839e-09  1.017e-08  5.878e-07  8.975e-23  2.075e-09  4.052e-09  5.731e-06  1.001e-05  1.332e-10  1.406e-08
-1.91929e+15  -3.19985e+15  5.40919e+13  3.73171e+15  2.44200e+04  2.12300e+02  1.19500e-01  2.46200e+03  1.436e-04  1.944e-05  3.368e-19  5.909e-18  3.447e-16  9.521e-17  2.343e-06  8.252e-18  4.159e-12  1.679e-09  7.633e-17  1.946e-11  1.528e-10  5.496e-27  8.061e-07  2.415e-09  1.951e-12  1.250e-12  3.728e-06  1.248e-09  1.130e-09  3.471e-10  4.841e-12  3.728e-14  1.492e-17  7.359e-12  1.026e-16  9.371e-08  1.189e-07  8.209e-11  4.972e-18  7.437e-22  3.875e-15  8.347e-16  1.518e-20  1.250e-12  1.951e-12  4.469e-06  1.504e-06  8.709e-05  1.126e-04  6.585e-06  9.293e-07  4.842e-09  4.844e-09  1.001e-08  6.197e-07  9.395e-23  2.171e-09  4.178e-09  5.838e-06  1.010e-05  1.359e-10  1.431e-08
-1.94027e+15  -3.23688e+15  5.42154e+13  3.77425e+15  2.40300e+04  2.10800e+02  1.17200e-01  2.46400e+03  1.435e-04  1.943e-05  3.182e-19  5.466e-18  3.067e-16  9.361e-17  2.255e-06  8.059e-18  3.912e-12  1.621e-09  7.575e-17  1.804e-11  1.483e-10  4.981e-27  7.814e-07  2.331e-09  1.928e-12  1.248e-12  3.663e-06  1.248e-09  1.082e-09  3.467e-10  4.714e-12  3.740e-14  1.454e-17  7.369e-12  9.921e-17  8.742e-08  1.104e-07  7.961e-11  4.766e-18  6.999e-22  3.627e-15  8.013e-16  1.347e-20  1.248e-12  1.928e-12  4.577e-06  1.537e-06  8.732e-05  1.132e-04  6.494e-06  9.015e-07  4.841e-09  4.848e-09  9.856e-09  6.531e-07  9.836e-23  2.268e-09  4.304e-09  5.944e-06  1.018e-05  1.387e-10  1.456e-08
-1.96157e+15  -3.27390e+15  5.43079e+13  3.81695e+15  2.36300e+04  2.09200e+02  1.16200e-01  2.46500e+03  1.434e-04  1.941e-05  3.006e-19  5.056e-18  2.735e-16  9.204e-17  2.171e-06  7.869e-18  3.678e-12  1.563e-09  7.518e-17  1.671e-11  1.439e-10  4.513e-27  7.578e-07  2.250e-09  1.904e-12  1.244e-12  3.599e-06  1.248e-09  1.036e-09  3.459e-10  4.589e-12  3.752e-14  1.417e-17  7.376e-12  9.589e-17  8.155e-08  1.024e-07  7.719e-11  4.567e-18  6.576e-22  3.396e-15  7.692e-16  1.196e-20  1.244e-12  1.904e-12  4.685e-06  1.570e-06  8.754e-05  1.138e-04  6.402e-06  8.745e-07  4.839e-09  4.853e-09  9.702e-09  6.877e-07  1.030e-22  2.368e-09  4.429e-09  6.050e-06  1.025e-05  1.415e-10  1.481e-08
-1.98255e+15  -3.31093e+15  5.44005e+13  3.85950e+15  2.32200e+04  2.07400e+02  1.14700e-01  2.46700e+03  1.433e-04  1.939e-05  2.839e-19  4.675e-18  2.446e-16  9.050e-17  2.089e-06  7.677e-18  3.457e-12  1.508e-09  7.459e-17  1.548e-11  1.397e-10  4.088e-27  7.351e-07  2.171e-09  1.880e-12  1.240e-12  3.534e-06  1.248e-09  9.920e-10  3.450e-10  4.466e-12  3.763e-14  1.383e-17  7.380e-12  9.266e-17  7.604e-08  9.505e-08  7.481e-11  4.378e-18  6.182e-22  3.181e-15  7.382e-16  1.060e-20  1.240e-12  1.880e-12  4.794e-06  1.603e-06  8.776e-05  1.144e-04  6.311e-06  8.484e-07  4.838e-09  4.857e-09  9.548e-09  7.236e-07  1.077e-22  2.468e-09  4.553e-09  6.155e-06  1.033e-05  1.444e-10  1.506e-08
-2.00353e+15  -3.34796e+15  5.44314e+13  3.90204e+15  2.28100e+04  2.05700e+02  1.13600e-01  2.46900e+03  1.432e-04  1.938e-05  2.681e-19  4.322e-18  2.193e-16  8.899e-17  2.009e-06  7.486e-18  3.249e-12  1.453e-09  7.400e-17  1.434e-11  1.355e-10  3.703e-27  7.134e-07  2.094e-09  1.856e-12  1.235e-12  3.470e-06  1.247e-09  9.495e-10  3.437e-10  4.345e-12  3.774e-14  1.349e-17  7.381e-12  8.953e-17  7.088e-08  8.817e-08  7.249e-11  4.198e-18  5.810e-22  2.981e-15  7.083e-16  9.398e-21  1.235e-12  1.856e-12  4.903e-06  1.636e-06  8.797e-05  1.150e-04  6.219e-06  8.232e-07  4.836e-09  4.861e-09  9.395e-09  7.608e-07  1.127e-22  2.570e-09  4.677e-09  6.259e-06  1.040e-05  1.473e-10  1.531e-08
-2.02482e+15  -3.38499e+15  5.44622e+13  3.94475e+15  2.24000e+04  2.03900e+02  1.14800e-01  2.47000e+03  1.431e-04  1.936e-05  2.532e-19  3.996e-18  1.973e-16  8.752e-17  1.933e-06  7.300e-18  3.053e-12  1.401e-09  7.341e-17  1.329e-11  1.315e-10  3.356e-27  6.928e-07  2.019e-09  1.831e-12  1.229e-12  3.405e-06  1.247e-09  9.089e-10  3.422e-10  4.226e-12  3.784e-14  1.318e-17  7.380e-12  8.651e-17  6.609e-08  8.179e-08  7.023e-11  4.023e-18  5.445e-22  2.795e-15  6.796e-16  8.331e-21  1.229e-12  1.831e-12  5.009e-06  1.669e-06  8.818e-05  1.155e-04  6.128e-06  7.989e-07  4.834e-09  4.866e-09  9.246e-09  7.989e-07  1.177e-22  2.673e-09  4.799e-09  6.361e-06  1.047e-05  1.501e-10  1.555e-08
-2.04580e+15  -3.42510e+15  5.44622e+13  3.98994e+15  2.19800e+04  2.02100e+02  1.14100e-01  2.47200e+03  1.430e-04  1.934e-05  2.391e-19  3.695e-18  1.781e-16  8.607e-17  1.860e-06  7.112e-18  2.869e-12  1.350e-09  7.280e-17  1.231e-11  1.276e-10  3.041e-27  6.730e-07  1.947e-09  1.806e-12  1.223e-12  3.341e-06  1.246e-09  8.699e-10  3.404e-10  4.110e-12  3.793e-14  1.287e-17  7.376e-12  8.358e-17  6.161e-08  7.586e-08  6.802e-11  3.859e-18  5.112e-22  2.622e-15  6.520e-16  7.382e-21  1.223e-12  1.806e-12  5.114e-06  1.703e-06  8.838e-05  1.161e-04  6.038e-06  7.755e-07  4.832e-09  4.869e-09  9.098e-09  8.383e-07  1.229e-22  2.778e-09  4.920e-09  6.462e-06  1.054e-05  1.529e-10  1.579e-08
-2.06710e+15  -3.46213e+15  5.44314e+13  4.03264e+15  2.15700e+04  2.00200e+02  1.12300e-01  2.47300e+03  1.429e-04  1.933e-05  2.257e-19  3.415e-18  1.612e-16  8.466e-17  1.789e-06  6.921e-18  2.694e-12  1.300e-09  7.220e-17  1.141e-11  1.238e-10  2.754e-27  6.540e-07  1.876e-09  1.781e-12  1.215e-12  3.278e-06  1.244e-09  8.324e-10  3.385e-10  3.996e-12  3.801e-14  1.258e-17  7.368e-12  8.073e-17  5.740e-08  7.033e-08  6.585e-11  3.706e-18  4.810e-22  2.459e-15  6.254e-16  6.536e-21  1.215e-12  1.781e-12  5.221e-06  1.736e-06  8.858e-05  1.166e-04  5.947e-06  7.527e-07  4.830e-09  4.873e-09  8.951e-09  8.791e-07  1.282e-22  2.883e-09  5.039e-09  6.562e-06  1.061e-05  1.559e-10  1.603e-08
-2.08839e+15  -3.49916e+15  5.44005e+13  4.07534e+15  2.11500e+04  1.98300e+02  1.11100e-01  2.47500e+03  1.428e-04  1.931e-05  2.130e-19  3.157e-18  1.463e-16  8.326e-17  1.720e-06  6.728e-18  2.530e-12  1.252e-09  7.158e-17  1.057e-11  1.201e-10  2.494e-27  6.357e-07  1.808e-09  1.756e-12  1.207e-12  3.215e-06  1.243e-09  7.964e-10  3.364e-10  3.883e-12  3.807e-14  1.230e-17  7.357e-12  7.797e-17  5.347e-08  6.519e-08  6.374e-11  3.560e-18  4.524e-22  2.307e-15  5.997e-16  5.784e-21  1.207e-12  1.756e-12  5.327e-06  1.770e-06  8.877e-05  1.171e-04  5.857e-06  7.306e-07  4.828e-09  4.877e-09  8.805e-09  9.213e-07  1.338e-22  2.990e-09  5.157e-09  6.662e-06  1.068e-05  1.589e-10  1.627e-08
-2.10937e+15  -3.53619e+15  5.43388e+13  4.11789e+15  2.07400e+04  1.96500e+02  1.09400e-01  2.47700e+03  1.427e-04  1.930e-05  2.010e-19  2.917e-18  1.332e-16  8.189e-17  1.654e-06  6.534e-18  2.374e-12  1.205e-09  7.096e-17  9.786e-12  1.165e-10  2.257e-27  6.182e-07  1.742e-09  1.731e-12  1.198e-12  3.152e-06  1.241e-09  7.618e-10  3.341e-10  3.772e-12  3.812e-14  1.203e-17  7.342e-12  7.529e-17  4.978e-08  6.039e-08  6.167e-11  3.421e-18  4.258e-22  2.164e-15  5.750e-16  5.114e-21  1.198e-12  1.731e-12  5.435e-06  1.805e-06  8.896e-05  1.177e-04  5.766e-06  7.092e-07  4.826e-09  4.881e-09  8.660e-09  9.650e-07  1.395e-22  3.097e-09  5.273e-09  6.761e-06  1.074e-05  1.621e-10  1.650e-08
-2.13066e+15  -3.57321e+15  5.42462e+13  4.16059e+15  2.03300e+04  1.94600e+02  1.08000e-01  2.47800e+03  1.425e-04  1.928e-05  1.896e-19  2.695e-18  1.217e-16  8.054e-17  1.589e-06  6.339e-18  2.227e-12  1.160e-09  7.033e-17  9.063e-12  1.130e-10  2.042e-27  6.014e-07  1.679e-09  1.705e-12  1.188e-12  3.091e-06  1.239e-09  7.285e-10  3.316e-10  3.664e-12  3.816e-14  1.177e-17  7.324e-12  7.269e-17  4.633e-08  5.593e-08  5.964e-11  3.288e-18  4.006e-22  2.031e-15  5.512e-16  4.520e-21  1.188e-12  1.705e-12  5.543e-06  1.840e-06  8.914e-05  1.182e-04  5.676e-06  6.883e-07  4.823e-09  4.884e-09  8.515e-09  1.010e-06  1.453e-22  3.205e-09  5.387e-09  6.859e-06  1.080e-05  1.653e-10  1.674e-08
-2.15195e+15  -3.61333e+15  5.41536e+13  4.20594e+15  1.99300e+04  1.92800e+02  1.06600e-01  2.48000e+03  1.424e-04  1.926e-05  1.788e-19  2.490e-18  1.115e-16  7.921e-17  1.527e-06  6.143e-18  2.089e-12  1.115e-09  6.969e-17  8.393e-12  1.096e-10  1.847e-27  5.852e-07  1.617e-09  1.680e-12  1.178e-12  3.030e-06  1.236e-09  6.966e-10  3.289e-10  3.557e-12  3.818e-14  1.152e-17  7.304e-12  7.017e-17  4.310e-08  5.178e-08  5.767e-11  3.161e-18  3.769e-22  1.906e-15  5.283e-16  3.991e-21  1.178e-12  1.680e-12  5.652e-06  1.875e-06  8.932e-05  1.187e-04  5.587e-06  6.681e-07  4.821e-09  4.888e-09  8.372e-09  1.057e-06  1.514e-22  3.313e-09  5.499e-09  6.956e-06  1.086e-05  1.686e-10  1.698e-08
-2.17293e+15  -3.65036e+15  5.40302e+13  4.24849e+15  1.95200e+04  1.90900e+02  1.04400e-01  2.48100e+03  1.423e-04  1.924e-05  1.686e-19  2.299e-18  1.024e-16  7.790e-17  1.467e-06  5.947e-18  1.958e-12  1.072e-09  6.905e-17  7.770e-12  1.063e-10  1.670e-27  5.696e-07  1.557e-09  1.654e-12  1.167e-12  2.969e-06  1.233e-09  6.659e-10  3.261e-10  3.452e-12  3.819e-14  1.128e-17  7.280e-12  6.773e-17  4.008e-08  4.792e-08  5.574e-11  3.040e-18  3.548e-22  1.788e-15  5.062e-16  3.522e-21  1.167e-12  1.654e-12  5.763e-06  1.911e-06  8.949e-05  1.192e-04  5.497e-06  6.485e-07  4.818e-09  4.891e-09  8.230e-09  1.105e-06  1.577e-22  3.422e-09  5.609e-09  7.053e-06  1.092e-05  1.720e-10  1.721e-08
-2.19423e+15  -3.68738e+15  5.39068e+13  4.29119e+15  1.91300e+04  1.89100e+02  1.03000e-01  2.48300e+03  1.422e-04  1.923e-05  1.589e-19  2.124e-18  9.436e-17  7.661e-17  1.410e-06  5.753e-18  1.835e-12  1.031e-09  6.840e-17  7.194e-12  1.031e-10  1.509e-27  5.545e-07  1.499e-09  1.628e-12  1.155e-12  2.909e-06  1.230e-09  6.364e-10  3.232e-10  3.349e-12  3.819e-14  1.104e-17  7.252e-12  6.536e-17  3.725e-08  4.433e-08  5.386e-11  2.924e-18  3.338e-22  1.678e-15  4.849e-16  3.105e-21  1.155e-12  1.628e-12  5.874e-06  1.947e-06  8.966e-05  1.197e-04  5.407e-06  6.294e-07  4.815e-09  4.894e-09  8.088e-09  1.155e-06  1.642e-22  3.532e-09  5.718e-09  7.149e-06  1.098e-05  1.755e-10  1.744e-08
-2.21552e+15  -3.72441e+15  5.37834e+13  4.33390e+15  1.87400e+04  1.87300e+02  1.02200e-01  2.48500e+03  1.421e-04  1.921e-05  1.498e-19  1.961e-18  8.723e-17  7.534e-17  1.354e-06  5.561e-18  1.719e-12  9.901e-10  6.775e-17  6.660e-12  9.997e-11  1.363e-27  5.401e-07  1.444e-09  1.602e-12  1.143e-12  2.850e-06  1.227e-09  6.082e-10  3.200e-10  3.248e-12  3.819e-14  1.082e-17  7.223e-12  6.307e-17  3.461e-08  4.100e-08  5.203e-11  2.813e-18  3.136e-22  1.575e-15  4.645e-16  2.737e-21  1.143e-12  1.602e-12  5.985e-06  1.984e-06  8.982e-05  1.202e-04  5.318e-06  6.110e-07  4.812e-09  4.898e-09  7.948e-09  1.207e-06  1.709e-22  3.642e-09  5.824e-09  7.244e-06  1.104e-05  1.791e-10  1.767e-08
-2.23681e+15  -3.76453e+15  5.36291e+13  4.37925e+15  1.83500e+04  1.85500e+02  1.01500e-01  2.48600e+03  1.419e-04  1.919e-05  1.412e-19  1.811e-18  8.090e-17  7.408e-17  1.300e-06  5.373e-18  1.610e-12  9.510e-10  6.709e-17  6.166e-12  9.692e-11  1.231e-27  5.263e-07  1.390e-09  1.577e-12  1.130e-12  2.792e-06  1.223e-09  5.811e-10  3.168e-10  3.150e-12  3.817e-14  1.060e-17  7.190e-12  6.086e-17  3.216e-08  3.791e-08  5.025e-11  2.706e-18  2.946e-22  1.478e-15  4.448e-16  2.411e-21  1.130e-12  1.577e-12  6.096e-06  2.020e-06  8.998e-05  1.207e-04  5.230e-06  5.931e-07  4.809e-09  4.901e-09  7.810e-09  1.260e-06  1.777e-22  3.753e-09  5.928e-09  7.338e-06  1.109e-05  1.827e-10  1.790e-08
-2.25810e+15  -3.80155e+15  5.35056e+13  4.42196e+15  1.79700e+04  1.83700e+02  1.01400e-01  2.48800e+03  1.418e-04  1.917e-05  1.330e-19  1.672e-18  7.528e-17  7.286e-17  1.249e-06  5.188e-18  1.508e-12  9.133e-10  6.643e-17  5.710e-12  9.397e-11  1.112e-27  5.130e-07  1.338e-09  1.551e-12  1.117e-12  2.734e-06  1.220e-09  5.552e-10  3.133e-10  3.055e-12  3.816e-14  1.040e-17  7.155e-12  5.872e-17  2.988e-08  3.504e-08  4.852e-11  2.603e-18  2.765e-22  1.387e-15  4.259e-16  2.123e-21  1.117e-12  1.551e-12  6.205e-06  2.057e-06  9.014e-05  1.212e-04  5.143e-06  5.760e-07  4.805e-09  4.904e-09  7.673e-09  1.314e-06  1.847e-22  3.864e-09  6.030e-09  7.431e-06  1.115e-05  1.864e-10  1.813e-08
-2.27939e+15  -3.83858e+15  5.33514e+13  4.46466e+15  1.76000e+04  1.81900e+02  1.00200e-01  2.48900e+03  1.417e-04  1.915e-05  1.254e-19  1.544e-18  7.024e-17  7.164e-17  1.199e-06  5.006e-18  1.412e-12  8.767e-10  6.576e-17  5.288e-12  9.110e-11  1.004e-27  5.002e-07  1.288e-09  1.526e-12  1.104e-12  2.678e-06  1.216e-09  5.304e-10  3.098e-10  2.962e-12  3.813e-14  1.019e-17  7.117e-12  5.664e-17  2.775e-08  3.239e-08  4.684e-11  2.506e-18  2.597e-22  1.302e-15  4.078e-16  1.869e-21  1.104e-12  1.526e-12  6.315e-06  2.094e-06  9.029e-05  1.216e-04  5.056e-06  5.593e-07  4.802e-09  4.907e-09  7.538e-09  1.370e-06  1.918e-22  3.975e-09  6.129e-09  7.523e-06  1.120e-05  1.901e-10  1.836e-08
-2.30037e+15  -3.87561e+15  5.31662e+13  4.50721e+15  1.72300e+04  1.80200e+02  9.90800e-02  2.49100e+03  1.415e-04  1.914e-05  1.181e-19  1.426e-18  6.572e-17  7.045e-17  1.151e-06  4.827e-18  1.321e-12  8.414e-10  6.508e-17  4.896e-12  8.830e-11  9.064e-28  4.879e-07  1.240e-09  1.500e-12  1.090e-12  2.622e-06  1.211e-09  5.066e-10  3.061e-10  2.871e-12  3.809e-14  9.999e-18  7.076e-12  5.463e-17  2.576e-08  2.993e-08  4.521e-11  2.413e-18  2.440e-22  1.223e-15  3.904e-16  1.644e-21  1.090e-12  1.500e-12  6.424e-06  2.131e-06  9.043e-05  1.221e-04  4.970e-06  5.432e-07  4.799e-09  4.910e-09  7.404e-09  1.428e-06  1.991e-22  4.086e-09  6.225e-09  7.613e-06  1.125e-05  1.938e-10  1.858e-08
-2.32166e+15  -3.91264e+15  5.30119e+13  4.54991e+15  1.68700e+04  1.78400e+02  9.89800e-02  2.49300e+03  1.414e-04  1.912e-05  1.112e-19  1.317e-18  6.167e-17  6.927e-17  1.104e-06  4.652e-18  1.236e-12  8.073e-10  6.441e-17  4.535e-12  8.559e-11  8.181e-28  4.761e-07  1.193e-09  1.475e-12  1.076e-12  2.567e-06  1.207e-09  4.838e-10  3.022e-10  2.782e-12  3.805e-14  9.811e-18  7.033e-12  5.270e-17  2.392e-08  2.765e-08  4.362e-11  2.324e-18  2.289e-22  1.148e-15  3.737e-16  1.446e-21  1.076e-12  1.475e-12  6.533e-06  2.169e-06  9.057e-05  1.226e-04  4.885e-06  5.276e-07  4.795e-09  4.912e-09  7.272e-09  1.487e-06  2.065e-22  4.197e-09  6.319e-09  7.703e-06  1.130e-05  1.976e-10  1.880e-08
-2.34295e+15  -3.95275e+15  5.28577e+13  4.59527e+15  1.65200e+04  1.76700e+02  9.81700e-02  2.49400e+03  1.413e-04  1.910e-05  1.048e-19  1.216e-18  5.802e-17  6.811e-17  1.060e-06  4.481e-18  1.156e-12  7.744e-10  6.373e-17  4.201e-12  8.296e-11  7.382e-28  4.647e-07  1.148e-09  1.450e-12  1.061e-12  2.513e-06  1.202e-09  4.620e-10  2.983e-10  2.696e-12  3.800e-14  9.628e-18  6.988e-12  5.082e-17  2.220e-08  2.554e-08  4.208e-11  2.238e-18  2.149e-22  1.078e-15  3.576e-16  1.271e-21  1.061e-12  1.450e-12  6.641e-06  2.206e-06  9.071e-05  1.230e-04  4.800e-06  5.126e-07  4.792e-09  4.915e-09  7.142e-09  1.547e-06  2.140e-22  4.309e-09  6.409e-09  7.791e-06  1.135e-05  2.015e-10  1.902e-08
-2.36425e+15  -3.98978e+15  5.27034e+13  4.63797e+15  1.61700e+04  1.75000e+02  9.65900e-02  2.49600e+03  1.411e-04  1.908e-05  9.867e-20  1.123e-18  5.471e-17  6.697e-17  1.017e-06  4.312e-18  1.081e-12  7.426e-10  6.304e-17  3.891e-12  8.040e-11  6.658e-28  4.537e-07  1.105e-09  1.424e-12  1.046e-12  2.460e-06  1.197e-09  4.411e-10  2.942e-10  2.612e-12  3.794e-14  9.450e-18  6.940e-12  4.900e-17  2.060e-08  2.358e-08  4.059e-11  2.157e-18  2.018e-22  1.012e-15  3.422e-16  1.117e-21  1.046e-12  1.424e-12  6.750e-06  2.244e-06  9.085e-05  1.235e-04  4.716e-06  4.980e-07  4.788e-09  4.918e-09  7.013e-09  1.610e-06  2.216e-22  4.420e-09  6.497e-09  7.879e-06  1.140e-05  2.055e-10  1.924e-08
-2.38554e+15  -4.02681e+15  5.25491e+13  4.68068e+15  1.58300e+04  1.73300e+02  9.57700e-02  2.49700e+03  1.410e-04  1.906e-05  9.291e-20  1.036e-18  5.170e-17  6.584e-17  9.756e-07  4.147e-18  1.011e-12  7.119e-10  6.236e-17  3.605e-12  7.791e-11  6.004e-28  4.431e-07  1.063e-09  1.399e-12  1.031e-12  2.407e-06  1.192e-09  4.211e-10  2.901e-10  2.530e-12  3.788e-14  9.278e-18  6.890e-12  4.725e-17  1.910e-08  2.176e-08  3.914e-11  2.078e-18  1.895e-22  9.500e-16  3.273e-16  9.805e-22  1.031e-12  1.399e-12  6.858e-06  2.283e-06  9.098e-05  1.239e-04  4.633e-06  4.839e-07  4.784e-09  4.920e-09  6.885e-09  1.673e-06  2.295e-22  4.531e-09  6.582e-09  7.965e-06  1.144e-05  2.095e-10  1.945e-08
-2.40683e+15  -4.06384e+15  5.23948e+13  4.72338e+15  1.55000e+04  1.71700e+02  9.42100e-02  2.49900e+03  1.408e-04  1.904e-05  8.746e-20  9.569e-19  4.895e-17  6.472e-17  9.358e-07  3.985e-18  9.449e-13  6.823e-10  6.166e-17  3.340e-12  7.550e-11  5.411e-28  4.329e-07  1.023e-09  1.374e-12  1.016e-12  2.356e-06  1.187e-09  4.019e-10  2.858e-10  2.451e-12  3.780e-14  9.111e-18  6.837e-12  4.555e-17  1.771e-08  2.008e-08  3.773e-11  2.003e-18  1.779e-22  8.917e-16  3.131e-16  8.603e-22  1.016e-12  1.374e-12  6.968e-06  2.322e-06  9.110e-05  1.243e-04  4.551e-06  4.702e-07  4.780e-09  4.923e-09  6.759e-09  1.739e-06  2.374e-22  4.641e-09  6.664e-09  8.051e-06  1.149e-05  2.136e-10  1.967e-08
-2.42812e+15  -4.10087e+15  5.22405e+13  4.76609e+15  1.51700e+04  1.70000e+02  9.28400e-02  2.50100e+03  1.407e-04  1.902e-05  8.231e-20  8.833e-19  4.643e-17  6.361e-17  8.974e-07  3.826e-18  8.827e-13  6.537e-10  6.097e-17  3.095e-12  7.315e-11  4.874e-28  4.230e-07  9.843e-10  1.350e-12  1.001e-12  2.305e-06  1.182e-09  3.835e-10  2.815e-10  2.373e-12  3.771e-14  8.949e-18  6.783e-12  4.390e-17  1.642e-08  1.852e-08  3.636e-11  1.931e-18  1.671e-22  8.369e-16  2.994e-16  7.544e-22  1.001e-12  1.350e-12  7.079e-06  2.361e-06  9.123e-05  1.248e-04  4.469e-06  4.569e-07  4.776e-09  4.925e-09  6.634e-09  1.807e-06  2.455e-22  4.752e-09  6.743e-09  8.136e-06  1.153e-05  2.179e-10  1.988e-08
-2.44941e+15  -4.13789e+15  5.21171e+13  4.80879e+15  1.48500e+04  1.68400e+02  9.18000e-02  2.50200e+03  1.405e-04  1.900e-05  7.746e-20  8.154e-19  4.412e-17  6.252e-17  8.605e-07  3.672e-18  8.244e-13  6.261e-10  6.027e-17  2.868e-12  7.087e-11  4.390e-28  4.135e-07  9.470e-10  1.325e-12  9.849e-13  2.255e-06  1.176e-09  3.659e-10  2.771e-10  2.298e-12  3.762e-14  8.791e-18  6.726e-12  4.231e-17  1.521e-08  1.708e-08  3.504e-11  1.861e-18  1.568e-22  7.854e-16  2.863e-16  6.611e-22  9.849e-13  1.325e-12  7.190e-06  2.401e-06  9.134e-05  1.252e-04  4.388e-06  4.441e-07  4.772e-09  4.927e-09  6.511e-09  1.876e-06  2.538e-22  4.861e-09  6.819e-09  8.220e-06  1.158e-05  2.222e-10  2.009e-08
-2.47039e+15  -4.17801e+15  5.19937e+13  4.85400e+15  1.45400e+04  1.66800e+02  9.11100e-02  2.50400e+03  1.404e-04  1.898e-05  7.288e-20  7.527e-19  4.201e-17  6.144e-17  8.250e-07  3.523e-18  7.697e-13  5.995e-10  5.957e-17  2.658e-12  6.866e-11  3.952e-28  4.043e-07  9.112e-10  1.301e-12  9.691e-13  2.206e-06  1.170e-09  3.491e-10  2.727e-10  2.225e-12  3.752e-14  8.637e-18  6.668e-12  4.078e-17  1.410e-08  1.575e-08  3.376e-11  1.794e-18  1.470e-22  7.371e-16  2.737e-16  5.792e-22  9.691e-13  1.301e-12  7.300e-06  2.441e-06  9.146e-05  1.256e-04  4.308e-06  4.317e-07  4.768e-09  4.930e-09  6.389e-09  1.947e-06  2.622e-22  4.971e-09  6.892e-09  8.302e-06  1.162e-05  2.266e-10  2.029e-08
-2.49168e+15  -4.21504e+15  5.18702e+13  4.89670e+15  1.42300e+04  1.65200e+02  9.05800e-02  2.50500e+03  1.402e-04  1.896e-05  6.857e-20  6.949e-19  4.007e-17  6.038e-17  7.908e-07  3.378e-18  7.186e-13  5.740e-10  5.887e-17  2.465e-12  6.652e-11  3.558e-28  3.954e-07  8.767e-10  1.276e-12  9.532e-13  2.158e-06  1.164e-09  3.330e-10  2.681e-10  2.154e-12  3.742e-14  8.488e-18  6.608e-12  3.929e-17  1.306e-08  1.451e-08  3.252e-11  1.729e-18  1.377e-22  6.917e-16  2.616e-16  5.072e-22  9.532e-13  1.276e-12  7.409e-06  2.481e-06  9.157e-05  1.261e-04  4.229e-06  4.197e-07  4.764e-09  4.932e-09  6.269e-09  2.019e-06  2.708e-22  5.080e-09  6.962e-09  8.384e-06  1.166e-05  2.310e-10  2.050e-08
-2.51298e+15  -4.25206e+15  5.17468e+13  4.93941e+15  1.39300e+04  1.63600e+02  8.83300e-02  2.50700e+03  1.400e-04  1.894e-05  6.449e-20  6.413e-19  3.825e-17  5.932e-17  7.579e-07  3.236e-18  6.704e-13  5.493e-10  5.816e-17  2.285e-12  6.443e-11  3.201e-28  3.868e-07  8.435e-10  1.252e-12  9.372e-13  2.111e-06  1.157e-09  3.176e-10  2.635e-10  2.085e-12  3.731e-14  8.343e-18  6.546e-12  3.785e-17  1.209e-08  1.337e-08  3.132e-11  1.667e-18  1.292e-22  6.489e-16  2.500e-16  4.437e-22  9.372e-13  1.252e-12  7.521e-06  2.522e-06  9.168e-05  1.265e-04  4.150e-06  4.081e-07  4.759e-09  4.934e-09  6.151e-09  2.093e-06  2.794e-22  5.188e-09  7.028e-09  8.465e-06  1.170e-05  2.355e-10  2.070e-08
-2.53427e+15  -4.28909e+15  5.16542e+13  4.98212e+15  1.36400e+04  1.62100e+02  8.83200e-02  2.50800e+03  1.399e-04  1.892e-05  6.066e-20  5.920e-19  3.658e-17  5.829e-17  7.262e-07  3.100e-18  6.255e-13  5.256e-10  5.745e-17  2.120e-12  6.241e-11  2.879e-28  3.785e-07  8.115e-10  1.228e-12  9.211e-13  2.064e-06  1.151e-09  3.028e-10  2.589e-10  2.018e-12  3.719e-14  8.202e-18  6.483e-12  3.647e-17  1.120e-08  1.232e-08  3.016e-11  1.607e-18  1.210e-22  6.088e-16  2.389e-16  3.881e-22  9.211e-13  1.228e-12  7.632e-06  2.563e-06  9.179e-05  1.269e-04  4.073e-06  3.969e-07  4.755e-09  4.936e-09  6.034e-09  2.169e-06  2.882e-22  5.296e-09  7.091e-09  8.544e-06  1.174e-05  2.401e-10  2.090e-08
-2.55525e+15  -4.32612e+15  5.15617e+13  5.02467e+15  1.33500e+04  1.60500e+02  8.88600e-02  2.51000e+03  1.397e-04  1.890e-05  5.705e-20  5.466e-19  3.505e-17  5.726e-17  6.959e-07  2.970e-18  5.835e-13  5.029e-10  5.675e-17  1.967e-12  6.045e-11  2.591e-28  3.705e-07  7.808e-10  1.205e-12  9.050e-13  2.019e-06  1.145e-09  2.888e-10  2.542e-10  1.954e-12  3.708e-14  8.064e-18  6.419e-12  3.513e-17  1.037e-08  1.135e-08  2.904e-11  1.549e-18  1.132e-22  5.714e-16  2.283e-16  3.394e-22  9.050e-13  1.205e-12  7.739e-06  2.603e-06  9.189e-05  1.273e-04  3.997e-06  3.861e-07  4.751e-09  4.938e-09  5.920e-09  2.247e-06  2.971e-22  5.402e-09  7.152e-09  8.622e-06  1.178e-05  2.446e-10  2.110e-08
-2.57654e+15  -4.36315e+15  5.14691e+13  5.06737e+15  1.30700e+04  1.59000e+02  8.81700e-02  2.51200e+03  1.395e-04  1.888e-05  5.366e-20  5.046e-19  3.362e-17  5.625e-17  6.667e-07  2.844e-18  5.442e-13  4.811e-10  5.604e-17  1.826e-12  5.854e-11  2.331e-28  3.627e-07  7.513e-10  1.181e-12  8.889e-13  1.974e-06  1.138e-09  2.753e-10  2.495e-10  1.892e-12  3.697e-14  7.930e-18  6.353e-12  3.384e-17  9.600e-09  1.045e-08  2.795e-11  1.494e-18  1.059e-22  5.362e-16  2.181e-16  2.968e-22  8.889e-13  1.181e-12  7.846e-06  2.644e-06  9.199e-05  1.277e-04  3.921e-06  3.757e-07  4.746e-09  4.940e-09  5.807e-09  2.325e-06  3.060e-22  5.508e-09  7.208e-09  8.699e-06  1.182e-05  2.492e-10  2.130e-08
-2.59783e+15  -4.40018e+15  5.14074e+13  5.11008e+15  1.27900e+04  1.57500e+02  8.74200e-02  2.51300e+03  1.394e-04  1.886e-05  5.046e-20  4.659e-19  3.229e-17  5.525e-17  6.387e-07  2.721e-18  5.075e-13  4.601e-10  5.534e-17  1.696e-12  5.670e-11  2.096e-28  3.553e-07  7.228e-10  1.158e-12  8.728e-13  1.930e-06  1.131e-09  2.625e-10  2.447e-10  1.832e-12  3.684e-14  7.799e-18  6.286e-12  3.259e-17  8.887e-09  9.624e-09  2.691e-11  1.440e-18  9.916e-23  5.031e-16  2.084e-16  2.594e-22  8.728e-13  1.158e-12  7.953e-06  2.685e-06  9.209e-05  1.281e-04  3.847e-06  3.656e-07  4.742e-09  4.942e-09  5.696e-09  2.406e-06  3.149e-22  5.614e-09  7.262e-09  8.775e-06  1.185e-05  2.539e-10  2.149e-08
-2.61881e+15  -4.43720e+15  5.13457e+13  5.15263e+15  1.25200e+04  1.56100e+02  8.66000e-02  2.51500e+03  1.392e-04  1.884e-05  4.745e-20  4.302e-19  3.104e-17  5.427e-17  6.118e-07  2.603e-18  4.731e-13  4.399e-10  5.463e-17  1.576e-12  5.490e-11  1.885e-28  3.480e-07  6.955e-10  1.136e-12  8.567e-13  1.887e-06  1.124e-09  2.502e-10  2.399e-10  1.773e-12  3.671e-14  7.672e-18  6.217e-12  3.139e-17  8.226e-09  8.860e-09  2.590e-11  1.389e-18  9.284e-23  4.720e-16  1.990e-16  2.266e-22  8.567e-13  1.136e-12  8.060e-06  2.727e-06  9.218e-05  1.285e-04  3.774e-06  3.559e-07  4.737e-09  4.944e-09  5.587e-09  2.488e-06  3.240e-22  5.718e-09  7.312e-09  8.850e-06  1.189e-05  2.587e-10  2.168e-08
-2.64011e+15  -4.47423e+15  5.13148e+13  5.19534e+15  1.22600e+04  1.54600e+02  8.51800e-02  2.51600e+03  1.390e-04  1.882e-05  4.460e-20  3.971e-19  2.986e-17  5.329e-17  5.859e-07  2.488e-18  4.409e-13  4.205e-10  5.392e-17  1.464e-12  5.317e-11  1.694e-28  3.410e-07  6.692e-10  1.113e-12  8.406e-13  1.845e-06  1.117e-09  2.385e-10  2.351e-10  1.717e-12  3.657e-14  7.548e-18  6.148e-12  3.022e-17  7.611e-09  8.154e-09  2.492e-11  1.339e-18  8.695e-23  4.427e-16  1.901e-16  1.978e-22  8.406e-13  1.113e-12  8.168e-06  2.769e-06  9.227e-05  1.289e-04  3.702e-06  3.464e-07  4.732e-09  4.945e-09  5.479e-09  2.572e-06  3.331e-22  5.821e-09  7.359e-09  8.924e-06  1.192e-05  2.635e-10  2.187e-08
-2.66109e+15  -4.51126e+15  5.12840e+13  5.23789e+15  1.20000e+04  1.53200e+02  8.44200e-02  2.51800e+03  1.389e-04  1.880e-05  4.193e-20  3.666e-19  2.875e-17  5.233e-17  5.610e-07  2.378e-18  4.107e-13  4.019e-10  5.322e-17  1.361e-12  5.148e-11  1.522e-28  3.342e-07  6.440e-10  1.090e-12  8.246e-13  1.804e-06  1.110e-09  2.273e-10  2.303e-10  1.662e-12  3.643e-14  7.426e-18  6.077e-12  2.910e-17  7.041e-09  7.502e-09  2.398e-11  1.292e-18  8.139e-23  4.152e-16  1.815e-16  1.726e-22  8.246e-13  1.090e-12  8.275e-06  2.811e-06  9.236e-05  1.293e-04  3.630e-06  3.373e-07  4.727e-09  4.947e-09  5.373e-09  2.658e-06  3.423e-22  5.923e-09  7.403e-09  8.996e-06  1.196e-05  2.684e-10  2.205e-08
-2.68238e+15  -4.54829e+15  5.12840e+13  5.28060e+15  1.17500e+04  1.51800e+02  8.33000e-02  2.52000e+03  1.387e-04  1.878e-05  3.941e-20  3.385e-19  2.770e-17  5.137e-17  5.371e-07  2.271e-18  3.825e-13  3.841e-10  5.251e-17  1.266e-12  4.984e-11  1.367e-28  3.276e-07  6.197e-10  1.068e-12  8.086e-13  1.763e-06  1.102e-09  2.166e-10  2.255e-10  1.610e-12  3.628e-14  7.308e-18  6.005e-12  2.801e-17  6.512e-09  6.900e-09  2.307e-11  1.246e-18  7.618e-23  3.894e-16  1.733e-16  1.505e-22  8.086e-13  1.068e-12  8.383e-06  2.854e-06  9.244e-05  1.297e-04  3.559e-06  3.285e-07  4.722e-09  4.949e-09  5.268e-09  2.746e-06  3.516e-22  6.025e-09  7.443e-09  9.068e-06  1.199e-05  2.734e-10  2.224e-08
-2.70336e+15  -4.58532e+15  5.12840e+13  5.32315e+15  1.15100e+04  1.50400e+02  8.25600e-02  2.52100e+03  1.385e-04  1.876e-05  3.703e-20  3.125e-19  2.671e-17  5.043e-17  5.142e-07  2.168e-18  3.562e-13  3.669e-10  5.181e-17  1.178e-12  4.826e-11  1.228e-28  3.212e-07  5.963e-10  1.046e-12  7.928e-13  1.723e-06  1.095e-09  2.063e-10  2.207e-10  1.559e-12  3.612e-14  7.193e-18  5.933e-12  2.696e-17  6.022e-09  6.345e-09  2.219e-11  1.202e-18  7.126e-23  3.651e-16  1.654e-16  1.312e-22  7.928e-13  1.046e-12  8.491e-06  2.897e-06  9.253e-05  1.300e-04  3.490e-06  3.199e-07  4.717e-09  4.950e-09  5.165e-09  2.835e-06  3.610e-22  6.125e-09  7.480e-09  9.139e-06  1.203e-05  2.785e-10  2.242e-08
-2.72434e+15  -4.62235e+15  5.13148e+13  5.36570e+15  1.12700e+04  1.49000e+02  8.16400e-02  2.52300e+03  1.383e-04  1.874e-05  3.479e-20  2.885e-19  2.577e-17  4.950e-17  4.921e-07  2.070e-18  3.316e-13  3.504e-10  5.110e-17  1.097e-12  4.672e-11  1.103e-28  3.149e-07  5.739e-10  1.025e-12  7.770e-13  1.684e-06  1.087e-09  1.965e-10  2.159e-10  1.509e-12  3.597e-14  7.080e-18  5.860e-12  2.595e-17  5.568e-09  5.834e-09  2.134e-11  1.159e-18  6.665e-23  3.423e-16  1.579e-16  1.143e-22  7.770e-13  1.025e-12  8.599e-06  2.940e-06  9.261e-05  1.304e-04  3.421e-06  3.116e-07  4.712e-09  4.952e-09  5.064e-09  2.926e-06  3.704e-22  6.224e-09  7.514e-09  9.209e-06  1.206e-05  2.837e-10  2.260e-08
-2.74564e+15  -4.65937e+15  5.13765e+13  5.40841e+15  1.10300e+04  1.47700e+02  8.06000e-02  2.52400e+03  1.381e-04  1.872e-05  3.269e-20  2.663e-19  2.488e-17  4.858e-17  4.709e-07  1.974e-18  3.086e-13  3.346e-10  5.040e-17  1.022e-12  4.523e-11  9.900e-29  3.089e-07  5.523e-10  1.003e-12  7.614e-13  1.646e-06  1.080e-09  1.872e-10  2.111e-10  1.462e-12  3.580e-14  6.970e-18  5.787e-12  2.497e-17  5.147e-09  5.362e-09  2.052e-11  1.118e-18  6.233e-23  3.209e-16  1.507e-16  9.956e-23  7.614e-13  1.003e-12  8.707e-06  2.984e-06  9.268e-05  1.308e-04  3.353e-06  3.036e-07  4.707e-09  4.953e-09  4.964e-09  3.019e-06  3.799e-22  6.321e-09  7.545e-09  9.277e-06  1.209e-05  2.889e-10  2.278e-08
-2.76662e+15  -4.69640e+15  5.14382e+13  5.45096e+15  1.08100e+04  1.46400e+02  8.11800e-02  2.52600e+03  1.380e-04  1.869e-05  3.071e-20  2.459e-19  2.405e-17  4.767e-17  4.507e-07  1.884e-18  2.872e-13  3.196e-10  4.970e-17  9.525e-13  4.378e-11  8.890e-29  3.030e-07  5.315e-10  9.824e-13  7.458e-13  1.609e-06  1.072e-09  1.783e-10  2.064e-10  1.416e-12  3.564e-14  6.863e-18  5.712e-12  2.403e-17  4.759e-09  4.928e-09  1.973e-11  1.078e-18  5.819e-23  3.009e-16  1.438e-16  8.670e-23  7.458e-13  9.824e-13  8.812e-06  3.027e-06  9.276e-05  1.312e-04  3.287e-06  2.959e-07  4.702e-09  4.955e-09  4.867e-09  3.114e-06  3.894e-22  6.418e-09  7.573e-09  9.345e-06  1.212e-05  2.941e-10  2.295e-08
-2.78760e+15  -4.73343e+15  5.15308e+13  5.49352e+15  1.05800e+04  1.45100e+02  8.05800e-02  2.52800e+03  1.378e-04  1.867e-05  2.885e-20  2.271e-19  2.326e-17  4.677e-17  4.312e-07  1.797e-18  2.672e-13  3.051e-10  4.901e-17  8.886e-13  4.238e-11  7.982e-29  2.974e-07  5.116e-10  9.617e-13  7.305e-13  1.572e-06  1.064e-09  1.698e-10  2.016e-10  1.373e-12  3.548e-14  6.758e-18  5.638e-12  2.313e-17  4.399e-09  4.529e-09  1.897e-11  1.039e-18  5.434e-23  2.821e-16  1.372e-16  7.548e-23  7.305e-13  9.617e-13  8.917e-06  3.071e-06  9.283e-05  1.315e-04  3.222e-06  2.885e-07  4.697e-09  4.956e-09  4.771e-09  3.209e-06  3.990e-22  6.513e-09  7.598e-09  9.411e-06  1.215e-05  2.993e-10  2.312e-08
-2.80858e+15  -4.77046e+15  5.16234e+13  5.53607e+15  1.03700e+04  1.43800e+02  8.01000e-02  2.52900e+03  1.376e-04  1.865e-05  2.710e-20  2.097e-19  2.252e-17  4.589e-17  4.125e-07  1.714e-18  2.486e-13  2.913e-10  4.831e-17  8.294e-13  4.103e-11  7.166e-29  2.919e-07  4.924e-10  9.412e-13  7.152e-13  1.536e-06  1.056e-09  1.617e-10  1.969e-10  1.330e-12  3.532e-14  6.656e-18  5.563e-12  2.225e-17  4.067e-09  4.161e-09  1.824e-11  1.002e-18  5.075e-23  2.645e-16  1.309e-16  6.569e-23  7.152e-13  9.412e-13  9.020e-06  3.115e-06  9.290e-05  1.319e-04  3.157e-06  2.813e-07  4.692e-09  4.958e-09  4.677e-09  3.307e-06  4.085e-22  6.607e-09  7.620e-09  9.476e-06  1.218e-05  3.046e-10  2.329e-08
-2.82957e+15  -4.80440e+15  5.17468e+13  5.57596e+15  1.01600e+04  1.42600e+02  7.94700e-02  2.53100e+03  1.374e-04  1.863e-05  2.546e-20  1.936e-19  2.180e-17  4.502e-17  3.946e-07  1.635e-18  2.312e-13  2.780e-10  4.762e-17  7.748e-13  3.971e-11  6.433e-29  2.865e-07  4.740e-10  9.210e-13  7.002e-13  1.501e-06  1.048e-09  1.540e-10  1.922e-10  1.290e-12  3.515e-14  6.556e-18  5.487e-12  2.141e-17  3.759e-09  3.823e-09  1.754e-11  9.666e-19  4.739e-23  2.480e-16  1.249e-16  5.715e-23  7.002e-13  9.210e-13  9.124e-06  3.159e-06  9.297e-05  1.322e-04  3.094e-06  2.744e-07  4.686e-09  4.959e-09  4.585e-09  3.406e-06  4.180e-22  6.700e-09  7.638e-09  9.540e-06  1.221e-05  3.100e-10  2.346e-08
-2.85055e+15  -4.84143e+15  5.19011e+13  5.61852e+15  9.95400e+03  1.41400e+02  7.94900e-02  2.53200e+03  1.372e-04  1.861e-05  2.392e-20  1.788e-19  2.113e-17  4.416e-17  3.775e-07  1.559e-18  2.150e-13  2.653e-10  4.694e-17  7.244e-13  3.844e-11  5.776e-29  2.813e-07  4.563e-10  9.012e-13  6.853e-13  1.467e-06  1.040e-09  1.466e-10  1.876e-10  1.251e-12  3.498e-14  6.458e-18  5.412e-12  2.060e-17  3.475e-09  3.511e-09  1.686e-11  9.322e-19  4.422e-23  2.325e-16  1.191e-16  4.972e-23  6.853e-13  9.012e-13  9.226e-06  3.202e-06  9.304e-05  1.326e-04  3.032e-06  2.677e-07  4.681e-09  4.960e-09  4.495e-09  3.507e-06  4.276e-22  6.792e-09  7.654e-09  9.603e-06  1.224e-05  3.154e-10  2.362e-08
-2.87153e+15  -4.87846e+15  5.20554e+13  5.66107e+15  9.75700e+03  1.40200e+02  7.77100e-02  2.53400e+03  1.370e-04  1.859e-05  2.246e-20  1.651e-19  2.048e-17  4.331e-17  3.610e-07  1.485e-18  1.998e-13  2.531e-10  4.625e-17  6.777e-13  3.721e-11  5.183e-29  2.762e-07  4.393e-10  8.815e-13  6.705e-13  1.433e-06  1.032e-09  1.396e-10  1.830e-10  1.213e-12  3.480e-14  6.363e-18  5.336e-12  1.981e-17  3.212e-09  3.224e-09  1.621e-11  8.993e-19  4.132e-23  2.179e-16  1.136e-16  4.321e-23  6.705e-13  8.815e-13  9.329e-06  3.247e-06  9.310e-05  1.330e-04  2.970e-06  2.611e-07  4.675e-09  4.962e-09  4.405e-09  3.609e-06  4.371e-22  6.882e-09  7.667e-09  9.665e-06  1.227e-05  3.209e-10  2.378e-08
-2.89251e+15  -4.91548e+15  5.22405e+13  5.70363e+15  9.56500e+03  1.39100e+02  7.69500e-02  2.53600e+03  1.368e-04  1.856e-05  2.109e-20  1.525e-19  1.985e-17  4.247e-17  3.452e-07  1.415e-18  1.857e-13  2.415e-10  4.557e-17  6.344e-13  3.602e-11  4.651e-29  2.713e-07  4.229e-10  8.622e-13  6.559e-13  1.400e-06  1.024e-09  1.329e-10  1.784e-10  1.176e-12  3.462e-14  6.270e-18  5.259e-12  1.906e-17  2.968e-09  2.960e-09  1.558e-11  8.676e-19  3.859e-23  2.042e-16  1.083e-16  3.755e-23  6.559e-13  8.622e-13  9.432e-06  3.292e-06  9.317e-05  1.333e-04  2.910e-06  2.548e-07  4.670e-09  4.963e-09  4.318e-09  3.713e-06  4.467e-22  6.971e-09  7.677e-09  9.726e-06  1.230e-05  3.264e-10  2.394e-08
-2.91350e+15  -4.95251e+15  5.24565e+13  5.74618e+15  9.37900e+03  1.37900e+02  7.61800e-02  2.53700e+03  1.366e-04  1.854e-05  1.980e-20  1.408e-19  1.926e-17  4.164e-17  3.300e-07  1.348e-18  1.726e-13  2.303e-10  4.490e-17  5.945e-13  3.486e-11  4.173e-29  2.665e-07  4.071e-10  8.431e-13  6.416e-13  1.368e-06  1.016e-09  1.265e-10  1.739e-10  1.142e-12  3.444e-14  6.179e-18  5.183e-12  1.833e-17  2.742e-09  2.716e-09  1.497e-11  8.369e-19  3.602e-23  1.914e-16  1.033e-16  3.261e-23  6.416e-13  8.431e-13  9.535e-06  3.337e-06  9.323e-05  1.337e-04  2.850e-06  2.487e-07  4.664e-09  4.964e-09  4.232e-09  3.819e-06  4.562e-22  7.058e-09  7.685e-09  9.787e-06  1.232e-05  3.320e-10  2.410e-08
-2.93448e+15  -4.98645e+15  5.26725e+13  5.78608e+15  9.19900e+03  1.36800e+02  7.53800e-02  2.53900e+03  1.364e-04  1.852e-05  1.859e-20  1.300e-19  1.869e-17  4.082e-17  3.155e-07  1.284e-18  1.603e-13  2.197e-10  4.422e-17  5.575e-13  3.374e-11  3.744e-29  2.618e-07  3.920e-10  8.244e-13  6.274e-13  1.336e-06  1.007e-09  1.204e-10  1.695e-10  1.108e-12  3.426e-14  6.089e-18  5.107e-12  1.762e-17  2.533e-09  2.492e-09  1.438e-11  8.073e-19  3.360e-23  1.793e-16  9.847e-17  2.831e-23  6.274e-13  8.244e-13  9.637e-06  3.383e-06  9.329e-05  1.340e-04  2.791e-06  2.428e-07  4.659e-09  4.965e-09  4.147e-09  3.927e-06  4.658e-22  7.145e-09  7.689e-09  9.846e-06  1.235e-05  3.377e-10  2.425e-08
-2.95546e+15  -5.02348e+15  5.29502e+13  5.82863e+15  9.02500e+03  1.35800e+02  7.45900e-02  2.54000e+03  1.362e-04  1.850e-05  1.745e-20  1.200e-19  1.815e-17  4.002e-17  3.016e-07  1.222e-18  1.489e-13  2.095e-10  4.355e-17  5.233e-13  3.266e-11  3.359e-29  2.572e-07  3.774e-10  8.059e-13  6.133e-13  1.305e-06  9.990e-10  1.145e-10  1.651e-10  1.076e-12  3.407e-14  6.002e-18  5.030e-12  1.694e-17  2.340e-09  2.286e-09  1.382e-11  7.788e-19  3.134e-23  1.680e-16  9.387e-17  2.457e-23  6.133e-13  8.059e-13  9.739e-06  3.429e-06  9.334e-05  1.344e-04  2.734e-06  2.370e-07  4.653e-09  4.966e-09  4.065e-09  4.037e-06  4.753e-22  7.230e-09  7.691e-09  9.904e-06  1.238e-05  3.435e-10  2.441e-08
-2.97644e+15  -5.06051e+15  5.31971e+13  5.87119e+15  8.85600e+03  1.34700e+02  7.38300e-02  2.54200e+03  1.360e-04  1.847e-05  1.637e-20  1.108e-19  1.763e-17  3.922e-17  2.882e-07  1.164e-18  1.382e-13  1.997e-10  4.289e-17  4.917e-13  3.161e-11  3.013e-29  2.527e-07  3.634e-10  7.877e-13  5.995e-13  1.275e-06  9.906e-10  1.090e-10  1.607e-10  1.045e-12  3.388e-14  5.917e-18  4.954e-12  1.629e-17  2.161e-09  2.097e-09  1.328e-11  7.513e-19  2.922e-23  1.575e-16  8.947e-17  2.131e-23  5.995e-13  7.877e-13  9.841e-06  3.475e-06  9.340e-05  1.347e-04  2.677e-06  2.315e-07  4.647e-09  4.967e-09  3.983e-09  4.148e-06  4.849e-22  7.313e-09  7.691e-09  9.961e-06  1.240e-05  3.492e-10  2.456e-08
-2.99712e+15  -5.09754e+15  5.35056e+13  5.91359e+15  8.69400e+03  1.33700e+02  7.45500e-02  2.54400e+03  1.358e-04  1.845e-05  1.537e-20  1.023e-19  1.714e-17  3.844e-17  2.754e-07  1.109e-18  1.283e-13  1.904e-10  4.223e-17  4.625e-13  3.060e-11  2.705e-29  2.484e-07  3.499e-10  7.698e-13  5.859e-13  1.245e-06  9.822e-10  1.037e-10  1.565e-10  1.015e-12  3.370e-14  5.834e-18  4.878e-12  1.566e-17  1.997e-09  1.923e-09  1.276e-11  7.247e-19  2.721e-23  1.476e-16  8.528e-17  1.849e-23  5.859e-13  7.698e-13  9.940e-06  3.521e-06  9.345e-05  1.350e-04  2.622e-06  2.262e-07  4.641e-09  4.968e-09  3.904e-09  4.260e-06  4.944e-22  7.396e-09  7.688e-09  1.002e-05  1.243e-05  3.550e-10  2.470e-08
-3.01810e+15  -5.13148e+15  5.38142e+13  5.95348e+15  8.53700e+03  1.32700e+02  7.39000e-02  2.54500e+03  1.356e-04  1.843e-05  1.442e-20  9.452e-20  1.668e-17  3.767e-17  2.632e-07  1.056e-18  1.191e-13  1.815e-10  4.157e-17  4.355e-13  2.962e-11  2.427e-29  2.441e-07  3.370e-10  7.522e-13  5.725e-13  1.216e-06  9.739e-10  9.865e-11  1.522e-10  9.869e-13  3.352e-14  5.753e-18  4.803e-12  1.506e-17  1.845e-09  1.764e-09  1.226e-11  6.990e-19  2.534e-23  1.383e-16  8.127e-17  1.604e-23  5.725e-13  7.522e-13  1.004e-05  3.567e-06  9.350e-05  1.354e-04  2.567e-06  2.210e-07  4.636e-09  4.969e-09  3.826e-09  4.374e-06  5.038e-22  7.477e-09  7.683e-09  1.007e-05  1.245e-05  3.608e-10  2.485e-08
-3.03908e+15  -5.16851e+15  5.41536e+13  5.99604e+15  8.38500e+03  1.31800e+02  7.34300e-02  2.54700e+03  1.354e-04  1.840e-05  1.354e-20  8.729e-20  1.623e-17  3.691e-17  2.515e-07  1.006e-18  1.106e-13  1.730e-10  4.093e-17  4.106e-13  2.867e-11  2.179e-29  2.400e-07  3.245e-10  7.349e-13  5.593e-13  1.188e-06  9.654e-10  9.385e-11  1.481e-10  9.598e-13  3.334e-14  5.674e-18  4.727e-12  1.447e-17  1.705e-09  1.617e-09  1.178e-11  6.745e-19  2.359e-23  1.297e-16  7.744e-17  1.391e-23  5.593e-13  7.349e-13  1.014e-05  3.613e-06  9.355e-05  1.357e-04  2.513e-06  2.160e-07  4.630e-09  4.970e-09  3.750e-09  4.489e-06  5.131e-22  7.556e-09  7.675e-09  1.013e-05  1.248e-05  3.666e-10  2.499e-08
-3.05976e+15  -5.20554e+15  5.44931e+13  6.03844e+15  8.23900e+03  1.30900e+02  7.28300e-02  2.54800e+03  1.352e-04  1.838e-05  1.270e-20  8.061e-20  1.580e-17  3.616e-17  2.402e-07  9.583e-19  1.026e-13  1.649e-10  4.028e-17  3.875e-13  2.775e-11  1.956e-29  2.360e-07  3.125e-10  7.179e-13  5.463e-13  1.160e-06  9.570e-10  8.927e-11  1.440e-10  9.338e-13  3.316e-14  5.596e-18  4.652e-12  1.391e-17  1.576e-09  1.482e-09  1.131e-11  6.508e-19  2.197e-23  1.216e-16  7.379e-17  1.205e-23  5.463e-13  7.179e-13  1.023e-05  3.660e-06  9.360e-05  1.360e-04  2.461e-06  2.111e-07  4.624e-09  4.971e-09  3.675e-09  4.606e-06  5.224e-22  7.635e-09  7.665e-09  1.018e-05  1.250e-05  3.725e-10  2.513e-08
