# Collapse Model Output 
 
# Orich/ev_output/ev_3794545.dat in GNUPLOT format produced by evolve_output.pl 
 
X                 Y                 Z                 R                 DENSITY           TEMP              AV                TIME              CO                N2                CH4               NH3               H2S               HCP               H2O               C2H2              HCN               CS                SiC2              HCl               HF                C2H4              SiO               SiS               SiN               SiC               OH                CN                SiOH+             HCO+              CH                CH2               CH3               NH                NH2               SO                SO2               HS                HCNH+             NH4+              H2CO              H2CS              CH3CN             SiC               SiN               C                 N                 H                 O                 S                 Si                Cl                F                 P                 C+                N+                H+                O+                S+                Si+               Cl+               P+              
#  (CM)              (CM)              (CM)              (CM)              (CM-3)            (K)               (MAG)             (YR)              (wrt              Hnuc)           
 
-6.18987e+13  1.53050e+14  -3.82315e+13  1.69462e+14  6.67600e+06  5.27200e+02  1.39800e+00  2.34000e+03  1.498e-04  2.012e-05  2.912e-21  2.181e-15  3.381e-15  2.942e-18  1.440e-07  5.856e-22  7.804e-09  5.126e-12  1.404e-22  3.281e-09  3.075e-09  5.085e-31  1.020e-05  2.854e-09  9.954e-13  7.199e-18  1.188e-08  1.273e-11  1.263e-10  2.449e-14  7.931e-16  5.725e-17  7.164e-21  7.336e-14  1.837e-16  1.133e-06  7.584e-07  7.956e-13  3.829e-18  1.030e-21  8.315e-17  2.786e-16  1.391e-17  7.199e-18  9.954e-13  5.591e-10  1.599e-07  5.072e-06  1.109e-04  1.075e-05  2.264e-06  1.719e-09  1.839e-09  1.828e-08  2.023e-14  4.958e-29  2.255e-18  1.159e-17  3.485e-09  7.472e-07  7.999e-16  2.382e-11
-8.80961e+13  1.79370e+14  -5.37834e+13  2.06948e+14  2.81100e+06  3.67400e+02  1.02400e+00  2.34100e+03  1.498e-04  2.012e-05  2.896e-21  2.030e-15  3.382e-15  2.932e-18  1.402e-07  7.432e-22  7.763e-09  6.540e-12  2.918e-22  3.235e-09  2.638e-09  5.588e-31  1.012e-05  2.843e-09  4.226e-12  1.884e-17  7.902e-09  4.048e-11  1.608e-10  8.083e-14  1.952e-15  4.498e-17  4.125e-20  1.678e-14  5.781e-16  1.118e-06  7.523e-07  6.138e-13  1.471e-17  1.116e-21  8.646e-17  2.770e-16  1.377e-17  1.884e-17  4.226e-12  7.974e-10  1.602e-07  5.062e-06  1.110e-04  1.076e-05  2.305e-06  1.765e-09  2.289e-09  1.825e-08  1.676e-13  5.978e-29  1.822e-17  9.331e-17  1.263e-08  7.870e-07  8.670e-15  6.442e-11
-1.10899e+14  2.02791e+14  -6.83786e+13  2.41036e+14  1.49700e+06  2.88300e+02  8.25200e-01  2.34300e+03  1.498e-04  2.012e-05  2.870e-21  1.923e-15  3.373e-15  2.916e-18  1.373e-07  1.119e-21  7.696e-09  8.953e-12  5.395e-22  3.168e-09  2.289e-09  6.972e-31  9.986e-06  2.826e-09  9.914e-12  4.989e-17  7.621e-09  9.352e-11  2.117e-10  1.582e-13  4.139e-15  6.132e-17  1.147e-19  8.050e-15  1.198e-15  1.093e-06  7.425e-07  1.113e-12  3.183e-17  1.240e-21  9.136e-17  2.746e-16  1.354e-17  4.989e-17  9.914e-12  1.632e-09  1.607e-07  5.060e-06  1.112e-04  1.077e-05  2.374e-06  1.832e-09  2.649e-09  1.819e-08  8.436e-13  7.680e-29  8.188e-17  4.475e-16  3.138e-08  8.542e-07  3.736e-14  1.415e-10
-1.29845e+14  2.23002e+14  -8.13076e+13  2.70556e+14  1.03000e+06  2.88600e+02  7.22900e-01  2.34400e+03  1.498e-04  2.012e-05  2.837e-21  1.832e-15  3.362e-15  2.898e-18  1.347e-07  1.886e-21  7.608e-09  1.256e-11  8.594e-22  3.089e-09  2.101e-09  9.688e-31  9.816e-06  2.802e-09  1.660e-11  1.222e-16  8.340e-09  1.623e-10  2.599e-10  2.452e-13  8.141e-15  1.148e-16  2.028e-19  5.073e-15  1.908e-15  1.061e-06  7.302e-07  1.731e-12  4.890e-17  1.302e-21  1.006e-16  2.725e-16  1.324e-17  1.222e-16  1.660e-11  3.219e-09  1.615e-07  5.061e-06  1.114e-04  1.079e-05  2.458e-06  1.910e-09  2.843e-09  1.810e-08  2.900e-12  8.232e-29  2.525e-16  1.465e-15  5.694e-08  9.429e-07  8.492e-14  2.428e-10
-1.44255e+14  2.38862e+14  -9.09349e+13  2.93486e+14  9.24300e+05  3.61300e+02  6.79300e-01  2.34600e+03  1.498e-04  2.012e-05  2.799e-21  1.747e-15  3.375e-15  2.877e-18  1.322e-07  3.743e-21  7.510e-09  1.771e-11  1.274e-21  3.006e-09  2.092e-09  1.460e-30  9.631e-06  2.772e-09  2.198e-11  2.666e-16  9.291e-09  2.300e-10  2.858e-10  3.246e-13  1.513e-14  2.656e-16  2.630e-19  4.276e-15  2.526e-15  1.027e-06  7.167e-07  2.314e-12  5.795e-17  1.259e-21  1.211e-16  2.720e-16  1.292e-17  2.666e-16  2.198e-11  5.343e-09  1.623e-07  5.063e-06  1.117e-04  1.081e-05  2.542e-06  1.993e-09  2.853e-09  1.802e-08  6.828e-12  7.879e-29  5.712e-16  3.372e-15  8.338e-08  1.047e-06  1.175e-13  3.479e-10
-1.54315e+14  2.49014e+14  -9.55326e+13  3.08136e+14  9.23500e+05  4.32200e+02  6.41500e-01  2.34800e+03  1.498e-04  2.012e-05  2.757e-21  1.662e-15  3.416e-15  2.856e-18  1.296e-07  8.300e-21  7.404e-09  2.497e-11  1.967e-21  2.921e-09  2.159e-09  2.351e-30  9.433e-06  2.736e-09  2.582e-11  5.212e-16  1.046e-08  2.929e-10  2.846e-10  3.618e-13  2.613e-14  6.626e-16  2.993e-19  8.578e-15  3.017e-15  9.909e-07  7.022e-07  2.804e-12  5.800e-17  1.099e-21  1.591e-16  2.742e-16  1.257e-17  5.212e-16  2.582e-11  8.099e-09  1.634e-07  5.065e-06  1.120e-04  1.084e-05  2.622e-06  2.078e-09  2.786e-09  1.794e-08  1.319e-11  1.500e-28  1.066e-15  6.404e-15  1.094e-07  1.168e-06  1.426e-13  4.524e-10
-1.61319e+14  2.53303e+14  -9.45760e+13  3.14851e+14  9.19400e+05  4.73900e+02  5.98900e-01  2.34900e+03  1.498e-04  2.012e-05  2.710e-21  1.573e-15  3.473e-15  2.834e-18  1.269e-07  1.810e-20  7.287e-09  3.479e-11  3.330e-21  2.833e-09  2.211e-09  3.924e-30  9.219e-06  2.693e-09  2.898e-11  9.310e-16  1.195e-08  3.543e-10  2.729e-10  3.731e-13  4.190e-14  1.374e-15  3.341e-19  1.827e-14  3.429e-15  9.528e-07  6.865e-07  3.233e-12  5.476e-17  9.103e-22  2.174e-16  2.797e-16  1.219e-17  9.310e-16  2.898e-11  1.181e-08  1.648e-07  5.069e-06  1.123e-04  1.087e-05  2.701e-06  2.166e-09  2.733e-09  1.785e-08  2.350e-11  3.356e-28  1.814e-15  1.117e-14  1.361e-07  1.307e-06  1.771e-13  5.594e-10
-1.68725e+14  2.54383e+14  -9.11201e+13  3.18562e+14  1.06600e+06  1.51500e+03  5.23300e-01  2.35100e+03  1.497e-04  2.012e-05  3.780e-18  1.516e-15  1.758e-12  4.736e-18  1.694e-07  1.419e-17  7.126e-09  4.935e-11  5.664e-19  2.924e-09  2.841e-09  1.274e-26  8.986e-06  2.658e-09  2.858e-11  5.552e-14  1.842e-06  3.564e-10  7.846e-10  2.821e-12  1.531e-11  4.334e-12  8.231e-15  1.771e-11  2.378e-14  9.481e-07  6.720e-07  1.380e-08  5.036e-16  1.989e-20  1.534e-14  2.090e-15  1.608e-17  5.552e-14  2.858e-11  1.901e-08  1.666e-07  7.458e-06  1.104e-04  1.084e-05  2.767e-06  2.074e-09  2.088e-09  1.777e-08  4.532e-11  3.579e-25  1.766e-14  4.724e-14  1.630e-07  1.474e-06  2.041e-13  6.668e-10
-1.88473e+14  2.61727e+14  -9.56869e+13  3.36421e+14  1.43800e+06  2.84800e+03  4.93800e-01  2.35200e+03  1.496e-04  2.012e-05  8.929e-14  5.396e-13  8.025e-10  4.084e-17  3.742e-06  1.071e-14  6.504e-09  1.570e-10  1.563e-16  3.361e-09  3.491e-09  5.083e-20  9.028e-06  2.623e-09  2.647e-11  5.585e-12  2.305e-05  3.958e-10  6.272e-09  4.221e-11  6.393e-10  2.926e-10  7.371e-12  1.829e-09  2.597e-11  1.720e-06  7.743e-07  5.246e-07  8.247e-15  3.962e-17  7.095e-12  4.767e-13  7.137e-17  5.585e-12  2.647e-11  2.481e-08  1.592e-07  4.399e-05  8.054e-05  9.447e-06  2.664e-06  1.637e-09  1.422e-09  1.782e-08  4.963e-11  4.370e-23  5.391e-13  5.349e-13  1.436e-07  1.493e-06  1.781e-13  6.062e-10
-2.14979e+14  2.74348e+14  -1.02630e+14  3.63339e+14  1.51600e+06  2.83700e+03  4.71200e-01  2.35400e+03  1.492e-04  2.012e-05  2.767e-13  1.894e-12  9.684e-10  9.668e-17  8.678e-06  4.594e-14  6.009e-09  3.300e-10  1.071e-15  3.227e-09  3.734e-09  5.092e-19  9.295e-06  2.592e-09  2.885e-11  1.505e-11  2.672e-05  5.010e-10  9.615e-09  8.505e-11  7.532e-10  3.124e-10  1.394e-11  1.927e-09  4.869e-11  2.649e-06  1.117e-06  5.430e-07  1.244e-14  1.243e-16  1.603e-11  1.918e-12  1.445e-16  1.505e-11  2.885e-11  2.893e-08  1.483e-07  6.922e-05  6.468e-05  8.159e-06  2.485e-06  1.771e-09  1.173e-09  1.797e-08  4.351e-11  5.784e-23  1.082e-12  9.009e-13  1.133e-07  1.366e-06  2.456e-13  4.508e-10
-2.42041e+14  2.89097e+14  -1.08616e+14  3.92375e+14  1.47400e+06  2.59000e+03  4.45100e-01  2.35600e+03  1.489e-04  2.012e-05  2.886e-13  2.581e-12  6.348e-10  1.413e-16  1.171e-05  7.480e-14  5.688e-09  4.832e-10  2.499e-15  2.942e-09  3.781e-09  7.325e-19  9.522e-06  2.566e-09  3.321e-11  1.930e-11  2.429e-05  5.523e-10  1.110e-08  1.215e-10  5.987e-10  2.144e-10  1.158e-11  1.311e-09  4.891e-11  3.156e-06  1.546e-06  3.843e-07  1.688e-14  1.745e-16  1.566e-11  3.189e-12  1.971e-16  1.930e-11  3.321e-11  3.421e-08  1.404e-07  8.285e-05  5.839e-05  7.383e-06  2.358e-06  2.056e-09  1.124e-09  1.806e-08  4.614e-11  4.654e-23  1.495e-12  1.193e-12  9.911e-08  1.238e-06  3.736e-13  3.570e-10
-2.71725e+14  3.06500e+14  -1.11918e+14  4.24620e+14  1.38900e+06  2.46700e+03  4.20800e-01  2.35700e+03  1.487e-04  2.011e-05  2.389e-13  2.813e-12  3.713e-10  1.730e-16  1.350e-05  9.312e-14  5.425e-09  6.213e-10  3.970e-15  2.667e-09  3.774e-09  7.148e-19  9.654e-06  2.541e-09  3.826e-11  1.944e-11  2.175e-05  5.867e-10  1.181e-08  1.602e-10  5.082e-10  1.530e-10  8.232e-12  9.234e-10  4.233e-11  3.360e-06  1.934e-06  2.723e-07  2.224e-14  1.974e-16  1.182e-11  3.956e-12  2.311e-16  1.944e-11  3.826e-11  4.136e-08  1.357e-07  9.180e-05  5.520e-05  6.901e-06  2.285e-06  2.330e-09  1.132e-09  1.808e-08  5.732e-11  3.760e-23  2.117e-12  1.653e-12  9.745e-08  1.156e-06  5.418e-13  3.280e-10
-3.05451e+14  3.28008e+14  -1.13522e+14  4.62360e+14  1.28900e+06  2.34800e+03  4.10400e-01  2.35900e+03  1.485e-04  2.011e-05  1.881e-13  2.804e-12  2.220e-10  1.964e-16  1.454e-05  1.035e-13  5.208e-09  7.560e-10  5.315e-15  2.436e-09  3.743e-09  6.230e-19  9.712e-06  2.518e-09  4.325e-11  1.823e-11  1.957e-05  6.101e-10  1.210e-08  1.887e-10  4.391e-10  1.161e-10  5.751e-12  6.674e-10  3.496e-11  3.416e-06  2.246e-06  1.957e-07  2.596e-14  1.958e-16  8.834e-12  4.379e-12  2.529e-16  1.823e-11  4.325e-11  4.910e-08  1.333e-07  9.810e-05  5.359e-05  6.606e-06  2.253e-06  2.561e-09  1.164e-09  1.808e-08  7.162e-11  3.050e-23  2.850e-12  2.205e-12  1.012e-07  1.111e-06  7.134e-13  3.278e-10
-3.39116e+14  3.51459e+14  -1.15836e+14  5.01937e+14  1.20000e+06  2.18800e+03  3.98300e-01  2.36000e+03  1.483e-04  2.011e-05  1.511e-13  2.688e-12  1.375e-10  2.138e-16  1.512e-05  1.079e-13  5.030e-09  8.906e-10  6.515e-15  2.248e-09  3.693e-09  5.267e-19  9.714e-06  2.494e-09  4.814e-11  1.660e-11  1.760e-05  6.263e-10  1.213e-08  2.080e-10  3.562e-10  8.578e-11  3.928e-12  4.712e-10  2.830e-11  3.402e-06  2.485e-06  1.377e-07  2.802e-14  1.793e-16  6.923e-12  4.594e-12  2.658e-16  1.660e-11  4.814e-11  5.788e-08  1.329e-07  1.027e-04  5.297e-05  6.434e-06  2.256e-06  2.749e-09  1.216e-09  1.806e-08  8.992e-11  2.417e-23  3.685e-12  2.878e-12  1.082e-07  1.093e-06  9.034e-13  3.413e-10
-3.71207e+14  3.74910e+14  -1.19354e+14  5.40923e+14  1.03900e+06  1.93400e+03  3.89500e-01  2.36200e+03  1.481e-04  2.011e-05  1.307e-13  2.549e-12  9.036e-11  2.253e-16  1.533e-05  1.065e-13  4.888e-09  1.018e-09  7.507e-15  2.102e-09  3.620e-09  4.508e-19  9.656e-06  2.470e-09  5.388e-11  1.492e-11  1.577e-05  6.472e-10  1.195e-08  2.215e-10  2.434e-10  5.580e-11  2.572e-12  3.184e-10  2.304e-11  3.347e-06  2.640e-06  9.226e-08  2.890e-14  1.574e-16  5.868e-12  4.661e-12  2.699e-16  1.492e-11  5.388e-11  6.814e-08  1.343e-07  1.060e-04  5.313e-05  6.371e-06  2.296e-06  2.895e-09  1.291e-09  1.802e-08  1.182e-10  1.950e-23  4.739e-12  3.857e-12  1.196e-07  1.102e-06  1.165e-12  3.730e-10
-4.02064e+14  3.97435e+14  -1.23921e+14  5.78763e+14  8.78000e+05  1.70400e+03  3.81600e-01  2.36400e+03  1.480e-04  2.010e-05  1.192e-13  2.418e-12  6.314e-11  2.316e-16  1.532e-05  1.016e-13  4.758e-09  1.138e-09  8.294e-15  1.981e-09  3.531e-09  3.921e-19  9.548e-06  2.446e-09  6.051e-11  1.332e-11  1.425e-05  6.824e-10  1.166e-08  2.309e-10  1.561e-10  3.373e-11  1.664e-12  2.217e-10  1.917e-11  3.264e-06  2.724e-06  6.180e-08  2.884e-14  1.359e-16  5.086e-12  4.640e-12  2.668e-16  1.332e-11  6.051e-11  7.998e-08  1.372e-07  1.084e-04  5.372e-05  6.386e-06  2.365e-06  3.015e-09  1.383e-09  1.797e-08  1.590e-10  1.634e-23  6.116e-12  5.234e-12  1.352e-07  1.136e-06  1.491e-12  4.198e-10
-4.32303e+14  4.18726e+14  -1.28796e+14  6.15473e+14  7.57600e+05  1.53800e+03  3.74500e-01  2.36500e+03  1.479e-04  2.010e-05  1.116e-13  2.297e-12  4.644e-11  2.346e-16  1.519e-05  9.518e-14  4.631e-09  1.258e-09  8.923e-15  1.876e-09  3.432e-09  3.440e-19  9.408e-06  2.422e-09  6.753e-11  1.187e-11  1.301e-05  7.291e-10  1.134e-08  2.339e-10  1.011e-10  2.017e-11  1.091e-12  1.624e-10  1.629e-11  3.165e-06  2.760e-06  4.236e-08  2.762e-14  1.158e-16  4.424e-12  4.573e-12  2.593e-16  1.187e-11  6.753e-11  9.313e-08  1.412e-07  1.103e-04  5.453e-05  6.451e-06  2.448e-06  3.119e-09  1.485e-09  1.791e-08  2.109e-10  1.403e-23  7.804e-12  6.978e-12  1.537e-07  1.190e-06  1.840e-12  4.736e-10
-4.62235e+14  4.40326e+14  -1.33270e+14  6.52157e+14  6.60600e+05  1.40400e+03  3.66000e-01  2.36700e+03  1.479e-04  2.010e-05  1.060e-13  2.184e-12  3.573e-11  2.356e-16  1.499e-05  8.814e-14  4.504e-09  1.377e-09  9.430e-15  1.781e-09  3.326e-09  3.036e-19  9.242e-06  2.397e-09  7.485e-11  1.065e-11  1.200e-05  7.850e-10  1.101e-08  2.332e-10  6.666e-11  1.220e-11  7.326e-13  1.248e-10  1.410e-11  3.058e-06  2.760e-06  2.979e-08  2.579e-14  9.806e-17  3.885e-12  4.482e-12  2.494e-16  1.065e-11  7.485e-11  1.078e-07  1.461e-07  1.119e-04  5.550e-05  6.551e-06  2.541e-06  3.214e-09  1.593e-09  1.784e-08  2.778e-10  1.255e-23  9.848e-12  9.184e-12  1.749e-07  1.263e-06  2.235e-12  5.337e-10
-4.92166e+14  4.62235e+14  -1.37158e+14  6.88985e+14  5.70900e+05  1.28700e+03  3.61100e-01  2.36800e+03  1.478e-04  2.009e-05  1.017e-13  2.079e-12  2.864e-11  2.354e-16  1.475e-05  8.103e-14  4.378e-09  1.491e-09  9.840e-15  1.693e-09  3.215e-09  2.697e-19  9.058e-06  2.372e-09  8.249e-11  9.663e-12  1.119e-05  8.478e-10  1.068e-08  2.291e-10  4.484e-11  7.521e-12  5.082e-13  1.003e-10  1.241e-11  2.946e-06  2.735e-06  2.157e-08  2.359e-14  8.290e-17  3.464e-12  4.381e-12  2.382e-16  9.663e-12  8.249e-11  1.236e-07  1.516e-07  1.133e-04  5.656e-05  6.675e-06  2.638e-06  3.301e-09  1.707e-09  1.777e-08  3.624e-10  1.172e-23  1.225e-11  1.191e-11  1.987e-07  1.351e-06  2.683e-12  6.006e-10
-5.21480e+14  4.84451e+14  -1.40614e+14  7.25539e+14  4.88000e+05  1.18500e+03  3.59800e-01  2.37000e+03  1.478e-04  2.009e-05  9.798e-14  1.980e-12  2.378e-11  2.344e-16  1.448e-05  7.420e-14  4.253e-09  1.598e-09  1.017e-14  1.611e-09  3.102e-09  2.410e-19  8.861e-06  2.347e-09  9.045e-11  8.896e-12  1.054e-05  9.153e-10  1.036e-08  2.233e-10  3.109e-11  4.764e-12  3.660e-13  8.390e-11  1.109e-11  2.832e-06  2.691e-06  1.612e-08  2.134e-14  7.026e-17  3.134e-12  4.274e-12  2.265e-16  8.896e-12  9.045e-11  1.398e-07  1.575e-07  1.144e-04  5.769e-05  6.813e-06  2.736e-06  3.383e-09  1.824e-09  1.769e-08  4.670e-10  1.140e-23  1.502e-11  1.520e-11  2.249e-07  1.453e-06  3.188e-12  6.746e-10
-5.50793e+14  5.06668e+14  -1.43823e+14  7.62084e+14  4.16500e+05  1.09600e+03  3.60000e-01  2.37200e+03  1.477e-04  2.009e-05  9.472e-14  1.888e-12  2.030e-11  2.330e-16  1.420e-05  6.782e-14  4.131e-09  1.695e-09  1.045e-14  1.534e-09  2.988e-09  2.166e-19  8.654e-06  2.323e-09  9.871e-11  8.306e-12  1.002e-05  9.857e-10  1.005e-08  2.166e-10  2.236e-11  3.113e-12  2.733e-13  7.254e-11  1.005e-11  2.719e-06  2.635e-06  1.243e-08  1.918e-14  5.975e-17  2.872e-12  4.166e-12  2.149e-16  8.306e-12  9.871e-11  1.562e-07  1.637e-07  1.155e-04  5.884e-05  6.959e-06  2.832e-06  3.460e-09  1.941e-09  1.761e-08  5.935e-10  1.138e-23  1.812e-11  1.908e-11  2.534e-07  1.567e-06  3.755e-12  7.557e-10
-5.80107e+14  5.28577e+14  -1.47033e+14  7.98459e+14  3.57800e+05  1.01900e+03  3.60600e-01  2.37300e+03  1.477e-04  2.008e-05  9.173e-14  1.801e-12  1.767e-11  2.312e-16  1.391e-05  6.194e-14  4.011e-09  1.780e-09  1.068e-14  1.461e-09  2.874e-09  1.955e-19  8.442e-06  2.298e-09  1.072e-10  7.853e-12  9.605e-06  1.058e-09  9.755e-09  2.087e-10  1.672e-11  2.100e-12  2.106e-13  6.438e-11  9.206e-12  2.608e-06  2.570e-06  9.840e-09  1.712e-14  5.095e-17  2.658e-12  4.059e-12  2.035e-16  7.853e-12  1.072e-10  1.728e-07  1.699e-07  1.164e-04  6.002e-05  7.108e-06  2.925e-06  3.532e-09  2.057e-09  1.752e-08  7.424e-10  1.154e-23  2.154e-11  2.353e-11  2.840e-07  1.691e-06  4.380e-12  8.426e-10
-6.09421e+14  5.50485e+14  -1.50334e+14  8.34882e+14  3.10300e+05  9.52400e+02  3.50900e-01  2.37500e+03  1.477e-04  2.008e-05  8.885e-14  1.718e-12  1.557e-11  2.291e-16  1.362e-05  5.644e-14  3.891e-09  1.855e-09  1.088e-14  1.390e-09  2.761e-09  1.768e-19  8.218e-06  2.274e-09  1.161e-10  7.509e-12  9.267e-06  1.133e-09  9.469e-09  2.064e-10  1.301e-11  1.460e-12  1.666e-13  5.829e-11  8.505e-12  2.495e-06  2.497e-06  7.970e-09  1.568e-14  4.384e-17  2.473e-12  3.951e-12  1.921e-16  7.509e-12  1.161e-10  1.916e-07  1.767e-07  1.172e-04  6.122e-05  7.261e-06  3.015e-06  3.602e-09  2.173e-09  1.742e-08  9.393e-10  1.203e-23  2.562e-11  2.909e-11  3.187e-07  1.829e-06  5.180e-12  9.426e-10
-6.38427e+14  5.71467e+14  -1.53790e+14  8.70526e+14  2.72000e+05  8.95000e+02  3.44300e-01  2.37600e+03  1.476e-04  2.008e-05  8.607e-14  1.638e-12  1.384e-11  2.269e-16  1.333e-05  5.136e-14  3.772e-09  1.922e-09  1.105e-14  1.322e-09  2.649e-09  1.601e-19  7.989e-06  2.249e-09  1.253e-10  7.245e-12  8.987e-06  1.210e-09  9.190e-09  2.013e-10  1.052e-11  1.047e-12  1.347e-13  5.362e-11  7.910e-12  2.384e-06  2.420e-06  6.580e-09  1.413e-14  3.760e-17  2.311e-12  3.845e-12  1.811e-16  7.245e-12  1.253e-10  2.119e-07  1.839e-07  1.180e-04  6.245e-05  7.414e-06  3.100e-06  3.669e-09  2.288e-09  1.732e-08  1.177e-09  1.257e-23  3.042e-11  3.574e-11  3.566e-07  1.978e-06  6.071e-12  1.051e-09
-6.67432e+14  5.92450e+14  -1.57339e+14  9.06211e+14  2.41000e+05  8.45400e+02  3.39900e-01  2.37800e+03  1.476e-04  2.007e-05  8.336e-14  1.562e-12  1.239e-11  2.246e-16  1.304e-05  4.670e-14  3.654e-09  1.983e-09  1.121e-14  1.257e-09  2.538e-09  1.452e-19  7.758e-06  2.224e-09  1.346e-10  7.039e-12  8.753e-06  1.287e-09  8.919e-09  1.946e-10  8.807e-12  7.721e-13  1.108e-13  4.993e-11  7.396e-12  2.276e-06  2.341e-06  5.520e-09  1.259e-14  3.222e-17  2.166e-12  3.739e-12  1.705e-16  7.039e-12  1.346e-10  2.331e-07  1.914e-07  1.188e-04  6.368e-05  7.564e-06  3.177e-06  3.733e-09  2.402e-09  1.721e-08  1.454e-09  1.313e-23  3.581e-11  4.335e-11  3.969e-07  2.137e-06  7.018e-12  1.163e-09
-6.96129e+14  6.12816e+14  -1.60887e+14  9.41288e+14  2.15600e+05  8.02100e+02  3.36400e-01  2.37900e+03  1.476e-04  2.007e-05  8.074e-14  1.488e-12  1.113e-11  2.222e-16  1.275e-05  4.244e-14  3.539e-09  2.037e-09  1.134e-14  1.195e-09  2.428e-09  1.318e-19  7.527e-06  2.199e-09  1.438e-10  6.875e-12  8.553e-06  1.364e-09  8.659e-09  1.873e-10  7.592e-12  5.846e-13  9.254e-14  4.694e-11  6.947e-12  2.172e-06  2.260e-06  4.693e-09  1.116e-14  2.765e-17  2.034e-12  3.636e-12  1.603e-16  6.875e-12  1.438e-10  2.552e-07  1.991e-07  1.195e-04  6.490e-05  7.708e-06  3.248e-06  3.794e-09  2.514e-09  1.709e-08  1.771e-09  1.369e-23  4.172e-11  5.187e-11  4.394e-07  2.304e-06  8.013e-12  1.280e-09
-7.24826e+14  6.33181e+14  -1.64467e+14  9.76391e+14  1.94600e+05  7.64300e+02  3.35600e-01  2.38100e+03  1.476e-04  2.007e-05  7.820e-14  1.418e-12  1.004e-11  2.197e-16  1.247e-05  3.856e-14  3.427e-09  2.085e-09  1.146e-14  1.135e-09  2.321e-09  1.198e-19  7.299e-06  2.174e-09  1.528e-10  6.742e-12  8.380e-06  1.439e-09  8.410e-09  1.792e-10  6.712e-12  4.534e-13  7.825e-14  4.448e-11  6.550e-12  2.072e-06  2.180e-06  4.036e-09  9.815e-15  2.375e-17  1.913e-12  3.535e-12  1.507e-16  6.742e-12  1.528e-10  2.773e-07  2.068e-07  1.202e-04  6.611e-05  7.846e-06  3.309e-06  3.853e-09  2.624e-09  1.698e-08  2.122e-09  1.420e-23  4.807e-11  6.116e-11  4.832e-07  2.476e-06  9.019e-12  1.397e-09
-7.52905e+14  6.52929e+14  -1.68046e+14  1.01065e+15  1.77100e+05  7.30600e+02  3.27800e-01  2.38300e+03  1.476e-04  2.006e-05  7.570e-14  1.351e-12  9.068e-12  2.172e-16  1.219e-05  3.499e-14  3.316e-09  2.127e-09  1.157e-14  1.078e-09  2.216e-09  1.089e-19  7.071e-06  2.149e-09  1.619e-10  6.636e-12  8.229e-06  1.513e-09  8.170e-09  1.746e-10  6.058e-12  3.592e-13  6.686e-14  4.241e-11  6.193e-12  1.975e-06  2.100e-06  3.503e-09  8.810e-15  2.057e-17  1.801e-12  3.436e-12  1.414e-16  6.636e-12  1.619e-10  3.013e-07  2.149e-07  1.208e-04  6.733e-05  7.979e-06  3.363e-06  3.909e-09  2.732e-09  1.686e-08  2.541e-09  1.484e-23  5.499e-11  7.166e-11  5.301e-07  2.657e-06  1.016e-11  1.521e-09
-7.80985e+14  6.72678e+14  -1.71564e+14  1.04492e+15  1.62300e+05  7.00600e+02  3.25800e-01  2.38400e+03  1.476e-04  2.006e-05  7.327e-14  1.286e-12  8.204e-12  2.147e-16  1.191e-05  3.174e-14  3.208e-09  2.164e-09  1.167e-14  1.023e-09  2.113e-09  9.899e-20  6.846e-06  2.124e-09  1.707e-10  6.547e-12  8.095e-06  1.586e-09  7.936e-09  1.681e-10  5.564e-12  2.901e-13  5.764e-14  4.063e-11  5.870e-12  1.882e-06  2.020e-06  3.065e-09  7.786e-15  1.776e-17  1.696e-12  3.339e-12  1.326e-16  6.547e-12  1.707e-10  3.256e-07  2.232e-07  1.214e-04  6.853e-05  8.104e-06  3.409e-06  3.963e-09  2.837e-09  1.674e-08  3.003e-09  1.545e-23  6.261e-11  8.326e-11  5.784e-07  2.843e-06  1.132e-11  1.646e-09
-8.08756e+14  6.92117e+14  -1.75143e+14  1.07879e+15  1.49900e+05  6.74600e+02  3.20300e-01  2.38600e+03  1.476e-04  2.006e-05  7.089e-14  1.223e-12  7.426e-12  2.122e-16  1.163e-05  2.876e-14  3.102e-09  2.196e-09  1.175e-14  9.709e-10  2.012e-09  8.997e-20  6.623e-06  2.098e-09  1.794e-10  6.472e-12  7.974e-06  1.657e-09  7.711e-09  1.635e-10  5.180e-12  2.384e-13  5.007e-14  3.909e-11  5.575e-12  1.792e-06  1.942e-06  2.701e-09  6.954e-15  1.541e-17  1.597e-12  3.243e-12  1.242e-16  6.472e-12  1.794e-10  3.513e-07  2.317e-07  1.220e-04  6.972e-05  8.223e-06  3.447e-06  4.014e-09  2.940e-09  1.662e-08  3.530e-09  1.608e-23  7.091e-11  9.605e-11  6.290e-07  3.035e-06  1.255e-11  1.775e-09
-8.36219e+14  7.11249e+14  -1.78722e+14  1.11224e+15  1.39900e+05  6.54500e+02  3.14200e-01  2.38700e+03  1.476e-04  2.005e-05  6.855e-14  1.163e-12  6.721e-12  2.096e-16  1.136e-05  2.603e-14  2.998e-09  2.224e-09  1.182e-14  9.206e-10  1.915e-09  8.174e-20  6.403e-06  2.072e-09  1.879e-10  6.406e-12  7.864e-06  1.727e-09  7.492e-09  1.599e-10  4.877e-12  1.994e-13  4.375e-14  3.774e-11  5.303e-12  1.706e-06  1.864e-06  2.392e-09  6.229e-15  1.341e-17  1.504e-12  3.150e-12  1.162e-16  6.406e-12  1.879e-10  3.783e-07  2.406e-07  1.226e-04  7.090e-05  8.336e-06  3.477e-06  4.063e-09  3.040e-09  1.649e-08  4.129e-09  1.675e-23  8.015e-11  1.103e-10  6.819e-07  3.232e-06  1.386e-11  1.908e-09
-8.63681e+14  7.30688e+14  -1.82425e+14  1.14592e+15  1.32900e+05  6.45300e+02  3.06300e-01  2.38900e+03  1.476e-04  2.005e-05  6.624e-14  1.105e-12  6.076e-12  2.070e-16  1.109e-05  2.353e-14  2.894e-09  2.249e-09  1.188e-14  8.721e-10  1.821e-09  7.416e-20  6.185e-06  2.045e-09  1.960e-10  6.344e-12  7.760e-06  1.795e-09  7.279e-09  1.580e-10  4.630e-12  1.703e-13  3.836e-14  3.653e-11  5.048e-12  1.623e-06  1.788e-06  2.127e-09  5.610e-15  1.171e-17  1.415e-12  3.057e-12  1.085e-16  6.344e-12  1.960e-10  4.073e-07  2.499e-07  1.232e-04  7.209e-05  8.441e-06  3.498e-06  4.110e-09  3.136e-09  1.636e-08  4.808e-09  1.743e-23  9.084e-11  1.262e-10  7.371e-07  3.436e-06  1.523e-11  2.043e-09
-8.91144e+14  7.50437e+14  -1.86313e+14  1.17983e+15  1.29800e+05  6.57000e+02  3.03900e-01  2.39100e+03  1.475e-04  2.004e-05  6.399e-14  1.049e-12  5.488e-12  2.044e-16  1.082e-05  2.125e-14  2.794e-09  2.272e-09  1.193e-14  8.262e-10  1.731e-09  6.724e-20  5.974e-06  2.018e-09  2.035e-10  6.274e-12  7.657e-06  1.859e-09  7.077e-09  1.561e-10  4.422e-12  1.502e-13  3.363e-14  3.544e-11  4.807e-12  1.545e-06  1.714e-06  1.894e-09  4.992e-15  1.020e-17  1.330e-12  2.967e-12  1.013e-16  6.274e-12  2.035e-10  4.367e-07  2.594e-07  1.238e-04  7.325e-05  8.540e-06  3.510e-06  4.155e-09  3.228e-09  1.624e-08  5.515e-09  1.799e-23  1.037e-10  1.436e-10  7.922e-07  3.643e-06  1.644e-11  2.172e-09
-9.19223e+14  7.70185e+14  -1.90695e+14  1.21430e+15  1.31100e+05  6.93000e+02  2.98200e-01  2.39200e+03  1.475e-04  2.004e-05  6.177e-14  9.943e-13  4.943e-12  2.018e-16  1.055e-05  1.916e-14  2.696e-09  2.296e-09  1.197e-14  7.824e-10  1.647e-09  6.083e-20  5.768e-06  1.990e-09  2.099e-10  6.187e-12  7.548e-06  1.919e-09  6.885e-09  1.567e-10  4.239e-12  1.390e-13  2.935e-14  3.448e-11  4.572e-12  1.472e-06  1.641e-06  1.684e-09  4.494e-15  8.935e-18  1.248e-12  2.879e-12  9.452e-17  6.187e-12  2.099e-10  4.676e-07  2.692e-07  1.244e-04  7.441e-05  8.632e-06  3.514e-06  4.198e-09  3.314e-09  1.612e-08  6.254e-09  1.839e-23  1.194e-10  1.624e-10  8.472e-07  3.853e-06  1.748e-11  2.293e-09
-9.48229e+14  7.91168e+14  -1.95786e+14  1.25037e+15  1.35900e+05  7.39200e+02  2.94000e-01  2.39400e+03  1.475e-04  2.003e-05  5.959e-14  9.415e-13  4.438e-12  1.993e-16  1.029e-05  1.726e-14  2.601e-09  2.321e-09  1.198e-14  7.410e-10  1.568e-09  5.490e-20  5.571e-06  1.961e-09  2.152e-10  6.077e-12  7.428e-06  1.972e-09  6.699e-09  1.563e-10  4.081e-12  1.354e-13  2.540e-14  3.363e-11  4.341e-12  1.404e-06  1.572e-06  1.494e-09  4.006e-15  7.789e-18  1.168e-12  2.793e-12  8.809e-17  6.077e-12  2.152e-10  4.995e-07  2.795e-07  1.250e-04  7.555e-05  8.718e-06  3.508e-06  4.239e-09  3.395e-09  1.602e-08  6.987e-09  1.854e-23  1.376e-10  1.821e-10  9.004e-07  4.064e-06  1.823e-11  2.401e-09
-9.78468e+14  8.12767e+14  -2.01803e+14  1.28791e+15  1.42100e+05  7.77300e+02  2.89900e-01  2.39500e+03  1.475e-04  2.003e-05  5.745e-14  8.899e-13  3.972e-12  1.968e-16  1.003e-05  1.552e-14  2.508e-09  2.350e-09  1.198e-14  7.019e-10  1.493e-09  4.942e-20  5.381e-06  1.930e-09  2.191e-10  5.940e-12  7.296e-06  2.020e-09  6.516e-09  1.538e-10  3.949e-12  1.363e-13  2.178e-14  3.287e-11  4.114e-12  1.341e-06  1.504e-06  1.320e-09  3.537e-15  6.749e-18  1.091e-12  2.709e-12  8.203e-17  5.940e-12  2.191e-10  5.324e-07  2.901e-07  1.256e-04  7.667e-05  8.799e-06  3.495e-06  4.277e-09  3.472e-09  1.593e-08  7.699e-09  1.840e-23  1.569e-10  2.020e-10  9.513e-07  4.274e-06  1.870e-11  2.495e-09
-1.00994e+15  8.35601e+14  -2.08777e+14  1.32733e+15  1.47900e+05  7.99500e+02  2.88800e-01  2.39700e+03  1.475e-04  2.002e-05  5.536e-14  8.399e-13  3.547e-12  1.944e-16  9.771e-06  1.395e-14  2.419e-09  2.383e-09  1.196e-14  6.651e-10  1.420e-09  4.441e-20  5.202e-06  1.897e-09  2.217e-10  5.779e-12  7.151e-06  2.061e-09  6.338e-09  1.488e-10  3.841e-12  1.381e-13  1.850e-14  3.216e-11  3.890e-12  1.283e-06  1.439e-06  1.163e-09  3.085e-15  5.814e-18  1.018e-12  2.627e-12  7.637e-17  5.779e-12  2.217e-10  5.652e-07  3.008e-07  1.262e-04  7.778e-05  8.875e-06  3.477e-06  4.314e-09  3.547e-09  1.586e-08  8.366e-09  1.804e-23  1.757e-10  2.210e-10  9.989e-07  4.480e-06  1.892e-11  2.572e-09
-1.04265e+15  8.59361e+14  -2.16522e+14  1.36839e+15  1.52000e+05  8.06600e+02  2.86100e-01  2.39900e+03  1.475e-04  2.002e-05  5.333e-14  7.915e-13  3.162e-12  1.920e-16  9.515e-06  1.252e-14  2.332e-09  2.418e-09  1.192e-14  6.304e-10  1.349e-09  3.983e-20  5.030e-06  1.864e-09  2.234e-10  5.601e-12  6.996e-06  2.097e-09  6.162e-09  1.435e-10  3.747e-12  1.386e-13  1.560e-14  3.148e-11  3.672e-12  1.229e-06  1.377e-06  1.022e-09  2.707e-15  5.019e-18  9.481e-13  2.547e-12  7.106e-17  5.601e-12  2.234e-10  5.983e-07  3.116e-07  1.268e-04  7.887e-05  8.947e-06  3.454e-06  4.349e-09  3.620e-09  1.580e-08  9.032e-09  1.770e-23  1.929e-10  2.390e-10  1.044e-06  4.682e-06  1.903e-11  2.640e-09
-1.07598e+15  8.83429e+14  -2.24915e+14  1.41023e+15  1.53800e+05  8.02500e+02  2.77000e-01  2.40000e+03  1.475e-04  2.001e-05  5.131e-14  7.443e-13  2.812e-12  1.896e-16  9.260e-06  1.120e-14  2.246e-09  2.453e-09  1.187e-14  5.971e-10  1.279e-09  3.564e-20  4.862e-06  1.828e-09  2.245e-10  5.416e-12  6.837e-06  2.130e-09  5.988e-09  1.399e-10  3.657e-12  1.365e-13  1.311e-14  3.082e-11  3.462e-12  1.176e-06  1.316e-06  8.981e-10  2.426e-15  4.362e-18  8.819e-13  2.468e-12  6.599e-17  5.416e-12  2.245e-10  6.340e-07  3.231e-07  1.274e-04  7.996e-05  9.015e-06  3.426e-06  4.382e-09  3.691e-09  1.573e-08  9.807e-09  1.767e-23  2.092e-10  2.574e-10  1.091e-06  4.885e-06  1.930e-11  2.708e-09
-1.11023e+15  9.08423e+14  -2.33740e+14  1.45343e+15  1.52900e+05  7.90900e+02  2.72600e-01  2.40200e+03  1.475e-04  2.001e-05  4.935e-14  6.990e-13  2.498e-12  1.872e-16  9.006e-06  1.001e-14  2.163e-09  2.487e-09  1.180e-14  5.654e-10  1.211e-09  3.186e-20  4.699e-06  1.793e-09  2.253e-10  5.230e-12  6.677e-06  2.161e-09  5.814e-09  1.364e-10  3.568e-12  1.321e-13  1.102e-14  3.017e-11  3.263e-12  1.126e-06  1.257e-06  7.894e-10  2.170e-15  3.788e-18  8.201e-13  2.392e-12  6.123e-17  5.230e-12  2.253e-10  6.709e-07  3.350e-07  1.280e-04  8.104e-05  9.078e-06  3.395e-06  4.413e-09  3.760e-09  1.567e-08  1.068e-08  1.785e-23  2.253e-10  2.770e-10  1.138e-06  5.087e-06  1.968e-11  2.778e-09
-1.14479e+15  9.33726e+14  -2.42843e+14  1.49711e+15  1.49600e+05  7.75200e+02  2.69700e-01  2.40300e+03  1.475e-04  2.000e-05  4.745e-14  6.558e-13  2.221e-12  1.848e-16  8.757e-06  8.929e-15  2.082e-09  2.518e-09  1.173e-14  5.352e-10  1.146e-09  2.847e-20  4.540e-06  1.757e-09  2.260e-10  5.049e-12  6.519e-06  2.190e-09  5.643e-09  1.337e-10  3.479e-12  1.258e-13  9.288e-15  2.952e-11  3.075e-12  1.078e-06  1.199e-06  6.955e-10  1.955e-15  3.302e-18  7.628e-13  2.317e-12  5.678e-17  5.049e-12  2.260e-10  7.086e-07  3.470e-07  1.286e-04  8.211e-05  9.137e-06  3.362e-06  4.443e-09  3.827e-09  1.560e-08  1.166e-08  1.820e-23  2.422e-10  2.984e-10  1.187e-06  5.287e-06  2.018e-11  2.852e-09
-1.17996e+15  9.59029e+14  -2.52131e+14  1.54130e+15  1.44400e+05  7.56200e+02  2.64700e-01  2.40500e+03  1.474e-04  2.000e-05  4.560e-14  6.148e-13  1.974e-12  1.824e-16  8.512e-06  7.956e-15  2.002e-09  2.545e-09  1.164e-14  5.062e-10  1.084e-09  2.544e-20  4.385e-06  1.721e-09  2.267e-10  4.880e-12  6.368e-06  2.218e-09  5.474e-09  1.325e-10  3.394e-12  1.182e-13  7.882e-15  2.887e-11  2.900e-12  1.031e-06  1.144e-06  6.149e-10  1.787e-15  2.894e-18  7.095e-13  2.244e-12  5.259e-17  4.880e-12  2.267e-10  7.478e-07  3.594e-07  1.292e-04  8.317e-05  9.189e-06  3.324e-06  4.471e-09  3.890e-09  1.552e-08  1.283e-08  1.879e-23  2.601e-10  3.222e-10  1.238e-06  5.488e-06  2.092e-11  2.936e-09
-1.21576e+15  9.84640e+14  -2.61357e+14  1.58616e+15  1.37700e+05  7.34700e+02  2.62500e-01  2.40700e+03  1.474e-04  1.999e-05  4.381e-14  5.762e-13  1.756e-12  1.799e-16  8.271e-06  7.086e-15  1.926e-09  2.567e-09  1.156e-14  4.786e-10  1.026e-09  2.274e-20  4.232e-06  1.685e-09  2.276e-10  4.724e-12  6.225e-06  2.245e-09  5.307e-09  1.317e-10  3.315e-12  1.100e-13  6.747e-15  2.823e-11  2.738e-12  9.847e-07  1.090e-06  5.463e-10  1.635e-15  2.540e-18  6.604e-13  2.173e-12  4.869e-17  4.724e-12  2.276e-10  7.877e-07  3.720e-07  1.298e-04  8.421e-05  9.236e-06  3.284e-06  4.498e-09  3.950e-09  1.544e-08  1.416e-08  1.953e-23  2.798e-10  3.489e-10  1.292e-06  5.688e-06  2.183e-11  3.029e-09
-1.25155e+15  1.01025e+15  -2.70429e+14  1.63099e+15  1.30100e+05  7.11400e+02  2.55900e-01  2.40800e+03  1.474e-04  1.999e-05  4.207e-14  5.397e-13  1.561e-12  1.775e-16  8.035e-06  6.301e-15  1.850e-09  2.583e-09  1.147e-14  4.520e-10  9.710e-10  2.032e-20  4.081e-06  1.650e-09  2.289e-10  4.583e-12  6.092e-06  2.272e-09  5.142e-09  1.325e-10  3.246e-12  1.016e-13  5.839e-15  2.759e-11  2.589e-12  9.390e-07  1.038e-06  4.878e-10  1.521e-15  2.244e-18  6.147e-13  2.103e-12  4.501e-17  4.583e-12  2.289e-10  8.301e-07  3.851e-07  1.304e-04  8.524e-05  9.276e-06  3.241e-06  4.523e-09  4.006e-09  1.534e-08  1.575e-08  2.050e-23  3.014e-10  3.793e-10  1.351e-06  5.890e-06  2.304e-11  3.137e-09
-1.28765e+15  1.03586e+15  -2.79254e+14  1.67602e+15  1.22100e+05  6.87200e+02  2.51200e-01  2.41000e+03  1.474e-04  1.998e-05  4.039e-14  5.053e-13  1.389e-12  1.751e-16  7.803e-06  5.599e-15  1.777e-09  2.592e-09  1.139e-14  4.266e-10  9.190e-10  1.817e-20  3.932e-06  1.616e-09  2.306e-10  4.458e-12  5.970e-06  2.299e-09  4.979e-09  1.338e-10  3.187e-12  9.337e-14  5.112e-15  2.697e-11  2.451e-12  8.940e-07  9.875e-07  4.380e-10  1.416e-15  1.984e-18  5.723e-13  2.035e-12  4.157e-17  4.458e-12  2.306e-10  8.744e-07  3.986e-07  1.309e-04  8.626e-05  9.309e-06  3.194e-06  4.547e-09  4.059e-09  1.523e-08  1.760e-08  2.165e-23  3.255e-10  4.137e-10  1.414e-06  6.094e-06  2.448e-11  3.258e-09
-1.32437e+15  1.06147e+15  -2.87801e+14  1.72149e+15  1.14000e+05  6.63200e+02  2.45300e-01  2.41100e+03  1.474e-04  1.997e-05  3.875e-14  4.730e-13  1.235e-12  1.726e-16  7.576e-06  4.970e-15  1.705e-09  2.595e-09  1.131e-14  4.022e-10  8.702e-10  1.626e-20  3.784e-06  1.582e-09  2.327e-10  4.347e-12  5.858e-06  2.326e-09  4.817e-09  1.360e-10  3.138e-12  8.552e-14  4.532e-15  2.635e-11  2.325e-12  8.496e-07  9.385e-07  3.956e-10  1.327e-15  1.760e-18  5.328e-13  1.969e-12  3.833e-17  4.347e-12  2.327e-10  9.211e-07  4.126e-07  1.314e-04  8.728e-05  9.336e-06  3.143e-06  4.570e-09  4.109e-09  1.511e-08  1.976e-08  2.297e-23  3.523e-10  4.526e-10  1.482e-06  6.300e-06  2.619e-11  3.394e-09
-1.36078e+15  1.08708e+15  -2.96102e+14  1.76668e+15  1.06300e+05  6.40500e+02  2.39900e-01  2.41300e+03  1.474e-04  1.997e-05  3.716e-14  4.427e-13  1.098e-12  1.701e-16  7.355e-06  4.408e-15  1.635e-09  2.592e-09  1.123e-14  3.789e-10  8.245e-10  1.454e-20  3.638e-06  1.549e-09  2.350e-10  4.249e-12  5.755e-06  2.354e-09  4.659e-09  1.387e-10  3.098e-12  7.830e-14  4.067e-15  2.576e-11  2.207e-12  8.061e-07  8.911e-07  3.593e-10  1.246e-15  1.565e-18  4.960e-13  1.904e-12  3.531e-17  4.249e-12  2.350e-10  9.702e-07  4.271e-07  1.319e-04  8.828e-05  9.355e-06  3.090e-06  4.592e-09  4.156e-09  1.497e-08  2.223e-08  2.443e-23  3.823e-10  4.961e-10  1.554e-06  6.507e-06  2.812e-11  3.543e-09
-1.39781e+15  1.11239e+15  -3.04248e+14  1.81214e+15  9.91600e+04  6.19900e+02  2.33800e-01  2.41500e+03  1.473e-04  1.996e-05  3.562e-14  4.143e-13  9.753e-13  1.676e-16  7.137e-06  3.906e-15  1.566e-09  2.584e-09  1.116e-14  3.566e-10  7.817e-10  1.301e-20  3.494e-06  1.517e-09  2.377e-10  4.163e-12  5.661e-06  2.381e-09  4.504e-09  1.421e-10  3.065e-12  7.181e-14  3.691e-15  2.518e-11  2.099e-12  7.635e-07  8.453e-07  3.281e-10  1.175e-15  1.394e-18  4.616e-13  1.841e-12  3.248e-17  4.163e-12  2.377e-10  1.022e-06  4.422e-07  1.324e-04  8.927e-05  9.366e-06  3.033e-06  4.612e-09  4.200e-09  1.483e-08  2.506e-08  2.603e-23  4.156e-10  5.446e-10  1.632e-06  6.716e-06  3.029e-11  3.705e-09
-1.43453e+15  1.13800e+15  -3.12271e+14  1.85753e+15  9.27800e+04  6.01500e+02  2.29100e-01  2.41600e+03  1.473e-04  1.995e-05  3.413e-14  3.876e-13  8.659e-13  1.651e-16  6.925e-06  3.458e-15  1.500e-09  2.570e-09  1.108e-14  3.354e-10  7.416e-10  1.164e-20  3.352e-06  1.485e-09  2.405e-10  4.086e-12  5.573e-06  2.408e-09  4.351e-09  1.458e-10  3.037e-12  6.606e-14  3.384e-15  2.462e-11  1.998e-12  7.222e-07  8.012e-07  3.010e-10  1.105e-15  1.242e-18  4.295e-13  1.779e-12  2.984e-17  4.086e-12  2.405e-10  1.076e-06  4.577e-07  1.329e-04  9.025e-05  9.371e-06  2.973e-06  4.631e-09  4.241e-09  1.468e-08  2.822e-08  2.773e-23  4.526e-10  5.980e-10  1.713e-06  6.926e-06  3.262e-11  3.876e-09
-1.47125e+15  1.16361e+15  -3.19985e+14  1.90288e+15  8.71700e+04  5.85200e+02  2.24000e-01  2.41800e+03  1.473e-04  1.994e-05  3.268e-14  3.625e-13  7.682e-13  1.625e-16  6.718e-06  3.059e-15  1.436e-09  2.552e-09  1.101e-14  3.152e-10  7.042e-10  1.042e-20  3.213e-06  1.454e-09  2.435e-10  4.016e-12  5.492e-06  2.434e-09  4.202e-09  1.499e-10  3.012e-12  6.101e-14  3.131e-15  2.408e-11  1.904e-12  6.823e-07  7.587e-07  2.774e-10  1.041e-15  1.108e-18  3.994e-13  1.719e-12  2.738e-17  4.016e-12  2.435e-10  1.133e-06  4.738e-07  1.333e-04  9.122e-05  9.369e-06  2.910e-06  4.648e-09  4.279e-09  1.452e-08  3.176e-08  2.950e-23  4.934e-10  6.564e-10  1.798e-06  7.135e-06  3.509e-11  4.057e-09
-1.50797e+15  1.18891e+15  -3.28008e+14  1.94810e+15  8.22200e+04  5.70300e+02  2.19700e-01  2.41900e+03  1.473e-04  1.994e-05  3.129e-14  3.390e-13  6.811e-13  1.600e-16  6.515e-06  2.705e-15  1.373e-09  2.530e-09  1.095e-14  2.960e-10  6.692e-10  9.323e-21  3.078e-06  1.424e-09  2.464e-10  3.950e-12  5.415e-06  2.460e-09  4.057e-09  1.540e-10  2.990e-12  5.657e-14  2.919e-15  2.357e-11  1.816e-12  6.441e-07  7.180e-07  2.566e-10  9.786e-16  9.888e-19  3.713e-13  1.660e-12  2.510e-17  3.950e-12  2.464e-10  1.192e-06  4.904e-07  1.338e-04  9.217e-05  9.360e-06  2.845e-06  4.665e-09  4.315e-09  1.435e-08  3.566e-08  3.132e-23  5.382e-10  7.197e-10  1.886e-06  7.343e-06  3.768e-11  4.244e-09
-1.54438e+15  1.21421e+15  -3.35722e+14  1.99302e+15  7.78300e+04  5.56200e+02  2.15700e-01  2.42100e+03  1.472e-04  1.993e-05  2.994e-14  3.169e-13  6.033e-13  1.575e-16  6.318e-06  2.390e-15  1.313e-09  2.504e-09  1.088e-14  2.779e-10  6.363e-10  8.343e-21  2.947e-06  1.394e-09  2.494e-10  3.889e-12  5.342e-06  2.484e-09  3.916e-09  1.582e-10  2.968e-12  5.265e-14  2.740e-15  2.307e-11  1.733e-12  6.075e-07  6.790e-07  2.383e-10  9.192e-16  8.823e-19  3.451e-13  1.603e-12  2.298e-17  3.889e-12  2.494e-10  1.252e-06  5.074e-07  1.342e-04  9.311e-05  9.345e-06  2.779e-06  4.680e-09  4.349e-09  1.418e-08  3.993e-08  3.317e-23  5.867e-10  7.877e-10  1.977e-06  7.548e-06  4.035e-11  4.436e-09
-1.58079e+15  1.23921e+15  -3.43436e+14  2.03777e+15  7.38600e+04  5.42800e+02  2.12300e-01  2.42200e+03  1.472e-04  1.992e-05  2.863e-14  2.962e-13  5.341e-13  1.550e-16  6.125e-06  2.111e-15  1.254e-09  2.476e-09  1.081e-14  2.607e-10  6.055e-10  7.467e-21  2.819e-06  1.364e-09  2.523e-10  3.831e-12  5.271e-06  2.507e-09  3.778e-09  1.624e-10  2.947e-12  4.915e-14  2.587e-15  2.259e-11  1.655e-12  5.726e-07  6.418e-07  2.220e-10  8.623e-16  7.875e-19  3.206e-13  1.548e-12  2.103e-17  3.831e-12  2.523e-10  1.315e-06  5.248e-07  1.346e-04  9.403e-05  9.325e-06  2.711e-06  4.695e-09  4.380e-09  1.401e-08  4.458e-08  3.504e-23  6.390e-10  8.603e-10  2.071e-06  7.752e-06  4.310e-11  4.633e-09
-1.61690e+15  1.26420e+15  -3.51150e+14  2.08227e+15  7.02300e+04  5.29800e+02  2.09500e-01  2.42400e+03  1.472e-04  1.991e-05  2.738e-14  2.767e-13  4.726e-13  1.525e-16  5.938e-06  1.864e-15  1.198e-09  2.445e-09  1.074e-14  2.445e-10  5.765e-10  6.685e-21  2.696e-06  1.335e-09  2.551e-10  3.774e-12  5.202e-06  2.528e-09  3.645e-09  1.665e-10  2.925e-12  4.602e-14  2.455e-15  2.213e-11  1.582e-12  5.394e-07  6.062e-07  2.074e-10  8.081e-16  7.031e-19  2.977e-13  1.494e-12  1.923e-17  3.774e-12  2.551e-10  1.378e-06  5.424e-07  1.350e-04  9.494e-05  9.298e-06  2.642e-06  4.708e-09  4.410e-09  1.383e-08  4.962e-08  3.692e-23  6.949e-10  9.371e-10  2.166e-06  7.952e-06  4.589e-11  4.834e-09
-1.65269e+15  1.28920e+15  -3.59173e+14  2.12660e+15  6.68700e+04  5.17400e+02  2.05300e-01  2.42600e+03  1.471e-04  1.990e-05  2.617e-14  2.585e-13  4.178e-13  1.501e-16  5.755e-06  1.645e-15  1.143e-09  2.412e-09  1.068e-14  2.292e-10  5.491e-10  5.984e-21  2.577e-06  1.306e-09  2.578e-10  3.720e-12  5.136e-06  2.549e-09  3.515e-09  1.708e-10  2.902e-12  4.320e-14  2.341e-15  2.168e-11  1.512e-12  5.079e-07  5.723e-07  1.944e-10  7.594e-16  6.292e-19  2.764e-13  1.442e-12  1.756e-17  3.720e-12  2.578e-10  1.444e-06  5.606e-07  1.354e-04  9.583e-05  9.266e-06  2.572e-06  4.720e-09  4.438e-09  1.365e-08  5.510e-08  3.886e-23  7.544e-10  1.018e-09  2.265e-06  8.149e-06  4.879e-11  5.039e-09
-1.68817e+15  1.31419e+15  -3.66887e+14  2.17063e+15  6.37300e+04  5.05300e+02  2.02200e-01  2.42700e+03  1.471e-04  1.989e-05  2.500e-14  2.414e-13  3.691e-13  1.476e-16  5.576e-06  1.451e-15  1.091e-09  2.377e-09  1.061e-14  2.148e-10  5.234e-10  5.357e-21  2.461e-06  1.278e-09  2.603e-10  3.667e-12  5.071e-06  2.568e-09  3.389e-09  1.750e-10  2.877e-12  4.066e-14  2.241e-15  2.125e-11  1.446e-12  4.779e-07  5.399e-07  1.826e-10  7.126e-16  5.631e-19  2.565e-13  1.391e-12  1.603e-17  3.667e-12  2.603e-10  1.512e-06  5.792e-07  1.358e-04  9.671e-05  9.229e-06  2.501e-06  4.732e-09  4.464e-09  1.347e-08  6.104e-08  4.086e-23  8.174e-10  1.104e-09  2.365e-06  8.342e-06  5.176e-11  5.247e-09
-1.72366e+15  1.33888e+15  -3.74601e+14  2.21448e+15  6.07900e+04  4.93700e+02  1.98400e-01  2.42900e+03  1.471e-04  1.989e-05  2.388e-14  2.253e-13  3.257e-13  1.452e-16  5.402e-06  1.279e-15  1.041e-09  2.339e-09  1.055e-14  2.011e-10  4.992e-10  4.795e-21  2.350e-06  1.250e-09  2.628e-10  3.615e-12  5.008e-06  2.586e-09  3.267e-09  1.793e-10  2.851e-12  3.836e-14  2.153e-15  2.083e-11  1.384e-12  4.494e-07  5.091e-07  1.720e-10  6.699e-16  5.049e-19  2.378e-13  1.342e-12  1.461e-17  3.615e-12  2.628e-10  1.581e-06  5.982e-07  1.362e-04  9.757e-05  9.187e-06  2.430e-06  4.742e-09  4.489e-09  1.329e-08  6.749e-08  4.295e-23  8.840e-10  1.193e-09  2.467e-06  8.533e-06  5.485e-11  5.459e-09
-1.75853e+15  1.36356e+15  -3.82624e+14  2.25790e+15  5.80200e+04  4.82500e+02  1.94500e-01  2.43000e+03  1.470e-04  1.988e-05  2.280e-14  2.103e-13  2.872e-13  1.427e-16  5.233e-06  1.127e-15  9.918e-10  2.300e-09  1.048e-14  1.882e-10  4.764e-10  4.292e-21  2.242e-06  1.222e-09  2.652e-10  3.565e-12  4.946e-06  2.602e-09  3.148e-09  1.836e-10  2.824e-12  3.627e-14  2.076e-15  2.042e-11  1.324e-12  4.224e-07  4.797e-07  1.624e-10  6.299e-16  4.532e-19  2.205e-13  1.294e-12  1.331e-17  3.565e-12  2.652e-10  1.653e-06  6.177e-07  1.365e-04  9.842e-05  9.140e-06  2.359e-06  4.752e-09  4.513e-09  1.310e-08  7.449e-08  4.515e-23  9.542e-10  1.287e-09  2.571e-06  8.719e-06  5.804e-11  5.674e-09
-1.79370e+15  1.38825e+15  -3.90647e+14  2.30157e+15  5.54200e+04  4.71700e+02  1.90200e-01  2.43200e+03  1.470e-04  1.987e-05  2.175e-14  1.962e-13  2.529e-13  1.403e-16  5.067e-06  9.920e-16  9.448e-10  2.259e-09  1.041e-14  1.761e-10  4.548e-10  3.842e-21  2.138e-06  1.194e-09  2.674e-10  3.516e-12  4.886e-06  2.618e-09  3.033e-09  1.881e-10  2.796e-12  3.438e-14  2.007e-15  2.003e-11  1.268e-12  3.967e-07  4.517e-07  1.536e-10  5.929e-16  4.074e-19  2.042e-13  1.247e-12  1.210e-17  3.516e-12  2.674e-10  1.727e-06  6.377e-07  1.369e-04  9.925e-05  9.087e-06  2.287e-06  4.761e-09  4.535e-09  1.291e-08  8.209e-08  4.746e-23  1.028e-09  1.386e-09  2.678e-06  8.902e-06  6.137e-11  5.893e-09
-1.82826e+15  1.41293e+15  -3.98670e+14  2.34475e+15  5.29700e+04  4.61200e+02  1.87000e-01  2.43400e+03  1.469e-04  1.986e-05  2.075e-14  1.829e-13  2.226e-13  1.379e-16  4.906e-06  8.731e-16  8.996e-10  2.217e-09  1.035e-14  1.646e-10  4.345e-10  3.438e-21  2.038e-06  1.167e-09  2.695e-10  3.467e-12  4.827e-06  2.632e-09  2.921e-09  1.925e-10  2.765e-12  3.267e-14  1.945e-15  1.965e-11  1.214e-12  3.724e-07  4.251e-07  1.456e-10  5.572e-16  3.661e-19  1.891e-13  1.202e-12  1.100e-17  3.467e-12  2.695e-10  1.802e-06  6.582e-07  1.373e-04  1.001e-04  9.030e-06  2.216e-06  4.769e-09  4.556e-09  1.272e-08  9.027e-08  4.988e-23  1.106e-09  1.489e-09  2.786e-06  9.081e-06  6.480e-11  6.115e-09
-1.86282e+15  1.43762e+15  -4.06692e+14  2.38794e+15  5.06500e+04  4.51100e+02  1.83500e-01  2.43500e+03  1.469e-04  1.985e-05  1.978e-14  1.706e-13  1.956e-13  1.355e-16  4.749e-06  7.683e-16  8.561e-10  2.173e-09  1.028e-14  1.538e-10  4.154e-10  3.077e-21  1.942e-06  1.141e-09  2.715e-10  3.419e-12  4.768e-06  2.645e-09  2.813e-09  1.970e-10  2.734e-12  3.111e-14  1.889e-15  1.928e-11  1.163e-12  3.494e-07  3.998e-07  1.383e-10  5.241e-16  3.296e-19  1.750e-13  1.159e-12  9.989e-18  3.419e-12  2.715e-10  1.879e-06  6.791e-07  1.376e-04  1.009e-04  8.969e-06  2.145e-06  4.776e-09  4.575e-09  1.252e-08  9.910e-08  5.241e-23  1.188e-09  1.597e-09  2.896e-06  9.256e-06  6.833e-11  6.340e-09
-1.89707e+15  1.46199e+15  -4.15024e+14  2.43075e+15  4.84500e+04  4.41400e+02  1.79200e-01  2.43700e+03  1.468e-04  1.984e-05  1.885e-14  1.590e-13  1.718e-13  1.332e-16  4.597e-06  6.756e-16  8.142e-10  2.129e-09  1.021e-14  1.437e-10  3.973e-10  2.753e-21  1.849e-06  1.114e-09  2.733e-10  3.372e-12  4.711e-06  2.656e-09  2.707e-09  2.015e-10  2.701e-12  2.970e-14  1.839e-15  1.892e-11  1.114e-12  3.276e-07  3.758e-07  1.316e-10  4.936e-16  2.972e-19  1.619e-13  1.116e-12  9.060e-18  3.372e-12  2.733e-10  1.958e-06  7.006e-07  1.379e-04  1.017e-04  8.903e-06  2.075e-06  4.783e-09  4.594e-09  1.233e-08  1.087e-07  5.507e-23  1.273e-09  1.709e-09  3.008e-06  9.427e-06  7.202e-11  6.568e-09
-1.93133e+15  1.48637e+15  -4.23355e+14  2.47357e+15  4.63800e+04  4.31900e+02  1.77600e-01  2.43800e+03  1.467e-04  1.983e-05  1.796e-14  1.481e-13  1.508e-13  1.308e-16  4.448e-06  5.943e-16  7.742e-10  2.083e-09  1.015e-14  1.342e-10  3.803e-10  2.465e-21  1.760e-06  1.089e-09  2.750e-10  3.325e-12  4.654e-06  2.666e-09  2.606e-09  2.058e-10  2.666e-12  2.842e-14  1.792e-15  1.858e-11  1.068e-12  3.072e-07  3.530e-07  1.254e-10  4.632e-16  2.675e-19  1.497e-13  1.075e-12  8.213e-18  3.325e-12  2.750e-10  2.038e-06  7.223e-07  1.383e-04  1.025e-04  8.834e-06  2.005e-06  4.788e-09  4.611e-09  1.213e-08  1.188e-07  5.783e-23  1.362e-09  1.826e-09  3.121e-06  9.593e-06  7.574e-11  6.796e-09
-1.96527e+15  1.51075e+15  -4.31378e+14  2.51609e+15  4.44000e+04  4.22800e+02  1.74000e-01  2.44000e+03  1.467e-04  1.982e-05  1.710e-14  1.380e-13  1.322e-13  1.285e-16  4.304e-06  5.226e-16  7.357e-10  2.037e-09  1.008e-14  1.252e-10  3.641e-10  2.206e-21  1.675e-06  1.063e-09  2.765e-10  3.279e-12  4.598e-06  2.676e-09  2.507e-09  2.102e-10  2.630e-12  2.727e-14  1.749e-15  1.824e-11  1.024e-12  2.878e-07  3.315e-07  1.197e-10  4.360e-16  2.416e-19  1.383e-13  1.035e-12  7.437e-18  3.279e-12  2.765e-10  2.120e-06  7.446e-07  1.386e-04  1.032e-04  8.761e-06  1.937e-06  4.794e-09  4.628e-09  1.194e-08  1.297e-07  6.069e-23  1.456e-09  1.947e-09  3.236e-06  9.754e-06  7.960e-11  7.027e-09
-1.99921e+15  1.53512e+15  -4.39709e+14  2.55867e+15  4.25300e+04  4.14000e+02  1.69600e-01  2.44200e+03  1.466e-04  1.980e-05  1.628e-14  1.285e-13  1.157e-13  1.262e-16  4.163e-06  4.594e-16  6.988e-10  1.990e-09  1.001e-14  1.168e-10  3.489e-10  1.974e-21  1.593e-06  1.038e-09  2.779e-10  3.234e-12  4.542e-06  2.683e-09  2.412e-09  2.147e-10  2.593e-12  2.622e-14  1.710e-15  1.791e-11  9.812e-13  2.695e-07  3.110e-07  1.144e-10  4.109e-16  2.186e-19  1.277e-13  9.968e-13  6.726e-18  3.234e-12  2.779e-10  2.205e-06  7.675e-07  1.389e-04  1.040e-04  8.684e-06  1.869e-06  4.798e-09  4.643e-09  1.174e-08  1.415e-07  6.373e-23  1.553e-09  2.071e-09  3.352e-06  9.912e-06  8.363e-11  7.260e-09
-2.03315e+15  1.55950e+15  -4.48040e+14  2.60125e+15  4.07500e+04  4.05500e+02  1.69700e-01  2.44300e+03  1.466e-04  1.979e-05  1.550e-14  1.197e-13  1.013e-13  1.239e-16  4.027e-06  4.042e-16  6.636e-10  1.943e-09  9.944e-15  1.089e-10  3.346e-10  1.768e-21  1.515e-06  1.014e-09  2.791e-10  3.188e-12  4.487e-06  2.690e-09  2.320e-09  2.188e-10  2.554e-12  2.527e-14  1.672e-15  1.760e-11  9.409e-13  2.523e-07  2.918e-07  1.095e-10  3.850e-16  1.970e-19  1.180e-13  9.596e-13  6.083e-18  3.188e-12  2.791e-10  2.288e-06  7.903e-07  1.392e-04  1.047e-04  8.605e-06  1.803e-06  4.802e-09  4.658e-09  1.154e-08  1.539e-07  6.686e-23  1.654e-09  2.200e-09  3.468e-06  1.006e-05  8.764e-11  7.492e-09
-2.06679e+15  1.58388e+15  -4.56680e+14  2.64364e+15  3.90600e+04  3.97200e+02  1.67700e-01  2.44500e+03  1.465e-04  1.978e-05  1.475e-14  1.115e-13  8.869e-14  1.217e-16  3.895e-06  3.558e-16  6.300e-10  1.896e-09  9.875e-15  1.016e-10  3.210e-10  1.584e-21  1.440e-06  9.900e-10  2.802e-10  3.143e-12  4.433e-06  2.695e-09  2.231e-09  2.229e-10  2.515e-12  2.441e-14  1.637e-15  1.729e-11  9.024e-13  2.363e-07  2.737e-07  1.050e-10  3.617e-16  1.781e-19  1.089e-13  9.236e-13  5.498e-18  3.143e-12  2.802e-10  2.373e-06  8.134e-07  1.395e-04  1.054e-04  8.523e-06  1.738e-06  4.805e-09  4.672e-09  1.134e-08  1.670e-07  7.005e-23  1.758e-09  2.332e-09  3.585e-06  1.021e-05  9.173e-11  7.725e-09
-2.10011e+15  1.60795e+15  -4.65012e+14  2.68555e+15  3.74500e+04  3.89200e+02  1.65100e-01  2.44600e+03  1.464e-04  1.977e-05  1.403e-14  1.039e-13  7.755e-14  1.194e-16  3.767e-06  3.132e-16  5.979e-10  1.848e-09  9.806e-15  9.467e-11  3.081e-10  1.419e-21  1.369e-06  9.665e-10  2.811e-10  3.099e-12  4.379e-06  2.700e-09  2.146e-09  2.269e-10  2.474e-12  2.363e-14  1.604e-15  1.699e-11  8.657e-13  2.211e-07  2.566e-07  1.008e-10  3.403e-16  1.615e-19  1.005e-13  8.889e-13  4.965e-18  3.099e-12  2.811e-10  2.458e-06  8.369e-07  1.398e-04  1.061e-04  8.438e-06  1.674e-06  4.808e-09  4.685e-09  1.114e-08  1.810e-07  7.336e-23  1.866e-09  2.467e-09  3.702e-06  1.035e-05  9.593e-11  7.958e-09
-2.13375e+15  1.63201e+15  -4.73343e+14  2.72771e+15  3.59200e+04  3.81500e+02  1.61900e-01  2.44800e+03  1.464e-04  1.976e-05  1.334e-14  9.669e-14  6.775e-14  1.172e-16  3.642e-06  2.758e-16  5.671e-10  1.801e-09  9.736e-15  8.821e-11  2.960e-10  1.271e-21  1.301e-06  9.435e-10  2.818e-10  3.055e-12  4.325e-06  2.703e-09  2.063e-09  2.308e-10  2.432e-12  2.293e-14  1.573e-15  1.670e-11  8.305e-13  2.068e-07  2.404e-07  9.684e-11  3.204e-16  1.466e-19  9.269e-14  8.552e-13  4.480e-18  3.055e-12  2.818e-10  2.546e-06  8.609e-07  1.401e-04  1.068e-04  8.350e-06  1.612e-06  4.810e-09  4.697e-09  1.094e-08  1.959e-07  7.683e-23  1.977e-09  2.604e-09  3.821e-06  1.049e-05  1.003e-10  8.192e-09
-2.16707e+15  1.65608e+15  -4.81674e+14  2.76962e+15  3.44600e+04  3.74100e+02  1.59200e-01  2.45000e+03  1.463e-04  1.975e-05  1.269e-14  9.001e-14  5.914e-14  1.151e-16  3.521e-06  2.429e-16  5.377e-10  1.753e-09  9.666e-15  8.215e-11  2.844e-10  1.139e-21  1.236e-06  9.210e-10  2.824e-10  3.011e-12  4.272e-06  2.705e-09  1.983e-09  2.347e-10  2.390e-12  2.229e-14  1.543e-15  1.642e-11  7.968e-13  1.934e-07  2.251e-07  9.315e-11  3.014e-16  1.331e-19  8.546e-14  8.227e-13  4.039e-18  3.011e-12  2.824e-10  2.635e-06  8.854e-07  1.403e-04  1.075e-04  8.260e-06  1.551e-06  4.811e-09  4.709e-09  1.075e-08  2.117e-07  8.048e-23  2.092e-09  2.745e-09  3.940e-06  1.062e-05  1.048e-10  8.427e-09
-2.20009e+15  1.68015e+15  -4.90314e+14  2.81135e+15  3.30800e+04  3.66900e+02  1.54600e-01  2.45100e+03  1.462e-04  1.974e-05  1.205e-14  8.376e-14  5.155e-14  1.129e-16  3.403e-06  2.140e-16  5.094e-10  1.705e-09  9.595e-15  7.646e-11  2.735e-10  1.020e-21  1.174e-06  8.989e-10  2.829e-10  2.968e-12  4.220e-06  2.706e-09  1.906e-09  2.386e-10  2.346e-12  2.171e-14  1.515e-15  1.614e-11  7.644e-13  1.807e-07  2.106e-07  8.969e-11  2.841e-16  1.212e-19  7.873e-14  7.912e-13  3.636e-18  2.968e-12  2.829e-10  2.727e-06  9.107e-07  1.406e-04  1.082e-04  8.167e-06  1.491e-06  4.812e-09  4.720e-09  1.055e-08  2.286e-07  8.433e-23  2.210e-09  2.889e-09  4.060e-06  1.075e-05  1.094e-10  8.665e-09
-2.23341e+15  1.70391e+15  -4.98645e+14  2.85309e+15  3.17700e+04  3.59900e+02  1.53600e-01  2.45300e+03  1.461e-04  1.972e-05  1.145e-14  7.795e-14  4.492e-14  1.108e-16  3.289e-06  1.887e-16  4.825e-10  1.657e-09  9.524e-15  7.116e-11  2.632e-10  9.140e-22  1.114e-06  8.773e-10  2.832e-10  2.925e-12  4.168e-06  2.706e-09  1.831e-09  2.423e-10  2.302e-12  2.119e-14  1.487e-15  1.587e-11  7.335e-13  1.688e-07  1.971e-07  8.644e-11  2.666e-16  1.100e-19  7.252e-14  7.607e-13  3.272e-18  2.925e-12  2.832e-10  2.820e-06  9.362e-07  1.409e-04  1.089e-04  8.073e-06  1.433e-06  4.813e-09  4.731e-09  1.035e-08  2.464e-07  8.838e-23  2.332e-09  3.036e-09  4.181e-06  1.088e-05  1.142e-10  8.900e-09
-2.26643e+15  1.72798e+15  -5.06977e+14  2.89476e+15  3.05300e+04  3.53200e+02  1.53600e-01  2.45400e+03  1.460e-04  1.971e-05  1.088e-14  7.255e-14  3.914e-14  1.087e-16  3.178e-06  1.666e-16  4.571e-10  1.611e-09  9.453e-15  6.622e-11  2.534e-10  8.195e-22  1.058e-06  8.561e-10  2.834e-10  2.882e-12  4.116e-06  2.705e-09  1.759e-09  2.457e-10  2.258e-12  2.072e-14  1.461e-15  1.561e-11  7.040e-13  1.577e-07  1.843e-07  8.340e-11  2.499e-16  9.980e-20  6.680e-14  7.315e-13  2.945e-18  2.882e-12  2.834e-10  2.911e-06  9.616e-07  1.411e-04  1.095e-04  7.977e-06  1.377e-06  4.813e-09  4.741e-09  1.015e-08  2.650e-07  9.251e-23  2.456e-09  3.185e-09  4.301e-06  1.100e-05  1.189e-10  9.134e-09
-2.29945e+15  1.75174e+15  -5.15617e+14  2.93631e+15  2.93500e+04  3.46800e+02  1.51900e-01  2.45600e+03  1.460e-04  1.970e-05  1.034e-14  6.753e-14  3.409e-14  1.066e-16  3.071e-06  1.473e-16  4.328e-10  1.564e-09  9.380e-15  6.161e-11  2.441e-10  7.350e-22  1.005e-06  8.355e-10  2.834e-10  2.840e-12  4.065e-06  2.703e-09  1.691e-09  2.489e-10  2.213e-12  2.030e-14  1.435e-15  1.536e-11  6.757e-13  1.474e-07  1.724e-07  8.053e-11  2.347e-16  9.084e-20  6.151e-14  7.033e-13  2.648e-18  2.840e-12  2.834e-10  3.003e-06  9.872e-07  1.414e-04  1.101e-04  7.880e-06  1.322e-06  4.813e-09  4.750e-09  9.961e-09  2.846e-07  9.673e-23  2.584e-09  3.336e-09  4.420e-06  1.111e-05  1.237e-10  9.366e-09
-2.33246e+15  1.77550e+15  -5.23948e+14  2.97780e+15  2.82300e+04  3.40600e+02  1.45300e-01  2.45800e+03  1.459e-04  1.969e-05  9.810e-15  6.281e-14  2.963e-14  1.045e-16  2.967e-06  1.302e-16  4.094e-10  1.518e-09  9.307e-15  5.727e-11  2.352e-10  6.586e-22  9.535e-07  8.153e-10  2.833e-10  2.798e-12  4.014e-06  2.700e-09  1.624e-09  2.524e-10  2.167e-12  1.991e-14  1.410e-15  1.511e-11  6.485e-13  1.375e-07  1.610e-07  7.781e-11  2.216e-16  8.328e-20  5.658e-14  6.758e-13  2.377e-18  2.798e-12  2.833e-10  3.100e-06  1.014e-06  1.416e-04  1.108e-04  7.780e-06  1.269e-06  4.812e-09  4.759e-09  9.764e-09  3.056e-07  1.012e-22  2.715e-09  3.488e-09  4.542e-06  1.122e-05  1.288e-10  9.602e-09
-2.36548e+15  1.79895e+15  -5.32279e+14  3.01911e+15  2.71700e+04  3.34700e+02  1.44000e-01  2.45900e+03  1.458e-04  1.967e-05  9.309e-15  5.842e-14  2.574e-14  1.025e-16  2.866e-06  1.152e-16  3.872e-10  1.472e-09  9.234e-15  5.323e-11  2.268e-10  5.904e-22  9.047e-07  7.955e-10  2.830e-10  2.757e-12  3.964e-06  2.696e-09  1.559e-09  2.556e-10  2.121e-12  1.956e-14  1.386e-15  1.487e-11  6.224e-13  1.283e-07  1.504e-07  7.524e-11  2.079e-16  7.583e-20  5.203e-14  6.493e-13  2.133e-18  2.757e-12  2.830e-10  3.198e-06  1.042e-06  1.419e-04  1.114e-04  7.679e-06  1.217e-06  4.811e-09  4.768e-09  9.570e-09  3.276e-07  1.059e-22  2.848e-09  3.643e-09  4.663e-06  1.133e-05  1.340e-10  9.837e-09
-2.39850e+15  1.82271e+15  -5.40611e+14  3.06061e+15  2.61600e+04  3.28900e+02  1.41300e-01  2.46100e+03  1.457e-04  1.966e-05  8.831e-15  5.433e-14  2.234e-14  1.005e-16  2.768e-06  1.021e-16  3.660e-10  1.426e-09  9.159e-15  4.945e-11  2.188e-10  5.293e-22  8.582e-07  7.762e-10  2.826e-10  2.716e-12  3.913e-06  2.691e-09  1.497e-09  2.586e-10  2.075e-12  1.924e-14  1.362e-15  1.463e-11  5.973e-13  1.196e-07  1.404e-07  7.280e-11  1.952e-16  6.922e-20  4.783e-14  6.238e-13  1.912e-18  2.716e-12  2.826e-10  3.298e-06  1.069e-06  1.421e-04  1.120e-04  7.577e-06  1.167e-06  4.809e-09  4.776e-09  9.377e-09  3.509e-07  1.108e-22  2.985e-09  3.800e-09  4.785e-06  1.143e-05  1.394e-10  1.007e-08
-2.43151e+15  1.84616e+15  -5.49251e+14  3.10197e+15  2.52100e+04  3.23400e+02  1.40100e-01  2.46200e+03  1.456e-04  1.965e-05  8.376e-15  5.053e-14  1.938e-14  9.854e-17  2.673e-06  9.060e-17  3.460e-10  1.382e-09  9.085e-15  4.593e-11  2.112e-10  4.746e-22  8.142e-07  7.574e-10  2.820e-10  2.675e-12  3.863e-06  2.685e-09  1.437e-09  2.615e-10  2.029e-12  1.896e-14  1.339e-15  1.440e-11  5.733e-13  1.115e-07  1.310e-07  7.049e-11  1.830e-16  6.309e-20  4.396e-14  5.992e-13  1.713e-18  2.675e-12  2.820e-10  3.398e-06  1.098e-06  1.423e-04  1.126e-04  7.474e-06  1.118e-06  4.807e-09  4.784e-09  9.186e-09  3.751e-07  1.159e-22  3.124e-09  3.959e-09  4.906e-06  1.153e-05  1.448e-10  1.030e-08
-2.46422e+15  1.86961e+15  -5.57582e+14  3.14305e+15  2.43100e+04  3.18200e+02  1.39500e-01  2.46400e+03  1.455e-04  1.963e-05  7.944e-15  4.700e-14  1.682e-14  9.660e-17  2.581e-06  8.057e-17  3.269e-10  1.338e-09  9.010e-15  4.266e-11  2.040e-10  4.257e-22  7.726e-07  7.390e-10  2.813e-10  2.634e-12  3.814e-06  2.679e-09  1.379e-09  2.641e-10  1.984e-12  1.870e-14  1.316e-15  1.418e-11  5.503e-13  1.040e-07  1.222e-07  6.831e-11  1.715e-16  5.751e-20  4.040e-14  5.755e-13  1.534e-18  2.634e-12  2.813e-10  3.497e-06  1.126e-06  1.425e-04  1.132e-04  7.370e-06  1.072e-06  4.805e-09  4.791e-09  8.998e-09  4.005e-07  1.212e-22  3.266e-09  4.118e-09  5.026e-06  1.163e-05  1.502e-10  1.053e-08
-2.49724e+15  1.89337e+15  -5.65913e+14  3.18454e+15  2.34600e+04  3.13200e+02  1.38400e-01  2.46500e+03  1.454e-04  1.962e-05  7.534e-15  4.372e-14  1.458e-14  9.470e-17  2.492e-06  7.180e-17  3.088e-10  1.295e-09  8.934e-15  3.962e-11  1.971e-10  3.820e-22  7.332e-07  7.210e-10  2.804e-10  2.593e-12  3.764e-06  2.672e-09  1.324e-09  2.665e-10  1.938e-12  1.847e-14  1.293e-15  1.396e-11  5.283e-13  9.700e-08  1.140e-07  6.623e-11  1.607e-16  5.249e-20  3.712e-14  5.527e-13  1.374e-18  2.593e-12  2.804e-10  3.596e-06  1.154e-06  1.427e-04  1.138e-04  7.267e-06  1.027e-06  4.803e-09  4.798e-09  8.812e-09  4.269e-07  1.265e-22  3.411e-09  4.278e-09  5.145e-06  1.172e-05  1.556e-10  1.076e-08
-2.52995e+15  1.91651e+15  -5.74245e+14  3.22543e+15  2.26600e+04  3.08400e+02  1.36400e-01  2.46700e+03  1.453e-04  1.960e-05  7.142e-15  4.066e-14  1.264e-14  9.281e-17  2.406e-06  6.410e-17  2.917e-10  1.253e-09  8.858e-15  3.678e-11  1.906e-10  3.429e-22  6.957e-07  7.035e-10  2.795e-10  2.553e-12  3.715e-06  2.664e-09  1.271e-09  2.688e-10  1.893e-12  1.826e-14  1.271e-15  1.375e-11  5.072e-13  9.042e-08  1.063e-07  6.425e-11  1.507e-16  4.799e-20  3.410e-14  5.308e-13  1.229e-18  2.553e-12  2.795e-10  3.697e-06  1.183e-06  1.429e-04  1.143e-04  7.162e-06  9.839e-07  4.800e-09  4.805e-09  8.628e-09  4.545e-07  1.321e-22  3.558e-09  4.438e-09  5.264e-06  1.181e-05  1.612e-10  1.098e-08
-2.56296e+15  1.93997e+15  -5.82576e+14  3.26675e+15  2.19100e+04  3.03900e+02  1.33900e-01  2.46900e+03  1.452e-04  1.959e-05  6.769e-15  3.781e-14  1.095e-14  9.096e-17  2.322e-06  5.733e-17  2.754e-10  1.212e-09  8.781e-15  3.413e-11  1.843e-10  3.077e-22  6.602e-07  6.863e-10  2.784e-10  2.513e-12  3.666e-06  2.655e-09  1.219e-09  2.710e-10  1.848e-12  1.807e-14  1.248e-15  1.354e-11  4.868e-13  8.427e-08  9.907e-08  6.236e-11  1.414e-16  4.392e-20  3.131e-14  5.095e-13  1.099e-18  2.513e-12  2.784e-10  3.799e-06  1.212e-06  1.431e-04  1.149e-04  7.057e-06  9.422e-07  4.797e-09  4.811e-09  8.446e-09  4.834e-07  1.378e-22  3.707e-09  4.599e-09  5.382e-06  1.189e-05  1.669e-10  1.121e-08
-2.59567e+15  1.96342e+15  -5.90907e+14  3.30782e+15  2.12000e+04  2.99600e+02  1.34200e-01  2.47000e+03  1.451e-04  1.958e-05  6.416e-15  3.517e-14  9.480e-15  8.914e-17  2.242e-06  5.142e-17  2.599e-10  1.172e-09  8.704e-15  3.168e-11  1.784e-10  2.763e-22  6.267e-07  6.696e-10  2.771e-10  2.473e-12  3.617e-06  2.646e-09  1.170e-09  2.729e-10  1.803e-12  1.789e-14  1.226e-15  1.334e-11  4.674e-13  7.855e-08  9.233e-08  6.056e-11  1.323e-16  4.006e-20  2.875e-14  4.892e-13  9.827e-19  2.473e-12  2.771e-10  3.900e-06  1.241e-06  1.433e-04  1.154e-04  6.953e-06  9.024e-07  4.794e-09  4.818e-09  8.267e-09  5.132e-07  1.436e-22  3.859e-09  4.761e-09  5.500e-06  1.197e-05  1.726e-10  1.143e-08
-2.62869e+15  1.98687e+15  -5.99239e+14  3.34914e+15  2.05300e+04  2.95500e+02  1.33500e-01  2.47200e+03  1.450e-04  1.956e-05  6.081e-15  3.271e-14  8.209e-15  8.735e-17  2.164e-06  4.624e-17  2.453e-10  1.132e-09  8.626e-15  2.940e-11  1.727e-10  2.482e-22  5.950e-07  6.532e-10  2.758e-10  2.434e-12  3.568e-06  2.636e-09  1.123e-09  2.745e-10  1.760e-12  1.773e-14  1.204e-15  1.314e-11  4.487e-13  7.322e-08  8.604e-08  5.885e-11  1.239e-16  3.660e-20  2.639e-14  4.696e-13  8.782e-19  2.434e-12  2.758e-10  4.000e-06  1.270e-06  1.435e-04  1.159e-04  6.849e-06  8.643e-07  4.790e-09  4.823e-09  8.092e-09  5.442e-07  1.496e-22  4.013e-09  4.921e-09  5.616e-06  1.205e-05  1.783e-10  1.164e-08
-2.66140e+15  2.01001e+15  -6.07570e+14  3.39003e+15  1.99100e+04  2.91600e+02  1.29700e-01  2.47300e+03  1.449e-04  1.955e-05  5.760e-15  3.041e-14  7.100e-15  8.558e-17  2.088e-06  4.165e-17  2.314e-10  1.094e-09  8.548e-15  2.727e-11  1.673e-10  2.228e-22  5.648e-07  6.372e-10  2.743e-10  2.395e-12  3.520e-06  2.625e-09  1.077e-09  2.762e-10  1.716e-12  1.759e-14  1.182e-15  1.294e-11  4.307e-13  6.821e-08  8.012e-08  5.720e-11  1.162e-16  3.361e-20  2.422e-14  4.507e-13  7.839e-19  2.395e-12  2.743e-10  4.104e-06  1.301e-06  1.437e-04  1.165e-04  6.744e-06  8.273e-07  4.787e-09  4.829e-09  7.917e-09  5.767e-07  1.558e-22  4.170e-09  5.082e-09  5.732e-06  1.212e-05  1.841e-10  1.186e-08
-2.69441e+15  2.03346e+15  -6.15901e+14  3.43135e+15  1.93300e+04  2.88000e+02  1.28700e-01  2.47500e+03  1.447e-04  1.953e-05  5.455e-15  2.828e-14  6.139e-15  8.384e-17  2.015e-06  3.762e-17  2.182e-10  1.056e-09  8.469e-15  2.529e-11  1.621e-10  2.001e-22  5.363e-07  6.216e-10  2.727e-10  2.355e-12  3.472e-06  2.613e-09  1.033e-09  2.776e-10  1.673e-12  1.745e-14  1.160e-15  1.275e-11  4.135e-13  6.354e-08  7.459e-08  5.562e-11  1.088e-16  3.072e-20  2.222e-14  4.325e-13  6.995e-19  2.355e-12  2.727e-10  4.207e-06  1.331e-06  1.439e-04  1.170e-04  6.639e-06  7.919e-07  4.783e-09  4.834e-09  7.745e-09  6.104e-07  1.622e-22  4.328e-09  5.243e-09  5.847e-06  1.219e-05  1.900e-10  1.208e-08
-2.72743e+15  2.05660e+15  -6.24233e+14  3.47249e+15  1.87800e+04  2.84600e+02  1.25100e-01  2.47700e+03  1.446e-04  1.952e-05  5.164e-15  2.628e-14  5.301e-15  8.213e-17  1.944e-06  3.406e-17  2.057e-10  1.019e-09  8.390e-15  2.344e-11  1.571e-10  1.796e-22  5.091e-07  6.064e-10  2.710e-10  2.316e-12  3.423e-06  2.601e-09  9.911e-10  2.789e-10  1.630e-12  1.733e-14  1.139e-15  1.256e-11  3.968e-13  5.916e-08  6.940e-08  5.410e-11  1.020e-16  2.821e-20  2.037e-14  4.149e-13  6.234e-19  2.316e-12  2.710e-10  4.315e-06  1.363e-06  1.441e-04  1.175e-04  6.534e-06  7.577e-07  4.778e-09  4.839e-09  7.575e-09  6.457e-07  1.688e-22  4.489e-09  5.403e-09  5.962e-06  1.226e-05  1.961e-10  1.229e-08
-2.76014e+15  2.08006e+15  -6.32564e+14  3.51356e+15  1.82700e+04  2.81400e+02  1.23000e-01  2.47800e+03  1.445e-04  1.950e-05  4.887e-15  2.443e-14  4.575e-15  8.043e-17  1.875e-06  3.091e-17  1.938e-10  9.833e-10  8.310e-15  2.172e-11  1.524e-10  1.613e-22  4.834e-07  5.914e-10  2.691e-10  2.278e-12  3.375e-06  2.588e-09  9.502e-10  2.800e-10  1.588e-12  1.722e-14  1.117e-15  1.237e-11  3.808e-13  5.506e-08  6.454e-08  5.264e-11  9.548e-17  2.583e-20  1.867e-14  3.979e-13  5.552e-19  2.278e-12  2.691e-10  4.423e-06  1.395e-06  1.443e-04  1.180e-04  6.429e-06  7.249e-07  4.774e-09  4.844e-09  7.407e-09  6.824e-07  1.756e-22  4.652e-09  5.563e-09  6.077e-06  1.232e-05  2.023e-10  1.250e-08
-2.79316e+15  2.10320e+15  -6.40895e+14  3.55470e+15  1.77900e+04  2.78400e+02  1.21700e-01  2.48000e+03  1.444e-04  1.948e-05  4.624e-15  2.270e-14  3.947e-15  7.877e-17  1.808e-06  2.814e-17  1.825e-10  9.483e-10  8.230e-15  2.013e-11  1.478e-10  1.448e-22  4.591e-07  5.768e-10  2.671e-10  2.239e-12  3.327e-06  2.575e-09  9.110e-10  2.809e-10  1.547e-12  1.712e-14  1.096e-15  1.219e-11  3.654e-13  5.125e-08  6.001e-08  5.124e-11  8.928e-17  2.362e-20  1.711e-14  3.816e-13  4.942e-19  2.239e-12  2.671e-10  4.531e-06  1.427e-06  1.444e-04  1.185e-04  6.324e-06  6.936e-07  4.769e-09  4.849e-09  7.242e-09  7.204e-07  1.827e-22  4.818e-09  5.722e-09  6.190e-06  1.238e-05  2.085e-10  1.271e-08
-2.82617e+15  2.12634e+15  -6.49227e+14  3.59584e+15  1.73400e+04  2.75500e+02  1.21100e-01  2.48100e+03  1.442e-04  1.947e-05  4.375e-15  2.109e-14  3.405e-15  7.714e-17  1.743e-06  2.570e-17  1.718e-10  9.143e-10  8.149e-15  1.865e-11  1.435e-10  1.300e-22  4.362e-07  5.626e-10  2.651e-10  2.201e-12  3.280e-06  2.561e-09  8.733e-10  2.816e-10  1.507e-12  1.703e-14  1.074e-15  1.201e-11  3.507e-13  4.771e-08  5.578e-08  4.990e-11  8.340e-17  2.158e-20  1.568e-14  3.660e-13  4.397e-19  2.201e-12  2.651e-10  4.639e-06  1.459e-06  1.446e-04  1.190e-04  6.221e-06  6.636e-07  4.764e-09  4.853e-09  7.080e-09  7.596e-07  1.899e-22  4.985e-09  5.881e-09  6.302e-06  1.244e-05  2.147e-10  1.291e-08
-2.85919e+15  2.14979e+15  -6.57866e+14  3.63722e+15  1.69200e+04  2.72800e+02  1.20800e-01  2.48300e+03  1.441e-04  1.945e-05  4.139e-15  1.960e-14  2.937e-15  7.554e-17  1.681e-06  2.355e-17  1.618e-10  8.814e-10  8.068e-15  1.728e-11  1.394e-10  1.168e-22  4.146e-07  5.486e-10  2.629e-10  2.162e-12  3.232e-06  2.547e-09  8.372e-10  2.821e-10  1.468e-12  1.695e-14  1.053e-15  1.183e-11  3.365e-13  4.442e-08  5.185e-08  4.860e-11  7.788e-17  1.970e-20  1.437e-14  3.509e-13  3.912e-19  2.162e-12  2.629e-10  4.746e-06  1.491e-06  1.448e-04  1.195e-04  6.118e-06  6.352e-07  4.760e-09  4.857e-09  6.922e-09  8.000e-07  1.973e-22  5.154e-09  6.038e-09  6.412e-06  1.250e-05  2.208e-10  1.311e-08
-2.89221e+15  2.17293e+15  -6.66198e+14  3.67836e+15  1.65200e+04  2.70200e+02  1.19400e-01  2.48500e+03  1.440e-04  1.944e-05  3.915e-15  1.821e-14  2.532e-15  7.397e-17  1.621e-06  2.165e-17  1.523e-10  8.494e-10  7.986e-15  1.600e-11  1.354e-10  1.049e-22  3.942e-07  5.349e-10  2.607e-10  2.124e-12  3.184e-06  2.532e-09  8.024e-10  2.824e-10  1.430e-12  1.688e-14  1.031e-15  1.166e-11  3.229e-13  4.135e-08  4.818e-08  4.736e-11  7.277e-17  1.803e-20  1.317e-14  3.365e-13  3.478e-19  2.124e-12  2.607e-10  4.853e-06  1.524e-06  1.449e-04  1.200e-04  6.016e-06  6.080e-07  4.755e-09  4.861e-09  6.767e-09  8.418e-07  2.048e-22  5.326e-09  6.195e-09  6.521e-06  1.255e-05  2.271e-10  1.331e-08
-2.92522e+15  2.19639e+15  -6.74529e+14  3.71968e+15  1.61500e+04  2.67800e+02  1.18400e-01  2.48600e+03  1.439e-04  1.942e-05  3.703e-15  1.692e-14  2.183e-15  7.243e-17  1.562e-06  1.997e-17  1.433e-10  8.184e-10  7.904e-15  1.482e-11  1.315e-10  9.425e-23  3.750e-07  5.216e-10  2.583e-10  2.086e-12  3.137e-06  2.517e-09  7.691e-10  2.825e-10  1.393e-12  1.682e-14  1.010e-15  1.149e-11  3.098e-13  3.850e-08  4.476e-08  4.616e-11  6.796e-17  1.648e-20  1.206e-14  3.226e-13  3.091e-19  2.086e-12  2.583e-10  4.960e-06  1.557e-06  1.451e-04  1.204e-04  5.914e-06  5.820e-07  4.750e-09  4.865e-09  6.614e-09  8.849e-07  2.124e-22  5.499e-09  6.350e-09  6.629e-06  1.260e-05  2.333e-10  1.350e-08
-2.95824e+15  2.21953e+15  -6.83169e+14  3.76088e+15  1.58000e+04  2.65500e+02  1.18600e-01  2.48800e+03  1.437e-04  1.940e-05  3.502e-15  1.572e-14  1.882e-15  7.091e-17  1.506e-06  1.848e-17  1.349e-10  7.884e-10  7.823e-15  1.373e-11  1.279e-10  8.471e-23  3.568e-07  5.085e-10  2.559e-10  2.048e-12  3.090e-06  2.502e-09  7.371e-10  2.824e-10  1.357e-12  1.676e-14  9.885e-16  1.132e-11  2.972e-13  3.585e-08  4.158e-08  4.501e-11  6.341e-17  1.504e-20  1.105e-14  3.092e-13  2.747e-19  2.048e-12  2.559e-10  5.065e-06  1.590e-06  1.452e-04  1.209e-04  5.814e-06  5.574e-07  4.745e-09  4.869e-09  6.466e-09  9.291e-07  2.202e-22  5.674e-09  6.504e-09  6.735e-06  1.265e-05  2.394e-10  1.370e-08
-2.99156e+15  2.24298e+15  -6.91809e+14  3.80250e+15  1.54700e+04  2.63200e+02  1.17600e-01  2.48900e+03  1.436e-04  1.939e-05  3.312e-15  1.461e-14  1.623e-15  6.943e-17  1.452e-06  1.715e-17  1.269e-10  7.594e-10  7.740e-15  1.271e-11  1.244e-10  7.614e-23  3.397e-07  4.957e-10  2.534e-10  2.010e-12  3.042e-06  2.486e-09  7.064e-10  2.820e-10  1.321e-12  1.672e-14  9.672e-16  1.116e-11  2.852e-13  3.338e-08  3.861e-08  4.389e-11  5.920e-17  1.375e-20  1.013e-14  2.964e-13  2.440e-19  2.010e-12  2.534e-10  5.171e-06  1.623e-06  1.454e-04  1.213e-04  5.715e-06  5.338e-07  4.739e-09  4.873e-09  6.320e-09  9.746e-07  2.280e-22  5.851e-09  6.655e-09  6.840e-06  1.270e-05  2.456e-10  1.388e-08
-3.02458e+15  2.26643e+15  -7.00140e+14  3.84383e+15  1.51500e+04  2.61100e+02  1.13100e-01  2.49100e+03  1.435e-04  1.937e-05  3.130e-15  1.356e-14  1.397e-15  6.796e-17  1.399e-06  1.595e-17  1.193e-10  7.310e-10  7.657e-15  1.177e-11  1.210e-10  6.839e-23  3.234e-07  4.832e-10  2.508e-10  1.972e-12  2.995e-06  2.469e-09  6.767e-10  2.816e-10  1.287e-12  1.667e-14  9.461e-16  1.100e-11  2.735e-13  3.106e-08  3.583e-08  4.281e-11  5.537e-17  1.263e-20  9.272e-15  2.840e-13  2.164e-19  1.972e-12  2.508e-10  5.281e-06  1.657e-06  1.455e-04  1.218e-04  5.616e-06  5.111e-07  4.734e-09  4.876e-09  6.176e-09  1.022e-06  2.361e-22  6.030e-09  6.805e-09  6.945e-06  1.274e-05  2.520e-10  1.407e-08
-3.05791e+15  2.28988e+15  -7.08780e+14  3.88545e+15  1.48500e+04  2.59000e+02  1.15600e-01  2.49300e+03  1.433e-04  1.935e-05  2.958e-15  1.260e-14  1.204e-15  6.653e-17  1.348e-06  1.489e-17  1.122e-10  7.039e-10  7.575e-15  1.090e-11  1.177e-10  6.149e-23  3.082e-07  4.709e-10  2.481e-10  1.935e-12  2.948e-06  2.453e-09  6.484e-10  2.809e-10  1.253e-12  1.664e-14  9.250e-16  1.084e-11  2.624e-13  2.893e-08  3.326e-08  4.177e-11  5.155e-17  1.148e-20  8.493e-15  2.722e-13  1.921e-19  1.935e-12  2.481e-10  5.386e-06  1.691e-06  1.457e-04  1.222e-04  5.518e-06  4.898e-07  4.729e-09  4.879e-09  6.036e-09  1.070e-06  2.443e-22  6.210e-09  6.954e-09  7.048e-06  1.279e-05  2.581e-10  1.425e-08
-3.09185e+15  2.31302e+15  -7.17420e+14  3.92738e+15  1.45700e+04  2.57000e+02  1.10200e-01  2.49400e+03  1.432e-04  1.934e-05  2.794e-15  1.169e-14  1.036e-15  6.512e-17  1.299e-06  1.392e-17  1.054e-10  6.772e-10  7.491e-15  1.008e-11  1.146e-10  5.523e-23  2.936e-07  4.589e-10  2.453e-10  1.898e-12  2.902e-06  2.436e-09  6.210e-10  2.801e-10  1.220e-12  1.660e-14  9.042e-16  1.068e-11  2.516e-13  2.691e-08  3.085e-08  4.076e-11  4.820e-17  1.057e-20  7.774e-15  2.608e-13  1.702e-19  1.898e-12  2.453e-10  5.497e-06  1.726e-06  1.458e-04  1.227e-04  5.420e-06  4.691e-07  4.723e-09  4.883e-09  5.897e-09  1.120e-06  2.526e-22  6.392e-09  7.100e-09  7.150e-06  1.283e-05  2.646e-10  1.443e-08
-3.12579e+15  2.33648e+15  -7.26369e+14  3.96955e+15  1.43000e+04  2.55100e+02  1.09000e-01  2.49600e+03  1.430e-04  1.932e-05  2.639e-15  1.085e-14  8.913e-16  6.373e-17  1.251e-06  1.305e-17  9.898e-11  6.515e-10  7.407e-15  9.326e-12  1.116e-10  4.960e-23  2.799e-07  4.471e-10  2.425e-10  1.861e-12  2.855e-06  2.418e-09  5.946e-10  2.791e-10  1.188e-12  1.657e-14  8.835e-16  1.053e-11  2.412e-13  2.504e-08  2.860e-08  3.978e-11  4.494e-17  9.654e-21  7.114e-15  2.498e-13  1.507e-19  1.861e-12  2.425e-10  5.608e-06  1.761e-06  1.459e-04  1.231e-04  5.324e-06  4.494e-07  4.717e-09  4.886e-09  5.761e-09  1.172e-06  2.612e-22  6.575e-09  7.244e-09  7.251e-06  1.287e-05  2.710e-10  1.461e-08
-3.15665e+15  2.36023e+15  -7.35008e+14  4.00941e+15  1.40400e+04  2.53200e+02  1.07500e-01  2.49700e+03  1.429e-04  1.930e-05  2.492e-15  1.007e-14  7.667e-16  6.236e-17  1.204e-06  1.227e-17  9.293e-11  6.265e-10  7.324e-15  8.626e-12  1.086e-10  4.455e-23  2.669e-07  4.356e-10  2.396e-10  1.824e-12  2.809e-06  2.401e-09  5.693e-10  2.779e-10  1.157e-12  1.654e-14  8.630e-16  1.038e-11  2.312e-13  2.329e-08  2.650e-08  3.883e-11  4.188e-17  8.824e-21  6.510e-15  2.392e-13  1.333e-19  1.824e-12  2.396e-10  5.720e-06  1.797e-06  1.461e-04  1.235e-04  5.228e-06  4.305e-07  4.711e-09  4.889e-09  5.628e-09  1.226e-06  2.700e-22  6.759e-09  7.385e-09  7.351e-06  1.290e-05  2.775e-10  1.479e-08
-3.19059e+15  2.38369e+15  -7.43957e+14  4.05158e+15  1.37900e+04  2.51300e+02  1.06800e-01  2.49900e+03  1.427e-04  1.928e-05  2.353e-15  9.346e-15  6.596e-16  6.102e-17  1.160e-06  1.156e-17  8.724e-11  6.025e-10  7.240e-15  7.979e-12  1.058e-10  4.001e-23  2.547e-07  4.243e-10  2.367e-10  1.787e-12  2.763e-06  2.383e-09  5.450e-10  2.766e-10  1.126e-12  1.652e-14  8.426e-16  1.023e-11  2.217e-13  2.166e-08  2.456e-08  3.791e-11  3.900e-17  8.053e-21  5.957e-15  2.291e-13  1.179e-19  1.787e-12  2.367e-10  5.831e-06  1.833e-06  1.462e-04  1.240e-04  5.133e-06  4.126e-07  4.706e-09  4.892e-09  5.497e-09  1.280e-06  2.790e-22  6.945e-09  7.525e-09  7.450e-06  1.294e-05  2.840e-10  1.496e-08
-3.22453e+15  2.40714e+15  -7.52905e+14  4.09375e+15  1.35400e+04  2.49400e+02  1.06700e-01  2.50100e+03  1.426e-04  1.927e-05  2.221e-15  8.672e-15  5.677e-16  5.971e-17  1.116e-06  1.092e-17  8.188e-11  5.793e-10  7.156e-15  7.380e-12  1.031e-10  3.595e-23  2.431e-07  4.133e-10  2.337e-10  1.751e-12  2.717e-06  2.365e-09  5.217e-10  2.750e-10  1.097e-12  1.650e-14  8.224e-16  1.009e-11  2.125e-13  2.016e-08  2.276e-08  3.702e-11  3.630e-17  7.341e-21  5.452e-15  2.193e-13  1.043e-19  1.751e-12  2.337e-10  5.941e-06  1.869e-06  1.463e-04  1.244e-04  5.040e-06  3.957e-07  4.700e-09  4.894e-09  5.370e-09  1.336e-06  2.882e-22  7.132e-09  7.662e-09  7.547e-06  1.297e-05  2.904e-10  1.513e-08
-3.25848e+15  2.43059e+15  -7.61854e+14  4.13592e+15  1.33100e+04  2.47600e+02  1.06400e-01  2.50200e+03  1.424e-04  1.925e-05  2.096e-15  8.046e-15  4.888e-16  5.843e-17  1.075e-06  1.033e-17  7.685e-11  5.570e-10  7.072e-15  6.826e-12  1.005e-10  3.230e-23  2.323e-07  4.025e-10  2.307e-10  1.715e-12  2.671e-06  2.347e-09  4.994e-10  2.732e-10  1.069e-12  1.649e-14  8.024e-16  9.943e-12  2.037e-13  1.876e-08  2.108e-08  3.617e-11  3.377e-17  6.694e-21  4.990e-15  2.100e-13  9.220e-20  1.715e-12  2.307e-10  6.050e-06  1.906e-06  1.464e-04  1.248e-04  4.948e-06  3.796e-07  4.694e-09  4.897e-09  5.246e-09  1.394e-06  2.974e-22  7.319e-09  7.796e-09  7.642e-06  1.301e-05  2.968e-10  1.529e-08
-3.29242e+15  2.45435e+15  -7.70802e+14  4.17827e+15  1.30800e+04  2.45800e+02  1.05700e-01  2.50400e+03  1.423e-04  1.923e-05  1.979e-15  7.465e-15  4.211e-16  5.717e-17  1.035e-06  9.804e-18  7.211e-11  5.355e-10  6.988e-15  6.314e-12  9.794e-11  2.903e-23  2.220e-07  3.920e-10  2.276e-10  1.679e-12  2.626e-06  2.328e-09  4.780e-10  2.713e-10  1.041e-12  1.649e-14  7.827e-16  9.802e-12  1.952e-13  1.746e-08  1.953e-08  3.533e-11  3.143e-17  6.109e-21  4.568e-15  2.011e-13  8.149e-20  1.679e-12  2.276e-10  6.159e-06  1.942e-06  1.465e-04  1.252e-04  4.857e-06  3.643e-07  4.688e-09  4.900e-09  5.125e-09  1.452e-06  3.068e-22  7.507e-09  7.927e-09  7.736e-06  1.304e-05  3.031e-10  1.546e-08
-3.32327e+15  2.47780e+15  -7.79751e+14  4.21802e+15  1.28600e+04  2.44000e+02  1.04700e-01  2.50500e+03  1.421e-04  1.921e-05  1.867e-15  6.925e-15  3.628e-16  5.593e-17  9.958e-07  9.316e-18  6.764e-11  5.147e-10  6.904e-15  5.840e-12  9.548e-11  2.609e-23  2.124e-07  3.817e-10  2.245e-10  1.644e-12  2.581e-06  2.310e-09  4.574e-10  2.693e-10  1.015e-12  1.648e-14  7.632e-16  9.663e-12  1.871e-13  1.625e-08  1.808e-08  3.452e-11  2.925e-17  5.578e-21  4.181e-15  1.925e-13  7.199e-20  1.644e-12  2.245e-10  6.267e-06  1.978e-06  1.467e-04  1.256e-04  4.767e-06  3.497e-07  4.682e-09  4.902e-09  5.007e-09  1.512e-06  3.162e-22  7.696e-09  8.055e-09  7.828e-06  1.307e-05  3.095e-10  1.562e-08
-3.35722e+15  2.50156e+15  -7.88699e+14  4.26037e+15  1.26400e+04  2.42200e+02  1.03800e-01  2.50700e+03  1.420e-04  1.919e-05  1.762e-15  6.423e-15  3.128e-16  5.472e-17  9.583e-07  8.865e-18  6.344e-11  4.947e-10  6.820e-15  5.401e-12  9.310e-11  2.344e-23  2.032e-07  3.716e-10  2.214e-10  1.609e-12  2.536e-06  2.291e-09  4.377e-10  2.670e-10  9.888e-13  1.648e-14  7.440e-16  9.526e-12  1.793e-13  1.512e-08  1.674e-08  3.374e-11  2.721e-17  5.092e-21  3.827e-15  1.842e-13  6.357e-20  1.609e-12  2.214e-10  6.375e-06  2.015e-06  1.468e-04  1.260e-04  4.679e-06  3.357e-07  4.676e-09  4.905e-09  4.891e-09  1.574e-06  3.258e-22  7.885e-09  8.180e-09  7.919e-06  1.309e-05  3.159e-10  1.577e-08
-3.39116e+15  2.52532e+15  -7.97956e+14  4.30278e+15  1.24300e+04  2.40400e+02  1.00800e-01  2.50800e+03  1.418e-04  1.918e-05  1.662e-15  5.956e-15  2.696e-16  5.353e-17  9.220e-07  8.443e-18  5.946e-11  4.752e-10  6.736e-15  4.994e-12  9.078e-11  2.106e-23  1.945e-07  3.617e-10  2.182e-10  1.575e-12  2.492e-06  2.273e-09  4.188e-10  2.647e-10  9.634e-13  1.647e-14  7.251e-16  9.391e-12  1.718e-13  1.406e-08  1.549e-08  3.297e-11  2.533e-17  4.664e-21  3.503e-15  1.763e-13  5.607e-20  1.575e-12  2.182e-10  6.487e-06  2.053e-06  1.469e-04  1.264e-04  4.591e-06  3.223e-07  4.670e-09  4.907e-09  4.777e-09  1.638e-06  3.355e-22  8.075e-09  8.302e-09  8.010e-06  1.312e-05  3.224e-10  1.593e-08
-3.42510e+15  2.54908e+15  -8.07213e+14  4.34519e+15  1.22300e+04  2.38600e+02  9.94800e-02  2.51000e+03  1.416e-04  1.916e-05  1.567e-15  5.521e-15  2.325e-16  5.236e-17  8.868e-07  8.050e-18  5.571e-11  4.565e-10  6.652e-15  4.616e-12  8.854e-11  1.891e-23  1.863e-07  3.520e-10  2.150e-10  1.541e-12  2.448e-06  2.254e-09  4.005e-10  2.622e-10  9.388e-13  1.647e-14  7.065e-16  9.257e-12  1.646e-13  1.307e-08  1.433e-08  3.223e-11  2.356e-17  4.259e-21  3.205e-15  1.687e-13  4.942e-20  1.541e-12  2.150e-10  6.599e-06  2.092e-06  1.470e-04  1.268e-04  4.504e-06  3.096e-07  4.664e-09  4.909e-09  4.665e-09  1.703e-06  3.455e-22  8.264e-09  8.420e-09  8.099e-06  1.315e-05  3.290e-10  1.608e-08
-3.45904e+15  2.57284e+15  -8.16470e+14  4.38761e+15  1.20200e+04  2.36800e+02  9.83200e-02  2.51200e+03  1.415e-04  1.914e-05  1.477e-15  5.118e-15  2.006e-16  5.121e-17  8.529e-07  7.683e-18  5.219e-11  4.384e-10  6.569e-15  4.267e-12  8.636e-11  1.699e-23  1.786e-07  3.426e-10  2.118e-10  1.507e-12  2.404e-06  2.235e-09  3.831e-10  2.596e-10  9.149e-13  1.647e-14  6.882e-16  9.124e-12  1.577e-13  1.216e-08  1.325e-08  3.151e-11  2.189e-17  3.888e-21  2.933e-15  1.614e-13  4.354e-20  1.507e-12  2.118e-10  6.711e-06  2.130e-06  1.471e-04  1.271e-04  4.419e-06  2.974e-07  4.658e-09  4.911e-09  4.556e-09  1.770e-06  3.556e-22  8.454e-09  8.535e-09  8.187e-06  1.317e-05  3.356e-10  1.623e-08
-3.49299e+15  2.59660e+15  -8.25727e+14  4.43002e+15  1.18200e+04  2.35100e+02  9.73300e-02  2.51300e+03  1.413e-04  1.912e-05  1.393e-15  4.743e-15  1.733e-16  5.008e-17  8.202e-07  7.341e-18  4.888e-11  4.210e-10  6.485e-15  3.945e-12  8.424e-11  1.526e-23  1.713e-07  3.334e-10  2.085e-10  1.474e-12  2.361e-06  2.215e-09  3.663e-10  2.568e-10  8.917e-13  1.647e-14  6.702e-16  8.994e-12  1.510e-13  1.130e-08  1.225e-08  3.081e-11  2.034e-17  3.548e-21  2.684e-15  1.544e-13  3.834e-20  1.474e-12  2.085e-10  6.824e-06  2.169e-06  1.472e-04  1.275e-04  4.334e-06  2.858e-07  4.651e-09  4.914e-09  4.450e-09  1.838e-06  3.660e-22  8.643e-09  8.647e-09  8.274e-06  1.320e-05  3.422e-10  1.638e-08
-3.52693e+15  2.62036e+15  -8.34984e+14  4.47244e+15  1.16300e+04  2.33300e+02  9.65500e-02  2.51500e+03  1.411e-04  1.910e-05  1.313e-15  4.395e-15  1.499e-16  4.898e-17  7.886e-07  7.020e-18  4.576e-11  4.042e-10  6.402e-15  3.647e-12  8.218e-11  1.370e-23  1.643e-07  3.244e-10  2.053e-10  1.441e-12  2.318e-06  2.196e-09  3.502e-10  2.540e-10  8.693e-13  1.647e-14  6.526e-16  8.865e-12  1.446e-13  1.051e-08  1.132e-08  3.012e-11  1.889e-17  3.236e-21  2.457e-15  1.477e-13  3.375e-20  1.441e-12  2.053e-10  6.936e-06  2.209e-06  1.473e-04  1.279e-04  4.251e-06  2.747e-07  4.645e-09  4.916e-09  4.346e-09  1.908e-06  3.765e-22  8.832e-09  8.755e-09  8.359e-06  1.322e-05  3.488e-10  1.652e-08
-3.56087e+15  2.64412e+15  -8.44550e+14  4.51491e+15  1.14400e+04  2.31600e+02  9.61900e-02  2.51600e+03  1.410e-04  1.908e-05  1.237e-15  4.073e-15  1.298e-16  4.790e-17  7.582e-07  6.719e-18  4.284e-11  3.881e-10  6.319e-15  3.371e-12  8.018e-11  1.231e-23  1.578e-07  3.156e-10  2.020e-10  1.409e-12  2.276e-06  2.177e-09  3.348e-10  2.510e-10  8.476e-13  1.647e-14  6.353e-16  8.738e-12  1.385e-13  9.770e-09  1.046e-08  2.946e-11  1.754e-17  2.950e-21  2.249e-15  1.412e-13  2.970e-20  1.409e-12  2.020e-10  7.047e-06  2.248e-06  1.474e-04  1.283e-04  4.169e-06  2.642e-07  4.639e-09  4.918e-09  4.244e-09  1.979e-06  3.871e-22  9.021e-09  8.859e-09  8.443e-06  1.324e-05  3.554e-10  1.666e-08
-3.59173e+15  2.66788e+15  -8.53807e+14  4.55489e+15  1.12500e+04  2.29800e+02  9.58000e-02  2.51800e+03  1.408e-04  1.906e-05  1.166e-15  3.774e-15  1.127e-16  4.684e-17  7.288e-07  6.436e-18  4.010e-11  3.726e-10  6.236e-15  3.117e-12  7.823e-11  1.106e-23  1.516e-07  3.070e-10  1.988e-10  1.377e-12  2.234e-06  2.158e-09  3.201e-10  2.479e-10  8.266e-13  1.647e-14  6.183e-16  8.612e-12  1.326e-13  9.085e-09  9.665e-09  2.882e-11  1.628e-17  2.690e-21  2.060e-15  1.351e-13  2.613e-20  1.377e-12  1.988e-10  7.157e-06  2.288e-06  1.475e-04  1.287e-04  4.088e-06  2.542e-07  4.632e-09  4.920e-09  4.145e-09  2.052e-06  3.979e-22  9.209e-09  8.960e-09  8.525e-06  1.326e-05  3.619e-10  1.680e-08
-3.62567e+15  2.69164e+15  -8.63373e+14  4.59737e+15  1.10600e+04  2.28100e+02  9.57300e-02  2.52000e+03  1.406e-04  1.904e-05  1.099e-15  3.497e-15  9.795e-17  4.580e-17  7.006e-07  6.170e-18  3.753e-11  3.577e-10  6.154e-15  2.882e-12  7.634e-11  9.936e-24  1.458e-07  2.987e-10  1.955e-10  1.345e-12  2.193e-06  2.139e-09  3.060e-10  2.447e-10  8.063e-13  1.648e-14  6.016e-16  8.488e-12  1.270e-13  8.449e-09  8.930e-09  2.819e-11  1.512e-17  2.451e-21  1.887e-15  1.292e-13  2.298e-20  1.345e-12  1.955e-10  7.265e-06  2.327e-06  1.476e-04  1.290e-04  4.009e-06  2.446e-07  4.626e-09  4.922e-09  4.049e-09  2.126e-06  4.088e-22  9.396e-09  9.057e-09  8.606e-06  1.328e-05  3.685e-10  1.694e-08
-3.65961e+15  2.71570e+15  -8.72938e+14  4.64003e+15  1.08800e+04  2.26400e+02  9.50400e-02  2.52100e+03  1.404e-04  1.902e-05  1.035e-15  3.240e-15  8.533e-17  4.479e-17  6.734e-07  5.916e-18  3.511e-11  3.434e-10  6.072e-15  2.665e-12  7.449e-11  8.928e-24  1.403e-07  2.905e-10  1.923e-10  1.315e-12  2.152e-06  2.119e-09  2.925e-10  2.414e-10  7.866e-13  1.648e-14  5.853e-16  8.365e-12  1.216e-13  7.857e-09  8.249e-09  2.758e-11  1.403e-17  2.236e-21  1.728e-15  1.235e-13  2.020e-20  1.315e-12  1.923e-10  7.373e-06  2.367e-06  1.477e-04  1.294e-04  3.931e-06  2.355e-07  4.619e-09  4.923e-09  3.954e-09  2.201e-06  4.197e-22  9.583e-09  9.150e-09  8.685e-06  1.330e-05  3.751e-10  1.707e-08
-3.69356e+15  2.73946e+15  -8.82504e+14  4.68250e+15  1.07000e+04  2.24700e+02  9.28300e-02  2.52300e+03  1.403e-04  1.900e-05  9.749e-16  3.001e-15  7.446e-17  4.379e-17  6.470e-07  5.673e-18  3.284e-11  3.296e-10  5.990e-15  2.464e-12  7.270e-11  8.020e-24  1.350e-07  2.826e-10  1.890e-10  1.284e-12  2.111e-06  2.100e-09  2.795e-10  2.380e-10  7.673e-13  1.648e-14  5.694e-16  8.243e-12  1.164e-13  7.303e-09  7.616e-09  2.699e-11  1.303e-17  2.046e-21  1.583e-15  1.181e-13  1.775e-20  1.284e-12  1.890e-10  7.484e-06  2.407e-06  1.478e-04  1.297e-04  3.854e-06  2.268e-07  4.613e-09  4.925e-09  3.862e-09  2.279e-06  4.308e-22  9.768e-09  9.240e-09  8.764e-06  1.332e-05  3.818e-10  1.720e-08
-3.72750e+15  2.76353e+15  -8.92069e+14  4.72516e+15  1.05200e+04  2.23000e+02  9.17700e-02  2.52400e+03  1.401e-04  1.898e-05  9.181e-16  2.780e-15  6.513e-17  4.281e-17  6.216e-07  5.440e-18  3.071e-11  3.163e-10  5.909e-15  2.279e-12  7.094e-11  7.203e-24  1.301e-07  2.748e-10  1.858e-10  1.255e-12  2.071e-06  2.081e-09  2.671e-10  2.346e-10  7.486e-13  1.648e-14  5.538e-16  8.122e-12  1.115e-13  6.788e-09  7.030e-09  2.641e-11  1.210e-17  1.868e-21  1.451e-15  1.129e-13  1.558e-20  1.255e-12  1.858e-10  7.594e-06  2.448e-06  1.479e-04  1.301e-04  3.778e-06  2.184e-07  4.606e-09  4.927e-09  3.772e-09  2.358e-06  4.420e-22  9.953e-09  9.325e-09  8.841e-06  1.334e-05  3.885e-10  1.733e-08
-3.76144e+15  2.78729e+15  -9.01944e+14  4.76770e+15  1.03400e+04  2.21300e+02  9.05300e-02  2.52600e+03  1.399e-04  1.896e-05  8.645e-16  2.574e-15  5.712e-17  4.185e-17  5.971e-07  5.217e-18  2.870e-11  3.035e-10  5.828e-15  2.107e-12  6.924e-11  6.469e-24  1.253e-07  2.672e-10  1.825e-10  1.225e-12  2.032e-06  2.061e-09  2.552e-10  2.311e-10  7.305e-13  1.648e-14  5.385e-16  8.002e-12  1.067e-13  6.307e-09  6.487e-09  2.585e-11  1.123e-17  1.705e-21  1.329e-15  1.079e-13  1.367e-20  1.225e-12  1.825e-10  7.705e-06  2.489e-06  1.479e-04  1.305e-04  3.703e-06  2.104e-07  4.600e-09  4.929e-09  3.683e-09  2.439e-06  4.534e-22  1.014e-08  9.407e-09  8.918e-06  1.335e-05  3.952e-10  1.746e-08
-3.79538e+15  2.81136e+15  -9.11509e+14  4.81036e+15  1.01700e+04  2.19600e+02  8.94300e-02  2.52800e+03  1.397e-04  1.894e-05  8.138e-16  2.384e-15  5.024e-17  4.091e-17  5.735e-07  5.003e-18  2.682e-11  2.912e-10  5.747e-15  1.949e-12  6.757e-11  5.809e-24  1.209e-07  2.598e-10  1.793e-10  1.196e-12  1.993e-06  2.042e-09  2.438e-10  2.275e-10  7.128e-13  1.647e-14  5.236e-16  7.883e-12  1.021e-13  5.860e-09  5.984e-09  2.530e-11  1.042e-17  1.557e-21  1.218e-15  1.031e-13  1.199e-20  1.196e-12  1.793e-10  7.817e-06  2.531e-06  1.480e-04  1.308e-04  3.629e-06  2.028e-07  4.593e-09  4.931e-09  3.597e-09  2.521e-06  4.649e-22  1.032e-08  9.485e-09  8.993e-06  1.337e-05  4.021e-10  1.759e-08
-3.82933e+15  2.83512e+15  -9.21383e+14  4.85290e+15  1.00000e+04  2.18000e+02  8.86700e-02  2.52900e+03  1.395e-04  1.892e-05  7.660e-16  2.207e-15  4.432e-17  3.999e-17  5.508e-07  4.799e-18  2.506e-11  2.793e-10  5.667e-15  1.802e-12  6.595e-11  5.216e-24  1.166e-07  2.526e-10  1.761e-10  1.168e-12  1.954e-06  2.023e-09  2.328e-10  2.239e-10  6.957e-13  1.647e-14  5.091e-16  7.766e-12  9.773e-14  5.444e-09  5.520e-09  2.477e-11  9.668e-18  1.420e-21  1.117e-15  9.849e-14  1.051e-20  1.168e-12  1.761e-10  7.928e-06  2.573e-06  1.481e-04  1.312e-04  3.556e-06  1.955e-07  4.586e-09  4.932e-09  3.513e-09  2.606e-06  4.766e-22  1.050e-08  9.559e-09  9.066e-06  1.339e-05  4.089e-10  1.771e-08
-3.86018e+15  2.85919e+15  -9.30949e+14  4.89312e+15  9.83300e+03  2.16300e+02  8.82800e-02  2.53100e+03  1.393e-04  1.890e-05  7.210e-16  2.043e-15  3.925e-17  3.909e-17  5.289e-07  4.604e-18  2.341e-11  2.680e-10  5.588e-15  1.667e-12  6.436e-11  4.685e-24  1.126e-07  2.456e-10  1.729e-10  1.141e-12  1.916e-06  2.003e-09  2.224e-10  2.202e-10  6.792e-13  1.646e-14  4.949e-16  7.650e-12  9.353e-14  5.058e-09  5.090e-09  2.425e-11  8.969e-18  1.295e-21  1.024e-15  9.410e-14  9.214e-21  1.141e-12  1.729e-10  8.038e-06  2.615e-06  1.482e-04  1.315e-04  3.485e-06  1.885e-07  4.580e-09  4.934e-09  3.431e-09  2.691e-06  4.884e-22  1.068e-08  9.629e-09  9.139e-06  1.340e-05  4.158e-10  1.783e-08
-3.89413e+15  2.88326e+15  -9.40823e+14  4.93584e+15  9.66900e+03  2.14700e+02  8.79300e-02  2.53200e+03  1.391e-04  1.888e-05  6.786e-16  1.892e-15  3.489e-17  3.820e-17  5.078e-07  4.417e-18  2.186e-11  2.571e-10  5.509e-15  1.543e-12  6.282e-11  4.207e-24  1.088e-07  2.388e-10  1.697e-10  1.113e-12  1.879e-06  1.984e-09  2.123e-10  2.165e-10  6.632e-13  1.645e-14  4.810e-16  7.535e-12  8.951e-14  4.699e-09  4.693e-09  2.374e-11  8.321e-18  1.180e-21  9.397e-16  8.991e-14  8.073e-21  1.113e-12  1.697e-10  8.147e-06  2.657e-06  1.483e-04  1.318e-04  3.414e-06  1.818e-07  4.573e-09  4.935e-09  3.351e-09  2.778e-06  5.004e-22  1.085e-08  9.696e-09  9.210e-06  1.342e-05  4.226e-10  1.795e-08
-3.92807e+15  2.90733e+15  -9.50697e+14  4.97856e+15  9.50800e+03  2.13100e+02  8.69600e-02  2.53400e+03  1.390e-04  1.886e-05  6.385e-16  1.751e-15  3.114e-17  3.734e-17  4.875e-07  4.238e-18  2.041e-11  2.466e-10  5.431e-15  1.428e-12  6.131e-11  3.778e-24  1.052e-07  2.322e-10  1.665e-10  1.087e-12  1.842e-06  1.965e-09  2.028e-10  2.127e-10  6.477e-13  1.645e-14  4.675e-16  7.421e-12  8.565e-14  4.366e-09  4.327e-09  2.325e-11  7.721e-18  1.077e-21  8.623e-16  8.589e-14  7.070e-21  1.087e-12  1.665e-10  8.256e-06  2.700e-06  1.483e-04  1.322e-04  3.345e-06  1.754e-07  4.566e-09  4.937e-09  3.273e-09  2.867e-06  5.124e-22  1.103e-08  9.758e-09  9.280e-06  1.343e-05  4.295e-10  1.806e-08
-3.96201e+15  2.93109e+15  -9.60571e+14  5.02110e+15  9.35000e+03  2.11500e+02  8.75400e-02  2.53600e+03  1.388e-04  1.883e-05  6.009e-16  1.621e-15  2.792e-17  3.649e-17  4.680e-07  4.067e-18  1.906e-11  2.366e-10  5.353e-15  1.322e-12  5.984e-11  3.394e-24  1.018e-07  2.257e-10  1.634e-10  1.061e-12  1.805e-06  1.946e-09  1.936e-10  2.089e-10  6.327e-13  1.644e-14  4.543e-16  7.308e-12  8.196e-14  4.057e-09  3.989e-09  2.277e-11  7.162e-18  9.809e-22  7.917e-16  8.204e-14  6.192e-21  1.061e-12  1.634e-10  8.363e-06  2.742e-06  1.484e-04  1.325e-04  3.278e-06  1.694e-07  4.559e-09  4.938e-09  3.197e-09  2.957e-06  5.244e-22  1.120e-08  9.817e-09  9.348e-06  1.345e-05  4.363e-10  1.817e-08
-3.99595e+15  2.95515e+15  -9.70446e+14  5.06383e+15  9.19500e+03  2.09900e+02  8.61300e-02  2.53700e+03  1.386e-04  1.881e-05  5.654e-16  1.501e-15  2.514e-17  3.566e-17  4.492e-07  3.902e-18  1.779e-11  2.269e-10  5.276e-15  1.224e-12  5.840e-11  3.048e-24  9.856e-08  2.194e-10  1.603e-10  1.035e-12  1.770e-06  1.927e-09  1.848e-10  2.051e-10  6.182e-13  1.643e-14  4.415e-16  7.196e-12  7.842e-14  3.769e-09  3.676e-09  2.230e-11  6.648e-18  8.960e-22  7.270e-16  7.836e-14  5.419e-21  1.035e-12  1.603e-10  8.470e-06  2.785e-06  1.485e-04  1.329e-04  3.211e-06  1.635e-07  4.553e-09  4.940e-09  3.122e-09  3.049e-06  5.366e-22  1.138e-08  9.872e-09  9.416e-06  1.346e-05  4.433e-10  1.829e-08
-4.02989e+15  2.97922e+15  -9.80320e+14  5.10655e+15  9.04300e+03  2.08400e+02  8.49300e-02  2.53900e+03  1.384e-04  1.879e-05  5.318e-16  1.389e-15  2.273e-17  3.485e-17  4.311e-07  3.742e-18  1.660e-11  2.176e-10  5.199e-15  1.133e-12  5.700e-11  2.738e-24  9.546e-08  2.132e-10  1.572e-10  1.010e-12  1.734e-06  1.908e-09  1.765e-10  2.013e-10  6.040e-13  1.641e-14  4.289e-16  7.086e-12  7.503e-14  3.501e-09  3.387e-09  2.184e-11  6.172e-18  8.182e-22  6.678e-16  7.484e-14  4.741e-21  1.010e-12  1.572e-10  8.578e-06  2.829e-06  1.485e-04  1.332e-04  3.145e-06  1.579e-07  4.546e-09  4.941e-09  3.050e-09  3.143e-06  5.488e-22  1.155e-08  9.923e-09  9.482e-06  1.347e-05  4.502e-10  1.839e-08
-4.06384e+15  3.00329e+15  -9.90194e+14  5.14927e+15  8.89500e+03  2.06800e+02  8.38500e-02  2.54000e+03  1.382e-04  1.877e-05  5.002e-16  1.285e-15  2.064e-17  3.405e-17  4.136e-07  3.589e-18  1.549e-11  2.087e-10  5.123e-15  1.050e-12  5.563e-11  2.458e-24  9.251e-08  2.073e-10  1.542e-10  9.854e-13  1.699e-06  1.889e-09  1.684e-10  1.974e-10  5.902e-13  1.640e-14  4.167e-16  6.976e-12  7.177e-14  3.252e-09  3.119e-09  2.140e-11  5.730e-18  7.470e-22  6.135e-16  7.146e-14  4.145e-21  9.854e-13  1.542e-10  8.686e-06  2.872e-06  1.486e-04  1.335e-04  3.081e-06  1.526e-07  4.539e-09  4.943e-09  2.979e-09  3.238e-06  5.611e-22  1.171e-08  9.971e-09  9.548e-06  1.348e-05  4.573e-10  1.850e-08
-4.09778e+15  3.02736e+15  -1.00007e+15  5.19200e+15  8.74900e+03  2.05300e+02  8.30000e-02  2.54200e+03  1.380e-04  1.875e-05  4.704e-16  1.189e-15  1.883e-17  3.327e-17  3.968e-07  3.441e-18  1.444e-11  2.001e-10  5.048e-15  9.729e-13  5.430e-11  2.207e-24  8.971e-08  2.014e-10  1.511e-10  9.613e-13  1.665e-06  1.870e-09  1.607e-10  1.936e-10  5.769e-13  1.638e-14  4.048e-16  6.867e-12  6.866e-14  3.020e-09  2.872e-09  2.096e-11  5.320e-18  6.817e-22  5.639e-16  6.823e-14  3.622e-21  9.613e-13  1.511e-10  8.795e-06  2.917e-06  1.487e-04  1.339e-04  3.017e-06  1.474e-07  4.532e-09  4.944e-09  2.910e-09  3.335e-06  5.735e-22  1.188e-08  1.002e-08  9.612e-06  1.350e-05  4.644e-10  1.861e-08
-4.13172e+15  3.05112e+15  -1.01025e+15  5.23460e+15  8.60600e+03  2.03800e+02  8.19300e-02  2.54400e+03  1.378e-04  1.873e-05  4.423e-16  1.100e-15  1.726e-17  3.251e-17  3.807e-07  3.298e-18  1.347e-11  1.919e-10  4.973e-15  9.017e-13  5.299e-11  1.981e-24  8.703e-08  1.958e-10  1.481e-10  9.378e-13  1.631e-06  1.851e-09  1.534e-10  1.897e-10  5.640e-13  1.636e-14  3.933e-16  6.759e-12  6.567e-14  2.804e-09  2.644e-09  2.054e-11  4.940e-18  6.222e-22  5.184e-16  6.514e-14  3.164e-21  9.378e-13  1.481e-10  8.904e-06  2.961e-06  1.487e-04  1.342e-04  2.955e-06  1.425e-07  4.525e-09  4.945e-09  2.842e-09  3.433e-06  5.860e-22  1.204e-08  1.006e-08  9.675e-06  1.351e-05  4.715e-10  1.871e-08
-4.16258e+15  3.07519e+15  -1.02013e+15  5.27489e+15  8.46600e+03  2.02300e+02  8.11300e-02  2.54500e+03  1.376e-04  1.870e-05  4.158e-16  1.018e-15  1.589e-17  3.176e-17  3.651e-07  3.161e-18  1.255e-11  1.840e-10  4.898e-15  8.360e-13  5.172e-11  1.779e-24  8.449e-08  1.903e-10  1.452e-10  9.147e-13  1.598e-06  1.833e-09  1.463e-10  1.858e-10  5.514e-13  1.634e-14  3.820e-16  6.652e-12  6.281e-14  2.603e-09  2.434e-09  2.012e-11  4.588e-18  5.677e-22  4.768e-16  6.218e-14  2.763e-21  9.147e-13  1.452e-10  9.013e-06  3.006e-06  1.488e-04  1.345e-04  2.893e-06  1.377e-07  4.517e-09  4.947e-09  2.776e-09  3.534e-06  5.986e-22  1.221e-08  1.009e-08  9.737e-06  1.352e-05  4.786e-10  1.881e-08
-4.19652e+15  3.09802e+15  -1.03031e+15  5.31696e+15  8.33000e+03  2.00900e+02  8.04000e-02  2.54700e+03  1.374e-04  1.868e-05  3.909e-16  9.418e-16  1.470e-17  3.102e-17  3.501e-07  3.029e-18  1.170e-11  1.764e-10  4.825e-15  7.754e-13  5.047e-11  1.597e-24  8.206e-08  1.849e-10  1.422e-10  8.921e-13  1.566e-06  1.814e-09  1.396e-10  1.820e-10  5.393e-13  1.632e-14  3.710e-16  6.547e-12  6.006e-14  2.417e-09  2.240e-09  1.972e-11  4.262e-18  5.178e-22  4.387e-16  5.935e-14  2.411e-21  8.921e-13  1.422e-10  9.121e-06  3.051e-06  1.488e-04  1.348e-04  2.833e-06  1.332e-07  4.510e-09  4.948e-09  2.712e-09  3.636e-06  6.112e-22  1.237e-08  1.013e-08  9.798e-06  1.353e-05  4.858e-10  1.891e-08
-4.23046e+15  3.12271e+15  -1.04018e+15  5.36005e+15  8.19600e+03  1.99400e+02  8.01800e-02  2.54800e+03  1.372e-04  1.866e-05  3.674e-16  8.712e-16  1.366e-17  3.030e-17  3.358e-07  2.902e-18  1.090e-11  1.691e-10  4.752e-15  7.196e-13  4.926e-11  1.433e-24  7.975e-08  1.797e-10  1.393e-10  8.701e-13  1.533e-06  1.795e-09  1.332e-10  1.781e-10  5.276e-13  1.629e-14  3.603e-16  6.442e-12  5.744e-14  2.245e-09  2.061e-09  1.932e-11  3.960e-18  4.719e-22  4.039e-16  5.665e-14  2.104e-21  8.701e-13  1.393e-10  9.228e-06  3.097e-06  1.489e-04  1.352e-04  2.773e-06  1.289e-07  4.503e-09  4.949e-09  2.649e-09  3.739e-06  6.240e-22  1.252e-08  1.016e-08  9.858e-06  1.354e-05  4.931e-10  1.901e-08
