# Collapse Model Output 
 
# Orich/ev_output/ev_4001398.dat in GNUPLOT format produced by evolve_output.pl 
 
X                 Y                 Z                 R                 DENSITY           TEMP              AV                TIME              CO                N2                CH4               NH3               H2S               HCP               H2O               C2H2              HCN               CS                SiC2              HCl               HF                C2H4              SiO               SiS               SiN               SiC               OH                CN                SiOH+             HCO+              CH                CH2               CH3               NH                NH2               SO                SO2               HS                HCNH+             NH4+              H2CO              H2CS              CH3CN             SiC               SiN               C                 N                 H                 O                 S                 Si                Cl                F                 P                 C+                N+                H+                O+                S+                Si+               Cl+               P+              
#  (CM)              (CM)              (CM)              (CM)              (CM-3)            (K)               (MAG)             (YR)              (wrt              Hnuc)           
 
4.39400e+13  -3.81698e+13  -1.27562e+14  1.40213e+14  7.98200e+06  6.38800e+02  1.40700e+00  2.46700e+03  1.474e-04  2.014e-05  2.193e-21  4.126e-13  5.040e-15  1.926e-18  2.118e-06  3.114e-22  5.096e-09  3.134e-12  2.373e-23  3.957e-09  4.683e-09  5.822e-30  1.257e-05  4.555e-10  7.599e-13  7.273e-20  5.499e-08  6.843e-12  1.394e-09  6.223e-13  1.417e-16  1.842e-17  7.865e-21  2.181e-13  1.127e-15  3.834e-06  2.696e-06  5.314e-12  7.277e-16  1.783e-17  7.809e-18  4.838e-17  8.015e-18  7.273e-20  7.599e-13  9.601e-11  5.184e-08  1.029e-05  9.196e-05  6.102e-06  3.011e-07  1.043e-09  2.207e-10  1.897e-08  1.606e-15  1.952e-29  3.719e-18  1.980e-17  1.016e-08  7.102e-08  4.033e-16  1.354e-11
6.32255e+13  -1.98131e+13  -1.62985e+14  1.75938e+14  1.22000e+07  2.08300e+03  9.19600e-01  2.46900e+03  1.471e-04  2.014e-05  7.215e-16  4.486e-13  8.360e-11  2.237e-18  1.258e-05  4.464e-18  4.155e-09  5.777e-12  2.164e-20  3.364e-09  4.837e-09  4.721e-24  1.251e-05  4.528e-10  1.940e-12  1.308e-15  1.391e-05  1.394e-10  8.107e-09  1.643e-11  1.653e-12  7.227e-13  2.806e-14  1.231e-10  3.141e-12  3.826e-06  5.228e-06  6.583e-08  2.759e-14  2.099e-16  5.468e-14  9.949e-15  8.702e-18  1.308e-15  1.940e-12  2.167e-10  3.557e-08  7.271e-05  4.495e-05  3.498e-06  1.853e-07  1.636e-09  7.778e-11  1.896e-08  6.726e-15  2.039e-26  7.117e-16  7.365e-16  4.185e-09  5.060e-08  4.698e-15  1.051e-11
7.00140e+13  -7.60311e+12  -1.84061e+14  1.97074e+14  1.16800e+07  2.03500e+03  7.73100e-01  2.47000e+03  1.468e-04  2.014e-05  6.573e-16  4.116e-13  2.297e-11  3.657e-18  1.815e-05  1.414e-17  3.704e-09  1.369e-11  7.815e-20  2.479e-09  4.855e-09  1.179e-23  1.237e-05  4.510e-10  3.811e-12  1.885e-15  1.122e-05  1.578e-10  8.937e-09  3.760e-11  2.878e-12  9.051e-13  3.188e-14  8.624e-11  2.295e-12  3.064e-06  7.266e-06  3.412e-08  8.814e-14  2.621e-16  4.382e-14  1.761e-14  1.024e-17  1.885e-15  3.811e-12  5.467e-10  2.582e-08  9.253e-05  3.295e-05  2.257e-06  1.642e-07  2.521e-09  7.293e-11  1.894e-08  2.312e-14  1.398e-26  2.765e-15  2.962e-15  3.951e-09  3.658e-08  1.703e-14  1.313e-11
7.45808e+13  2.21397e+12  -2.05907e+14  2.19009e+14  9.52500e+06  1.77000e+03  6.45900e-01  2.47200e+03  1.467e-04  2.014e-05  4.897e-16  3.608e-13  5.336e-12  7.065e-18  2.004e-05  2.785e-17  3.526e-09  3.352e-11  2.056e-19  2.145e-09  4.845e-09  1.538e-23  1.221e-05  4.491e-10  6.692e-12  2.264e-15  8.317e-06  1.260e-10  9.321e-09  7.088e-11  3.228e-12  8.000e-13  1.765e-14  4.149e-11  1.140e-12  2.630e-06  8.208e-06  1.144e-08  1.615e-13  2.136e-16  3.594e-14  2.087e-14  1.353e-17  2.264e-15  6.692e-12  1.573e-09  2.256e-08  9.840e-05  2.996e-05  1.772e-06  2.193e-07  2.855e-09  8.680e-11  1.892e-08  1.110e-13  8.422e-27  1.028e-14  1.127e-14  5.621e-09  3.939e-08  4.212e-14  2.110e-11
7.67717e+13  8.28813e+12  -2.23341e+14  2.36313e+14  7.99600e+06  1.60200e+03  6.04100e-01  2.47300e+03  1.465e-04  2.014e-05  3.880e-16  3.245e-13  1.826e-12  1.280e-17  2.078e-05  4.477e-17  3.414e-09  5.851e-11  4.641e-19  1.982e-09  4.819e-09  1.654e-23  1.207e-05  4.469e-10  9.177e-12  2.751e-15  6.546e-06  1.128e-10  9.912e-09  9.170e-11  2.713e-12  5.843e-13  1.002e-14  2.684e-11  6.170e-13  2.415e-06  8.650e-06  5.167e-09  1.814e-13  1.664e-16  2.933e-14  2.222e-14  1.882e-17  2.751e-15  9.177e-12  2.656e-09  2.193e-08  1.010e-04  2.887e-05  1.552e-06  2.838e-07  3.017e-09  1.111e-10  1.891e-08  2.416e-13  6.614e-27  1.949e-14  2.154e-14  7.118e-09  4.699e-08  6.415e-14  2.708e-11
7.76665e+13  9.65509e+12  -2.36147e+14  2.48778e+14  6.83300e+06  1.46800e+03  5.74400e-01  2.47500e+03  1.464e-04  2.014e-05  3.269e-16  2.999e-13  7.654e-13  2.015e-17  2.104e-05  5.864e-17  3.332e-09  8.852e-11  8.319e-19  1.883e-09  4.782e-09  1.617e-23  1.195e-05  4.445e-10  1.156e-11  3.061e-15  5.310e-06  1.110e-10  1.048e-08  1.100e-10  2.078e-12  3.967e-13  5.395e-15  1.960e-11  3.662e-13  2.318e-06  8.846e-06  2.655e-09  1.814e-13  1.337e-16  2.363e-14  2.268e-14  2.545e-17  3.061e-15  1.156e-11  3.938e-09  2.270e-08  1.023e-04  2.861e-05  1.455e-06  3.521e-07  3.117e-09  1.441e-10  1.889e-08  4.428e-13  6.268e-27  3.173e-14  3.533e-14  8.723e-09  5.698e-08  8.784e-14  3.343e-11
8.01350e+13  7.93945e+12  -2.44386e+14  2.57311e+14  5.91400e+06  1.36100e+03  5.41500e-01  2.47700e+03  1.464e-04  2.014e-05  2.891e-16  2.817e-13  3.694e-13  2.913e-17  2.107e-05  6.875e-17  3.260e-09  1.284e-10  1.284e-18  1.810e-09  4.736e-09  1.525e-23  1.184e-05  4.419e-10  1.408e-11  3.291e-15  4.417e-06  1.187e-10  1.098e-08  1.308e-10  1.644e-12  2.813e-13  2.970e-15  1.552e-11  2.337e-13  2.291e-06  8.897e-06  1.509e-09  1.758e-13  1.091e-16  2.007e-14  2.272e-14  3.350e-17  3.291e-15  1.408e-11  5.760e-09  2.450e-08  1.031e-04  2.885e-05  1.432e-06  4.274e-07  3.189e-09  1.856e-10  1.888e-08  8.066e-13  6.912e-27  5.156e-14  5.738e-14  1.074e-08  6.973e-08  1.183e-13  4.141e-11
8.41156e+13  4.77046e+12  -2.48150e+14  2.62062e+14  5.10200e+06  1.26500e+03  5.10900e-01  2.47800e+03  1.463e-04  2.014e-05  2.656e-16  2.672e-13  1.978e-13  3.992e-17  2.094e-05  7.605e-17  3.193e-09  1.823e-10  1.821e-18  1.749e-09  4.682e-09  1.421e-23  1.172e-05  4.391e-10  1.680e-11  3.487e-15  3.752e-06  1.340e-10  1.138e-08  1.526e-10  1.265e-12  1.942e-13  1.677e-15  1.291e-11  1.582e-13  2.306e-06  8.852e-06  8.922e-10  1.647e-13  8.923e-17  1.867e-14  2.254e-14  4.306e-17  3.487e-15  1.680e-11  8.291e-09  2.719e-08  1.036e-04  2.945e-05  1.460e-06  5.109e-07  3.250e-09  2.368e-10  1.886e-08  1.447e-12  8.410e-27  8.311e-14  9.250e-14  1.328e-08  8.566e-08  1.572e-13  5.133e-11
8.91144e+13  1.30833e+12  -2.47780e+14  2.63321e+14  4.35600e+06  1.18100e+03  5.16400e-01  2.48000e+03  1.463e-04  2.014e-05  2.504e-16  2.554e-13  1.173e-13  5.095e-17  2.074e-05  8.096e-17  3.131e-09  2.400e-10  2.406e-18  1.697e-09  4.622e-09  1.315e-23  1.162e-05  4.361e-10  1.912e-11  3.549e-15  3.255e-06  1.505e-10  1.165e-08  1.571e-10  8.754e-13  1.234e-13  9.814e-16  1.119e-11  1.131e-13  2.341e-06  8.760e-06  5.515e-10  1.402e-13  7.431e-17  1.828e-14  2.226e-14  5.248e-17  3.549e-15  1.912e-11  1.007e-08  3.002e-08  1.040e-04  3.024e-05  1.516e-06  5.870e-07  3.302e-09  2.939e-10  1.885e-08  1.987e-12  9.946e-27  1.059e-13  1.193e-13  1.570e-08  1.016e-07  1.821e-13  5.859e-11
9.48537e+13  -1.48329e+12  -2.43337e+14  2.61174e+14  3.90700e+06  1.14300e+03  5.29700e-01  2.48100e+03  1.463e-04  2.014e-05  2.384e-16  2.449e-13  7.664e-14  6.088e-17  2.052e-05  8.407e-17  3.075e-09  2.923e-10  2.977e-18  1.653e-09  4.564e-09  1.209e-23  1.154e-05  4.331e-10  2.070e-11  3.516e-15  2.890e-06  1.642e-10  1.181e-08  1.539e-10  7.373e-13  9.882e-14  6.427e-16  1.024e-11  8.472e-14  2.382e-06  8.647e-06  4.111e-10  1.171e-13  6.357e-17  1.783e-14  2.195e-14  6.052e-17  3.516e-15  2.070e-11  1.108e-08  3.277e-08  1.042e-04  3.111e-05  1.586e-06  6.511e-07  3.346e-09  3.496e-10  1.884e-08  2.326e-12  1.147e-26  1.188e-13  1.340e-13  1.782e-08  1.162e-07  1.941e-13  6.295e-11
1.01457e+14  -2.60184e+12  -2.35530e+14  2.56466e+14  4.18500e+06  1.26700e+03  5.41600e-01  2.48300e+03  1.462e-04  2.014e-05  2.207e-16  2.328e-13  7.965e-14  7.095e-17  2.031e-05  9.185e-17  3.021e-09  3.349e-10  3.596e-18  1.635e-09  4.530e-09  1.149e-23  1.149e-05  4.299e-10  2.009e-11  4.603e-15  2.757e-06  1.646e-10  1.187e-08  1.424e-10  1.749e-12  2.676e-13  1.013e-15  1.123e-11  7.015e-14  2.421e-06  8.544e-06  7.552e-10  9.691e-14  5.703e-17  1.727e-14  2.173e-14  6.811e-17  4.603e-15  2.009e-11  1.089e-08  3.523e-08  1.045e-04  3.188e-05  1.649e-06  6.873e-07  3.364e-09  3.817e-10  1.885e-08  2.157e-12  1.338e-26  1.138e-13  1.200e-13  1.889e-08  1.258e-07  1.733e-13  5.852e-11
1.11300e+14  1.37621e+12  -2.31272e+14  2.56664e+14  6.00300e+06  1.83200e+03  5.25000e-01  2.48500e+03  1.462e-04  2.013e-05  4.507e-16  1.952e-13  2.945e-12  8.941e-17  2.008e-05  4.659e-16  2.899e-09  3.309e-10  9.360e-18  1.740e-09  4.582e-09  3.115e-23  1.150e-05  4.263e-10  1.564e-11  4.600e-14  5.537e-06  1.609e-10  1.209e-08  1.368e-10  2.230e-11  5.275e-12  8.139e-14  4.152e-11  3.050e-13  2.378e-06  8.575e-06  9.449e-09  8.922e-14  5.815e-17  1.275e-13  2.845e-14  8.176e-17  4.600e-14  1.564e-11  9.005e-09  3.645e-08  1.056e-04  3.138e-05  1.655e-06  6.571e-07  3.260e-09  3.271e-10  1.886e-08  1.511e-12  4.295e-26  9.675e-14  8.029e-14  1.632e-08  1.241e-07  1.293e-13  4.562e-11
1.23674e+14  1.18397e+13  -2.38122e+14  2.68584e+14  6.80100e+06  1.97900e+03  5.32100e-01  2.48600e+03  1.462e-04  2.013e-05  1.674e-15  1.575e-13  5.828e-12  1.107e-16  2.024e-05  1.362e-15  2.730e-09  2.554e-10  2.613e-17  1.759e-09  4.635e-09  1.602e-22  1.154e-05  4.231e-10  1.292e-11  8.334e-14  8.110e-06  1.695e-10  1.234e-08  1.300e-10  2.663e-11  6.377e-12  1.742e-13  6.701e-11  7.837e-13  2.229e-06  8.811e-06  1.488e-08  8.848e-14  6.267e-17  2.213e-13  4.688e-14  9.634e-17  8.334e-14  1.292e-11  7.078e-09  3.576e-08  1.078e-04  3.032e-05  1.568e-06  5.831e-07  3.241e-09  2.743e-10  1.887e-08  1.050e-12  6.409e-26  7.300e-14  5.554e-14  1.213e-08  1.121e-07  1.166e-13  4.027e-11
1.35708e+14  2.33061e+13  -2.49508e+14  2.84981e+14  6.40300e+06  1.89300e+03  5.20200e-01  2.48800e+03  1.461e-04  2.013e-05  1.892e-15  1.371e-13  3.966e-12  1.279e-16  2.066e-05  1.837e-15  2.603e-09  2.019e-10  4.143e-17  1.702e-09  4.653e-09  2.624e-22  1.153e-05  4.205e-10  1.298e-11  7.790e-14  8.338e-06  1.605e-10  1.250e-08  1.456e-10  1.914e-11  4.116e-12  1.205e-13  5.428e-11  8.080e-13  2.102e-06  9.051e-06  1.092e-08  1.020e-13  6.097e-17  1.777e-13  6.118e-14  1.068e-16  7.790e-14  1.298e-11  7.130e-09  3.520e-08  1.099e-04  2.984e-05  1.460e-06  5.498e-07  3.297e-09  2.566e-10  1.886e-08  1.131e-12  5.685e-26  7.861e-14  6.058e-14  1.038e-08  1.056e-07  1.379e-13  4.392e-11
1.47742e+14  3.28316e+13  -2.61573e+14  3.02202e+14  5.54400e+06  1.72800e+03  4.97800e-01  2.48900e+03  1.460e-04  2.013e-05  1.603e-15  1.245e-13  1.969e-12  1.427e-16  2.095e-05  1.962e-15  2.519e-09  1.970e-10  5.207e-17  1.636e-09  4.640e-09  2.739e-22  1.146e-05  4.182e-10  1.468e-11  6.331e-14  7.516e-06  1.504e-10  1.262e-08  1.722e-10  1.268e-11  2.386e-12  6.230e-14  3.634e-11  6.036e-13  2.049e-06  9.174e-06  6.179e-09  1.154e-13  5.246e-17  1.293e-13  6.733e-14  1.146e-16  6.331e-14  1.468e-11  8.876e-09  3.592e-08  1.115e-04  2.986e-05  1.395e-06  5.721e-07  3.363e-09  2.700e-10  1.884e-08  1.670e-12  4.763e-26  1.101e-13  8.821e-14  1.076e-08  1.088e-07  1.814e-13  5.283e-11
1.59869e+14  4.07001e+13  -2.73916e+14  3.19757e+14  4.62800e+06  1.56200e+03  4.59600e-01  2.49100e+03  1.459e-04  2.013e-05  1.361e-15  1.157e-13  9.452e-13  1.580e-16  2.100e-05  1.943e-15  2.452e-09  2.343e-10  6.081e-17  1.574e-09  4.601e-09  2.549e-22  1.135e-05  4.158e-10  1.765e-11  5.268e-14  6.550e-06  1.528e-10  1.278e-08  2.134e-10  8.704e-12  1.424e-12  3.089e-14  2.502e-11  4.198e-13  2.061e-06  9.167e-06  3.337e-09  1.245e-13  4.233e-17  9.900e-14  6.912e-14  1.217e-16  5.268e-14  1.765e-11  1.275e-08  3.833e-08  1.127e-04  3.030e-05  1.390e-06  6.430e-07  3.425e-09  3.091e-10  1.882e-08  3.109e-12  4.676e-26  1.893e-13  1.569e-13  1.280e-08  1.233e-07  2.596e-13  6.840e-11
1.71286e+14  4.73343e+13  -2.85425e+14  3.36225e+14  3.94500e+06  1.43500e+03  4.46600e-01  2.49300e+03  1.458e-04  2.013e-05  1.204e-15  1.088e-13  4.875e-13  1.741e-16  2.089e-05  1.875e-15  2.394e-09  2.995e-10  6.919e-17  1.519e-09  4.542e-09  2.303e-22  1.123e-05  4.133e-10  2.061e-11  4.580e-14  5.720e-06  1.638e-10  1.291e-08  2.333e-10  6.064e-12  8.916e-13  1.590e-14  1.892e-11  2.950e-13  2.107e-06  9.083e-06  1.928e-09  1.149e-13  3.341e-17  8.001e-14  6.915e-14  1.287e-16  4.580e-14  2.061e-11  1.679e-08  4.164e-08  1.136e-04  3.099e-05  1.427e-06  7.290e-07  3.480e-09  3.661e-10  1.880e-08  4.873e-12  4.830e-26  2.772e-13  2.354e-13  1.533e-08  1.430e-07  3.259e-13  8.157e-11
1.81901e+14  5.25182e+13  -2.94682e+14  3.50262e+14  3.35400e+06  1.32200e+03  4.36400e-01  2.49400e+03  1.458e-04  2.013e-05  1.107e-15  1.032e-13  2.736e-13  1.892e-16  2.068e-05  1.781e-15  2.339e-09  3.813e-10  7.734e-17  1.468e-09  4.470e-09  2.057e-22  1.110e-05  4.108e-10  2.368e-11  4.081e-14  5.048e-06  1.814e-10  1.299e-08  2.490e-10  3.985e-12  5.285e-13  8.369e-15  1.533e-11  2.136e-13  2.172e-06  8.944e-06  1.152e-09  1.018e-13  2.660e-17  6.840e-14  6.837e-14  1.346e-16  4.081e-14  2.368e-11  2.126e-08  4.563e-08  1.144e-04  3.189e-05  1.498e-06  8.253e-07  3.531e-09  4.376e-10  1.878e-08  7.305e-12  5.392e-26  3.896e-13  3.401e-13  1.843e-08  1.675e-07  4.038e-13  9.678e-11
1.92053e+14  5.62519e+13  -3.01100e+14  3.61538e+14  2.80000e+06  1.21300e+03  4.27000e-01  2.49600e+03  1.458e-04  2.012e-05  1.045e-15  9.838e-14  1.684e-13  2.024e-16  2.041e-05  1.670e-15  2.285e-09  4.757e-10  8.511e-17  1.417e-09  4.384e-09  1.832e-22  1.096e-05  4.081e-10  2.711e-11  3.689e-14  4.529e-06  2.049e-10  1.303e-08  2.642e-10  2.474e-12  2.959e-13  4.544e-15  1.310e-11  1.606e-13  2.245e-06  8.766e-06  6.959e-10  8.900e-14  2.131e-17  6.223e-14  6.717e-14  1.389e-16  3.689e-14  2.711e-11  2.648e-08  5.020e-08  1.150e-04  3.297e-05  1.599e-06  9.322e-07  3.581e-09  5.228e-10  1.876e-08  1.094e-11  6.460e-26  5.465e-13  4.931e-13  2.230e-08  1.976e-07  5.068e-13  1.164e-10
2.01803e+14  5.91524e+13  -3.05112e+14  3.70563e+14  2.33500e+06  1.11700e+03  4.17400e-01  2.49700e+03  1.458e-04  2.012e-05  1.001e-15  9.407e-14  1.139e-13  2.133e-16  2.008e-05  1.554e-15  2.231e-09  5.823e-10  9.252e-17  1.366e-09  4.286e-09  1.634e-22  1.081e-05  4.053e-10  3.089e-11  3.385e-14  4.144e-06  2.333e-10  1.301e-08  2.768e-10  1.588e-12  1.707e-13  2.610e-15  1.170e-11  1.254e-13  2.321e-06  8.560e-06  4.312e-10  7.652e-14  1.712e-17  5.993e-14  6.577e-14  1.413e-16  3.385e-14  3.089e-11  3.266e-08  5.529e-08  1.156e-04  3.418e-05  1.726e-06  1.048e-06  3.632e-09  6.211e-10  1.873e-08  1.629e-11  8.082e-26  7.631e-13  7.114e-13  2.708e-08  2.340e-07  6.370e-13  1.402e-10
2.10999e+14  6.18370e+13  -3.07519e+14  3.78037e+14  1.96400e+06  1.03500e+03  4.31600e-01  2.49900e+03  1.457e-04  2.012e-05  9.680e-16  9.019e-14  8.368e-14  2.216e-16  1.975e-05  1.443e-15  2.179e-09  6.922e-10  9.938e-17  1.318e-09  4.179e-09  1.467e-22  1.067e-05  4.026e-10  3.437e-11  3.144e-14  3.854e-06  2.613e-10  1.295e-08  2.633e-10  1.089e-12  1.057e-13  1.606e-15  1.083e-11  1.012e-13  2.388e-06  8.351e-06  2.778e-10  6.109e-14  1.388e-17  5.953e-14  6.434e-14  1.421e-16  3.144e-14  3.437e-11  3.744e-08  6.008e-08  1.162e-04  3.542e-05  1.862e-06  1.157e-06  3.680e-09  7.282e-10  1.871e-08  2.088e-11  9.647e-26  9.264e-13  8.886e-13  3.188e-08  2.717e-07  7.220e-13  1.587e-10
2.19361e+14  6.46449e+13  -3.08568e+14  3.84073e+14  1.66900e+06  9.65300e+02  4.56600e-01  2.50100e+03  1.457e-04  2.012e-05  9.411e-16  8.669e-14  6.573e-14  2.270e-16  1.942e-05  1.341e-15  2.132e-09  7.933e-10  1.055e-16  1.272e-09  4.069e-09  1.327e-22  1.054e-05  3.998e-10  3.741e-11  2.948e-14  3.632e-06  2.867e-10  1.285e-08  2.399e-10  8.191e-13  7.117e-14  1.052e-15  1.027e-11  8.414e-14  2.446e-06  8.151e-06  1.873e-10  4.793e-14  1.150e-17  5.952e-14  6.296e-14  1.412e-16  2.948e-14  3.741e-11  4.050e-08  6.432e-08  1.166e-04  3.662e-05  2.001e-06  1.256e-06  3.726e-09  8.391e-10  1.869e-08  2.423e-11  1.110e-25  1.025e-12  1.010e-12  3.637e-08  3.084e-07  7.751e-13  1.732e-10
2.26797e+14  6.75763e+13  -3.08475e+14  3.88794e+14  1.43500e+06  9.06200e+02  4.76100e-01  2.50200e+03  1.457e-04  2.012e-05  9.179e-16  8.347e-14  5.424e-14  2.302e-16  1.911e-05  1.248e-15  2.087e-09  8.814e-10  1.108e-16  1.229e-09  3.958e-09  1.210e-22  1.042e-05  3.971e-10  4.026e-11  2.795e-14  3.463e-06  3.098e-10  1.274e-08  2.220e-10  6.880e-13  5.263e-14  7.294e-16  9.877e-12  7.168e-14  2.494e-06  7.958e-06  1.325e-10  3.886e-14  9.716e-18  5.949e-14  6.162e-14  1.390e-16  2.795e-14  4.026e-11  4.285e-08  6.819e-08  1.171e-04  3.778e-05  2.141e-06  1.347e-06  3.769e-09  9.509e-10  1.868e-08  2.763e-11  1.273e-25  1.119e-12  1.133e-12  4.089e-08  3.453e-07  8.396e-13  1.885e-10
2.33154e+14  7.05694e+13  -3.06840e+14  3.91780e+14  1.25000e+06  8.55400e+02  4.67000e-01  2.50400e+03  1.457e-04  2.012e-05  8.960e-16  8.036e-14  4.629e-14  2.319e-16  1.879e-05  1.157e-15  2.042e-09  9.611e-10  1.158e-16  1.185e-09  3.846e-09  1.106e-22  1.028e-05  3.943e-10  4.357e-11  2.699e-14  3.345e-06  3.343e-10  1.260e-08  2.245e-10  6.561e-13  4.343e-14  5.337e-16  9.602e-12  6.237e-14  2.537e-06  7.758e-06  9.852e-11  3.439e-14  8.271e-18  5.965e-14  6.027e-14  1.359e-16  2.699e-14  4.357e-11  4.643e-08  7.231e-08  1.175e-04  3.899e-05  2.291e-06  1.445e-06  3.812e-09  1.065e-09  1.865e-08  3.480e-11  1.538e-25  1.345e-12  1.403e-12  4.658e-08  3.882e-07  1.001e-12  2.150e-10
2.38492e+14  7.34391e+13  -3.03816e+14  3.93161e+14  1.16500e+06  8.77500e+02  4.47700e-01  2.50500e+03  1.457e-04  2.011e-05  8.734e-16  7.724e-14  3.941e-14  2.331e-16  1.845e-05  1.071e-15  1.996e-09  1.043e-09  1.202e-16  1.144e-09  3.739e-09  1.008e-22  1.014e-05  3.914e-10  4.677e-11  2.638e-14  3.260e-06  3.588e-10  1.246e-08  2.341e-10  7.200e-13  4.662e-14  4.119e-16  9.472e-12  5.489e-14  2.575e-06  7.550e-06  8.454e-11  3.107e-14  7.057e-18  5.942e-14  5.891e-14  1.323e-16  2.638e-14  4.677e-11  5.152e-08  7.690e-08  1.180e-04  4.027e-05  2.455e-06  1.549e-06  3.854e-09  1.174e-09  1.862e-08  4.471e-11  1.848e-25  1.716e-12  1.774e-12  5.345e-08  4.392e-07  1.170e-12  2.440e-10
2.44386e+14  7.77591e+13  -3.03014e+14  3.96974e+14  1.45300e+06  1.37300e+03  4.24500e-01  2.50700e+03  1.457e-04  2.011e-05  8.189e-16  7.335e-14  5.058e-14  2.366e-16  1.813e-05  1.017e-15  1.956e-09  1.155e-09  1.230e-16  1.140e-09  3.702e-09  9.406e-23  9.997e-06  3.883e-10  4.608e-11  3.502e-14  3.352e-06  3.619e-10  1.241e-08  2.657e-10  1.049e-11  1.040e-12  1.460e-15  1.152e-11  5.209e-14  2.610e-06  7.344e-06  8.831e-10  2.940e-14  6.325e-18  5.329e-14  5.770e-14  1.298e-16  3.502e-14  4.608e-11  5.646e-08  8.200e-08  1.185e-04  4.149e-05  2.619e-06  1.636e-06  3.857e-09  1.211e-09  1.862e-08  5.034e-11  2.321e-25  2.368e-12  2.009e-12  5.890e-08  4.993e-07  1.048e-12  2.413e-10
2.53581e+14  8.64607e+13  -3.11653e+14  4.10983e+14  1.83100e+06  1.69800e+03  4.05400e-01  2.50800e+03  1.457e-04  2.011e-05  7.030e-16  6.764e-14  5.139e-13  2.444e-16  1.776e-05  1.249e-15  1.922e-09  1.299e-09  1.333e-16  1.189e-09  3.689e-09  1.185e-22  9.896e-06  3.847e-10  4.197e-11  1.501e-13  4.051e-06  3.434e-10  1.233e-08  2.449e-10  5.882e-11  8.284e-12  2.863e-14  2.344e-11  7.712e-14  2.634e-06  7.156e-06  4.723e-09  2.382e-14  5.805e-18  9.419e-14  5.883e-14  1.295e-16  1.501e-13  4.197e-11  6.006e-08  8.729e-08  1.193e-04  4.244e-05  2.779e-06  1.692e-06  3.809e-09  1.223e-09  1.865e-08  4.949e-11  4.403e-25  2.544e-12  1.940e-12  6.107e-08  5.516e-07  8.899e-13  2.164e-10
2.64566e+14  9.69211e+13  -3.27390e+14  4.31941e+14  1.86300e+06  1.67800e+03  3.81100e-01  2.51000e+03  1.457e-04  2.011e-05  6.621e-16  6.230e-14  9.663e-13  2.537e-16  1.741e-05  2.138e-15  1.883e-09  1.431e-09  1.783e-16  1.219e-09  3.650e-09  1.537e-22  9.799e-06  3.808e-10  3.920e-11  3.649e-13  4.536e-06  3.330e-10  1.220e-08  2.384e-10  6.603e-11  1.008e-11  6.103e-14  2.831e-11  1.065e-13  2.653e-06  6.973e-06  6.105e-09  2.091e-14  5.215e-18  1.811e-13  6.369e-14  1.293e-16  3.649e-13  3.920e-11  6.607e-08  9.324e-08  1.203e-04  4.343e-05  2.938e-06  1.745e-06  3.779e-09  1.262e-09  1.866e-08  5.802e-11  6.319e-25  2.931e-12  2.220e-12  6.387e-08  6.006e-07  9.630e-13  2.198e-10
2.75335e+14  1.06919e+14  -3.43744e+14  4.53212e+14  1.70700e+06  1.56700e+03  3.71700e-01  2.51200e+03  1.457e-04  2.010e-05  6.462e-16  5.798e-14  9.621e-13  2.610e-16  1.707e-05  3.095e-15  1.841e-09  1.554e-09  2.508e-16  1.220e-09  3.582e-09  1.738e-22  9.693e-06  3.770e-10  3.845e-11  5.046e-13  4.641e-06  3.349e-10  1.202e-08  2.324e-10  4.953e-11  7.411e-12  5.941e-14  2.553e-11  1.136e-13  2.670e-06  6.789e-06  5.230e-09  1.857e-14  4.457e-18  2.284e-13  6.825e-14  1.278e-16  5.046e-13  3.845e-11  7.367e-08  9.955e-08  1.212e-04  4.454e-05  3.100e-06  1.807e-06  3.777e-09  1.331e-09  1.864e-08  7.172e-11  7.115e-25  3.479e-12  2.693e-12  6.851e-08  6.507e-07  1.099e-12  2.395e-10
2.85363e+14  1.16052e+14  -3.58247e+14  4.72484e+14  1.48300e+06  1.44000e+03  3.63200e-01  2.51300e+03  1.457e-04  2.010e-05  6.223e-16  5.442e-14  7.707e-13  2.654e-16  1.674e-05  3.646e-15  1.797e-09  1.677e-09  3.237e-16  1.200e-09  3.491e-09  1.759e-22  9.565e-06  3.732e-10  3.955e-11  5.382e-13  4.541e-06  3.481e-10  1.180e-08  2.320e-10  3.215e-11  4.535e-12  4.295e-14  2.121e-11  1.053e-13  2.683e-06  6.597e-06  3.842e-09  1.686e-14  3.723e-18  2.327e-13  7.047e-14  1.247e-16  5.382e-13  3.955e-11  8.345e-08  1.064e-07  1.221e-04  4.578e-05  3.273e-06  1.884e-06  3.797e-09  1.424e-09  1.862e-08  9.397e-11  7.579e-25  4.327e-12  3.468e-12  7.594e-08  7.085e-07  1.317e-12  2.734e-10
2.94374e+14  1.24476e+14  -3.70281e+14  4.89140e+14  1.27300e+06  1.33300e+03  3.59700e-01  2.51500e+03  1.457e-04  2.010e-05  5.960e-16  5.134e-14  5.864e-13  2.676e-16  1.640e-05  3.830e-15  1.751e-09  1.805e-09  3.840e-16  1.170e-09  3.386e-09  1.672e-22  9.419e-06  3.695e-10  4.176e-11  5.132e-13  4.383e-06  3.685e-10  1.154e-08  2.287e-10  2.075e-11  2.699e-12  2.821e-14  1.777e-11  9.321e-14  2.689e-06  6.399e-06  2.726e-09  1.506e-14  3.084e-18  2.177e-13  7.085e-14  1.206e-16  5.132e-13  4.176e-11  9.449e-08  1.135e-07  1.229e-04  4.710e-05  3.457e-06  1.972e-06  3.827e-09  1.531e-09  1.859e-08  1.230e-10  8.001e-25  5.387e-12  4.468e-12  8.567e-08  7.753e-07  1.565e-12  3.139e-10
3.02273e+14  1.32499e+14  -3.79538e+14  5.02965e+14  1.11200e+06  1.25300e+03  3.56500e-01  2.51600e+03  1.457e-04  2.009e-05  5.712e-16  4.856e-14  4.469e-13  2.684e-16  1.605e-05  3.795e-15  1.705e-09  1.939e-09  4.308e-16  1.134e-09  3.273e-09  1.542e-22  9.260e-06  3.657e-10  4.451e-11  4.676e-13  4.226e-06  3.930e-10  1.127e-08  2.222e-10  1.411e-11  1.672e-12  1.815e-14  1.533e-11  8.165e-14  2.688e-06  6.196e-06  1.955e-09  1.323e-14  2.553e-18  1.978e-13  7.020e-14  1.159e-16  4.676e-13  4.451e-11  1.065e-07  1.209e-07  1.236e-04  4.847e-05  3.649e-06  2.065e-06  3.862e-09  1.646e-09  1.855e-08  1.585e-10  8.466e-25  6.631e-12  5.667e-12  9.717e-08  8.507e-07  1.826e-12  3.572e-10
3.09185e+14  1.40306e+14  -3.87870e+14  5.15484e+14  9.95700e+05  1.19100e+03  3.55100e-01  2.51800e+03  1.457e-04  2.009e-05  5.485e-16  4.596e-14  3.456e-13  2.681e-16  1.570e-05  3.643e-15  1.659e-09  2.080e-09  4.668e-16  1.097e-09  3.154e-09  1.401e-22  9.096e-06  3.619e-10  4.736e-11  4.186e-13  4.082e-06  4.192e-10  1.100e-08  2.107e-10  1.018e-11  1.098e-12  1.170e-14  1.363e-11  7.159e-14  2.681e-06  5.993e-06  1.433e-09  1.135e-14  2.114e-18  1.786e-13  6.904e-14  1.108e-16  4.186e-13  4.736e-11  1.189e-07  1.284e-07  1.243e-04  4.986e-05  3.848e-06  2.157e-06  3.900e-09  1.768e-09  1.852e-08  1.974e-10  8.905e-25  7.946e-12  6.961e-12  1.098e-07  9.326e-07  2.069e-12  3.988e-10
3.15973e+14  1.47866e+14  -3.95892e+14  5.27669e+14  9.04500e+05  1.13900e+03  3.53700e-01  2.52000e+03  1.457e-04  2.009e-05  5.277e-16  4.353e-14  2.718e-13  2.671e-16  1.535e-05  3.432e-15  1.614e-09  2.224e-09  4.942e-16  1.059e-09  3.032e-09  1.263e-22  8.929e-06  3.579e-10  5.015e-11  3.729e-13  3.954e-06  4.463e-10  1.073e-08  1.976e-10  7.678e-12  7.574e-13  7.613e-15  1.240e-11  6.304e-14  2.667e-06  5.792e-06  1.072e-09  9.651e-15  1.757e-18  1.617e-13  6.763e-14  1.057e-16  3.729e-13  5.015e-11  1.316e-07  1.360e-07  1.250e-04  5.126e-05  4.050e-06  2.248e-06  3.938e-09  1.894e-09  1.849e-08  2.411e-10  9.397e-25  9.349e-12  8.379e-12  1.232e-07  1.020e-06  2.308e-12  4.394e-10
3.22145e+14  1.55148e+14  -4.03607e+14  5.39209e+14  8.23400e+05  1.09100e+03  3.53500e-01  2.52100e+03  1.458e-04  2.008e-05  5.087e-16  4.123e-14  2.177e-13  2.655e-16  1.501e-05  3.192e-15  1.569e-09  2.369e-09  5.149e-16  1.020e-09  2.907e-09  1.136e-22  8.760e-06  3.539e-10  5.290e-11  3.328e-13  3.841e-06  4.736e-10  1.047e-08  1.846e-10  5.968e-12  5.415e-13  5.025e-15  1.151e-11  5.586e-14  2.647e-06  5.594e-06  8.164e-10  8.200e-15  1.469e-18  1.473e-13  6.608e-14  1.005e-16  3.328e-13  5.290e-11  1.445e-07  1.436e-07  1.256e-04  5.267e-05  4.254e-06  2.335e-06  3.976e-09  2.021e-09  1.846e-08  2.905e-10  9.988e-25  1.086e-11  9.948e-12  1.376e-07  1.113e-06  2.556e-12  4.806e-10
3.28008e+14  1.62029e+14  -4.11012e+14  5.50248e+14  7.47200e+05  1.04400e+03  3.48500e-01  2.52300e+03  1.458e-04  2.008e-05  4.910e-16  3.905e-14  1.776e-13  2.635e-16  1.466e-05  2.942e-15  1.524e-09  2.511e-09  5.303e-16  9.809e-10  2.781e-09  1.019e-22  8.585e-06  3.498e-10  5.580e-11  2.987e-13  3.746e-06  5.018e-10  1.020e-08  1.754e-10  4.752e-12  3.965e-13  3.376e-15  1.084e-11  4.987e-14  2.621e-06  5.396e-06  6.302e-10  7.108e-15  1.235e-18  1.353e-13  6.445e-14  9.532e-17  2.987e-13  5.580e-11  1.586e-07  1.515e-07  1.262e-04  5.408e-05  4.461e-06  2.421e-06  4.015e-09  2.150e-09  1.842e-08  3.546e-10  1.085e-24  1.271e-11  1.194e-11  1.536e-07  1.213e-06  2.877e-12  5.280e-10
3.34179e+14  1.68509e+14  -4.17184e+14  5.60458e+14  6.75200e+05  9.97800e+02  3.48600e-01  2.52400e+03  1.458e-04  2.008e-05  4.745e-16  3.698e-14  1.475e-13  2.611e-16  1.432e-05  2.694e-15  1.480e-09  2.648e-09  5.416e-16  9.420e-10  2.655e-09  9.150e-23  8.408e-06  3.456e-10  5.875e-11  2.701e-13  3.668e-06  5.301e-10  9.938e-09  1.644e-10  3.876e-12  2.963e-13  2.314e-15  1.032e-11  4.491e-14  2.590e-06  5.203e-06  4.922e-10  6.093e-15  1.040e-18  1.254e-13  6.280e-14  9.025e-17  2.701e-13  5.875e-11  1.729e-07  1.594e-07  1.268e-04  5.549e-05  4.668e-06  2.504e-06  4.053e-09  2.279e-09  1.838e-08  4.265e-10  1.175e-24  1.469e-11  1.413e-11  1.708e-07  1.319e-06  3.203e-12  5.781e-10
3.40042e+14  1.74557e+14  -4.22429e+14  5.69688e+14  6.08600e+05  9.53900e+02  3.45400e-01  2.52600e+03  1.458e-04  2.007e-05  4.588e-16  3.503e-14  1.245e-13  2.585e-16  1.398e-05  2.456e-15  1.437e-09  2.778e-09  5.498e-16  9.031e-10  2.530e-09  8.220e-23  8.227e-06  3.414e-10  6.190e-11  2.465e-13  3.606e-06  5.588e-10  9.677e-09  1.563e-10  3.273e-12  2.269e-13  1.621e-15  9.924e-12  4.080e-14  2.554e-06  5.013e-06  3.896e-10  5.307e-15  8.813e-19  1.169e-13  6.115e-14  8.530e-17  2.465e-13  6.190e-11  1.882e-07  1.675e-07  1.274e-04  5.690e-05  4.875e-06  2.584e-06  4.092e-09  2.407e-09  1.833e-08  5.163e-10  1.289e-24  1.702e-11  1.678e-11  1.897e-07  1.432e-06  3.599e-12  6.346e-10
3.45904e+14  1.80204e+14  -4.26441e+14  5.77906e+14  5.50100e+05  9.14800e+02  3.34800e-01  2.52800e+03  1.458e-04  2.007e-05  4.436e-16  3.315e-14  1.064e-13  2.557e-16  1.364e-05  2.229e-15  1.393e-09  2.903e-09  5.558e-16  8.641e-10  2.407e-09  7.381e-23  8.037e-06  3.372e-10  6.536e-11  2.272e-13  3.563e-06  5.886e-10  9.415e-09  1.525e-10  2.896e-12  1.802e-13  1.160e-15  9.609e-12  3.738e-14  2.512e-06  4.822e-06  3.133e-10  4.739e-15  7.492e-19  1.096e-13  5.949e-14  8.040e-17  2.272e-13  6.536e-11  2.062e-07  1.762e-07  1.280e-04  5.832e-05  5.086e-06  2.663e-06  4.130e-09  2.534e-09  1.828e-08  6.392e-10  1.440e-24  2.007e-11  2.032e-11  2.117e-07  1.556e-06  4.130e-12  7.025e-10
3.51459e+14  1.85511e+14  -4.29218e+14  5.84949e+14  5.09800e+05  8.94300e+02  3.29500e-01  2.52900e+03  1.459e-04  2.007e-05  4.288e-16  3.135e-14  9.145e-14  2.527e-16  1.331e-05  2.018e-15  1.350e-09  3.027e-09  5.600e-16  8.262e-10  2.287e-09  6.625e-23  7.845e-06  3.328e-10  6.871e-11  2.108e-13  3.528e-06  6.182e-10  9.156e-09  1.460e-10  2.700e-12  1.526e-13  8.443e-16  9.369e-12  3.446e-14  2.467e-06  4.635e-06  2.582e-10  4.132e-15  6.356e-19  1.030e-13  5.785e-14  7.566e-17  2.108e-13  6.871e-11  2.254e-07  1.851e-07  1.285e-04  5.975e-05  5.295e-06  2.736e-06  4.168e-09  2.656e-09  1.822e-08  7.726e-10  1.574e-24  2.358e-11  2.420e-11  2.351e-07  1.687e-06  4.613e-12  7.704e-10
3.57013e+14  1.90818e+14  -4.31069e+14  5.91346e+14  5.14400e+05  9.55200e+02  3.25400e-01  2.53100e+03  1.459e-04  2.006e-05  4.140e-16  2.959e-14  7.770e-14  2.498e-16  1.298e-05  1.827e-15  1.308e-09  3.161e-09  5.616e-16  7.920e-10  2.181e-09  5.918e-23  7.659e-06  3.282e-10  7.099e-11  1.954e-13  3.490e-06  6.446e-10  8.916e-09  1.410e-10  2.916e-12  1.602e-13  6.192e-16  9.244e-12  3.179e-14  2.419e-06  4.453e-06  2.357e-10  3.578e-15  5.432e-19  9.594e-14  5.624e-14  7.115e-17  1.954e-13  7.099e-11  2.451e-07  1.943e-07  1.291e-04  6.116e-05  5.502e-06  2.799e-06  4.202e-09  2.765e-09  1.819e-08  8.877e-10  1.657e-24  2.781e-11  2.784e-11  2.574e-07  1.824e-06  4.828e-12  8.209e-10
3.62876e+14  1.96866e+14  -4.34772e+14  5.99551e+14  5.80000e+05  1.11800e+03  3.24500e-01  2.53200e+03  1.459e-04  2.006e-05  3.978e-16  2.783e-14  6.400e-14  2.469e-16  1.265e-05  1.664e-15  1.270e-09  3.327e-09  5.594e-16  7.679e-10  2.101e-09  5.264e-23  7.492e-06  3.232e-10  7.085e-11  1.819e-13  3.444e-06  6.623e-10  8.702e-09  1.341e-10  6.119e-12  3.255e-13  5.027e-16  9.364e-12  2.934e-14  2.375e-06  4.280e-06  3.442e-10  3.025e-15  4.669e-19  8.699e-14  5.468e-14  6.695e-17  1.819e-13  7.085e-11  2.631e-07  2.037e-07  1.297e-04  6.252e-05  5.703e-06  2.843e-06  4.226e-09  2.847e-09  1.819e-08  9.356e-10  1.668e-24  3.188e-11  2.992e-11  2.743e-07  1.960e-06  4.539e-12  8.301e-10
3.69973e+14  2.04179e+14  -4.41869e+14  6.11406e+14  6.62300e+05  1.23600e+03  3.25100e-01  2.53400e+03  1.459e-04  2.006e-05  3.797e-16  2.603e-14  5.488e-14  2.442e-16  1.232e-05  1.534e-15  1.237e-09  3.524e-09  5.538e-16  7.549e-10  2.033e-09  4.799e-23  7.349e-06  3.178e-10  6.835e-11  1.845e-13  3.398e-06  6.711e-10  8.499e-09  1.194e-10  1.521e-11  9.237e-13  6.975e-16  9.777e-12  2.738e-14  2.334e-06  4.117e-06  6.673e-10  2.453e-15  3.989e-19  7.803e-14  5.322e-14  6.308e-17  1.845e-13  6.835e-11  2.783e-07  2.129e-07  1.303e-04  6.382e-05  5.898e-06  2.871e-06  4.240e-09  2.916e-09  1.822e-08  9.286e-10  1.670e-24  3.326e-11  3.000e-11  2.844e-07  2.089e-06  4.039e-12  8.027e-10
3.77996e+14  2.12418e+14  -4.52052e+14  6.26381e+14  7.08000e+05  1.26600e+03  3.19700e-01  2.53600e+03  1.459e-04  2.005e-05  3.611e-16  2.425e-14  5.335e-14  2.416e-16  1.199e-05  1.444e-15  1.206e-09  3.729e-09  5.482e-16  7.464e-10  1.965e-09  4.588e-23  7.218e-06  3.120e-10  6.508e-11  2.197e-13  3.348e-06  6.760e-10  8.294e-09  1.075e-10  2.308e-11  1.667e-12  1.333e-15  1.016e-11  2.573e-14  2.294e-06  3.959e-06  9.889e-10  2.053e-15  3.419e-19  7.274e-14  5.191e-14  5.939e-17  2.197e-13  6.508e-11  2.933e-07  2.225e-07  1.310e-04  6.510e-05  6.088e-06  2.891e-06  4.249e-09  2.986e-09  1.826e-08  9.503e-10  1.745e-24  3.387e-11  3.037e-11  2.921e-07  2.212e-06  3.791e-12  7.750e-10
3.86327e+14  2.21089e+14  -4.64086e+14  6.43043e+14  7.04900e+05  1.24600e+03  3.15600e-01  2.53700e+03  1.460e-04  2.005e-05  3.438e-16  2.255e-14  5.425e-14  2.388e-16  1.165e-05  1.397e-15  1.174e-09  3.920e-09  5.468e-16  7.367e-10  1.891e-09  4.497e-23  7.092e-06  3.061e-10  6.230e-11  2.736e-13  3.285e-06  6.817e-10  8.082e-09  9.968e-11  2.477e-11  1.979e-12  1.922e-15  1.022e-11  2.411e-14  2.253e-06  3.805e-06  1.127e-09  1.783e-15  2.938e-19  7.093e-14  5.070e-14  5.586e-17  2.736e-13  6.230e-11  3.090e-07  2.322e-07  1.317e-04  6.638e-05  6.275e-06  2.910e-06  4.258e-09  3.061e-09  1.828e-08  1.021e-09  1.860e-24  3.546e-11  3.210e-11  3.011e-07  2.332e-06  3.809e-12  7.673e-10
3.94967e+14  2.29914e+14  -4.76737e+14  6.60407e+14  6.72500e+05  1.20700e+03  3.15100e-01  2.53900e+03  1.460e-04  2.004e-05  3.282e-16  2.097e-14  5.323e-14  2.360e-16  1.133e-05  1.373e-15  1.143e-09  4.087e-09  5.498e-16  7.238e-10  1.814e-09  4.383e-23  6.964e-06  3.003e-10  6.042e-11  3.193e-13  3.211e-06  6.896e-10  7.864e-09  9.426e-11  2.241e-11  1.853e-12  2.083e-15  1.001e-11  2.243e-14  2.208e-06  3.655e-06  1.105e-09  1.581e-15  2.526e-19  7.002e-14  4.953e-14  5.249e-17  3.193e-13  6.042e-11  3.249e-07  2.420e-07  1.324e-04  6.764e-05  6.457e-06  2.930e-06  4.271e-09  3.140e-09  1.828e-08  1.129e-09  1.974e-24  3.805e-11  3.491e-11  3.128e-07  2.453e-06  3.971e-12  7.803e-10
4.03607e+14  2.38585e+14  -4.89388e+14  6.77733e+14  6.29800e+05  1.16400e+03  3.11600e-01  2.54000e+03  1.460e-04  2.004e-05  3.140e-16  1.950e-14  4.980e-14  2.331e-16  1.101e-05  1.346e-15  1.111e-09  4.228e-09  5.552e-16  7.076e-10  1.736e-09  4.192e-23  6.831e-06  2.946e-10  5.951e-11  3.446e-13  3.136e-06  7.002e-10  7.639e-09  9.140e-11  1.874e-11  1.538e-12  1.895e-15  9.647e-12  2.077e-14  2.160e-06  3.509e-06  1.000e-09  1.436e-15  2.175e-19  6.854e-14  4.833e-14  4.926e-17  3.446e-13  5.951e-11  3.424e-07  2.520e-07  1.330e-04  6.891e-05  6.635e-06  2.950e-06  4.287e-09  3.221e-09  1.827e-08  1.281e-09  2.100e-24  4.175e-11  3.891e-11  3.284e-07  2.578e-06  4.271e-12  8.134e-10
4.11629e+14  2.46947e+14  -5.01114e+14  6.93928e+14  5.83400e+05  1.12000e+03  3.05400e-01  2.54200e+03  1.460e-04  2.003e-05  3.009e-16  1.814e-14  4.492e-14  2.302e-16  1.069e-05  1.301e-15  1.079e-09  4.347e-09  5.607e-16  6.883e-10  1.657e-09  3.934e-23  6.690e-06  2.891e-10  5.949e-11  3.507e-13  3.064e-06  7.134e-10  7.410e-09  9.017e-11  1.507e-11  1.199e-12  1.553e-15  9.241e-12  1.919e-14  2.108e-06  3.366e-06  8.644e-10  1.323e-15  1.872e-19  6.628e-14  4.709e-14  4.614e-17  3.507e-13  5.949e-11  3.623e-07  2.624e-07  1.336e-04  7.019e-05  6.811e-06  2.971e-06  4.306e-09  3.302e-09  1.824e-08  1.484e-09  2.243e-24  4.664e-11  4.421e-11  3.486e-07  2.711e-06  4.694e-12  8.643e-10
4.19344e+14  2.54908e+14  -5.11605e+14  7.08920e+14  5.35200e+05  1.07500e+03  3.01500e-01  2.54400e+03  1.461e-04  2.003e-05  2.888e-16  1.689e-14  3.962e-14  2.272e-16  1.038e-05  1.238e-15  1.046e-09  4.448e-09  5.649e-16  6.666e-10  1.578e-09  3.636e-23  6.542e-06  2.837e-10  6.019e-11  3.429e-13  2.998e-06  7.289e-10  7.180e-09  8.920e-11  1.191e-11  9.056e-13  1.200e-15  8.842e-12  1.775e-14  2.053e-06  3.225e-06  7.272e-10  1.217e-15  1.609e-19  6.350e-14  4.582e-14  4.317e-17  3.429e-13  6.019e-11  3.841e-07  2.730e-07  1.342e-04  7.146e-05  6.983e-06  2.992e-06  4.327e-09  3.382e-09  1.819e-08  1.730e-09  2.392e-24  5.249e-11  5.060e-11  3.728e-07  2.852e-06  5.186e-12  9.284e-10
4.26749e+14  2.62468e+14  -5.21171e+14  7.22927e+14  4.87900e+05  1.03200e+03  3.00700e-01  2.54500e+03  1.461e-04  2.002e-05  2.775e-16  1.574e-14  3.457e-14  2.242e-16  1.008e-05  1.161e-15  1.013e-09  4.532e-09  5.672e-16  6.433e-10  1.501e-09  3.325e-23  6.390e-06  2.783e-10  6.142e-11  3.272e-13  2.940e-06  7.460e-10  6.953e-09  8.811e-11  9.416e-12  6.760e-13  8.999e-16  8.477e-12  1.646e-14  1.995e-06  3.089e-06  6.038e-10  1.115e-15  1.384e-19  6.050e-14  4.454e-14  4.035e-17  3.272e-13  6.142e-11  4.068e-07  2.837e-07  1.347e-04  7.273e-05  7.149e-06  3.010e-06  4.350e-09  3.461e-09  1.814e-08  2.013e-09  2.543e-24  5.903e-11  5.782e-11  4.003e-07  2.999e-06  5.710e-12  1.002e-09
4.33538e+14  2.69627e+14  -5.29194e+14  7.35323e+14  4.44600e+05  9.92300e+02  3.01200e-01  2.54700e+03  1.461e-04  2.002e-05  2.670e-16  1.467e-14  3.008e-14  2.212e-16  9.790e-06  1.076e-15  9.805e-10  4.601e-09  5.676e-16  6.192e-10  1.426e-09  3.020e-23  6.235e-06  2.731e-10  6.303e-11  3.078e-13  2.889e-06  7.640e-10  6.731e-09  8.701e-11  7.545e-12  5.065e-13  6.668e-16  8.157e-12  1.533e-14  1.935e-06  2.958e-06  4.995e-10  1.019e-15  1.193e-19  5.748e-14  4.328e-14  3.771e-17  3.078e-13  6.303e-11  4.300e-07  2.943e-07  1.352e-04  7.397e-05  7.310e-06  3.026e-06  4.374e-09  3.538e-09  1.808e-08  2.331e-09  2.695e-24  6.615e-11  6.578e-11  4.305e-07  3.152e-06  6.258e-12  1.082e-09
4.40018e+14  2.76446e+14  -5.36291e+14  7.46757e+14  4.07400e+05  9.57800e+02  2.99900e-01  2.54800e+03  1.461e-04  2.001e-05  2.569e-16  1.369e-14  2.618e-14  2.181e-16  9.507e-06  9.893e-16  9.486e-10  4.657e-09  5.665e-16  5.946e-10  1.355e-09  2.731e-23  6.077e-06  2.679e-10  6.493e-11  2.874e-13  2.846e-06  7.826e-10  6.515e-09  8.641e-11  6.195e-12  3.857e-13  4.938e-16  7.880e-12  1.434e-14  1.874e-06  2.831e-06  4.147e-10  9.351e-16  1.030e-19  5.454e-14  4.203e-14  3.523e-17  2.874e-13  6.493e-11  4.541e-07  3.049e-07  1.357e-04  7.519e-05  7.465e-06  3.038e-06  4.398e-09  3.611e-09  1.802e-08  2.695e-09  2.856e-24  7.406e-11  7.466e-11  4.635e-07  3.310e-06  6.855e-12  1.168e-09
