    -2.32550423277433e-05    -9.71520802050645e-06    -3.86865798639477e-05    1.2633703E+07    2464.31    2464.31    1.1699040130783067    0.00000e+00    0.00000e+00    5.54509258E+10
    -2.59095814610168e-05    -1.74034042225298e-05    -4.45353793850584e-05    1.6999154E+07    3141.51    3141.51    0.8841598210553009    0.00000e+00    0.00000e+00    5.55011531E+10
    -2.66224660421307e-05    -2.40883497791080e-05    -5.04463373530378e-05    1.4954302E+07    2724.35    2724.35    0.8227254393713475    0.00000e+00    0.00000e+00    5.55513804E+10
    -2.73617123671550e-05    -2.96496402429103e-05    -5.70685092341860e-05    1.1466796E+07    2173.43    2173.43    0.7268336036949694    0.00000e+00    0.00000e+00    5.56016077E+10
    -2.85450829306606e-05    -3.45528993999204e-05    -6.28572185235915e-05    8.7279037E+06    1780.95    1780.95    0.6464109236992884    0.00000e+00    0.00000e+00    5.56518350E+10
    -3.01116613784298e-05    -3.89013978971653e-05    -6.74539018708426e-05    6.9545389E+06    1531.69    1531.69    0.5740689525462432    0.00000e+00    0.00000e+00    5.57020623E+10
    -3.18882771117072e-05    -4.24086772685834e-05    -7.09859392225140e-05    5.7066461E+06    1355.86    1355.86    0.5509660386853896    0.00000e+00    0.00000e+00    5.57522896E+10
    -3.38216990427479e-05    -4.50568192853347e-05    -7.33910174761726e-05    4.6328112E+06    1207.32    1207.32    0.5282728610812759    0.00000e+00    0.00000e+00    5.58025169E+10
    -3.57961405745336e-05    -4.70447837251276e-05    -7.44891301601593e-05    3.6447864E+06    1073.93    1073.93    0.5160341287989338    0.00000e+00    0.00000e+00    5.58527441E+10
    -3.75089422222213e-05    -4.85922789367810e-05    -7.41426144297231e-05    2.8723002E+06    967.65    967.65    0.5032936506445832    0.00000e+00    0.00000e+00    5.59029714E+10
    -3.86601386105937e-05    -4.98036247041277e-05    -7.23914334765977e-05    2.3237554E+06    888.43    888.43    0.5466414078431465    0.00000e+00    0.00000e+00    5.59531987E+10
    -3.91372156349801e-05    -5.06756784648867e-05    -6.93814144079243e-05    1.9915790E+06    846.04    846.04    0.5399608284483460    0.00000e+00    0.00000e+00    5.60034260E+10
    -3.89130925727810e-05    -5.15953651698146e-05    -6.61591633022083e-05    2.4943871E+06    1497.13    1497.13    0.5202975525556492    0.00000e+00    0.00000e+00    5.60536533E+10
    -3.82553245198177e-05    -5.55288234013079e-05    -6.70917363547802e-05    3.8611004E+06    2358.07    2358.07    0.4973686480896692    0.00000e+00    0.00000e+00    5.61038806E+10
    -3.79716479146585e-05    -6.20443217282015e-05    -7.07307769340092e-05    4.2614812E+06    2335.00    2335.00    0.4926440075958761    0.00000e+00    0.00000e+00    5.61541079E+10
    -3.81687518255957e-05    -6.89382801589797e-05    -7.50217076851317e-05    3.8877752E+06    2111.34    2111.34    0.4721334936174513    0.00000e+00    0.00000e+00    5.62043352E+10
    -3.88875540425012e-05    -7.54334454000876e-05    -7.98647248637546e-05    3.2256822E+06    1859.05    1859.05    0.4476317088181903    0.00000e+00    0.00000e+00    5.62545624E+10
    -3.96930797306836e-05    -8.14752856086741e-05    -8.49124255304051e-05    2.6710287E+06    1655.07    1655.07    0.4212928422787263    0.00000e+00    0.00000e+00    5.63047897E+10
    -4.04302937167566e-05    -8.71325085796259e-05    -8.95641255341885e-05    2.2417461E+06    1490.71    1490.71    0.4095151894602366    0.00000e+00    0.00000e+00    5.63550170E+10
    -4.11708931567648e-05    -9.23304627023259e-05    -9.35639838474465e-05    1.8675374E+06    1349.80    1349.80    0.4047593106044917    0.00000e+00    0.00000e+00    5.64052443E+10
    -4.18933586258448e-05    -9.70171565576117e-05    -9.68990995781248e-05    1.5481542E+06    1233.12    1233.12    0.3933988418225257    0.00000e+00    0.00000e+00    5.64554716E+10
    -4.25192758744002e-05    -1.01242288395934e-04    -9.96318973358030e-05    1.3003242E+06    1141.21    1141.21    0.3895941165818229    0.00000e+00    0.00000e+00    5.65056989E+10
    -4.30066973683004e-05    -1.05109467749083e-04    -1.01860702183147e-04    1.1178177E+06    1070.18    1070.18    0.3903979284237099    0.00000e+00    0.00000e+00    5.65559262E+10
    -4.33583409730418e-05    -1.08714619852002e-04    -1.03686937142245e-04    9.8285673E+05    1013.83    1013.83    0.3953029148128027    0.00000e+00    0.00000e+00    5.66061535E+10
    -4.36021241996372e-05    -1.12117376787469e-04    -1.05185496230554e-04    8.7855274E+05    966.22    966.22    0.3953403933623642    0.00000e+00    0.00000e+00    5.66563808E+10
    -4.37774958525050e-05    -1.15330998209661e-04    -1.06392342926940e-04    7.9189885E+05    922.70    922.70    0.3877273317115139    0.00000e+00    0.00000e+00    5.67066080E+10
    -4.39270831745566e-05    -1.18329750208386e-04    -1.07305993701539e-04    7.1440237E+05    881.04    881.04    0.3861352433487024    0.00000e+00    0.00000e+00    5.67568353E+10
    -4.40884781338116e-05    -1.21067211873676e-04    -1.07898615400916e-04    6.4894883E+05    847.58    847.58    0.3793634255584581    0.00000e+00    0.00000e+00    5.68070626E+10
    -4.42872211998046e-05    -1.23588296344951e-04    -1.08261498441227e-04    6.4224181E+05    914.34    914.34    0.3672693292019090    0.00000e+00    0.00000e+00    5.68572899E+10
    -4.45551883872549e-05    -1.26541238298947e-04    -1.09306538571543e-04    7.6993100E+05    1227.97    1227.97    0.3518271291473422    0.00000e+00    0.00000e+00    5.69075172E+10
    -4.49516064747014e-05    -1.30707528300793e-04    -1.12126704602694e-04    9.2754628E+05    1420.28    1420.28    0.3446610955789089    0.00000e+00    0.00000e+00    5.69577445E+10
    -4.53774178460062e-05    -1.35742774103976e-04    -1.16287981631077e-04    9.7848184E+05    1426.47    1426.47    0.3371350811196737    0.00000e+00    0.00000e+00    5.70079718E+10
    -4.56377739434767e-05    -1.41010134153264e-04    -1.20944995192805e-04    9.4132273E+05    1369.93    1369.93    0.3321708290048270    0.00000e+00    0.00000e+00    5.70581991E+10
    -4.56925452842863e-05    -1.46164425955843e-04    -1.25528283138047e-04    8.6902520E+05    1298.51    1298.51    0.3278918420757894    0.00000e+00    0.00000e+00    5.71084263E+10
    -4.56096086926726e-05    -1.51046242773365e-04    -1.29723075336206e-04    7.8197706E+05    1223.24    1223.24    0.3256151721545913    0.00000e+00    0.00000e+00    5.71586536E+10
    -4.54842562369123e-05    -1.55607660773452e-04    -1.33430547366524e-04    6.9124698E+05    1151.68    1151.68    0.3241745939734622    0.00000e+00    0.00000e+00    5.72088809E+10
    -4.53882112529887e-05    -1.59860019748106e-04    -1.36655469795622e-04    6.0872354E+05    1089.80    1089.80    0.3172566988043832    0.00000e+00    0.00000e+00    5.72591082E+10
    -4.53633252819237e-05    -1.63867761131818e-04    -1.39495193210669e-04    5.4198818E+05    1039.79    1039.79    0.3117953669760856    0.00000e+00    0.00000e+00    5.73093355E+10
    -4.54302664157566e-05    -1.67717681117920e-04    -1.42088447046514e-04    4.9159549E+05    1000.28    1000.28    0.3115627170435703    0.00000e+00    0.00000e+00    5.73595628E+10
    -4.55888295783003e-05    -1.71474085393072e-04    -1.44545734885491e-04    4.5341822E+05    968.28    968.28    0.3112210652904331    0.00000e+00    0.00000e+00    5.74097901E+10
    -4.58193938750666e-05    -1.75162984211266e-04    -1.46917370691427e-04    4.2276130E+05    940.60    940.60    0.3108317091594813    0.00000e+00    0.00000e+00    5.74600174E+10
    -4.60875549879892e-05    -1.78781163257797e-04    -1.49201686705258e-04    3.9639329E+05    914.91    914.91    0.3045015969466310    0.00000e+00    0.00000e+00    5.75102446E+10
    -4.63554562407788e-05    -1.82312735188334e-04    -1.51372032718934e-04    3.7267123E+05    890.59    890.59    0.3094215847940672    0.00000e+00    0.00000e+00    5.75604719E+10
    -4.65963402815612e-05    -1.85739024979882e-04    -1.53401491876879e-04    3.5143001E+05    868.61    868.61    0.3132102977997500    0.00000e+00    0.00000e+00    5.76106992E+10
    -4.67985211613670e-05    -1.89047243247533e-04    -1.55278210484591e-04    3.3449604E+05    852.85    852.85    0.3079900492876254    0.00000e+00    0.00000e+00    5.76609265E+10
    -4.69610006488267e-05    -1.92247886207481e-04    -1.57035713408118e-04    3.2605518E+05    854.43    854.43    0.3044806374247971    0.00000e+00    0.00000e+00    5.77111538E+10
    -4.70931322542899e-05    -1.95417782283774e-04    -1.58820002287526e-04    3.3047442E+05    885.79    885.79    0.3041752126648639    0.00000e+00    0.00000e+00    5.77613811E+10
    -4.72081576938289e-05    -1.98703340359970e-04    -1.60864859127984e-04    3.4721155E+05    938.60    938.60    0.3001792939283457    0.00000e+00    0.00000e+00    5.78116084E+10
    -4.73244824340333e-05    -2.02222520452818e-04    -1.63348166917226e-04    3.6911320E+05    986.59    986.59    0.2986139538408428    0.00000e+00    0.00000e+00    5.78618357E+10
    -4.74603044412372e-05    -2.05998467567456e-04    -1.66280853355626e-04    3.8725205E+05    1013.71    1013.71    0.2948844785591712    0.00000e+00    0.00000e+00    5.79120629E+10
    -4.76254542824524e-05    -2.09974245185173e-04    -1.69540818117595e-04    3.9614365E+05    1019.92    1019.92    0.2913304488562900    0.00000e+00    0.00000e+00    5.79622902E+10
    -4.78204477994357e-05    -2.14068787610352e-04    -1.72976009088328e-04    3.9457470E+05    1010.86    1010.86    0.2905689830124895    0.00000e+00    0.00000e+00    5.80125175E+10
    -4.80355513879115e-05    -2.18212044114208e-04    -1.76472514445311e-04    3.8393534E+05    991.82    991.82    0.2901070566581572    0.00000e+00    0.00000e+00    5.80627448E+10
    -4.82505279552027e-05    -2.22346326716827e-04    -1.79945341502109e-04    3.6686903E+05    966.85    966.85    0.2900910836643324    0.00000e+00    0.00000e+00    5.81129721E+10
    -4.84472289859709e-05    -2.26422698325238e-04    -1.83324977673123e-04    3.4590619E+05    938.57    938.57    0.2901001206022445    0.00000e+00    0.00000e+00    5.81631994E+10
    -4.86168395978660e-05    -2.30401569054241e-04    -1.86557249877628e-04    3.2291108E+05    908.54    908.54    0.2917526635423465    0.00000e+00    0.00000e+00    5.82134267E+10
    -4.87570477144429e-05    -2.34250286702413e-04    -1.89598452162270e-04    2.9924207E+05    877.66    877.66    0.2951687108720314    0.00000e+00    0.00000e+00    5.82636540E+10
    -4.88680845918274e-05    -2.37946826184222e-04    -1.92420111419559e-04    2.7598959E+05    847.01    847.01    0.2970381048154501    0.00000e+00    0.00000e+00    5.83138813E+10
    -4.89538869171102e-05    -2.41484138308744e-04    -1.95012308361579e-04    2.5409371E+05    817.81    817.81    0.2976452211711740    0.00000e+00    0.00000e+00    5.83641085E+10
    -4.90212905631949e-05    -2.44868477172465e-04    -1.97384695628720e-04    2.3440702E+05    791.24    791.24    0.2973096032776034    0.00000e+00    0.00000e+00    5.84143358E+10
    -4.90782755632725e-05    -2.48115225913487e-04    -1.99562978042355e-04    2.1766479E+05    768.43    768.43    0.2965025598424224    0.00000e+00    0.00000e+00    5.84645631E+10
    -4.91322062371591e-05    -2.51245847233474e-04    -2.01586958805704e-04    2.0448485E+05    750.91    750.91    0.2937316270304380    0.00000e+00    0.00000e+00    5.85147904E+10
    -4.91890797300900e-05    -2.54289895374424e-04    -2.03516153646259e-04    1.9538760E+05    741.12    741.12    0.2941331432567348    0.00000e+00    0.00000e+00    5.85650177E+10
    -4.92526630443676e-05    -2.57289006135273e-04    -2.05435875227486e-04    1.9061308E+05    741.34    741.34    0.2919354492286371    0.00000e+00    0.00000e+00    5.86152450E+10
    -4.93239839849956e-05    -2.60291971164886e-04    -2.07448016840742e-04    1.8985386E+05    751.35    751.35    0.2885713980401330    0.00000e+00    0.00000e+00    5.86654723E+10
    -4.94009384605981e-05    -2.63347296072059e-04    -2.09655921370293e-04    1.9217882E+05    767.35    767.35    0.2892913709697546    0.00000e+00    0.00000e+00    5.87156996E+10
    -4.94773790336986e-05    -2.66495840953836e-04    -2.12142797388229e-04    1.9614718E+05    783.91    783.91    0.2891403417599779    0.00000e+00    0.00000e+00    5.87659268E+10
    -4.95457038257774e-05    -2.69758137669612e-04    -2.14943357554116e-04    2.0023287E+05    796.74    796.74    0.2902419566134304    0.00000e+00    0.00000e+00    5.88161541E+10
    -4.95994890555597e-05    -2.73132295446030e-04    -2.18041966626738e-04    2.0327272E+05    804.03    804.03    0.2911823121576406    0.00000e+00    0.00000e+00    5.88663814E+10
    -4.96333338986380e-05    -2.76602756612063e-04    -2.21387830676727e-04    2.0465344E+05    805.77    805.77    0.2892930448418313    0.00000e+00    0.00000e+00    5.89166087E+10
    -4.96427829172828e-05    -2.80148848712350e-04    -2.24915078069229e-04    2.0419211E+05    802.77    802.77    0.2885696809592534    0.00000e+00    0.00000e+00    5.89668360E+10
    -4.96272397906664e-05    -2.83750408345893e-04    -2.28558263805431e-04    2.0192570E+05    795.92    795.92    0.2877761404080027    0.00000e+00    0.00000e+00    5.90170633E+10
    -4.95912132860232e-05    -2.87389468317669e-04    -2.32257872157841e-04    1.9798781E+05    786.08    786.08    0.2844906633628843    0.00000e+00    0.00000e+00    5.90672906E+10
    -4.95410544625756e-05    -2.91051605420666e-04    -2.35962692257323e-04    1.9257855E+05    773.74    773.74    0.2821405986503883    0.00000e+00    0.00000e+00    5.91175179E+10
    -4.94825035143080e-05    -2.94722813387637e-04    -2.39629575686258e-04    1.8596731E+05    759.22    759.22    0.2826100591296568    0.00000e+00    0.00000e+00    5.91677451E+10
    -4.94204473631260e-05    -2.98389512587373e-04    -2.43224861830767e-04    1.7846892E+05    743.23    743.23    0.2801753361971452    0.00000e+00    0.00000e+00    5.92179724E+10
    -4.93591378250128e-05    -3.02038593657938e-04    -2.46722055623177e-04    1.7041260E+05    726.50    726.50    0.2804444406146901    0.00000e+00    0.00000e+00    5.92681997E+10
    -4.93019976845573e-05    -3.05656443031165e-04    -2.50097066671674e-04    1.6208424E+05    709.52    709.52    0.2776451240017208    0.00000e+00    0.00000e+00    5.93184270E+10
    -4.92530799841333e-05    -3.09230654324957e-04    -2.53328466211553e-04    1.5371917E+05    692.62    692.62    0.2790238309419272    0.00000e+00    0.00000e+00    5.93686543E+10
    -4.92162535369162e-05    -3.12751385821584e-04    -2.56401608021507e-04    1.4553876E+05    676.18    676.18    0.2764387465204306    0.00000e+00    0.00000e+00    5.94188816E+10
    -4.91937727265232e-05    -3.16212892478928e-04    -2.59310441626796e-04    1.3778317E+05    660.73    660.73    0.2726080839049234    0.00000e+00    0.00000e+00    5.94691089E+10
    -4.91860593408567e-05    -3.19614330721182e-04    -2.62058903714511e-04    1.3072021E+05    646.91    646.91    0.2728809971262904    0.00000e+00    0.00000e+00    5.95193362E+10
    -4.91917898385675e-05    -3.22960863814051e-04    -2.64664113055731e-04    1.2462603E+05    635.51    635.51    0.2715609031380100    0.00000e+00    0.00000e+00    5.95695635E+10
    -4.92081135152104e-05    -3.26264689669750e-04    -2.67161398023400e-04    1.1973008E+05    627.41    627.41    0.2733780238840666    0.00000e+00    0.00000e+00    5.96197907E+10
    -4.92316221306074e-05    -3.29543145225517e-04    -2.69602851847552e-04    1.1616693E+05    623.26    623.26    0.2722556212144916    0.00000e+00    0.00000e+00    5.96700180E+10
    -4.92581996166058e-05    -3.32816670226147e-04    -2.72049963447363e-04    1.1392158E+05    623.10    623.10    0.2676469201367423    0.00000e+00    0.00000e+00    5.97202453E+10
    -4.92833856873395e-05    -3.36106019545329e-04    -2.74565482257578e-04    1.1280622E+05    626.08    626.08    0.2654749300627977    0.00000e+00    0.00000e+00    5.97704726E+10
    -4.93039175467345e-05    -3.39428767679002e-04    -2.77203469851779e-04    1.1250337E+05    630.62    630.62    0.2659438707828446    0.00000e+00    0.00000e+00    5.98206999E+10
    -4.93183698425683e-05    -3.42796739232849e-04    -2.80001916230016e-04    1.1264873E+05    635.12    635.12    0.2638165438514040    0.00000e+00    0.00000e+00    5.98709272E+10
    -4.93269946779553e-05    -3.46214452670378e-04    -2.82977930467097e-04    1.1291036E+05    638.42    638.42    0.2607504702721811    0.00000e+00    0.00000e+00    5.99211545E+10
    -4.93309265169091e-05    -3.49678276737117e-04    -2.86124923945094e-04    1.1304296E+05    640.05    640.05    0.2595404873131182    0.00000e+00    0.00000e+00    5.99713818E+10
    -4.93309604538668e-05    -3.53179339342702e-04    -2.89421429114209e-04    1.1289422E+05    639.92    639.92    0.2605658130721296    0.00000e+00    0.00000e+00    6.00216090E+10
    -4.93279740015911e-05    -3.56707614540208e-04    -2.92839191033106e-04    1.1238356E+05    638.13    638.13    0.2598978869211950    0.00000e+00    0.00000e+00    6.00718363E+10
    -4.93232713088844e-05    -3.60253304245140e-04    -2.96347225259425e-04    1.1147927E+05    634.87    634.87    0.2536584085279407    0.00000e+00    0.00000e+00    6.01220636E+10
    -4.93180062323075e-05    -3.63807516974585e-04    -2.99915347293382e-04    1.1017816E+05    630.33    630.33    0.2544697878789027    0.00000e+00    0.00000e+00    6.01722909E+10
    -4.93128672072878e-05    -3.67363092030474e-04    -3.03518046239075e-04    1.0849313E+05    624.70    624.70    0.2508105708369582    0.00000e+00    0.00000e+00    6.02225182E+10
    -4.93082372366332e-05    -3.70914313459507e-04    -3.07133607291728e-04    1.0645516E+05    618.17    618.17    0.2481236874510283    0.00000e+00    0.00000e+00    6.02727455E+10
    -4.93047756669500e-05    -3.74456725823954e-04    -3.10743554201953e-04    1.0411606E+05    610.86    610.86    0.2475911657299780    0.00000e+00    0.00000e+00    6.03229728E+10
    -4.93037527100829e-05    -3.77986712413754e-04    -3.14332484439103e-04    1.0154273E+05    602.97    602.97    0.2447121959544726    0.00000e+00    0.00000e+00    6.03732001E+10
    -4.93068506695052e-05    -3.81501029825381e-04    -3.17887298337513e-04    9.8810431E+04    594.76    594.76    0.2411280994740604    0.00000e+00    0.00000e+00    6.04234273E+10
    -4.93155191381234e-05    -3.84996604340096e-04    -3.21396103417585e-04    9.5994825E+04    586.45    586.45    0.2395287447526739    0.00000e+00    0.00000e+00    6.04736546E+10
    -4.93312319495282e-05    -3.88470653127370e-04    -3.24847142947554e-04    9.3165932E+04    578.23    578.23    0.2377451036914371    0.00000e+00    0.00000e+00    6.05238819E+10
    -4.93553805189842e-05    -3.91920878170354e-04    -3.28230773983301e-04    9.0384731E+04    570.24    570.24    0.2373324437349819    0.00000e+00    0.00000e+00    6.05741092E+10
    -4.93891574881472e-05    -3.95345354758735e-04    -3.31539670990105e-04    8.7704199E+04    562.62    562.62    0.2375424061029066    0.00000e+00    0.00000e+00    6.06243365E+10
    -4.94328779859096e-05    -3.98743486571684e-04    -3.34770406335240e-04    8.5172365E+04    555.52    555.52    0.2340564761213054    0.00000e+00    0.00000e+00    6.06745638E+10
    -4.94858632731181e-05    -4.02116698961424e-04    -3.37924982299210e-04    8.2831526E+04    549.10    549.10    0.2324238282529052    0.00000e+00    0.00000e+00    6.07247911E+10
    -4.95466540605924e-05    -4.05468948007592e-04    -3.41011999476717e-04    8.0717078E+04    543.50    543.50    0.2317246997088610    0.00000e+00    0.00000e+00    6.07750184E+10
    -4.96133498787026e-05    -4.08806279336793e-04    -3.44046239836899e-04    7.8853295E+04    538.80    538.80    0.2312902580918925    0.00000e+00    0.00000e+00    6.08252456E+10
    -4.96840793466397e-05    -4.12136353005188e-04    -3.47048783078610e-04    7.7247358E+04    535.03    535.03    0.2288145893269647    0.00000e+00    0.00000e+00    6.08754729E+10
    -4.97576304302008e-05    -4.15467473871134e-04    -3.50043249324393e-04    7.5887465E+04    532.11    532.11    0.2283136882429504    0.00000e+00    0.00000e+00    6.09257002E+10
    -4.98333874160110e-05    -4.18807694689874e-04    -3.53052720553607e-04    7.4743062E+04    529.87    529.87    0.2239142537286596    0.00000e+00    0.00000e+00    6.09759275E+10
    -4.99111563785978e-05    -4.22164074348606e-04    -3.56097243811965e-04    7.3768683E+04    528.07    528.07    0.2219816512317893    0.00000e+00    0.00000e+00    6.10261548E+10
    -4.99909664067820e-05    -4.25542149419567e-04    -3.59192163452474e-04    7.2911789E+04    526.46    526.46    0.2206765120383864    0.00000e+00    0.00000e+00    6.10763821E+10
    -5.00728126524269e-05    -4.28945725690155e-04    -3.62347379370503e-04    7.2119450E+04    524.82    524.82    0.2200351704607192    0.00000e+00    0.00000e+00    6.11266094E+10
    -5.01563751385030e-05    -4.32376936340566e-04    -3.65567506992296e-04    7.1344411E+04    522.97    522.97    0.2185071217763810    0.00000e+00    0.00000e+00    6.11768367E+10
    -5.02407375671529e-05    -4.35836624946606e-04    -3.68852866294882e-04    7.0548659E+04    520.82    520.82    0.2203273642712153    0.00000e+00    0.00000e+00    6.12270640E+10
    -5.03244406491964e-05    -4.39324839989641e-04    -3.72200388407660e-04    6.9704510E+04    518.30    518.30    0.2156804858541297    0.00000e+00    0.00000e+00    6.12772912E+10
    -5.04058844994860e-05    -4.42840912426794e-04    -3.75604706443180e-04    6.8795264E+04    515.41    515.41    0.2170904383233397    0.00000e+00    0.00000e+00    6.13275185E+10
    -5.04837213359881e-05    -4.46383562349945e-04    -3.79059512975450e-04    6.7814394E+04    512.17    512.17    0.2141294315377102    0.00000e+00    0.00000e+00    6.13777458E+10
    -5.05567197319528e-05    -4.49951102607484e-04    -3.82559082354898e-04    6.6762943E+04    508.63    508.63    0.2132395165563722    0.00000e+00    0.00000e+00    6.14279731E+10
    -5.06243076072363e-05    -4.53541516374497e-04    -3.86097902249968e-04    6.5647779E+04    504.83    504.83    0.2121133172285203    0.00000e+00    0.00000e+00    6.14782004E+10
    -5.06864510248809e-05    -4.57152292316118e-04    -3.89669655538396e-04    6.4480595E+04    500.84    500.84    0.2100507804657407    0.00000e+00    0.00000e+00    6.15284277E+10
    -5.07435038988739e-05    -4.60780376106154e-04    -3.93267365751310e-04    6.3276165E+04    496.71    496.71    0.2059997344813808    0.00000e+00    0.00000e+00    6.15786550E+10
    -5.07960237649485e-05    -4.64422262541691e-04    -3.96883586150570e-04    6.2051137E+04    492.51    492.51    0.2037851274268991    0.00000e+00    0.00000e+00    6.16288823E+10
    -5.08446117920693e-05    -4.68074170076017e-04    -4.00510685768833e-04    6.0822716E+04    488.31    488.31    0.2031407054988443    0.00000e+00    0.00000e+00    6.16791095E+10
    -5.08897479457806e-05    -4.71732249288503e-04    -4.04141227564232e-04    5.9607021E+04    484.15    484.15    0.2033796695983342    0.00000e+00    0.00000e+00    6.17293368E+10
    -5.09316116071444e-05    -4.75392830139584e-04    -4.07768365967590e-04    5.8418196E+04    480.08    480.08    0.2034891390954109    0.00000e+00    0.00000e+00    6.17795641E+10
    -5.09699215842257e-05    -4.79052659529459e-04    -4.11386263822186e-04    5.7267892E+04    476.14    476.14    0.2017443667080304    0.00000e+00    0.00000e+00    6.18297914E+10
    -5.10042076077537e-05    -4.82709090375429e-04    -4.14990499627248e-04    5.6165340E+04    472.36    472.36    0.2010100366274625    0.00000e+00    0.00000e+00    6.18800187E+10
    -5.10341012193309e-05    -4.86360139789539e-04    -4.18578232374605e-04    5.5117108E+04    468.75    468.75    0.2000167409150128    0.00000e+00    0.00000e+00    6.19302460E+10
    -5.10595733301364e-05    -4.90004290304967e-04    -4.22147997926940e-04    5.4127084E+04    465.34    465.34    0.1989027896137900    0.00000e+00    0.00000e+00    6.19804733E+10
    -5.10810166392519e-05    -4.93640586838761e-04    -4.25699355103804e-04    5.3196580E+04    462.13    462.13    0.1967824848843398    0.00000e+00    0.00000e+00    6.20307006E+10
    -5.10991486709254e-05    -4.97268156726295e-04    -4.29232531767626e-04    5.2324913E+04    459.11    459.11    0.1955983318436085    0.00000e+00    0.00000e+00    6.20809278E+10
    -5.11148420897829e-05    -5.00886369709784e-04    -4.32748158176192e-04    5.1509831E+04    456.28    456.28    0.1913684081549434    0.00000e+00    0.00000e+00    6.21311551E+10
    -5.11289889529977e-05    -5.04494595531441e-04    -4.36247160323632e-04    5.0748026E+04    453.62    453.62    0.1913359189484556    0.00000e+00    0.00000e+00    6.21813824E+10
    -5.11423261773650e-05    -5.08092397858955e-04    -4.39730687218372e-04    5.0035345E+04    451.12    451.12    0.1888009791321086    0.00000e+00    0.00000e+00    6.22316097E+10
    -5.11553143358819e-05    -5.11679388841380e-04    -4.43200052705486e-04    4.9366938E+04    448.75    448.75    0.1888174094778138    0.00000e+00    0.00000e+00    6.22818370E+10
    -5.11680552394215e-05    -5.15255423034612e-04    -4.46656851821986e-04    4.8737465E+04    446.50    446.50    0.1886119668488299    0.00000e+00    0.00000e+00    6.23320643E+10
    -5.11803743550585e-05    -5.18820645882756e-04    -4.50103494091867e-04    4.8141129E+04    444.33    444.33    0.1870713185175847    0.00000e+00    0.00000e+00    6.23822916E+10
    -5.11919323132161e-05    -5.22375493718123e-04    -4.53543125955919e-04    4.7571991E+04    442.23    442.23    0.1868796213156148    0.00000e+00    0.00000e+00    6.24325189E+10
    -5.12024721626435e-05    -5.25920645279869e-04    -4.56979339883519e-04    4.7024293E+04    440.17    440.17    0.1869429759433553    0.00000e+00    0.00000e+00    6.24827461E+10
    -5.12119793589300e-05    -5.29456924751250e-04    -4.60415878636285e-04    4.6492675E+04    438.14    438.14    0.1852889551699539    0.00000e+00    0.00000e+00    6.25329734E+10
    -5.12207157014636e-05    -5.32984962390052e-04    -4.63856310442911e-04    4.5972181E+04    436.10    436.10    0.1832822197873694    0.00000e+00    0.00000e+00    6.25832007E+10
    -5.12291660039254e-05    -5.36505243009956e-04    -4.67303733262818e-04    4.5458405E+04    434.05    434.05    0.1836761717135340    0.00000e+00    0.00000e+00    6.26334280E+10
    -5.12379944610584e-05    -5.40017912055067e-04    -4.70760576012549e-04    4.4947666E+04    431.97    431.97    0.1806591296197136    0.00000e+00    0.00000e+00    6.26836553E+10
    -5.12478749638794e-05    -5.43522969525385e-04    -4.74228584021357e-04    4.4437107E+04    429.85    429.85    0.1776598911147683    0.00000e+00    0.00000e+00    6.27338826E+10
    -5.12593505037112e-05    -5.47020173014069e-04    -4.77708833575612e-04    4.3924590E+04    427.70    427.70    0.1773265104881178    0.00000e+00    0.00000e+00    6.27841099E+10
    -5.12727701464044e-05    -5.50509086188805e-04    -4.81201906451733e-04    4.3408691E+04    425.50    425.50    0.1753782644304643    0.00000e+00    0.00000e+00    6.28343372E+10
    -5.12882405509686e-05    -5.53989466642754e-04    -4.84708035360285e-04    4.2888617E+04    423.25    423.25    0.1754053010450728    0.00000e+00    0.00000e+00    6.28845645E+10
    -5.13056502102572e-05    -5.57461071969076e-04    -4.88227302719596e-04    4.2364199E+04    420.97    420.97    0.1765929043279164    0.00000e+00    0.00000e+00    6.29347917E+10
    -5.13248148950715e-05    -5.60923902167769e-04    -4.91759800644265e-04    4.1835870E+04    418.65    418.65    0.1757176009465873    0.00000e+00    0.00000e+00    6.29850190E+10
    -5.13456715796328e-05    -5.64378102682938e-04    -4.95305727907900e-04    4.1304520E+04    416.30    416.30    0.1748219305235731    0.00000e+00    0.00000e+00    6.30352463E+10
    -5.13683511636351e-05    -5.67823867440056e-04    -4.98865229954606e-04    4.0771391E+04    413.94    413.94    0.1730346500647018    0.00000e+00    0.00000e+00    6.30854736E+10
    -5.13932172573392e-05    -5.71261438845963e-04    -5.02438258303015e-04    4.0237972E+04    411.56    411.56    0.1717156344377261    0.00000e+00    0.00000e+00    6.31357009E+10
    -5.14207837632471e-05    -5.74691059307500e-04    -5.06024522064919e-04    3.9705867E+04    409.17    409.17    0.1713874650449340    0.00000e+00    0.00000e+00    6.31859282E+10
    -5.14516179133657e-05    -5.78112874268771e-04    -5.09623342501163e-04    3.9176704E+04    406.80    406.80    0.1688683019431700    0.00000e+00    0.00000e+00    6.32361555E+10
    -5.14862287620601e-05    -5.81526883729776e-04    -5.13233653021649e-04    3.8652110E+04    404.44    404.44    0.1666979415577728    0.00000e+00    0.00000e+00    6.32863828E+10
    -5.15249702233175e-05    -5.84933087690515e-04    -5.16854047666703e-04    3.8133657E+04    402.10    402.10    0.1661510183161364    0.00000e+00    0.00000e+00    6.33366100E+10
    -5.15679586524215e-05    -5.88331631595093e-04    -5.20482975032544e-04    3.7622774E+04    399.79    399.79    0.1650729753481959    0.00000e+00    0.00000e+00    6.33868373E+10
    -5.16150873903622e-05    -5.91722563924878e-04    -5.24118883715393e-04    3.7120716E+04    397.51    397.51    0.1661979402841170    0.00000e+00    0.00000e+00    6.34370646E+10
    -5.16660364601100e-05    -5.95106321012182e-04    -5.27760367755575e-04    3.6628560E+04    395.27    395.27    0.1650335708379186    0.00000e+00    0.00000e+00    6.34872919E+10
    -5.17204422514041e-05    -5.98483339189318e-04    -5.31406457525727e-04    3.6147135E+04    393.07    393.07    0.1645681563415049    0.00000e+00    0.00000e+00    6.35375192E+10
    -5.17779993316254e-05    -6.01854297195441e-04    -5.35056474286697e-04    3.5677076E+04    390.92    390.92    0.1636377753077440    0.00000e+00    0.00000e+00    6.35877465E+10
    -5.18385525603960e-05    -6.05220067695176e-04    -5.38709836262066e-04    3.5218809E+04    388.81    388.81    0.1620808579217595    0.00000e+00    0.00000e+00    6.36379738E+10
    -5.19020728488950e-05    -6.08581377909045e-04    -5.42366058638153e-04    3.4772608E+04    386.75    386.75    0.1612432201362218    0.00000e+00    0.00000e+00    6.36882011E+10
    -5.19686232229009e-05    -6.11938906576201e-04    -5.46024559638542e-04    3.4338569E+04    384.73    384.73    0.1610474395011377    0.00000e+00    0.00000e+00    6.37384283E+10
    -5.20382570119186e-05    -6.15293235473061e-04    -5.49684612042710e-04    3.3916633E+04    382.76    382.76    0.1589514370412702    0.00000e+00    0.00000e+00    6.37886556E+10
    -5.21109645196746e-05    -6.18644897894676e-04    -5.53345294704664e-04    3.3506604E+04    380.83    380.83    0.1573938853971487    0.00000e+00    0.00000e+00    6.38388829E+10
    -5.21866051502013e-05    -6.21994281691989e-04    -5.57005686478409e-04    3.3108148E+04    378.95    378.95    0.1562405078226319    0.00000e+00    0.00000e+00    6.38891102E+10
    -5.22648637746060e-05    -6.25341871678682e-04    -5.60664817736584e-04    3.2720825E+04    377.10    377.10    0.1548643678917388    0.00000e+00    0.00000e+00    6.39393375E+10
    -5.23452555792076e-05    -6.28687958742964e-04    -5.64321912777297e-04    3.2344112E+04    375.29    375.29    0.1555966634121036    0.00000e+00    0.00000e+00    6.39895648E+10
    -5.24272133319992e-05    -6.32033173142620e-04    -5.67976632230973e-04    3.1977394E+04    373.52    373.52    0.1549929573996511    0.00000e+00    0.00000e+00    6.40397921E+10
    -5.25101649528370e-05    -6.35378048172699e-04    -5.71628733690771e-04    3.1620053E+04    371.77    371.77    0.1544444576956108    0.00000e+00    0.00000e+00    6.40900194E+10
    -5.25936741094081e-05    -6.38723262572355e-04    -5.75278362600796e-04    3.1271415E+04    370.06    370.06    0.1533892178770744    0.00000e+00    0.00000e+00    6.41402466E+10
    -5.26774644579143e-05    -6.42069301155268e-04    -5.78925858330623e-04    3.0930811E+04    368.36    368.36    0.1525558483814405    0.00000e+00    0.00000e+00    6.41904739E+10
    -5.27614390356193e-05    -6.45416745697857e-04    -5.82571463287095e-04    3.0597585E+04    366.70    366.70    0.1524488437906381    0.00000e+00    0.00000e+00    6.42407012E+10
    -5.28455832981127e-05    -6.48765887088330e-04    -5.86215322914314e-04    3.0271067E+04    365.04    365.04    0.1513694524027555    0.00000e+00    0.00000e+00    6.42909285E+10
    -5.29299408786257e-05    -6.52117016214895e-04    -5.89857485693649e-04    2.9950657E+04    363.41    363.41    0.1498835337740431    0.00000e+00    0.00000e+00    6.43411558E+10
    -5.30145505622530e-05    -6.55470181558921e-04    -5.93497951625101e-04    2.9635752E+04    361.79    361.79    0.1485142412760335    0.00000e+00    0.00000e+00    6.43913831E+10
    -5.30993638676263e-05    -6.58825334639040e-04    -5.97136478301828e-04    2.9325821E+04    360.18    360.18    0.1478603091346173    0.00000e+00    0.00000e+00    6.44416104E+10
    -5.31842450469149e-05    -6.62182475455251e-04    -6.00772968761094e-04    2.9020390E+04    358.58    358.58    0.1468552390124523    0.00000e+00    0.00000e+00    6.44918377E+10
    -5.32689759339624e-05    -6.65541458563450e-04    -6.04407374521532e-04    2.8719035E+04    356.99    356.99    0.1461954851743743    0.00000e+00    0.00000e+00    6.45420650E+10
    -5.33533238182019e-05    -6.68902332445006e-04    -6.08039937989981e-04    2.8421385E+04    355.40    355.40    0.1460428952694999    0.00000e+00    0.00000e+00    6.45922922E+10
    -5.34371335592553e-05    -6.72265097099918e-04    -6.11671047017388e-04    2.8127126E+04    353.82    353.82    0.1457155969855367    0.00000e+00    0.00000e+00    6.46425195E+10
    -5.35203906127122e-05    -6.75629801009554e-04    -6.15301283380168e-04    2.7835995E+04    352.24    352.24    0.1449339869088845    0.00000e+00    0.00000e+00    6.46927468E+10
    -5.36032501189506e-05    -6.78996395692547e-04    -6.18931228854739e-04    2.7547763E+04    350.67    350.67    0.1439051877300003    0.00000e+00    0.00000e+00    6.47429741E+10
    -5.36859981180424e-05    -6.82364929630264e-04    -6.22561319773415e-04    2.7262286E+04    349.10    349.10    0.1446785780934782    0.00000e+00    0.00000e+00    6.47932014E+10
    -5.37690030683852e-05    -6.85735208897233e-04    -6.26191992468508e-04    2.6979435E+04    347.54    347.54    0.1432782271164461    0.00000e+00    0.00000e+00    6.48434287E+10
    -5.38526576690606e-05    -6.89106991086614e-04    -6.29823246940018e-04    2.6699125E+04    345.98    345.98    0.1416654543666194    0.00000e+00    0.00000e+00    6.48936560E+10
    -5.39372964415087e-05    -6.92480033791566e-04    -6.33455131669314e-04    2.6421308E+04    344.42    344.42    0.1401281659155739    0.00000e+00    0.00000e+00    6.49438833E+10
    -5.40232054258014e-05    -6.95853997642511e-04    -6.37087452730923e-04    2.6145932E+04    342.87    342.87    0.1390673539632539    0.00000e+00    0.00000e+00    6.49941105E+10
    -5.41105785474109e-05    -6.99228543269874e-04    -6.40719967718004e-04    2.5872980E+04    341.32    341.32    0.1385775553591266    0.00000e+00    0.00000e+00    6.50443378E+10
    -5.41995030728000e-05    -7.02603525229550e-04    -6.44352579667822e-04    2.5602460E+04    339.77    339.77    0.1380232839562332    0.00000e+00    0.00000e+00    6.50945651E+10
    -5.42900517240208e-05    -7.05978749596066e-04    -6.47985288580376e-04    2.5334380E+04    338.23    338.23    0.1383801321465651    0.00000e+00    0.00000e+00    6.51447924E+10
    -5.43823263119464e-05    -7.09354167888055e-04    -6.51618288381138e-04    2.5068755E+04    336.70    336.70    0.1378181632696890    0.00000e+00    0.00000e+00    6.51950197E+10
    -5.44765062176388e-05    -7.12729683142781e-04    -6.55251821476950e-04    2.4805616E+04    335.17    335.17    0.1370531344125588    0.00000e+00    0.00000e+00    6.52452470E+10
    -5.45728629367593e-05    -7.16105343841610e-04    -6.58886130274651e-04    2.4544988E+04    333.65    333.65    0.1372578656638431    0.00000e+00    0.00000e+00    6.52954743E+10
    -5.46717019019271e-05    -7.19481053021808e-04    -6.62521311736979e-04    2.4286905E+04    332.13    332.13    0.1367181536066478    0.00000e+00    0.00000e+00    6.53457016E+10
    -5.47733479383085e-05    -7.22856762202005e-04    -6.66157268901196e-04    2.4031412E+04    330.62    330.62    0.1355257621848558    0.00000e+00    0.00000e+00    6.53959288E+10
    -5.48780822378386e-05    -7.26232325938098e-04    -6.69793953285935e-04    2.3778566E+04    329.12    329.12    0.1342482250163186    0.00000e+00    0.00000e+00    6.54461561E+10
    -5.49860841815794e-05    -7.29607598785983e-04    -6.73430928558882e-04    2.3528420E+04    327.63    327.63    0.1329559795427003    0.00000e+00    0.00000e+00    6.54963834E+10
    -5.50974216434462e-05    -7.32982338338818e-04    -6.77067903831830e-04    2.3281031E+04    326.14    326.14    0.1310298443217800    0.00000e+00    0.00000e+00    6.55466107E+10
    -5.52120315976605e-05    -7.36356496115236e-04    -6.80704588216568e-04    2.3036466E+04    324.67    324.67    0.1309015147879019    0.00000e+00    0.00000e+00    6.55968380E+10
    -5.53297443594339e-05    -7.39729926671133e-04    -6.84340787787626e-04    2.2794793E+04    323.20    323.20    0.1310198606722379    0.00000e+00    0.00000e+00    6.56470653E+10
    -5.54503514588835e-05    -7.43102726969244e-04    -6.87976357100898e-04    2.2556077E+04    321.75    321.75    0.1307369915292134    0.00000e+00    0.00000e+00    6.56972926E+10
    -5.55736686668105e-05    -7.46474848528201e-04    -6.91611393119122e-04    2.2320397E+04    320.30    320.30    0.1309161923338026    0.00000e+00    0.00000e+00    6.57475199E+10
    -5.56995602353842e-05    -7.49846485273477e-04    -6.95246089767768e-04    2.2087827E+04    318.87    318.87    0.1298930965036268    0.00000e+00    0.00000e+00    6.57977472E+10
    -5.58279485944156e-05    -7.53217637205072e-04    -6.98880495528206e-04    2.1858449E+04    317.44    317.44    0.1296467215654949    0.00000e+00    0.00000e+00    6.58479744E+10
    -5.59587804143999e-05    -7.56588352804355e-04    -7.02514707363171e-04    2.1632346E+04    316.04    316.04    0.1294104573579456    0.00000e+00    0.00000e+00    6.58982017E+10
    -5.60919781251479e-05    -7.59958583589956e-04    -7.06148628309927e-04    2.1409586E+04    314.64    314.64    0.1286749717522479    0.00000e+00    0.00000e+00    6.59484290E+10
    -5.62274108269659e-05    -7.63328281080507e-04    -7.09781967480266e-04    2.1190241E+04    313.26    313.26    0.1273972280550863    0.00000e+00    0.00000e+00    6.59986563E+10
    -5.63648555055604e-05    -7.66697348313274e-04    -7.13414579430084e-04    2.0974388E+04    311.89    311.89    0.1261507524046074    0.00000e+00    0.00000e+00    6.60488836E+10
    -5.65039824876284e-05    -7.70065688325519e-04    -7.17046124789803e-04    2.0762065E+04    310.54    310.54    0.1244873212817403    0.00000e+00    0.00000e+00    6.60991109E+10
    -5.66443554408569e-05    -7.73433155673137e-04    -7.20676361152583e-04    2.0553327E+04    309.21    309.21    0.1250357902618267    0.00000e+00    0.00000e+00    6.61493382E+10
    -5.67854701590174e-05    -7.76799750356130e-04    -7.24305143074320e-04    2.0348217E+04    307.89    307.89    0.1247278933990044    0.00000e+00    0.00000e+00    6.61995655E+10
    -5.69267884989240e-05    -7.80165423893129e-04    -7.27932567517750e-04    2.0146747E+04    306.59    306.59    0.1242097283757116    0.00000e+00    0.00000e+00    6.62497927E+10
    -5.70678159506220e-05    -7.83530273246870e-04    -7.31558731445608e-04    1.9948936E+04    305.30    305.30    0.1240530858989436    0.00000e+00    0.00000e+00    6.63000200E+10
    -5.72081210299351e-05    -7.86894298417352e-04    -7.35183731820632e-04    1.9754786E+04    304.04    304.04    0.1235055066365067    0.00000e+00    0.00000e+00    6.63502473E+10
    -5.73473498228761e-05    -7.90257499404577e-04    -7.38807811049663e-04    1.9564277E+04    302.78    302.78    0.1230412248756521    0.00000e+00    0.00000e+00    6.64004746E+10
    -5.74851872005524e-05    -7.93619827727176e-04    -7.42430920651330e-04    1.9377398E+04    301.55    301.55    0.1229757686458132    0.00000e+00    0.00000e+00    6.64507019E+10
    -5.76213374266184e-05    -7.96981234903781e-04    -7.46053157588372e-04    1.9194117E+04    300.34    300.34    0.1219165175573419    0.00000e+00    0.00000e+00    6.65009292E+10
    -5.77554950684550e-05    -8.00341527008919e-04    -7.49674279453947e-04    1.9014390E+04    299.14    299.14    0.1207601865473744    0.00000e+00    0.00000e+00    6.65511565E+10
    -5.78872868195278e-05    -8.03700558598487e-04    -7.53294189285320e-04    1.8838180E+04    297.96    297.96    0.1201862503112904    0.00000e+00    0.00000e+00    6.66013838E+10
    -5.80163151326183e-05    -8.07058184228379e-04    -7.56912693157017e-04    1.8665433E+04    296.80    296.80    0.1193815788281156    0.00000e+00    0.00000e+00    6.66516110E+10
    -5.81421194347294e-05    -8.10414209973124e-04    -7.60529645624935e-04    1.8496097E+04    295.65    295.65    0.1189934677682043    0.00000e+00    0.00000e+00    6.67018383E+10
    -5.82642440010009e-05    -8.13768587351352e-04    -7.64145095170441e-04    1.8330104E+04    294.52    294.52    0.1186418654565284    0.00000e+00    0.00000e+00    6.67520656E+10
    -5.83822815879407e-05    -8.17121122437593e-04    -7.67759138756272e-04    1.8167392E+04    293.41    293.41    0.1183581635456421    0.00000e+00    0.00000e+00    6.68022929E+10
    -5.84959073703823e-05    -8.20471863713213e-04    -7.71371970307900e-04    1.8007892E+04    292.31    292.31    0.1185624475233362    0.00000e+00    0.00000e+00    6.68525202E+10
    -5.86049080303061e-05    -8.23820617252741e-04    -7.74983832232166e-04    1.7851524E+04    291.23    291.23    0.1176349319494217    0.00000e+00    0.00000e+00    6.69027475E+10
    -5.87091478198815e-05    -8.27167431537545e-04    -7.78594869973174e-04    1.7698213E+04    290.17    290.17    0.1173788308228801    0.00000e+00    0.00000e+00    6.69529748E+10
    -5.88085540170562e-05    -8.30512015679415e-04    -7.82205180493661e-04    1.7547884E+04    289.12    289.12    0.1169373094700597    0.00000e+00    0.00000e+00    6.70032021E+10
    -5.89030781404621e-05    -8.33854321196984e-04    -7.85814715312258e-04    1.7400451E+04    288.08    288.08    0.1158423333707917    0.00000e+00    0.00000e+00    6.70534293E+10
    -5.89926571643207e-05    -8.37194105683412e-04    -7.89423474428964e-04    1.7255824E+04    287.06    287.06    0.1148597141797579    0.00000e+00    0.00000e+00    6.71036566E+10
    -5.90772135184431e-05    -8.40531126731857e-04    -7.93031360881045e-04    1.7113917E+04    286.06    286.06    0.1142786092028807    0.00000e+00    0.00000e+00    6.71538839E+10
    -5.91566259994088e-05    -8.43865287379583e-04    -7.96638229224396e-04    1.6974647E+04    285.07    285.07    0.1136772789569872    0.00000e+00    0.00000e+00    6.72041112E+10
    -5.92307588593873e-05    -8.47196296738382e-04    -8.00244030977648e-04    1.6837907E+04    284.09    284.09    0.1136659763599418    0.00000e+00    0.00000e+00    6.72543385E+10
    -5.92994569580005e-05    -8.50524106326886e-04    -8.03848863103538e-04    1.6703621E+04    283.12    283.12    0.1134834551773347    0.00000e+00    0.00000e+00    6.73045658E+10
    -5.93626427250595e-05    -8.53848522219623e-04    -8.07452774083434e-04    1.6571684E+04    282.17    282.17    0.1133616158291279    0.00000e+00    0.00000e+00    6.73547931E+10
    -5.94203161605643e-05    -8.57169544416591e-04    -8.11056006324176e-04    1.6442012E+04    281.23    281.23    0.1134041628736109    0.00000e+00    0.00000e+00    6.74050204E+10
    -5.94725693791143e-05    -8.60487075955055e-04    -8.14658753751238e-04    1.6314511E+04    280.30    280.30    0.1125747442026464    0.00000e+00    0.00000e+00    6.74552477E+10
    -5.95195672173610e-05    -8.63801019872280e-04    -8.18261113327354e-04    1.6189087E+04    279.38    279.38    0.1118231210734550    0.00000e+00    0.00000e+00    6.75054749E+10
    -5.95615326895979e-05    -8.67111279205527e-04    -8.21863133533893e-04    1.6065646E+04    278.47    278.47    0.1114244369896825    0.00000e+00    0.00000e+00    6.75557022E+10
    -5.95986888101181e-05    -8.70417660029326e-04    -8.25464814370856e-04    1.5944094E+04    277.57    277.57    0.1105221882276041    0.00000e+00    0.00000e+00    6.76059295E+10
    -5.96312634413518e-05    -8.73720162343677e-04    -8.29066155838242e-04    1.5824346E+04    276.68    276.68    0.1096767054167322    0.00000e+00    0.00000e+00    6.76561568E+10
    -5.96594553569084e-05    -8.77018543741737e-04    -8.32666964010579e-04    1.5706304E+04    275.79    275.79    0.1089973490554425    0.00000e+00    0.00000e+00    6.77063841E+10
    -5.96834293934392e-05    -8.80312755742140e-04    -8.36267287369235e-04    1.5589884E+04    274.92    274.92    0.1084460831303792    0.00000e+00    0.00000e+00    6.77566114E+10
    -5.97033358431856e-05    -8.83602798344886e-04    -8.39867125914209e-04    1.5474989E+04    274.05    274.05    0.1086660634030774    0.00000e+00    0.00000e+00    6.78068387E+10
    -5.97193686316199e-05    -8.86888720031342e-04    -8.43466528126871e-04    1.5361536E+04    273.19    273.19    0.1086441766608336    0.00000e+00    0.00000e+00    6.78570660E+10
    -5.97317750137195e-05    -8.90170520801508e-04    -8.47065833376796e-04    1.5249430E+04    272.33    272.33    0.1086198087498603    0.00000e+00    0.00000e+00    6.79072932E+10
    -5.97408604221035e-05    -8.93448443062226e-04    -8.50665235589457e-04    1.5138577E+04    271.48    271.48    0.1085884907466654    0.00000e+00    0.00000e+00    6.79575205E+10
    -5.97470030114431e-05    -8.96722583776231e-04    -8.54264977171696e-04    1.5028894E+04    270.64    270.64    0.1081989449721573    0.00000e+00    0.00000e+00    6.80077478E+10
    -5.97506245696410e-05    -8.99993039906260e-04    -8.57865252048983e-04    1.4920305E+04    269.80    269.80    0.1071795407465211    0.00000e+00    0.00000e+00    6.80579751E+10
    -5.97521468845997e-05    -9.03259956896417e-04    -8.61466157184056e-04    1.4812726E+04    268.96    268.96    0.1064108548549907    0.00000e+00    0.00000e+00    6.81082024E+10
    -5.97519965923586e-05    -9.06523480190806e-04    -8.65067838021019e-04    1.4706086E+04    268.13    268.13    0.1058198882001874    0.00000e+00    0.00000e+00    6.81584297E+10
    -5.97505566957257e-05    -9.09783658270795e-04    -8.68670294559871e-04    1.4600300E+04    267.30    267.30    0.1050903792715997    0.00000e+00    0.00000e+00    6.82086570E+10
    -5.97481520198674e-05    -9.13040685061857e-04    -8.72273429837877e-04    1.4495306E+04    266.47    266.47    0.1043851415283677    0.00000e+00    0.00000e+00    6.82588843E+10
    -5.97450686048555e-05    -9.16294657526728e-04    -8.75877389299141e-04    1.4391026E+04    265.65    265.65    0.1042070918662209    0.00000e+00    0.00000e+00    6.83091115E+10
    -5.97415585538043e-05    -9.19545769590880e-04    -8.79482124462295e-04    1.4287397E+04    264.83    264.83    0.1042668270900692    0.00000e+00    0.00000e+00    6.83593388E+10
    -5.97378739698278e-05    -9.22794263661155e-04    -8.83087926215547e-04    1.4184352E+04    264.01    264.01    0.1041018437222552    0.00000e+00    0.00000e+00    6.84095661E+10
    -5.97342863485876e-05    -9.26040382144391e-04    -8.86694891521634e-04    1.4081824E+04    263.19    263.19    0.1042019698850083    0.00000e+00    0.00000e+00    6.84597934E+10
    -5.97310914264291e-05    -9.29284464410168e-04    -8.90303311268764e-04    1.3979755E+04    262.37    262.37    0.1046750007384336    0.00000e+00    0.00000e+00    6.85100207E+10
    -5.97286237247923e-05    -9.32526704383956e-04    -8.93913330901042e-04    1.3878098E+04    261.55    261.55    0.1035753233997744    0.00000e+00    0.00000e+00    6.85602480E+10
    -5.97271983725698e-05    -9.35767441435333e-04    -8.97525095862572e-04    1.3776798E+04    260.73    260.73    0.1028536438658931    0.00000e+00    0.00000e+00    6.86104753E+10
    -5.97271401949281e-05    -9.39006869489770e-04    -9.01138654634722e-04    1.3675817E+04    259.90    259.90    0.1019831567562551    0.00000e+00    0.00000e+00    6.86607026E+10
    -5.97287206875285e-05    -9.42245279435478e-04    -9.04754007217492e-04    1.3575114E+04    259.08    259.08    0.1012760252197049    0.00000e+00    0.00000e+00    6.87109298E+10
    -5.97321628646644e-05    -9.45482913679295e-04    -9.08371105129514e-04    1.3474655E+04    258.26    258.26    0.1006685016502162    0.00000e+00    0.00000e+00    6.87611571E+10
    -5.97376121704400e-05    -9.48719917665328e-04    -9.11989899889420e-04    1.3374421E+04    257.44    257.44    0.1003711880311604    0.00000e+00    0.00000e+00    6.88113844E+10
    -5.97451752638653e-05    -9.51956679244519e-04    -9.15610391497210e-04    1.3274386E+04    256.62    256.62    0.0999768826558577    0.00000e+00    0.00000e+00    6.88616117E+10
    -5.97549054744452e-05    -9.55193440823711e-04    -9.19232531471515e-04    1.3174534E+04    255.79    255.79    0.0999657328952278    0.00000e+00    0.00000e+00    6.89118390E+10
    -5.97668561316846e-05    -9.58430444809743e-04    -9.22856465256441e-04    1.3074859E+04    254.97    254.97    0.0995623861518197    0.00000e+00    0.00000e+00    6.89620663E+10
    -5.97810902613619e-05    -9.61668127534929e-04    -9.26482241333355e-04    1.2975356E+04    254.14    254.14    0.0999337060775519    0.00000e+00    0.00000e+00    6.90122936E+10
    -5.97976902818031e-05    -9.64906731406108e-04    -9.30110053627729e-04    1.2876021E+04    253.31    253.31    0.1002365883717426    0.00000e+00    0.00000e+00    6.90625209E+10
    -5.98167531557444e-05    -9.68146547311491e-04    -9.33739853658196e-04    1.2776870E+04    252.48    252.48    0.0993154346290525    0.00000e+00    0.00000e+00    6.91127482E+10
    -5.98383661496482e-05    -9.71387914620653e-04    -9.37371738387492e-04    1.2677905E+04    251.66    251.66    0.0988768122148735    0.00000e+00    0.00000e+00    6.91629754E+10
    -5.98626116818405e-05    -9.74631075740435e-04    -9.41005659334249e-04    1.2579153E+04    250.83    250.83    0.0980328223122781    0.00000e+00    0.00000e+00    6.92132027E+10
    -5.98895139930053e-05    -9.77876224596310e-04    -9.44641519535730e-04    1.2480628E+04    250.00    250.00    0.0972804533168643    0.00000e+00    0.00000e+00    6.92634300E+10
    -5.99190633868689e-05    -9.81123652076486e-04    -9.48279173547831e-04    1.2382362E+04    249.17    249.17    0.0967730926665492    0.00000e+00    0.00000e+00    6.93136573E+10
    -5.99511968376528e-05    -9.84373600587804e-04    -9.51918621370552e-04    1.2284384E+04    248.34    248.34    0.0963992364390096    0.00000e+00    0.00000e+00    6.93638846E+10
    -5.99858125344841e-05    -9.87626361018472e-04    -9.55559814522525e-04    1.2186725E+04    247.52    247.52    0.0964711359870090    0.00000e+00    0.00000e+00    6.94141119E+10
    -6.00227892739423e-05    -9.90882127293963e-04    -9.59202656041014e-04    1.2089420E+04    246.69    246.69    0.0958419717086915    0.00000e+00    0.00000e+00    6.94643392E+10
    -6.00620010044704e-05    -9.94141335746590e-04    -9.62847339851491e-04    1.1992510E+04    245.87    245.87    0.0955646058965759    0.00000e+00    0.00000e+00    6.95145665E+10
    -6.01033507633323e-05    -9.97404131820457e-04    -9.66493817472589e-04    1.1896035E+04    245.04    245.04    0.0970581798621723    0.00000e+00    0.00000e+00    6.95647937E+10
    -6.01467609803388e-05    -1.00067090336651e-03    -9.70142234348410e-04    1.1800037E+04    244.22    244.22    0.0963691443938076    0.00000e+00    0.00000e+00    6.96150210E+10
    -6.01921637815747e-05    -1.00394174734748e-03    -9.73792590478956e-04    1.1704565E+04    243.41    243.41    0.0956415884710803    0.00000e+00    0.00000e+00    6.96652483E+10
    -6.02394912931246e-05    -1.00721695465159e-03    -9.77444885864227e-04    1.1609666E+04    242.59    242.59    0.0950882294593291    0.00000e+00    0.00000e+00    6.97154756E+10
    -6.02886756410732e-05    -1.01049662224156e-03    -9.81099023541486e-04    1.1515389E+04    241.78    241.78    0.0942467053196544    0.00000e+00    0.00000e+00    6.97657029E+10
    -6.03395907738633e-05    -1.01378089556150e-03    -9.84754858066629e-04    1.1421783E+04    240.98    240.98    0.0935952972951409    0.00000e+00    0.00000e+00    6.98159302E+10
    -6.03920960955275e-05    -1.01706987157414e-03    -9.88412340958287e-04    1.1328897E+04    240.18    240.18    0.0930624382016677    0.00000e+00    0.00000e+00    6.98661575E+10
    -6.04460025287301e-05    -1.02036359876087e-03    -9.92071278290989e-04    1.1236783E+04    239.38    239.38    0.0924753567396730    0.00000e+00    0.00000e+00    6.99163848E+10
    -6.05010822110409e-05    -1.02366222256577e-03    -9.95731573101998e-04    1.1145485E+04    238.59    238.59    0.0927308726357259    0.00000e+00    0.00000e+00    6.99666120E+10
    -6.05571266725772e-05    -1.02696579147022e-03    -9.99393225391314e-04    1.1055059E+04    237.80    237.80    0.0920294433624012    0.00000e+00    0.00000e+00    7.00168393E+10
    -6.06139225953191e-05    -1.03027430547421e-03    -1.00305623515894e-03    1.0965544E+04    237.02    237.02    0.0929252825901128    0.00000e+00    0.00000e+00    7.00670666E+10
    -6.06712905982048e-05    -1.03358791002186e-03    -1.00672065088623e-03    1.0876988E+04    236.25    236.25    0.0930954555761764    0.00000e+00    0.00000e+00    7.01172939E+10
    -6.07290900852667e-05    -1.03690655663179e-03    -1.01038642409184e-03    1.0789437E+04    235.48    235.48    0.0927049893026451    0.00000e+00    0.00000e+00    7.01675212E+10
    -6.07871853086741e-05    -1.04023024530400e-03    -1.01405355477575e-03    1.0702927E+04    234.72    234.72    0.0920816552216769    0.00000e+00    0.00000e+00    7.02177485E+10
    -6.08454550650066e-05    -1.04355887907577e-03    -1.01772204293797e-03    1.0617499E+04    233.97    233.97    0.0916892884511152    0.00000e+00    0.00000e+00    7.02679758E+10
    -6.09037636064337e-05    -1.04689245794708e-03    -1.02139174313439e-03    1.0533187E+04    233.23    233.23    0.0908480498354645    0.00000e+00    0.00000e+00    7.03182031E+10
    -6.09619654888509e-05    -1.05023083647383e-03    -1.02506255840228e-03    1.0450023E+04    232.49    232.49    0.0902042206201555    0.00000e+00    0.00000e+00    7.03684303E+10
    -6.10198764830594e-05    -1.05357382073055e-03    -1.02873429481617e-03    1.0368037E+04    231.76    231.76    0.0896152967900277    0.00000e+00    0.00000e+00    7.04186576E+10
    -6.10772929673132e-05    -1.05692126527314e-03    -1.03240685541331e-03    1.0287256E+04    231.04    231.04    0.0896667707094647    0.00000e+00    0.00000e+00    7.04688849E+10
    -6.11340161680030e-05    -1.06027307313886e-03    -1.03608014323097e-03    1.0207703E+04    230.33    230.33    0.0891337416579952    0.00000e+00    0.00000e+00    7.05191122E+10
    -6.11898376152460e-05    -1.06362900192087e-03    -1.03975415826915e-03    1.0129400E+04    229.63    229.63    0.0886719169920981    0.00000e+00    0.00000e+00    7.05693395E+10
    -6.12445973205273e-05    -1.06698895465643e-03    -1.04342890052786e-03    1.0052360E+04    228.93    228.93    0.0896441415609936    0.00000e+00    0.00000e+00    7.06195668E+10
    -6.12981595360163e-05    -1.07035273742007e-03    -1.04710437000709e-03    9.9765959E+03    228.25    228.25    0.0895126776857244    0.00000e+00    0.00000e+00    7.06697941E+10
    -6.13504224508399e-05    -1.07372020476769e-03    -1.05078056670684e-03    9.9021177E+03    227.57    227.57    0.0891365289998262    0.00000e+00    0.00000e+00    7.07200214E+10
    -6.14013084948091e-05    -1.07709106581108e-03    -1.05445749062711e-03    9.8289335E+03    226.90    226.90    0.0886609362709125    0.00000e+00    0.00000e+00    7.07702487E+10
    -6.14507546421455e-05    -1.08046512662476e-03    -1.05813494784243e-03    9.7570414E+03    226.24    226.24    0.0881543773212541    0.00000e+00    0.00000e+00    7.08204759E+10
    -6.14986881707968e-05    -1.08384209632053e-03    -1.06181298683417e-03    9.6864418E+03    225.60    225.60    0.0877206996028045    0.00000e+00    0.00000e+00    7.08707032E+10
    -6.15450266624373e-05    -1.08722173249154e-03    -1.06549136519548e-03    9.6171323E+03    224.96    224.96    0.0871151637997405    0.00000e+00    0.00000e+00    7.09209305E+10
    -6.15896586099202e-05    -1.09060379273096e-03    -1.06916998596364e-03    9.5491035E+03    224.32    224.32    0.0864976254892721    0.00000e+00    0.00000e+00    7.09711578E+10
    -6.16324773542358e-05    -1.09398798615058e-03    -1.07284875217589e-03    9.4823435E+03    223.70    223.70    0.0864149359818748    0.00000e+00    0.00000e+00    7.10213851E+10
    -6.16733616919638e-05    -1.09737402186218e-03    -1.07652761535089e-03    9.4168411E+03    223.09    223.09    0.0857379975269598    0.00000e+00    0.00000e+00    7.10716124E+10
    -6.17122098122311e-05    -1.10076175442167e-03    -1.08020652700725e-03    9.3525781E+03    222.48    222.48    0.0859192523352414    0.00000e+00    0.00000e+00    7.11218397E+10
    -6.17489586892592e-05    -1.10415089294084e-03    -1.08388553562635e-03    9.2895347E+03    221.88    221.88    0.0863405662217328    0.00000e+00    0.00000e+00    7.11720670E+10
    -6.17835840823640e-05    -1.10754124349420e-03    -1.08756468968956e-03    9.2276873E+03    221.29    221.29    0.0861351248206894    0.00000e+00    0.00000e+00    7.12222942E+10
    -6.18160762952720e-05    -1.11093261215630e-03    -1.09124389223413e-03    9.1670127E+03    220.71    220.71    0.0859769294237722    0.00000e+00    0.00000e+00    7.12725215E+10
    -6.18464547205303e-05    -1.11432465955755e-03    -1.09492314326007e-03    9.1074865E+03    220.14    220.14    0.0855211350324604    0.00000e+00    0.00000e+00    7.13227488E+10
    -6.18747532950967e-05    -1.11771724025385e-03    -1.09860244276738e-03    9.0490760E+03    219.57    219.57    0.0847983413145774    0.00000e+00    0.00000e+00    7.13729761E+10
    -6.19009865633815e-05    -1.12111011183836e-03    -1.10228159683058e-03    8.9917519E+03    219.01    219.01    0.0847125932015648    0.00000e+00    0.00000e+00    7.14232034E+10
    -6.19251642216584e-05    -1.12450298342287e-03    -1.10596055696831e-03    8.9354814E+03    218.46    218.46    0.0840985221881486    0.00000e+00    0.00000e+00    7.14734307E+10
    -6.19472668773802e-05    -1.12789570956327e-03    -1.10963922621784e-03    8.8802326E+03    217.92    217.92    0.0838281705473274    0.00000e+00    0.00000e+00    7.15236580E+10
    -6.19672751379996e-05    -1.13128804785273e-03    -1.11331755609778e-03    8.8259664E+03    217.38    217.38    0.0831536815595644    0.00000e+00    0.00000e+00    7.15738853E+10
    -6.19851744591062e-05    -1.13467980436578e-03    -1.11699549812678e-03    8.7726508E+03    216.84    216.84    0.0830829473310915    0.00000e+00    0.00000e+00    7.16241125E+10
    -6.20009696888367e-05    -1.13807083365830e-03    -1.12067310078621e-03    8.7202488E+03    216.32    216.32    0.0828699248277725    0.00000e+00    0.00000e+00    7.16743398E+10
    -6.20146850678753e-05    -1.14146108724893e-03    -1.12435031559469e-03    8.6687221E+03    215.79    215.79    0.0833643147575065    0.00000e+00    0.00000e+00    7.17245671E+10
    -6.20263787738637e-05    -1.14485032273083e-03    -1.12802728799633e-03    8.6180359E+03    215.28    215.28    0.0831495318906819    0.00000e+00    0.00000e+00    7.17747944E+10
    -6.20361429214012e-05    -1.14823849162263e-03    -1.13170396950976e-03    8.5681501E+03    214.76    214.76    0.0828258570529299    0.00000e+00    0.00000e+00    7.18250217E+10
    -6.20440696250874e-05    -1.15162549696160e-03    -1.13538031165361e-03    8.5190317E+03    214.25    214.25    0.0825897586056967    0.00000e+00    0.00000e+00    7.18752490E+10
    -6.20502461513847e-05    -1.15501114482226e-03    -1.13905631442789e-03    8.4706410E+03    213.75    213.75    0.0820962353675980    0.00000e+00    0.00000e+00    7.19254763E+10
    -6.20547694630295e-05    -1.15839538672324e-03    -1.14273197783259e-03    8.4229428E+03    213.25    213.25    0.0817396208205535    0.00000e+00    0.00000e+00    7.19757036E+10
    -6.20576977376633e-05    -1.16177812570182e-03    -1.14640710794224e-03    8.3759034E+03    212.75    212.75    0.0812833082015805    0.00000e+00    0.00000e+00    7.20259308E+10
    -6.20590940010649e-05    -1.16515931327661e-03    -1.15008180171958e-03    8.3294838E+03    212.26    212.26    0.0809238800117567    0.00000e+00    0.00000e+00    7.20761581E+10
    -6.20590067346023e-05    -1.16853885248489e-03    -1.15375596220187e-03    8.2836540E+03    211.76    211.76    0.0804191911490455    0.00000e+00    0.00000e+00    7.21263854E+10
    -6.20574747233700e-05    -1.17191679180802e-03    -1.15742963787047e-03    8.2383770E+03    211.27    211.27    0.0800490669337176    0.00000e+00    0.00000e+00    7.21766127E+10
    -6.20545706894202e-05    -1.17529308276463e-03    -1.16110287720677e-03    8.1936226E+03    210.79    210.79    0.0800259801163969    0.00000e+00    0.00000e+00    7.22268400E+10
    -6.20503770510786e-05    -1.17866777383610e-03    -1.16477582565485e-03    8.1493574E+03    210.30    210.30    0.0805760631517343    0.00000e+00    0.00000e+00    7.22770673E+10
    -6.20450004673551e-05    -1.18204086502242e-03    -1.16844843473336e-03    8.1055528E+03    209.82    209.82    0.0803765725761019    0.00000e+00    0.00000e+00    7.23272946E+10
    -6.20385572935331e-05    -1.18541245328633e-03    -1.17212080140503e-03    8.0621790E+03    209.33    209.33    0.0801167007613251    0.00000e+00    0.00000e+00    7.23775219E+10
    -6.20311784293067e-05    -1.18878249014646e-03    -1.17579292566986e-03    8.0192053E+03    208.85    208.85    0.0798012600530729    0.00000e+00    0.00000e+00    7.24277492E+10
    -6.20229705336855e-05    -1.19215102408418e-03    -1.17946480752785e-03    7.9766070E+03    208.37    208.37    0.0793015302508373    0.00000e+00    0.00000e+00    7.24779764E+10
    -6.20140354175426e-05    -1.19551810358085e-03    -1.18313635001626e-03    7.9343566E+03    207.89    207.89    0.0789108403235154    0.00000e+00    0.00000e+00    7.25282037E+10
    -6.20044554992039e-05    -1.19888377711785e-03    -1.18680765009783e-03    7.8924291E+03    207.42    207.42    0.0784695170185809    0.00000e+00    0.00000e+00    7.25784310E+10
    -6.19942744119006e-05    -1.20224814165791e-03    -1.19047856232845e-03    7.8507982E+03    206.94    206.94    0.0781992395973786    0.00000e+00    0.00000e+00    7.26286583E+10
    -6.19835503332745e-05    -1.20561124568240e-03    -1.19414913518950e-03    7.8094420E+03    206.46    206.46    0.0776510925483031    0.00000e+00    0.00000e+00    7.26788856E+10
    -6.19723172002831e-05    -1.20897313767268e-03    -1.19781941716234e-03    7.7683391E+03    205.98    205.98    0.0773277145895701    0.00000e+00    0.00000e+00    7.27291129E+10
    -6.19606477349788e-05    -1.21233406003561e-03    -1.20148950520971e-03    7.7274669E+03    205.50    205.50    0.0772928751877040    0.00000e+00    0.00000e+00    7.27793402E+10
    -6.19486049631401e-05    -1.21569401277117e-03    -1.20515935085023e-03    7.6868051E+03    205.03    205.03    0.0778406135018089    0.00000e+00    0.00000e+00    7.28295675E+10
    -6.19362858475031e-05    -1.21905318980484e-03    -1.20882909952802e-03    7.6463340E+03    204.55    204.55    0.0777307680997300    0.00000e+00    0.00000e+00    7.28797947E+10
    -6.19237776545305e-05    -1.22241168809936e-03    -1.21249879972445e-03    7.6060379E+03    204.07    204.07    0.0774722541139285    0.00000e+00    0.00000e+00    7.29300220E+10
    -6.19111821950952e-05    -1.22576965309883e-03    -1.21616840295813e-03    7.5658980E+03    203.59    203.59    0.0772504000357651    0.00000e+00    0.00000e+00    7.29802493E+10
    -6.18985673431128e-05    -1.22912718176598e-03    -1.21983790922908e-03    7.5258993E+03    203.11    203.11    0.0768554135756553    0.00000e+00    0.00000e+00    7.30304766E+10
    -6.18860009724984e-05    -1.23248437106356e-03    -1.22350727005593e-03    7.4860275E+03    202.63    202.63    0.0763348050262492    0.00000e+00    0.00000e+00    7.30807039E+10
    -6.18735073239362e-05    -1.23584136643567e-03    -1.22717648543867e-03    7.4462669E+03    202.15    202.15    0.0757732237736831    0.00000e+00    0.00000e+00    7.31309312E+10
    -6.18611009418366e-05    -1.23919831332641e-03    -1.23084555537731e-03    7.4066070E+03    201.67    201.67    0.0754390223152089    0.00000e+00    0.00000e+00    7.31811585E+10
    -6.18487915224733e-05    -1.24255530869851e-03    -1.23451452835321e-03    7.3670346E+03    201.18    201.18    0.0751867506323374    0.00000e+00    0.00000e+00    7.32313858E+10
    -6.18365887621197e-05    -1.24591254647746e-03    -1.23818335588500e-03    7.3275384E+03    200.70    200.70    0.0747190981750260    0.00000e+00    0.00000e+00    7.32816130E+10
    -6.18245072051865e-05    -1.24927022058872e-03    -1.24185213493543e-03    7.2881106E+03    200.22    200.22    0.0749120814210732    0.00000e+00    0.00000e+00    7.33318403E+10
    -6.18125904849048e-05    -1.25262837951366e-03    -1.24552096246723e-03    7.2487423E+03    199.73    199.73    0.0753949394195002    0.00000e+00    0.00000e+00    7.33820676E+10
    -6.18008822345060e-05    -1.25598731414049e-03    -1.24918978999903e-03    7.2094261E+03    199.24    199.24    0.0752313022637993    0.00000e+00    0.00000e+00    7.34322949E+10
    -6.17894260872214e-05    -1.25934712143195e-03    -1.25285871449356e-03    7.1701551E+03    198.75    198.75    0.0750247563039970    0.00000e+00    0.00000e+00    7.34825222E+10
    -6.17782608281454e-05    -1.26270789835077e-03    -1.25652768746946e-03    7.1309243E+03    198.27    198.27    0.0748452524549130    0.00000e+00    0.00000e+00    7.35327495E+10
    -6.17674155460990e-05    -1.26606983882242e-03    -1.26019666044536e-03    7.0917269E+03    197.78    197.78    0.0744925288995769    0.00000e+00    0.00000e+00    7.35829768E+10
    -6.17568853929453e-05    -1.26943308829102e-03    -1.26386568190263e-03    7.0525599E+03    197.28    197.28    0.0739342983869938    0.00000e+00    0.00000e+00    7.36332041E+10
    -6.17466606724107e-05    -1.27279774371929e-03    -1.26753460639716e-03    7.0134232E+03    196.79    196.79    0.0734371752776877    0.00000e+00    0.00000e+00    7.36834314E+10
    -6.17366977512639e-05    -1.27616395055133e-03    -1.27120348241033e-03    6.9743108E+03    196.30    196.30    0.0731428931679867    0.00000e+00    0.00000e+00    7.37336586E+10
    -6.17269626925472e-05    -1.27953185423127e-03    -1.27487235842349e-03    6.9352245E+03    195.81    195.81    0.0727808537802455    0.00000e+00    0.00000e+00    7.37838859E+10
    -6.17174215593030e-05    -1.28290160020319e-03    -1.27854123443665e-03    6.8961644E+03    195.31    195.31    0.0723241029723268    0.00000e+00    0.00000e+00    7.38341132E+10
    -6.17080452627103e-05    -1.28627338239257e-03    -1.28221020741256e-03    6.8571293E+03    194.82    194.82    0.0724446110110758    0.00000e+00    0.00000e+00    7.38843405E+10
    -6.16988241064956e-05    -1.28964729776214e-03    -1.28587927735119e-03    6.8181242E+03    194.32    194.32    0.0729112523779191    0.00000e+00    0.00000e+00    7.39345678E+10
    -6.16897483943853e-05    -1.29302354023739e-03    -1.28954854121530e-03    6.7791506E+03    193.82    193.82    0.0727950567655082    0.00000e+00    0.00000e+00    7.39847951E+10
    -6.16808181263792e-05    -1.29640220678104e-03    -1.29321795052352e-03    6.7402134E+03    193.33    193.33    0.0726345458486410    0.00000e+00    0.00000e+00    7.40350224E+10
    -6.16720284543407e-05    -1.29978339435584e-03    -1.29688755375720e-03    6.7013155E+03    192.83    192.83    0.0724986396249823    0.00000e+00    0.00000e+00    7.40852497E+10
    -6.16633454413120e-05    -1.30316719992451e-03    -1.30055730243499e-03    6.6624631E+03    192.33    192.33    0.0722585641919221    0.00000e+00    0.00000e+00    7.41354769E+10
    -6.16547254540619e-05    -1.30655376893116e-03    -1.30422714807552e-03    6.6236619E+03    191.84    191.84    0.0717170207111014    0.00000e+00    0.00000e+00    7.41857042E+10
    -6.16461200112222e-05    -1.30994319833854e-03    -1.30789713916015e-03    6.5849204E+03    191.34    191.34    0.0710548530284145    0.00000e+00    0.00000e+00    7.42359315E+10
    -6.16374515426040e-05    -1.31333553662800e-03    -1.31156722720752e-03    6.5462441E+03    190.84    190.84    0.0709727598034358    0.00000e+00    0.00000e+00    7.42861588E+10
    -6.16286521742918e-05    -1.31673092924365e-03    -1.31523750918036e-03    6.5076397E+03    190.34    190.34    0.0703840925985878    0.00000e+00    0.00000e+00    7.43363861E+10
    -6.16196637286441e-05    -1.32012947314822e-03    -1.31890793659730e-03    6.4691193E+03    189.85    189.85    0.0700421229608998    0.00000e+00    0.00000e+00    7.43866134E+10
    -6.16104328761557e-05    -1.32353121682310e-03    -1.32257860642109e-03    6.4306878E+03    189.35    189.35    0.0699703177184236    0.00000e+00    0.00000e+00    7.44368407E+10
    -6.16009353761428e-05    -1.32693630571237e-03    -1.32624961561445e-03    6.3923554E+03    188.85    188.85    0.0704380157642789    0.00000e+00    0.00000e+00    7.44870680E+10
    -6.15911518360580e-05    -1.33034483677878e-03    -1.32992096417739e-03    6.3541307E+03    188.36    188.36    0.0705484005930549    0.00000e+00    0.00000e+00    7.45372952E+10
    -6.15810531670805e-05    -1.33375681002232e-03    -1.33359265210990e-03    6.3160232E+03    187.86    187.86    0.0704518525243282    0.00000e+00    0.00000e+00    7.45875225E+10
    -6.15706248247998e-05    -1.33717237088711e-03    -1.33726472789336e-03    6.2780450E+03    187.37    187.37    0.0702136437054636    0.00000e+00    0.00000e+00    7.46377498E+10
    -6.15598280241215e-05    -1.34059147089177e-03    -1.34093714304640e-03    6.2402037E+03    186.88    186.88    0.0700468090139153    0.00000e+00    0.00000e+00    7.46879771E+10
    -6.15486142836775e-05    -1.34401425548040e-03    -1.34460989756901e-03    6.2025119E+03    186.39    186.39    0.0695164833700561    0.00000e+00    0.00000e+00    7.47382044E+10
    -6.15369254258259e-05    -1.34744062769027e-03    -1.34828303994257e-03    6.1649781E+03    185.90    185.90    0.0690041024038022    0.00000e+00    0.00000e+00    7.47884317E+10
    -6.15246887285147e-05    -1.35087073296549e-03    -1.35195647320434e-03    6.1276154E+03    185.41    185.41    0.0689667429811009    0.00000e+00    0.00000e+00    7.48386590E+10
    -6.15118557103757e-05    -1.35430457130605e-03    -1.35563039127978e-03    6.0904315E+03    184.93    184.93    0.0684011130818657    0.00000e+00    0.00000e+00    7.48888863E+10
    -6.14983681937673e-05    -1.35774219119333e-03    -1.35930469720618e-03    6.0534389E+03    184.44    184.44    0.0679552208888166    0.00000e+00    0.00000e+00    7.49391135E+10
    -6.14842019380053e-05    -1.36118359262732e-03    -1.36297953642762e-03    6.0166471E+03    183.96    183.96    0.0678672889201099    0.00000e+00    0.00000e+00    7.49893408E+10
    -6.14693327024056e-05    -1.36462877560802e-03    -1.36665490894411e-03    5.9800666E+03    183.48    183.48    0.0682524606002980    0.00000e+00    0.00000e+00    7.50395681E+10
    -6.14537604869684e-05    -1.36807778861680e-03    -1.37033086323702e-03    5.9437075E+03    183.01    183.01    0.0682522130301231    0.00000e+00    0.00000e+00    7.50897954E+10
    -6.14374707472831e-05    -1.37153063165366e-03    -1.37400744778771e-03    5.9075795E+03    182.53    182.53    0.0682349782756887    0.00000e+00    0.00000e+00    7.51400227E+10
    -6.14204537870762e-05    -1.37498720775587e-03    -1.37768456563346e-03    5.8716932E+03    182.06    182.06    0.0680181221793154    0.00000e+00    0.00000e+00    7.51902500E+10
    -6.14026950619371e-05    -1.37844756540479e-03    -1.38136231373699e-03    5.8360576E+03    181.59    181.59    0.0678933172556985    0.00000e+00    0.00000e+00    7.52404773E+10
    -6.13841606349083e-05    -1.38191160763768e-03    -1.38504054665420e-03    5.8006814E+03    181.12    181.12    0.0675991684276058    0.00000e+00    0.00000e+00    7.52907046E+10
    -6.13648165690320e-05    -1.38537933445455e-03    -1.38871931286645e-03    5.7655741E+03    180.66    180.66    0.0671537104452235    0.00000e+00    0.00000e+00    7.53409319E+10
    -6.13446192310770e-05    -1.38885069737404e-03    -1.39239866085513e-03    5.7307461E+03    180.20    180.20    0.0667690299186274    0.00000e+00    0.00000e+00    7.53911591E+10
    -6.13235492284960e-05    -1.39232564791476e-03    -1.39607859062022e-03    5.6962038E+03    179.74    179.74    0.0662986168773084    0.00000e+00    0.00000e+00    7.54413864E+10
    -6.13015920168785e-05    -1.39580413759535e-03    -1.39975915064310e-03    5.6619580E+03    179.29    179.29    0.0659491238521882    0.00000e+00    0.00000e+00    7.54916137E+10
    -6.12787524443615e-05    -1.39928611793445e-03    -1.40344038940514e-03    5.6280145E+03    178.84    178.84    0.0659166497519485    0.00000e+00    0.00000e+00    7.55418410E+10
    -6.12550595997656e-05    -1.40277154045068e-03    -1.40712230690632e-03    5.5943825E+03    178.39    178.39    0.0662871062629729    0.00000e+00    0.00000e+00    7.55920683E+10
    -6.12305425719119e-05    -1.40626025969994e-03    -1.41080495162803e-03    5.5610682E+03    177.95    177.95    0.0662689370992821    0.00000e+00    0.00000e+00    7.56422956E+10
    -6.12052401458948e-05    -1.40975222720087e-03    -1.41448837205163e-03    5.5280790E+03    177.51    177.51    0.0661346426891034    0.00000e+00    0.00000e+00    7.56925229E+10
    -6.11791765623984e-05    -1.41324734599072e-03    -1.41817247121438e-03    5.4954217E+03    177.07    177.07    0.0658859433487495    0.00000e+00    0.00000e+00    7.57427502E+10
    -6.11523809102435e-05    -1.41674547062540e-03    -1.42185724911629e-03    5.4631009E+03    176.64    176.64    0.0658163569341162    0.00000e+00    0.00000e+00    7.57929774E+10
    -6.11248580375669e-05    -1.42024655262354e-03    -1.42554275423871e-03    5.4311230E+03    176.21    176.21    0.0655284832200818    0.00000e+00    0.00000e+00    7.58432047E+10
    -6.10966176406422e-05    -1.42375039805965e-03    -1.42922893810029e-03    5.3994931E+03    175.79    175.79    0.0652583318513687    0.00000e+00    0.00000e+00    7.58934320E+10
    -6.10676694157432e-05    -1.42725695845238e-03    -1.43291580070103e-03    5.3682150E+03    175.37    175.37    0.0646583209023416    0.00000e+00    0.00000e+00    7.59436593E+10
    -6.10380279072801e-05    -1.43076613683899e-03    -1.43660343900365e-03    5.3372925E+03    174.95    174.95    0.0643235423659579    0.00000e+00    0.00000e+00    7.59938866E+10
    -6.10077319003476e-05    -1.43427778777537e-03    -1.44029185300816e-03    5.3067299E+03    174.54    174.54    0.0640817389557019    0.00000e+00    0.00000e+00    7.60441139E+10
    -6.09768250281769e-05    -1.43779181429878e-03    -1.44398109119593e-03    5.2765295E+03    174.13    174.13    0.0640093343824633    0.00000e+00    0.00000e+00    7.60943412E+10
    -6.09453509239993e-05    -1.44130811944650e-03    -1.44767120204833e-03    5.2466945E+03    173.72    173.72    0.0641568354709619    0.00000e+00    0.00000e+00    7.61445685E+10
    -6.09133774617301e-05    -1.44482650929305e-03    -1.45136213708399e-03    5.2172268E+03    173.33    173.33    0.0644514695929640    0.00000e+00    0.00000e+00    7.61947957E+10
    -6.08809579708743e-05    -1.44834693535706e-03    -1.45505394478427e-03    5.1881272E+03    172.93    172.93    0.0641528115994950    0.00000e+00    0.00000e+00    7.62450230E+10
    -6.08481409328000e-05    -1.45186925219443e-03    -1.45874662514917e-03    5.1593974E+03    172.54    172.54    0.0639822400100486    0.00000e+00    0.00000e+00    7.62952503E+10
    -6.08149651326016e-05    -1.45539326587968e-03    -1.46244008121597e-03    5.1310381E+03    172.15    172.15    0.0637894979130825    0.00000e+00    0.00000e+00    7.63454776E+10
    -6.07814596591002e-05    -1.45891887945007e-03    -1.46613431298466e-03    5.1030498E+03    171.77    171.77    0.0635949166133637    0.00000e+00    0.00000e+00    7.63957049E+10
    -6.07476536011164e-05    -1.46244594746151e-03    -1.46982936893660e-03    5.0754311E+03    171.39    171.39    0.0633144660599337    0.00000e+00    0.00000e+00    7.64459322E+10
    -6.07135711993344e-05    -1.46597437295126e-03    -1.47352520059044e-03    5.0481814E+03    171.02    171.02    0.0626812278455428    0.00000e+00    0.00000e+00    7.64961595E+10
    -6.06792560869855e-05    -1.46950401047521e-03    -1.47722190490890e-03    5.0212992E+03    170.64    170.64    0.0624897330316943    0.00000e+00    0.00000e+00    7.65463868E+10
    -6.06447470491641e-05    -1.47303471458926e-03    -1.48091948189198e-03    4.9947839E+03    170.28    170.28    0.0622397350973790    0.00000e+00    0.00000e+00    7.65966140E+10
    -6.06101071116488e-05    -1.47656638833067e-03    -1.48461793153969e-03    4.9686321E+03    169.92    169.92    0.0632124440751442    0.00000e+00    0.00000e+00    7.66468413E+10
    -6.05753944520814e-05    -1.48009888625534e-03    -1.48831730233340e-03    4.9428412E+03    169.56    169.56    0.0628428062049320    0.00000e+00    0.00000e+00    7.66970686E+10
    -6.05406769443771e-05    -1.48363211140053e-03    -1.49201759427310e-03    4.9174090E+03    169.20    169.20    0.0626969483485809    0.00000e+00    0.00000e+00    7.67472959E+10
    -6.05060224624514e-05    -1.48716586984077e-03    -1.49571871039606e-03    4.8923300E+03    168.85    168.85    0.0622834874378736    0.00000e+00    0.00000e+00    7.67975232E+10
    -6.04714697913987e-05    -1.49070006461332e-03    -1.49942074766501e-03    4.8676030E+03    168.51    168.51    0.0621333015541692    0.00000e+00    0.00000e+00    7.68477505E+10
    -6.04370722607240e-05    -1.49423459875545e-03    -1.50312360911722e-03    4.8432219E+03    168.17    168.17    0.0619638623966714    0.00000e+00    0.00000e+00    7.68979778E+10
    -6.04028492629745e-05    -1.49776927834168e-03    -1.50682724627132e-03    4.8191835E+03    167.83    167.83    0.0619014210174034    0.00000e+00    0.00000e+00    7.69482051E+10
    -6.03688347351078e-05    -1.50130400640928e-03    -1.51053175609005e-03    4.7954830E+03    167.49    167.49    0.0616064444477723    0.00000e+00    0.00000e+00    7.69984324E+10
    -6.03350529178081e-05    -1.50483868599552e-03    -1.51423704161066e-03    4.7721154E+03    167.16    167.16    0.0610417167284476    0.00000e+00    0.00000e+00    7.70486596E+10
    -6.03015425961698e-05    -1.50837317165628e-03    -1.51794319979591e-03    4.7490753E+03    166.83    166.83    0.0608460421995013    0.00000e+00    0.00000e+00    7.70988869E+10
    -6.02683474034243e-05    -1.51190736642883e-03    -1.52165018216441e-03    4.7263579E+03    166.51    166.51    0.0614578541648126    0.00000e+00    0.00000e+00    7.71491142E+10
    -6.02355206690763e-05    -1.51544117335044e-03    -1.52535803719753e-03    4.7039570E+03    166.19    166.19    0.0613427978807365    0.00000e+00    0.00000e+00    7.71993415E+10
    -6.02031108744942e-05    -1.51897449545836e-03    -1.52906676489528e-03    4.6818663E+03    165.87    165.87    0.0612278300598881    0.00000e+00    0.00000e+00    7.72495688E+10
    -6.01711858935931e-05    -1.52250718730850e-03    -1.53277636525766e-03    4.6600799E+03    165.56    165.56    0.0609904923984500    0.00000e+00    0.00000e+00    7.72997961E+10
    -6.01397845114676e-05    -1.52603920041949e-03    -1.53648678980330e-03    4.6385909E+03    165.25    165.25    0.0606221886807848    0.00000e+00    0.00000e+00    7.73500234E+10
    -6.01089503613491e-05    -1.52957034086585e-03    -1.54019794156945e-03    4.6173945E+03    164.94    164.94    0.0603876315522661    0.00000e+00    0.00000e+00    7.74002507E+10
    -6.00787076839215e-05    -1.53310060864759e-03    -1.54390991751887e-03    4.5964832E+03    164.63    164.63    0.0602500305977298    0.00000e+00    0.00000e+00    7.74504779E+10
    -6.00490758717320e-05    -1.53662980983922e-03    -1.54762257220744e-03    4.5758506E+03    164.33    164.33    0.0601748186981712    0.00000e+00    0.00000e+00    7.75007052E+10
    -6.00200791654649e-05    -1.54015794444076e-03    -1.55133595411653e-03    4.5554904E+03    164.03    164.03    0.0598010861788314    0.00000e+00    0.00000e+00    7.75509325E+10
    -5.99917321095304e-05    -1.54368491548947e-03    -1.55505011172751e-03    4.5353949E+03    163.73    163.73    0.0594735848411318    0.00000e+00    0.00000e+00    7.76011598E+10
    -5.99640540964759e-05    -1.54721062602260e-03    -1.55876494807764e-03    4.5155581E+03    163.44    163.44    0.0590908927856585    0.00000e+00    0.00000e+00    7.76513871E+10
    -5.99370936076694e-05    -1.55073502755879e-03    -1.56248060861103e-03    4.4959733E+03    163.15    163.15    0.0588013960965515    0.00000e+00    0.00000e+00    7.77016144E+10
    -5.99108797319318e-05    -1.55425807161668e-03    -1.56619694788358e-03    4.4766322E+03    162.86    162.86    0.0591781808957671    0.00000e+00    0.00000e+00    7.77518417E+10
    -5.98854512543576e-05    -1.55777970971489e-03    -1.56991411133938e-03    4.4575293E+03    162.57    162.57    0.0596231255067169    0.00000e+00    0.00000e+00    7.78020690E+10
    -5.98608566563149e-05    -1.56129979640932e-03    -1.57363195353434e-03    4.4386567E+03    162.28    162.28    0.0595097918633569    0.00000e+00    0.00000e+00    7.78522962E+10
    -5.98371153303510e-05    -1.56481838018134e-03    -1.57735052294982e-03    4.4200074E+03    162.00    162.00    0.0588898271636480    0.00000e+00    0.00000e+00    7.79025235E+10
    -5.98142563652866e-05    -1.56833531558685e-03    -1.58106972262308e-03    4.4015755E+03    161.72    161.72    0.0587491284081758    0.00000e+00    0.00000e+00    7.79527508E+10
    -5.97922846092588e-05    -1.57185060262584e-03    -1.58478960103550e-03    4.3833526E+03    161.44    161.44    0.0584859571902407    0.00000e+00    0.00000e+00    7.80029781E+10
    -5.97712049104041e-05    -1.57536414433557e-03    -1.58851006122433e-03    4.3653330E+03    161.16    161.16    0.0584487551202246    0.00000e+00    0.00000e+00    7.80532054E+10
    -5.97510172687227e-05    -1.57887598919743e-03    -1.59223115167095e-03    4.3475086E+03    160.89    160.89    0.0583193101055899    0.00000e+00    0.00000e+00    7.81034327E+10
    -5.97317313804882e-05    -1.58238604024866e-03    -1.59595282389399e-03    4.3298734E+03    160.61    160.61    0.0580107292884488    0.00000e+00    0.00000e+00    7.81536600E+10
    -5.97133472457005e-05    -1.58589429748927e-03    -1.59967512637481e-03    4.3124194E+03    160.34    160.34    0.0576322896627552    0.00000e+00    0.00000e+00    7.82038873E+10
    -5.96958939531806e-05    -1.58940080940063e-03    -1.60339810759479e-03    4.2951408E+03    160.07    160.07    0.0573418124709033    0.00000e+00    0.00000e+00    7.82541145E+10
    -5.96793811992020e-05    -1.59290543053864e-03    -1.60712171907255e-03    4.2780300E+03    159.80    159.80    0.0575433708459193    0.00000e+00    0.00000e+00    7.83043418E+10
    -5.96638429207224e-05    -1.59640825786602e-03    -1.61084591232673e-03    4.2610814E+03    159.53    159.53    0.0581026261691644    0.00000e+00    0.00000e+00    7.83545691E+10
    -5.96493033584259e-05    -1.59990919442005e-03    -1.61457078432006e-03    4.2442877E+03    159.26    159.26    0.0578103702541131    0.00000e+00    0.00000e+00    7.84047964E+10
    -5.96357819048598e-05    -1.60340828868209e-03    -1.61829618960844e-03    4.2276419E+03    159.00    159.00    0.0572169674942637    0.00000e+00    0.00000e+00    7.84550237E+10
    -5.96232834081608e-05    -1.60690544368941e-03    -1.62202217667324e-03    4.2111379E+03    158.73    158.73    0.0571115189809056    0.00000e+00    0.00000e+00    7.85052510E+10
    -5.96118175646026e-05    -1.61040070792337e-03    -1.62574869703309e-03    4.1947695E+03    158.47    158.47    0.0569633698650331    0.00000e+00    0.00000e+00    7.85554783E+10
    -5.96013698297746e-05    -1.61389408138397e-03    -1.62947575068799e-03    4.1785295E+03    158.20    158.20    0.0569772680728550    0.00000e+00    0.00000e+00    7.86057056E+10
    -5.95919402036771e-05    -1.61738551558985e-03    -1.63320333763794e-03    4.1624119E+03    157.94    157.94    0.0567488425670670    0.00000e+00    0.00000e+00    7.86559329E+10
    -5.95835238381730e-05    -1.62087505902237e-03    -1.63693150636430e-03    4.1464111E+03    157.68    157.68    0.0565094940100420    0.00000e+00    0.00000e+00    7.87061601E+10
    -5.95761255813993e-05    -1.62436271168154e-03    -1.64066025686708e-03    4.1305209E+03    157.42    157.42    0.0561583640911256    0.00000e+00    0.00000e+00    7.87563874E+10
    -5.95697454333559e-05    -1.62784852204871e-03    -1.64438954066491e-03    4.1147357E+03    157.15    157.15    0.0567346303788935    0.00000e+00    0.00000e+00    7.88066147E+10
    -5.95643979384532e-05    -1.63133244164253e-03    -1.64811945472053e-03    4.0990501E+03    156.89    156.89    0.0566306583396761    0.00000e+00    0.00000e+00    7.88568420E+10
    -5.95600976411018e-05    -1.63481451894437e-03    -1.65184995055256e-03    4.0834583E+03    156.63    156.63    0.0565279523086093    0.00000e+00    0.00000e+00    7.89070693E+10
    -5.95568396931647e-05    -1.63829480243558e-03    -1.65558097967965e-03    4.0679551E+03    156.37    156.37    0.0565137649482967    0.00000e+00    0.00000e+00    7.89572966E+10
    -5.95546240946421e-05    -1.64177324363481e-03    -1.65931259058315e-03    4.0525353E+03    156.11    156.11    0.0557275210487090    0.00000e+00    0.00000e+00    7.90075239E+10
    -5.95534363011233e-05    -1.64524984254204e-03    -1.66304473478169e-03    4.0371941E+03    155.85    155.85    0.0555835802588864    0.00000e+00    0.00000e+00    7.90577512E+10
    -5.95532569200613e-05    -1.64872474460139e-03    -1.66677736379393e-03    4.0219274E+03    155.59    155.59    0.0557278190705228    0.00000e+00    0.00000e+00    7.91079784E+10
    -5.95540568626352e-05    -1.65219785285013e-03    -1.67051052610120e-03    4.0067310E+03    155.33    155.33    0.0554191598316799    0.00000e+00    0.00000e+00    7.91582057E+10
    -5.95558167362976e-05    -1.65566921576961e-03    -1.67424422170353e-03    3.9915989E+03    155.07    155.07    0.0552513093831892    0.00000e+00    0.00000e+00    7.92084330E+10
    -5.95585171485014e-05    -1.65913893032257e-03    -1.67797845060091e-03    3.9765285E+03    154.81    154.81    0.0551020764554031    0.00000e+00    0.00000e+00    7.92586603E+10
    -5.95621435548361e-05    -1.66260699650902e-03    -1.68171326127471e-03    3.9615162E+03    154.55    154.55    0.0555334889554259    0.00000e+00    0.00000e+00    7.93088876E+10
    -5.95666862590281e-05    -1.66607346281032e-03    -1.68544860524355e-03    3.9465566E+03    154.29    154.29    0.0551586229061781    0.00000e+00    0.00000e+00    7.93591149E+10
    -5.95721452610774e-05    -1.66953837770784e-03    -1.68918453098881e-03    3.9316477E+03    154.03    154.03    0.0550792405196961    0.00000e+00    0.00000e+00    7.94093422E+10
    -5.95785011684367e-05    -1.67300174120159e-03    -1.69292103851049e-03    3.9167857E+03    153.77    153.77    0.0550646647379240    0.00000e+00    0.00000e+00    7.94595695E+10
    -5.95857491329693e-05    -1.67646365025429e-03    -1.69665812780859e-03    3.9019664E+03    153.51    153.51    0.0551142437821141    0.00000e+00    0.00000e+00    7.95097967E+10
    -5.95938697621279e-05    -1.67992405638457e-03    -1.70039570192037e-03    3.8871885E+03    153.25    153.25    0.0543215748191928    0.00000e+00    0.00000e+00    7.95600240E+10
    -5.96028291189548e-05    -1.68338310503655e-03    -1.70413380932719e-03    3.8724492E+03    152.99    152.99    0.0541602034072528    0.00000e+00    0.00000e+00    7.96102513E+10
    -5.96125932664923e-05    -1.68684069924749e-03    -1.70787240154770e-03    3.8577431E+03    152.73    152.73    0.0543378285609902    0.00000e+00    0.00000e+00    7.96604786E+10
    -5.96231331159196e-05    -1.69029698446149e-03    -1.71161152706326e-03    3.8430704E+03    152.46    152.46    0.0541106271520298    0.00000e+00    0.00000e+00    7.97107059E+10
    -5.96344050340054e-05    -1.69375200915991e-03    -1.71535118587387e-03    3.8284271E+03    152.20    152.20    0.0540805008609598    0.00000e+00    0.00000e+00    7.97609332E+10
    -5.96463847800657e-05    -1.69720577334277e-03    -1.71909132949815e-03    3.8138135E+03    151.94    151.94    0.0537322767915193    0.00000e+00    0.00000e+00    7.98111605E+10
    -5.96590481134162e-05    -1.70065832549142e-03    -1.72283205489886e-03    3.7992244E+03    151.68    151.68    0.0540409591169617    0.00000e+00    0.00000e+00    7.98613878E+10
    -5.96723853377836e-05    -1.70410976256861e-03    -1.72657336207598e-03    3.7846587E+03    151.41    151.41    0.0538155679325406    0.00000e+00    0.00000e+00    7.99116151E+10
    -5.96863819087572e-05    -1.70756008457433e-03    -1.73031520254815e-03    3.7701167E+03    151.15    151.15    0.0537527676903460    0.00000e+00    0.00000e+00    7.99618423E+10
    -5.97010281300635e-05    -1.71100938847132e-03    -1.73405757631537e-03    3.7555935E+03    150.88    150.88    0.0538048991036795    0.00000e+00    0.00000e+00    8.00120696E+10
    -5.97162997610185e-05    -1.71445762577821e-03    -1.73780043489628e-03    3.7410906E+03    150.62    150.62    0.0536663802627581    0.00000e+00    0.00000e+00    8.00622969E+10
    -5.97321725609380e-05    -1.71790489345774e-03    -1.74154382677223e-03    3.7266047E+03    150.35    150.35    0.0533119823696825    0.00000e+00    0.00000e+00    8.01125242E+10
    -5.97486174410012e-05    -1.72135123999128e-03    -1.74528765498049e-03    3.7121347E+03    150.08    150.08    0.0530968527007021    0.00000e+00    0.00000e+00    8.01627515E+10
    -5.97655956161137e-05    -1.72479661689745e-03    -1.74903196800244e-03    3.6976811E+03    149.82    149.82    0.0530047150091263    0.00000e+00    0.00000e+00    8.02129788E+10
    -5.97830731493177e-05    -1.72824121810173e-03    -1.75277676583806e-03    3.6832405E+03    149.55    149.55    0.0527902006278126    0.00000e+00    0.00000e+00    8.02632061E+10
    -5.98010112555187e-05    -1.73168494664139e-03    -1.75652195152463e-03    3.6688145E+03    149.28    149.28    0.0527828703625686    0.00000e+00    0.00000e+00    8.03134334E+10
    -5.98193905421696e-05    -1.73512789947916e-03    -1.76026767050625e-03    3.6544025E+03    149.02    149.02    0.0526685659505397    0.00000e+00    0.00000e+00    8.03636606E+10
