    1.51798678454584e-05    3.42868098958571e-05    3.08890121195345e-05    8.9014688E+06    588.28    588.28    1.4438509230659007    0.00000e+00    0.00000e+00    5.59029714E+10
    1.11624835176283e-05    4.26994452434562e-05    4.45654203799947e-05    5.7940270E+06    856.23    856.23    0.9985564354937334    0.00000e+00    0.00000e+00    5.59531987E+10
    8.05457862748405e-06    4.84055354942092e-05    5.31070287719246e-05    6.5894346E+06    1183.24    1183.24    0.7718123361551097    0.00000e+00    0.00000e+00    5.60034260E+10
    5.84632600170964e-06    5.25675620445436e-05    5.79814715733570e-05    5.7760285E+06    1145.30    1145.30    0.6657372745947783    0.00000e+00    0.00000e+00    5.60536533E+10
    4.20787048353877e-06    5.56796246968170e-05    6.13299196802658e-05    4.9289084E+06    1034.67    1034.67    0.5995715468285533    0.00000e+00    0.00000e+00    5.61038806E+10
    3.23801884651082e-06    5.78150883661370e-05    6.31396079484274e-05    3.9372301E+06    924.82    924.82    0.6045081253006301    0.00000e+00    0.00000e+00    5.61541079E+10
    2.74820848167829e-06    5.91093372729534e-05    6.29465842294304e-05    3.1587788E+06    848.25    848.25    0.6049799597195679    0.00000e+00    0.00000e+00    5.62043352E+10
    2.27882181430850e-06    5.94949483786343e-05    6.05280281554370e-05    2.6679902E+06    799.51    799.51    0.5927130910884482    0.00000e+00    0.00000e+00    5.62545624E+10
    1.32849866628111e-06    5.89596704414581e-05    5.63422001622422e-05    2.6946292E+06    974.87    974.87    0.5448948042249291    0.00000e+00    0.00000e+00    5.63047897E+10
    -1.65905408792838e-06    5.87564365463369e-05    5.48355349891844e-05    4.4183378E+06    2332.52    2332.52    0.5535200800711254    0.00000e+00    0.00000e+00    5.63550170E+10
    -7.35275361606362e-06    6.12663460622619e-05    5.77130787194947e-05    5.2175720E+06    2658.46    2658.46    0.5584063827722916    0.00000e+00    0.00000e+00    5.64052443E+10
    -1.36910855098421e-05    6.52746740705289e-05    6.12140831474383e-05    5.1044060E+06    2565.82    2565.82    0.5398106903556182    0.00000e+00    0.00000e+00    5.64554716E+10
    -1.91937450311193e-05    6.99667008763070e-05    6.50746593382503e-05    5.0059471E+06    2431.05    2431.05    0.5035490983425569    0.00000e+00    0.00000e+00    5.65056989E+10
    -2.42963382419998e-05    7.52616322796392e-05    6.99312076667129e-05    4.2188683E+06    2100.62    2100.62    0.4876138292215144    0.00000e+00    0.00000e+00    5.65559262E+10
    -2.93077792086264e-05    8.07158783067209e-05    7.47463383623983e-05    3.3072671E+06    1778.39    1778.39    0.4618952320514313    0.00000e+00    0.00000e+00    5.66061535E+10
    -3.37232324144872e-05    8.58618604028059e-05    7.89970538186729e-05    2.6588866E+06    1556.50    1556.50    0.4414352011314955    0.00000e+00    0.00000e+00    5.66563808E+10
    -3.72216983579964e-05    9.04648657204587e-05    8.26534167907279e-05    2.2009807E+06    1401.58    1401.58    0.4198790588978016    0.00000e+00    0.00000e+00    5.67066080E+10
    -4.01034051833864e-05    9.46568508474036e-05    8.56274529879895e-05    1.8687134E+06    1286.82    1286.82    0.4168973569042515    0.00000e+00    0.00000e+00    5.67568353E+10
    -4.27973722740899e-05    9.86012270829954e-05    8.79248007935687e-05    1.6045491E+06    1191.61    1191.61    0.4184579149256789    0.00000e+00    0.00000e+00    5.68070626E+10
    -4.55392079284113e-05    1.02365679265254e-04    8.96927853888813e-05    1.3716516E+06    1103.92    1103.92    0.4189282215666355    0.00000e+00    0.00000e+00    5.68572899E+10
    -4.83540250102186e-05    1.05944952013876e-04    9.10590776087106e-05    1.1683035E+06    1023.92    1023.92    0.4147332937698348    0.00000e+00    0.00000e+00    5.69075172E+10
    -5.11571178427757e-05    1.09306446456943e-04    9.20731817780347e-05    9.9852068E+05    953.98    953.98    0.4211194851962289    0.00000e+00    0.00000e+00    5.69577445E+10
    -5.38460835955448e-05    1.12421815538522e-04    9.27316411753072e-05    8.5842187E+05    893.09    893.09    0.4241760017193390    0.00000e+00    0.00000e+00    5.70079718E+10
    -5.63419868442225e-05    1.15277101472732e-04    9.30109326407208e-05    7.4286013E+05    840.86    840.86    0.4117883646813941    0.00000e+00    0.00000e+00    5.70581991E+10
    -5.85983824381584e-05    1.17871514013275e-04    9.28973262508264e-05    6.6289231E+05    810.93    810.93    0.3941987453279909    0.00000e+00    0.00000e+00    5.71084263E+10
    -6.06987019637348e-05    1.20307125832570e-04    9.26550018285974e-05    6.7509340E+05    936.20    936.20    0.3815995422268788    0.00000e+00    0.00000e+00    5.71586536E+10
    -6.32399595322802e-05    1.23185159224698e-04    9.35784312951435e-05    8.3481547E+05    1299.41    1299.41    0.3735748973334351    0.00000e+00    0.00000e+00    5.72088809E+10
    -6.68178311693637e-05    1.27110768322694e-04    9.65775808410865e-05    1.0017007E+06    1483.73    1483.73    0.3619530452343798    0.00000e+00    0.00000e+00    5.72591082E+10
    -7.10923800662015e-05    1.31703451957076e-04    1.00821785249624e-04    1.0553272E+06    1491.64    1491.64    0.3495792766994272    0.00000e+00    0.00000e+00    5.73093355E+10
    -7.55995280228253e-05    1.36385268586730e-04    1.05400355957749e-04    1.0037331E+06    1419.11    1419.11    0.3458237622940585    0.00000e+00    0.00000e+00    5.73595628E+10
    -8.00492207101008e-05    1.40886414549981e-04    1.09850063189435e-04    8.9699187E+05    1319.43    1319.43    0.3413979977791088    0.00000e+00    0.00000e+00    5.74097901E+10
    -8.42843978878958e-05    1.45087140867597e-04    1.13907541608692e-04    7.8249562E+05    1229.44    1229.44    0.3370342806241901    0.00000e+00    0.00000e+00    5.74600174E+10
    -8.82576981077026e-05    1.48945404497150e-04    1.17430963821250e-04    6.8137704E+05    1156.51    1156.51    0.3291738121089244    0.00000e+00    0.00000e+00    5.75102446E+10
    -9.19698049568117e-05    1.52481572461384e-04    1.20393878392667e-04    5.9794192E+05    1097.35    1097.35    0.3261823040908536    0.00000e+00    0.00000e+00    5.75604719E+10
    -9.54656849041459e-05    1.55774664542184e-04    1.22887313939708e-04    5.3400627E+05    1049.53    1049.53    0.3238327341182087    0.00000e+00    0.00000e+00    5.76106992E+10
    -9.88102011721009e-05    1.58925696518145e-04    1.25056758199937e-04    4.8763731E+05    1011.23    1011.23    0.3223114195009954    0.00000e+00    0.00000e+00    5.76609265E+10
    -1.02054996113988e-04    1.62014391150989e-04    1.27024253321300e-04    4.5293453E+05    978.92    978.92    0.3172323487817979    0.00000e+00    0.00000e+00    5.77111538E+10
    -1.05227078699983e-04    1.65074889020139e-04    1.28851981506536e-04    4.2368316E+05    948.79    948.79    0.3165222377301658    0.00000e+00    0.00000e+00    5.77613811E+10
    -1.08334976802736e-04    1.68097547181479e-04    1.30542967993014e-04    3.9602724E+05    918.02    918.02    0.3168171365559792    0.00000e+00    0.00000e+00    5.78116084E+10
    -1.11376324531483e-04    1.71048094155891e-04    1.32062815250061e-04    3.6892607E+05    887.14    887.14    0.3190957518599214    0.00000e+00    0.00000e+00    5.78618357E+10
    -1.14344412064877e-04    1.73888258751388e-04    1.33366551960617e-04    3.4409381E+05    860.07    860.07    0.3163534734221020    0.00000e+00    0.00000e+00    5.79120629E+10
    -1.17238643082091e-04    1.76595351687694e-04    1.34438378046814e-04    3.2592795E+05    845.17    845.17    0.3146035370092736    0.00000e+00    0.00000e+00    5.79622902E+10
    -1.20093924168165e-04    1.79203179022792e-04    1.35388244403391e-04    3.2101323E+05    862.52    862.52    0.3115245101684198    0.00000e+00    0.00000e+00    5.80125175E+10
    -1.23009147617771e-04    1.81835857907185e-04    1.36523876818159e-04    3.3339968E+05    922.07    922.07    0.3079794263195306    0.00000e+00    0.00000e+00    5.80627448E+10
    -1.26103916966039e-04    1.84640437178488e-04    1.38194350837790e-04    3.5827603E+05    992.96    992.96    0.3060399352187157    0.00000e+00    0.00000e+00    5.81129721E+10
    -1.29418699610932e-04    1.87684863474110e-04    1.40529994076040e-04    3.8394532E+05    1040.89    1040.89    0.3040814174643447    0.00000e+00    0.00000e+00    5.81631994E+10
    -1.32903453084284e-04    1.90944910654405e-04    1.43417830400800e-04    4.0124741E+05    1060.11    1060.11    0.3007826901233474    0.00000e+00    0.00000e+00    5.82134267E+10
    -1.36474144630751e-04    1.94363831278000e-04    1.46660041285768e-04    4.0696414E+05    1058.00    1058.00    0.2986534281578222    0.00000e+00    0.00000e+00    5.82636540E+10
    -1.40050852714999e-04    1.97890603553095e-04    1.50080619972152e-04    4.0143889E+05    1041.83    1041.83    0.2926690403839131    0.00000e+00    0.00000e+00    5.83138813E+10
    -1.43574803374470e-04    2.01487130820627e-04    1.53546349356658e-04    3.8649406E+05    1015.85    1015.85    0.2935272101500669    0.00000e+00    0.00000e+00    5.83641085E+10
    -1.47009756786499e-04    2.05114017120871e-04    1.56952436962114e-04    3.6458010E+05    983.47    983.47    0.2946149373052726    0.00000e+00    0.00000e+00    5.84143358E+10
    -1.50339122626919e-04    2.08740384670476e-04    1.60221302903268e-04    3.3813096E+05    947.10    947.10    0.2911812113795399    0.00000e+00    0.00000e+00    5.84645631E+10
    -1.53560564093788e-04    2.12343262997231e-04    1.63307088654026e-04    3.0956449E+05    908.75    908.75    0.2951055023594982    0.00000e+00    0.00000e+00    5.85147904E+10
    -1.56677479731009e-04    2.15904243725664e-04    1.66185219008890e-04    2.8105852E+05    870.51    870.51    0.2940906019928634    0.00000e+00    0.00000e+00    5.85650177E+10
    -1.59696850855591e-04    2.19409034548457e-04    1.68849614404301e-04    2.5427380E+05    834.18    834.18    0.2982037985870387    0.00000e+00    0.00000e+00    5.86152450E+10
    -1.62628378589293e-04    2.22850746263201e-04    1.71310504408929e-04    2.3032626E+05    801.36    801.36    0.2959781414473355    0.00000e+00    0.00000e+00    5.86654723E+10
    -1.65483116684044e-04    2.26229087981687e-04    1.73589715334698e-04    2.0989585E+05    772.91    772.91    0.2956729435654883    0.00000e+00    0.00000e+00    5.87156996E+10
    -1.68272492198308e-04    2.29548471508413e-04    1.75716302065516e-04    1.9341981E+05    749.99    749.99    0.2939593980006464    0.00000e+00    0.00000e+00    5.87659268E+10
    -1.71009527227559e-04    2.32816935054213e-04    1.77726916515677e-04    1.8121830E+05    734.57    734.57    0.2901639088765146    0.00000e+00    0.00000e+00    5.88161541E+10
    -1.73712382892292e-04    2.36047088622931e-04    1.79675450573972e-04    1.7348542E+05    728.84    728.84    0.2913992899249229    0.00000e+00    0.00000e+00    5.88663814E+10
    -1.76408426924805e-04    2.39256109163289e-04    1.81644351655010e-04    1.7007224E+05    734.06    734.06    0.2887648893532593    0.00000e+00    0.00000e+00    5.89166087E+10
    -1.79132818013253e-04    2.42463941910129e-04    1.83733520465920e-04    1.7026440E+05    748.17    748.17    0.2844190590222919    0.00000e+00    0.00000e+00    5.89668360E+10
    -1.81920729390200e-04    2.45688127422433e-04    1.86032516638016e-04    1.7287606E+05    765.89    765.89    0.2836275137553218    0.00000e+00    0.00000e+00    5.90170633E+10
    -1.84797768914282e-04    2.48939884288781e-04    1.88597394329105e-04    1.7651993E+05    782.01    782.01    0.2832872902078414    0.00000e+00    0.00000e+00    5.90672906E+10
    -1.87775334555142e-04    2.52221995339704e-04    1.91444239657127e-04    1.7989196E+05    793.22    793.22    0.2840232499401226    0.00000e+00    0.00000e+00    5.91175179E+10
    -1.90851021636921e-04    2.55528090123431e-04    1.94555226023028e-04    1.8202856E+05    798.39    798.39    0.2873859518408254    0.00000e+00    0.00000e+00    5.91677451E+10
    -1.94012666184362e-04    2.58846586441121e-04    1.97891961031402e-04    1.8242757E+05    797.84    797.84    0.2848110777353284    0.00000e+00    0.00000e+00    5.92179724E+10
    -1.97244783248489e-04    2.62164607641403e-04    2.01406748712299e-04    1.8098595E+05    792.58    792.58    0.2844275554698714    0.00000e+00    0.00000e+00    5.92681997E+10
    -2.00534365278237e-04    2.65471041794707e-04    2.05048455766774e-04    1.7783646E+05    783.62    783.62    0.2797956389501903    0.00000e+00    0.00000e+00    5.93184270E+10
    -2.03868836206719e-04    2.68758606999542e-04    2.08766506431614e-04    1.7324716E+05    771.80    771.80    0.2763415232728404    0.00000e+00    0.00000e+00    5.93686543E+10
    -2.07234432173529e-04    2.72020792208171e-04    2.12510785516601e-04    1.6756044E+05    757.96    757.96    0.2746625583225083    0.00000e+00    0.00000e+00    5.94188816E+10
    -2.10617859587530e-04    2.75251183335593e-04    2.16233863699314e-04    1.6110902E+05    742.68    742.68    0.2717335157373253    0.00000e+00    0.00000e+00    5.94691089E+10
    -2.14007754416037e-04    2.78444893459902e-04    2.19895608103229e-04    1.5415370E+05    726.50    726.50    0.2699930033983763    0.00000e+00    0.00000e+00    5.95193362E+10
    -2.17394580373942e-04    2.81598703418255e-04    2.23464336154287e-04    1.4689884E+05    709.90    709.90    0.2682866181036913    0.00000e+00    0.00000e+00    5.95695635E+10
    -2.20770211983951e-04    2.84711493291050e-04    2.26915826560979e-04    1.3953560E+05    693.24    693.24    0.2656081944562017    0.00000e+00    0.00000e+00    5.96197907E+10
    -2.24126892227165e-04    2.87785808350113e-04    2.30232800563710e-04    1.3225409E+05    676.87    676.87    0.2659089861728449    0.00000e+00    0.00000e+00    5.96700180E+10
    -2.27456970743696e-04    2.90827034875439e-04    2.33402827539697e-04    1.2523784E+05    661.17    661.17    0.2645247168855045    0.00000e+00    0.00000e+00    5.97202453E+10
    -2.30754028600408e-04    2.93841344545190e-04    2.36419115249267e-04    1.1867183E+05    646.58    646.58    0.2650662200199186    0.00000e+00    0.00000e+00    5.97704726E+10
    -2.34014449087237e-04    2.96834986607716e-04    2.39283825961438e-04    1.1273536E+05    633.61    633.61    0.2630869350700420    0.00000e+00    0.00000e+00    5.98206999E+10
    -2.37238687929046e-04    2.99814981165118e-04    2.42011441060865e-04    1.0760105E+05    622.77    622.77    0.2597670167689076    0.00000e+00    0.00000e+00    5.98709272E+10
    -2.40431762947433e-04    3.02790563918023e-04    2.44632692886794e-04    1.0341889E+05    614.81    614.81    0.2563948670445627    0.00000e+00    0.00000e+00    5.99211545E+10
    -2.43602643195498e-04    3.05770951174507e-04    2.47193396332089e-04    1.0025907E+05    610.15    610.15    0.2542839984997135    0.00000e+00    0.00000e+00    5.99713818E+10
    -2.46763090253146e-04    3.08764641718400e-04    2.49747297841438e-04    9.8085414E+04    608.69    608.69    0.2516448248279789    0.00000e+00    0.00000e+00    6.00216090E+10
    -2.49925835327643e-04    3.11779916167377e-04    2.52348231125991e-04    9.6749189E+04    609.67    609.67    0.2498423037992429    0.00000e+00    0.00000e+00    6.00718363E+10
    -2.53102615758208e-04    3.14824420033188e-04    2.55042621943852e-04    9.6016136E+04    611.93    611.93    0.2488744628839486    0.00000e+00    0.00000e+00    6.01220636E+10
    -2.56302483016267e-04    3.17904135916658e-04    2.57863534588072e-04    9.5620285E+04    614.17    614.17    0.2471025390043010    0.00000e+00    0.00000e+00    6.01722909E+10
    -2.59530673089576e-04    3.21022496298649e-04    2.60827394546167e-04    9.5318417E+04    615.47    615.47    0.2446526240598423    0.00000e+00    0.00000e+00    6.02225182E+10
    -2.62787932591205e-04    3.24179195746542e-04    2.63932398311243e-04    9.4926788E+04    615.42    615.42    0.2441523214997579    0.00000e+00    0.00000e+00    6.02727455E+10
    -2.66071275068878e-04    3.27371819888205e-04    2.67164248727845e-04    9.4330718E+04    613.97    613.97    0.2428592892689720    0.00000e+00    0.00000e+00    6.03229728E+10
    -2.69375857233920e-04    3.30596553239969e-04    2.70502530291861e-04    9.3477474E+04    611.21    611.21    0.2400654597163938    0.00000e+00    0.00000e+00    6.03732001E+10
    -2.72696210388009e-04    3.33848004673698e-04    2.73923084737561e-04    9.2361561E+04    607.35    607.35    0.2379735070455035    0.00000e+00    0.00000e+00    6.04234273E+10
    -2.76027530027564e-04    3.37119721319297e-04    2.77401341707587e-04    9.1004101E+04    602.59    602.59    0.2356010352698934    0.00000e+00    0.00000e+00    6.04736546E+10
    -2.79365874617358e-04    3.40405036988652e-04    2.80913942878783e-04    8.9437490E+04    597.11    597.11    0.2330981439462709    0.00000e+00    0.00000e+00    6.05238819E+10
    -2.82708330427168e-04    3.43698226032188e-04    2.84440448506353e-04    8.7694490E+04    591.05    591.05    0.2323638788605102    0.00000e+00    0.00000e+00    6.05741092E+10
    -2.86052769124934e-04    3.46994726353166e-04    2.87963744667354e-04    8.5806665E+04    584.54    584.54    0.2298207400078246    0.00000e+00    0.00000e+00    6.06243365E+10
    -2.89397299937300e-04    3.50291027900535e-04    2.91469766916897e-04    8.3806876E+04    577.70    577.70    0.2297052420666489    0.00000e+00    0.00000e+00    6.06745638E+10
    -2.92739843013573e-04    3.53584755087257e-04    2.94947190007391e-04    8.1728044E+04    570.65    570.65    0.2277769995798239    0.00000e+00    0.00000e+00    6.07247911E+10
    -2.96077819144970e-04    3.56874661942171e-04    2.98386356450309e-04    7.9601775E+04    563.52    563.52    0.2253936696514113    0.00000e+00    0.00000e+00    6.07750184E+10
    -2.99407980079827e-04    3.60160026092894e-04    3.01778685043495e-04    7.7460375E+04    556.41    556.41    0.2234541491856340    0.00000e+00    0.00000e+00    6.08252456E+10
    -3.02726781830136e-04    3.63439829430695e-04    3.05117931386736e-04    7.5337113E+04    549.42    549.42    0.2212671564893177    0.00000e+00    0.00000e+00    6.08754729E+10
    -3.06030753129940e-04    3.66713005365475e-04    3.08400643606623e-04    7.3264238E+04    542.66    542.66    0.2185434857073359    0.00000e+00    0.00000e+00    6.09257002E+10
    -3.09316640879438e-04    3.69978467914588e-04    3.11626099330772e-04    7.1271900E+04    536.23    536.23    0.2166955323088548    0.00000e+00    0.00000e+00    6.09759275E+10
    -3.12581521652134e-04    3.73235068069610e-04    3.14795505745247e-04    6.9386762E+04    530.23    530.23    0.2147706965811440    0.00000e+00    0.00000e+00    6.10261548E+10
    -3.15823911918163e-04    3.76482136787662e-04    3.17913439491198e-04    6.7629845E+04    524.74    524.74    0.2126114473328564    0.00000e+00    0.00000e+00    6.10763821E+10
    -3.19044092869461e-04    3.79719785575890e-04    3.20988375111772e-04    6.6014743E+04    519.81    519.81    0.2109914119301406    0.00000e+00    0.00000e+00    6.11266094E+10
    -3.22243863164784e-04    3.82949187683403e-04    3.24032878977583e-04    6.4546143E+04    515.44    515.44    0.2112069517215509    0.00000e+00    0.00000e+00    6.11768367E+10
    -3.25425884431242e-04    3.86172321150018e-04    3.27061728209631e-04    6.3219735E+04    511.61    511.61    0.2104458828412456    0.00000e+00    0.00000e+00    6.12270640E+10
    -3.28592954043774e-04    3.89391668221784e-04    3.30089772650968e-04    6.2023856E+04    508.24    508.24    0.2106629175720165    0.00000e+00    0.00000e+00    6.12772912E+10
    -3.31747602729796e-04    3.92609832348169e-04    3.33130562843981e-04    6.0941048E+04    505.22    505.22    0.2077552124984965    0.00000e+00    0.00000e+00    6.13275185E+10
    -3.34891983062052e-04    3.95829155179251e-04    3.36195424036262e-04    5.9950228E+04    502.46    502.46    0.2055388853497440    0.00000e+00    0.00000e+00    6.13777458E+10
    -3.38027908243709e-04    3.99051474158882e-04    3.39292981063197e-04    5.9029304E+04    499.83    499.83    0.2047149190061012    0.00000e+00    0.00000e+00    6.14279731E+10
    -3.41156798778854e-04    4.02278035258223e-04    3.42428964422496e-04    5.8157742E+04    497.25    497.25    0.2012763564804426    0.00000e+00    0.00000e+00    6.14782004E+10
    -3.44279890942373e-04    4.05509337835365e-04    3.45606554491908e-04    5.7318054E+04    494.65    494.65    0.2003683999437532    0.00000e+00    0.00000e+00    6.15284277E+10
    -3.47398498579341e-04    4.08745168572289e-04    3.48826909976131e-04    5.6497197E+04    491.99    491.99    0.1997859543890281    0.00000e+00    0.00000e+00    6.15786550E+10
    -3.50513979168067e-04    4.11985023262766e-04    3.52089730290682e-04    5.5686447E+04    489.25    489.25    0.1980814206838795    0.00000e+00    0.00000e+00    6.16288823E+10
    -3.53627869567918e-04    4.15228417093116e-04    3.55393764616265e-04    5.4880977E+04    486.42    486.42    0.1952591908218489    0.00000e+00    0.00000e+00    6.16791095E+10
    -3.56741852082368e-04    4.18474947667982e-04    3.58737054305606e-04    5.4079078E+04    483.53    483.53    0.1957157736054239    0.00000e+00    0.00000e+00    6.17293368E+10
    -3.59857487811471e-04    4.21724556809723e-04    3.62117039542471e-04    5.3281082E+04    480.58    480.58    0.1956727839960409    0.00000e+00    0.00000e+00    6.17795641E+10
    -3.62976017878251e-04    4.24977860231714e-04    3.65530855078004e-04    5.2488512E+04    477.60    477.60    0.1956838287911955    0.00000e+00    0.00000e+00    6.18297914E+10
    -3.66098285858512e-04    4.28235623939571e-04    3.68975165394079e-04    5.1703591E+04    474.60    474.60    0.1940612948229808    0.00000e+00    0.00000e+00    6.18800187E+10
    -3.69224747477114e-04    4.31498492735490e-04    3.72446184095846e-04    5.0928691E+04    471.61    471.61    0.1917487637117260    0.00000e+00    0.00000e+00    6.19302460E+10
    -3.72355577266983e-04    4.34766859318553e-04    3.75939829052110e-04    5.0165901E+04    468.62    468.62    0.1893818446860851    0.00000e+00    0.00000e+00    6.19804733E+10
    -3.75490765531846e-04    4.38040738233171e-04    3.79451877535709e-04    4.9416756E+04    465.66    465.66    0.1866305896426592    0.00000e+00    0.00000e+00    6.20307006E+10
    -3.78630433475121e-04    4.41319867679954e-04    3.82978291048680e-04    4.8682059E+04    462.73    462.73    0.1855584977621279    0.00000e+00    0.00000e+00    6.20809278E+10
    -3.81774959251482e-04    4.44603724060129e-04    3.86515433488413e-04    4.7961954E+04    459.82    459.82    0.1836766078935791    0.00000e+00    0.00000e+00    6.21311551E+10
    -3.84924905244797e-04    4.47891555912489e-04    3.90060245680582e-04    4.7256058E+04    456.94    456.94    0.1812823075316899    0.00000e+00    0.00000e+00    6.21813824E+10
    -3.88081115030872e-04    4.51182505116818e-04    3.93610458697158e-04    4.6563577E+04    454.08    454.08    0.1804568980610919    0.00000e+00    0.00000e+00    6.22316097E+10
    -3.91244572781480e-04    4.54475805667500e-04    3.97164550223183e-04    4.5883590E+04    451.24    451.24    0.1814951015838837    0.00000e+00    0.00000e+00    6.22818370E+10
    -3.94416073591058e-04    4.57770856395572e-04    4.00721642745894e-04    4.5215115E+04    448.41    448.41    0.1810494813067641    0.00000e+00    0.00000e+00    6.23320643E+10
    -3.97596063488191e-04    4.61067114309709e-04    4.04281222362789e-04    4.4557150E+04    445.58    445.58    0.1819450590629898    0.00000e+00    0.00000e+00    6.23822916E+10
    -4.00784581257976e-04    4.64364007329769e-04    4.07842857589692e-04    4.3908750E+04    442.77    442.77    0.1801431836351231    0.00000e+00    0.00000e+00    6.24325189E+10
    -4.03981302075244e-04    4.67660822779639e-04    4.11406024827828e-04    4.3269076E+04    439.96    439.96    0.1787611749624211    0.00000e+00    0.00000e+00    6.24827461E+10
    -4.07185595682212e-04    4.70956663754011e-04    4.14970074426863e-04    4.2637362E+04    437.15    437.15    0.1756114105381845    0.00000e+00    0.00000e+00    6.25329734E+10
    -4.10396584566116e-04    4.74250507296017e-04    4.18534114329624e-04    4.2013011E+04    434.35    434.35    0.1742307937098238    0.00000e+00    0.00000e+00    6.25832007E+10
    -4.13613313644004e-04    4.77541248030463e-04    4.22097199149434e-04    4.1395514E+04    431.55    431.55    0.1726730137197369    0.00000e+00    0.00000e+00    6.26334280E+10
    -4.16834910251251e-04    4.80827712708242e-04    4.25658528943718e-04    4.0784528E+04    428.76    428.76    0.1705459846434569    0.00000e+00    0.00000e+00    6.26836553E+10
    -4.20060690800565e-04    4.84108839587392e-04    4.29217628595069e-04    4.0179891E+04    425.98    425.98    0.1685871977172214    0.00000e+00    0.00000e+00    6.27338826E+10
    -4.23290107452488e-04    4.87383823877202e-04    4.32774469014666e-04    3.9581633E+04    423.20    423.20    0.1677733488198968    0.00000e+00    0.00000e+00    6.27841099E+10
    -4.26522675393338e-04    4.90652195308402e-04    4.36329452597864e-04    3.8989954E+04    420.44    420.44    0.1675138689775175    0.00000e+00    0.00000e+00    6.28343372E+10
    -4.29757812846698e-04    4.93913876310802e-04    4.39883248387543e-04    3.8405170E+04    417.70    417.70    0.1678369246421322    0.00000e+00    0.00000e+00    6.28845645E+10
    -4.32994802288319e-04    4.97169012328508e-04    4.43436617541184e-04    3.7827624E+04    414.98    414.98    0.1680087289524471    0.00000e+00    0.00000e+00    6.29347917E+10
    -4.36232751661030e-04    5.00417991212464e-04    4.46990238797938e-04    3.7257681E+04    412.28    412.28    0.1625576015260982    0.00000e+00    0.00000e+00    6.29850190E+10
    -4.39470662248646e-04    5.03661103850878e-04    4.50544635756582e-04    3.6695703E+04    409.60    409.60    0.1627242547718737    0.00000e+00    0.00000e+00    6.30352463E+10
    -4.42707486853616e-04    5.06898738094695e-04    4.54100176875514e-04    3.6142007E+04    406.96    406.96    0.1632753393741933    0.00000e+00    0.00000e+00    6.30854736E+10
    -4.45942231607894e-04    5.10131039388021e-04    4.57657119105984e-04    3.5596915E+04    404.34    404.34    0.1626393173402631    0.00000e+00    0.00000e+00    6.31357009E+10
    -4.49174052935675e-04    5.13358153174958e-04    4.61215651525328e-04    3.5060716E+04    401.76    401.76    0.1609812301483182    0.00000e+00    0.00000e+00    6.31859282E+10
    -4.52402378756815e-04    5.16580321862349e-04    4.64775997147839e-04    3.4533708E+04    399.21    399.21    0.1594584682692552    0.00000e+00    0.00000e+00    6.32361555E+10
    -4.55626947271927e-04    5.19797787857032e-04    4.68338563217010e-04    3.4016139E+04    396.70    396.70    0.1613742469007189    0.00000e+00    0.00000e+00    6.32863828E+10
    -4.58847753632873e-04    5.23010890528585e-04    4.71903970294352e-04    3.3508260E+04    394.22    394.22    0.1601507043992576    0.00000e+00    0.00000e+00    6.33366100E+10
    -4.62064972372579e-04    5.26220405578899e-04    4.75473008626165e-04    3.3010291E+04    391.78    391.78    0.1573525479947834    0.00000e+00    0.00000e+00    6.33868373E+10
    -4.65278821657202e-04    5.29427157191230e-04    4.79046487851298e-04    3.2522441E+04    389.38    389.38    0.1580667487941522    0.00000e+00    0.00000e+00    6.34370646E+10
    -4.68489500260350e-04    5.32632114992940e-04    4.82625135190271e-04    3.2044903E+04    387.02    387.02    0.1542236876392105    0.00000e+00    0.00000e+00    6.34872919E+10
    -4.71697177866811e-04    5.35836345574130e-04    4.86209459697450e-04    3.1577829E+04    384.70    384.70    0.1527600571119646    0.00000e+00    0.00000e+00    6.35375192E+10
    -4.74902014465102e-04    5.39040770080791e-04    4.89799747412907e-04    3.1121289E+04    382.42    382.42    0.1522635184729552    0.00000e+00    0.00000e+00    6.35877465E+10
    -4.78104170043736e-04    5.42246212696183e-04    4.93395949855273e-04    3.0675333E+04    380.18    380.18    0.1516117239821121    0.00000e+00    0.00000e+00    6.36379738E+10
    -4.81303877313280e-04    5.45453449122195e-04    4.96997921580445e-04    3.0239932E+04    377.98    377.98    0.1506607429496456    0.00000e+00    0.00000e+00    6.36882011E+10
    -4.84501495035859e-04    5.48662964172508e-04    5.00605371700213e-04    2.9815084E+04    375.82    375.82    0.1496431243919839    0.00000e+00    0.00000e+00    6.37384283E+10
    -4.87697546810248e-04    5.51875194179436e-04    5.04218009326368e-04    2.9400721E+04    373.70    373.70    0.1494888285810301    0.00000e+00    0.00000e+00    6.37886556E+10
    -4.90892711375600e-04    5.55090623956659e-04    5.07835785977544e-04    2.8996722E+04    371.62    371.62    0.1501049637347659    0.00000e+00    0.00000e+00    6.38388829E+10
    -4.94087778978217e-04    5.58309738317858e-04    5.11458653172371e-04    2.8602920E+04    369.58    369.58    0.1478823433987134    0.00000e+00    0.00000e+00    6.38891102E+10
    -4.97283525319986e-04    5.61533070558083e-04    5.15086853317691e-04    2.8219085E+04    367.57    367.57    0.1471606963995306    0.00000e+00    0.00000e+00    6.39393375E+10
    -5.00480677621431e-04    5.64761250935119e-04    5.18720580338975e-04    2.7844990E+04    365.59    365.59    0.1469987837366267    0.00000e+00    0.00000e+00    6.39895648E+10
    -5.03679769177601e-04    5.67994812744015e-04    5.22359931198960e-04    2.7480340E+04    363.65    363.65    0.1453946382541207    0.00000e+00    0.00000e+00    6.40397921E+10
    -5.06881236320807e-04    5.71234192317084e-04    5.26004905897645e-04    2.7124833E+04    361.75    361.75    0.1436204214770185    0.00000e+00    0.00000e+00    6.40900194E+10
    -5.10085369939260e-04    5.74479583579800e-04    5.29655262028192e-04    2.6778123E+04    359.87    359.87    0.1422249303208977    0.00000e+00    0.00000e+00    6.41402466E+10
    -5.13292412439800e-04    5.77731131976265e-04    5.33310757183758e-04    2.6439891E+04    358.02    358.02    0.1424013431672088    0.00000e+00    0.00000e+00    6.41904739E+10
    -5.16502509266530e-04    5.80988595099640e-04    5.36970906550662e-04    2.6109783E+04    356.20    356.20    0.1414431588175531    0.00000e+00    0.00000e+00    6.42407012E+10
    -5.19715951307661e-04    5.84251585098980e-04    5.40635225315224e-04    2.5787501E+04    354.40    354.40    0.1404844681481600    0.00000e+00    0.00000e+00    6.42909285E+10
    -5.22932980970031e-04    5.87519762604707e-04    5.44303374107867e-04    2.5472722E+04    352.63    352.63    0.1397502501363970    0.00000e+00    0.00000e+00    6.43411558E+10
    -5.26153986104587e-04    5.90792497359037e-04    5.47975110521750e-04    2.5165147E+04    350.88    350.88    0.1387946724411237    0.00000e+00    0.00000e+00    6.43913831E+10
    -5.29379354562272e-04    5.94069353029657e-04    5.51650386075505e-04    2.4864456E+04    349.15    349.15    0.1383883426459339    0.00000e+00    0.00000e+00    6.44416104E+10
    -5.32609377231296e-04    5.97349893284252e-04    5.55329249250501e-04    2.4570353E+04    347.44    347.44    0.1381433501678977    0.00000e+00    0.00000e+00    6.44918377E+10
    -5.35844344999868e-04    6.00633681790512e-04    5.59011845490841e-04    2.4282562E+04    345.75    345.75    0.1370575063697881    0.00000e+00    0.00000e+00    6.45420650E+10
    -5.39084160905250e-04    6.03920233734753e-04    5.62698174796525e-04    2.4000796E+04    344.08    344.08    0.1367968175236462    0.00000e+00    0.00000e+00    6.45922922E+10
    -5.42328873428812e-04    6.07209064303296e-04    5.66388188686186e-04    2.3724797E+04    342.43    342.43    0.1361536668889830    0.00000e+00    0.00000e+00    6.46425195E+10
    -5.45578191682345e-04    6.10499494756986e-04    5.70081790197087e-04    2.3454332E+04    340.79    340.79    0.1339670068579031    0.00000e+00    0.00000e+00    6.46927468E+10
    -5.48831873259007e-04    6.13790846356671e-04    5.73778688441020e-04    2.3189142E+04    339.17    339.17    0.1336274050681371    0.00000e+00    0.00000e+00    6.47429741E+10
    -5.52089578789222e-04    6.17082197956355e-04    5.77478495567039e-04    2.2928991E+04    337.56    337.56    0.1324902928153682    0.00000e+00    0.00000e+00    6.47932014E+10
    -5.55351211310255e-04    6.20372773854150e-04    5.81180969168304e-04    2.2673650E+04    335.97    335.97    0.1310978385749613    0.00000e+00    0.00000e+00    6.48434287E+10
    -5.58616431452528e-04    6.23661604422693e-04    5.84885818356607e-04    2.2422891E+04    334.39    334.39    0.1306157984839325    0.00000e+00    0.00000e+00    6.48936560E+10
    -5.61885239216041e-04    6.26947913960094e-04    5.88592897687843e-04    2.2176466E+04    332.82    332.82    0.1302101572435394    0.00000e+00    0.00000e+00    6.49438833E+10
    -5.65157489156689e-04    6.30230975245831e-04    5.92302352606117e-04    2.1934154E+04    331.27    331.27    0.1293761373758212    0.00000e+00    0.00000e+00    6.49941105E+10
    -5.68433035830370e-04    6.33510303466224e-04    5.96014231592796e-04    2.1695745E+04    329.72    329.72    0.1289412182501539    0.00000e+00    0.00000e+00    6.50443378E+10
    -5.71711539867505e-04    6.36785510770328e-04    5.99728728573352e-04    2.1461022E+04    328.19    328.19    0.1284167943968904    0.00000e+00    0.00000e+00    6.50945651E+10
    -5.74992613417150e-04    6.40056209307197e-04    6.03445843547787e-04    2.1229786E+04    326.67    326.67    0.1275147696543783    0.00000e+00    0.00000e+00    6.51447924E+10
    -5.78275868628360e-04    6.43322059707256e-04    6.07165624997468e-04    2.1001821E+04    325.16    325.16    0.1268895280182221    0.00000e+00    0.00000e+00    6.51950197E+10
    -5.81560820687454e-04    6.46582819563662e-04    6.10887975959659e-04    2.0776933E+04    323.66    323.66    0.1264255435232049    0.00000e+00    0.00000e+00    6.52452470E+10
    -5.84846887818014e-04    6.49838052544104e-04    6.14612605546151e-04    2.0554919E+04    322.16    322.16    0.1259996666755191    0.00000e+00    0.00000e+00    6.52954743E+10
    -5.88133682169096e-04    6.53087516241740e-04    6.18339368312840e-04    2.0335583E+04    320.67    320.67    0.1250917112492266    0.00000e+00    0.00000e+00    6.53457016E+10
    -5.91420815889755e-04    6.56330822805627e-04    6.22068070334254e-04    2.0118743E+04    319.20    319.20    0.1236037037177602    0.00000e+00    0.00000e+00    6.53959288E+10
    -5.94707949610414e-04    6.59567778310291e-04    6.25798566166287e-04    1.9904221E+04    317.72    317.72    0.1233824506850156    0.00000e+00    0.00000e+00    6.54461561E+10
    -5.97994937886969e-04    6.62798237311628e-04    6.29530952771677e-04    1.9691844E+04    316.26    316.26    0.1220971572735907    0.00000e+00    0.00000e+00    6.54963834E+10
    -6.01281586793946e-04    6.66022248291007e-04    6.33265278631792e-04    1.9481473E+04    314.80    314.80    0.1223326324206333    0.00000e+00    0.00000e+00    6.55466107E+10
    -6.04567750887243e-04    6.69239908211163e-04    6.37001737672103e-04    1.9272967E+04    313.35    313.35    0.1217708422842768    0.00000e+00    0.00000e+00    6.55968380E+10
    -6.07853236241386e-04    6.72451410997568e-04    6.40740523818083e-04    1.9066211E+04    311.90    311.90    0.1213423745294196    0.00000e+00    0.00000e+00    6.56470653E+10
    -6.11137800449535e-04    6.75657096019801e-04    6.44481782513838e-04    1.8861103E+04    310.45    310.45    0.1203979767362842    0.00000e+00    0.00000e+00    6.56972926E+10
    -6.14421152623481e-04    6.78857205684701e-04    6.48225416796629e-04    1.8657577E+04    309.01    309.01    0.1190887931828291    0.00000e+00    0.00000e+00    6.57475199E+10
    -6.17703098837752e-04    6.82051982399108e-04    6.51971378185090e-04    1.8455569E+04    307.58    307.58    0.1189030321746015    0.00000e+00    0.00000e+00    6.57977472E+10
    -6.20983396685508e-04    6.85241571607128e-04    6.55719618197852e-04    1.8255047E+04    306.14    306.14    0.1185960677097614    0.00000e+00    0.00000e+00    6.58479744E+10
    -6.24261803759906e-04    6.88426215715600e-04    6.59469991390811e-04    1.8055995E+04    304.72    304.72    0.1183701392862582    0.00000e+00    0.00000e+00    6.58982017E+10
    -6.27538368542317e-04    6.91606108649997e-04    6.63222255357127e-04    1.7858417E+04    303.29    303.29    0.1181797394422559    0.00000e+00    0.00000e+00    6.59484290E+10
    -6.30813042551372e-04    6.94781395854424e-04    6.66976507059535e-04    1.7662316E+04    301.87    301.87    0.1169157173854292    0.00000e+00    0.00000e+00    6.59986563E+10
    -6.34085971231174e-04    6.97952465179826e-04    6.70732794979403e-04    1.7467723E+04    300.46    300.46    0.1161321178490459    0.00000e+00    0.00000e+00    6.60488836E+10
    -6.37357251544460e-04    7.01119607514410e-04    6.74491264560837e-04    1.7274685E+04    299.05    299.05    0.1149318072353791    0.00000e+00    0.00000e+00    6.60991109E+10
    -6.40627028935336e-04    7.04283404634594e-04    6.78252061247940e-04    1.7083252E+04    297.64    297.64    0.1143455326359291    0.00000e+00    0.00000e+00    6.61493382E+10
    -6.43895400366536e-04    7.07444292872692e-04    6.82015427447552e-04    1.6893486E+04    296.24    296.24    0.1143093903742100    0.00000e+00    0.00000e+00    6.61995655E+10
    -6.47162365838060e-04    7.10602805523753e-04    6.85781363159675e-04    1.6705458E+04    294.85    294.85    0.1136697505703682    0.00000e+00    0.00000e+00    6.62497927E+10
    -6.50428070794014e-04    7.13759378920089e-04    6.89549965347044e-04    1.6519245E+04    293.46    293.46    0.1124767600555349    0.00000e+00    0.00000e+00    6.63000200E+10
    -6.53692466753029e-04    7.16914449394014e-04    6.93321137046922e-04    1.6334948E+04    292.09    292.09    0.1123908809031030    0.00000e+00    0.00000e+00    6.63502473E+10
    -6.56955699159209e-04    7.20068453277840e-04    6.97094829777943e-04    1.6152663E+04    290.72    290.72    0.1121531489467777    0.00000e+00    0.00000e+00    6.64004746E+10
    -6.60217864975291e-04    7.23221681459776e-04    7.00870946577369e-04    1.5972492E+04    289.36    289.36    0.1122763911389077    0.00000e+00    0.00000e+00    6.64507019E+10
    -6.63479255089483e-04    7.26374473309400e-04    7.04649390482464e-04    1.5794535E+04    288.01    288.01    0.1119712955549293    0.00000e+00    0.00000e+00    6.65009292E+10
    -6.66740111908626e-04    7.29527119714919e-04    7.08430209974597e-04    1.5618893E+04    286.67    286.67    0.1110414226443591    0.00000e+00    0.00000e+00    6.65511565E+10
    -6.70000823283664e-04    7.32680057008647e-04    7.12213502016503e-04    1.5445672E+04    285.34    285.34    0.1097540347430894    0.00000e+00    0.00000e+00    6.66013838E+10
    -6.73261680102807e-04    7.35833721522896e-04    7.15999509015024e-04    1.5274959E+04    284.03    284.03    0.1085585927357005    0.00000e+00    0.00000e+00    6.66516110E+10
    -6.76523070216999e-04    7.38988501108612e-04    7.19788279451527e-04    1.5106846E+04    282.73    282.73    0.1079346905579048    0.00000e+00    0.00000e+00    6.67018383E+10
    -6.79785236033080e-04    7.42144929060844e-04    7.23580055732853e-04    1.4941400E+04    281.45    281.45    0.1082012202518997    0.00000e+00    0.00000e+00    6.67520656E+10
    -6.83048371476524e-04    7.45303490193272e-04    7.27374886340369e-04    1.4778686E+04    280.18    280.18    0.1086843025325514    0.00000e+00    0.00000e+00    6.68022929E+10
    -6.86312767435539e-04    7.48464475394106e-04    7.31172771274077e-04    1.4618752E+04    278.92    278.92    0.1070909101764734    0.00000e+00    0.00000e+00    6.68525202E+10
    -6.89578520872861e-04    7.51628272514291e-04    7.34973710533976e-04    1.4461646E+04    277.68    277.68    0.1067021907990105    0.00000e+00    0.00000e+00    6.69027475E+10
    -6.92845922676699e-04    7.54795220923403e-04    7.38777607157329e-04    1.4307398E+04    276.46    276.46    0.1063670772649285    0.00000e+00    0.00000e+00    6.69529748E+10
    -6.96115166772525e-04    7.57965514546914e-04    7.42584461144138e-04    1.4156024E+04    275.25    275.25    0.1069226556310254    0.00000e+00    0.00000e+00    6.70032021E+10
    -6.99386544048548e-04    7.61139347310298e-04    7.46394224013033e-04    1.4007537E+04    274.06    274.06    0.1060532605394153    0.00000e+00    0.00000e+00    6.70534293E+10
    -7.02660442355712e-04    7.64316961620394e-04    7.50206944245382e-04    1.3861943E+04    272.88    272.88    0.1048279494063552    0.00000e+00    0.00000e+00    6.71036566E+10
    -7.05937104100859e-04    7.67498696846780e-04    7.54022718803923e-04    1.3719225E+04    271.72    271.72    0.1039443369984161    0.00000e+00    0.00000e+00    6.71538839E+10
    -7.09216917134933e-04    7.70684746914927e-04    7.57841741614127e-04    1.3579368E+04    270.58    270.58    0.1031334101821922    0.00000e+00    0.00000e+00    6.72041112E+10
    -7.12500123864775e-04    7.73875499675782e-04    7.61664109638731e-04    1.3442342E+04    269.46    269.46    0.1027442780708407    0.00000e+00    0.00000e+00    6.72543385E+10
    -7.15786869734489e-04    7.77071197536183e-04    7.65489919840471e-04    1.3308109E+04    268.35    268.35    0.1027014387881489    0.00000e+00    0.00000e+00    6.73045658E+10
    -7.19077397150916e-04    7.80272082902973e-04    7.69319220700714e-04    1.3176629E+04    267.25    267.25    0.1025720139081196    0.00000e+00    0.00000e+00    6.73547931E+10
    -7.22371754595423e-04    7.83478495145727e-04    7.73151915256726e-04    1.3047848E+04    266.18    266.18    0.1017884220550321    0.00000e+00    0.00000e+00    6.74050204E+10
    -7.25670087512116e-04    7.86690434264446e-04    7.76987955027137e-04    1.2921714E+04    265.12    265.12    0.1019050051185784    0.00000e+00    0.00000e+00    6.74552477E+10
    -7.28972492863729e-04    7.89908094184602e-04    7.80827097605107e-04    1.2798162E+04    264.07    264.07    0.1020033373042658    0.00000e+00    0.00000e+00    6.75054749E+10
    -7.32279116094369e-04    7.93131474906195e-04    7.84669294509268e-04    1.2677127E+04    263.04    263.04    0.1014495749468106    0.00000e+00    0.00000e+00    6.75557022E+10
    -7.35590102648138e-04    7.96360624910593e-04    7.88514303332780e-04    1.2558534E+04    262.03    262.03    0.1008379960200254    0.00000e+00    0.00000e+00    6.76059295E+10
    -7.38905646450510e-04    7.99595544197796e-04    7.92362172557010e-04    1.2442306E+04    261.03    261.03    0.0996532821130049    0.00000e+00    0.00000e+00    6.76561568E+10
    -7.42225941426957e-04    8.02836281249173e-04    7.96212805219222e-04    1.2328365E+04    260.04    260.04    0.0987145911247642    0.00000e+00    0.00000e+00    6.77063841E+10
    -7.45551133021583e-04    8.06083029990195e-04    8.00066201319417e-04    1.2216628E+04    259.06    259.06    0.0980084502049113    0.00000e+00    0.00000e+00    6.77566114E+10
    -7.48881318197125e-04    8.09335741939495e-04    8.03922312376226e-04    1.2107014E+04    258.10    258.10    0.0974819812015300    0.00000e+00    0.00000e+00    6.78068387E+10
    -7.52216593916318e-04    8.12594562541177e-04    8.07781138389649e-04    1.1999440E+04    257.15    257.15    0.0975642958010621    0.00000e+00    0.00000e+00    6.78570660E+10
    -7.55556911697794e-04    8.15859443313873e-04    8.11642485434215e-04    1.1893825E+04    256.21    256.21    0.0976619040813907    0.00000e+00    0.00000e+00    6.79072932E+10
    -7.58902368504291e-04    8.19130432738951e-04    8.15506208065817e-04    1.1790082E+04    255.29    255.29    0.0969004449031470    0.00000e+00    0.00000e+00    6.79575205E+10
    -7.62252915854439e-04    8.22407433853675e-04    8.19372015396248e-04    1.1688129E+04    254.37    254.37    0.0963806597409829    0.00000e+00    0.00000e+00    6.80077478E+10
    -7.65608553748238e-04    8.25690349695308e-04    8.23239665018668e-04    1.1587886E+04    253.46    253.46    0.0964575901103033    0.00000e+00    0.00000e+00    6.80579751E+10
    -7.68969282185689e-04    8.28978937857011e-04    8.27109011488971e-04    1.1489270E+04    252.56    252.56    0.0964888661500289    0.00000e+00    0.00000e+00    6.81082024E+10
    -7.72335149648161e-04    8.32273149857413e-04    8.30979715437581e-04    1.1392200E+04    251.67    251.67    0.0958622030106086    0.00000e+00    0.00000e+00    6.81584297E+10
    -7.75706253098388e-04    8.35572791771045e-04    8.34851776864499e-04    1.1296589E+04    250.79    250.79    0.0949762067631530    0.00000e+00    0.00000e+00    6.82086570E+10
    -7.79082689499107e-04    8.38877766635169e-04    8.38725098806987e-04    1.1202361E+04    249.91    249.91    0.0940564089740076    0.00000e+00    0.00000e+00    6.82588843E+10
    -7.82464458850318e-04    8.42188025968417e-04    8.42599584302311e-04    1.1109431E+04    249.04    249.04    0.0932577063963162    0.00000e+00    0.00000e+00    6.83091115E+10
    -7.85851658114758e-04    8.45503424326684e-04    8.46475136387732e-04    1.1017732E+04    248.17    248.17    0.0927306317794789    0.00000e+00    0.00000e+00    6.83593388E+10
    -7.89244190329690e-04    8.48823913228603e-04    8.50351706581884e-04    1.0927185E+04    247.31    247.31    0.0927929734860964    0.00000e+00    0.00000e+00    6.84095661E+10
    -7.92642007013746e-04    8.52149298748702e-04    8.54229052477926e-04    1.0837723E+04    246.45    246.45    0.0923844854654250    0.00000e+00    0.00000e+00    6.84597934E+10
    -7.96045108166927e-04    8.55479435442875e-04    8.58107028631752e-04    1.0749284E+04    245.60    245.60    0.0924223493978164    0.00000e+00    0.00000e+00    6.85100207E+10
    -7.99453348345127e-04    8.58814129385651e-04    8.61985344155156e-04    1.0661801E+04    244.75    244.75    0.0922837473800873    0.00000e+00    0.00000e+00    6.85602480E+10
    -8.02866679066978e-04    8.62153138170188e-04    8.65863756641296e-04    1.0575218E+04    243.90    243.90    0.0920875013884066    0.00000e+00    0.00000e+00    6.86104753E+10
    -8.06285148813850e-04    8.65496170908279e-04    8.69742169127437e-04    1.0489478E+04    243.06    243.06    0.0915747718336927    0.00000e+00    0.00000e+00    6.86607026E+10
    -8.09708709104373e-04    8.68843033674451e-04    8.73620339206736e-04    1.0404527E+04    242.21    242.21    0.0912158405023666    0.00000e+00    0.00000e+00    6.87109298E+10
    -8.13137408419916e-04    8.72193484061862e-04    8.77498218397827e-04    1.0320319E+04    241.37    241.37    0.0905173164983640    0.00000e+00    0.00000e+00    6.87611571E+10
    -8.16571149797742e-04    8.75547328145042e-04    8.81375758219341e-04    1.0236810E+04    240.53    240.53    0.0898774119311374    0.00000e+00    0.00000e+00    6.88113844E+10
    -8.20009981719220e-04    8.78904468961253e-04    8.85252910189910e-04    1.0153958E+04    239.69    239.69    0.0891551887758171    0.00000e+00    0.00000e+00    6.88616117E+10
    -8.23453807221614e-04    8.82264664103655e-04    8.89129625828166e-04    1.0071729E+04    238.85    238.85    0.0886179263554677    0.00000e+00    0.00000e+00    6.89118390E+10
    -8.26902480860818e-04    8.85627816609512e-04    8.93005759690005e-04    9.9900915E+03    238.02    238.02    0.0883294088378704    0.00000e+00    0.00000e+00    6.89620663E+10
    -8.30356002636834e-04    8.88993781034719e-04    8.96881311775427e-04    9.9090152E+03    237.18    237.18    0.0879175021166539    0.00000e+00    0.00000e+00    6.90122936E+10
    -8.33814130142820e-04    8.92362266491068e-04    9.00756088158958e-04    9.8284769E+03    236.34    236.34    0.0879523379590472    0.00000e+00    0.00000e+00    6.90625209E+10
    -8.37276766416041e-04    8.95733127534455e-04    9.04629991877864e-04    9.7484521E+03    235.50    235.50    0.0878217705045665    0.00000e+00    0.00000e+00    6.91127482E+10
    -8.40743862975128e-04    8.99106170239406e-04    9.08502829006671e-04    9.6689265E+03    234.67    234.67    0.0877720764554762    0.00000e+00    0.00000e+00    6.91629754E+10
    -8.44215225894608e-04    9.02481103717714e-04    9.12374648026748e-04    9.5898865E+03    233.83    233.83    0.0873714146231459    0.00000e+00    0.00000e+00    6.92132027E+10
    -8.47690903655850e-04    9.05857734043906e-04    9.16245351975359e-04    9.5113236E+03    233.00    233.00    0.0871308348285794    0.00000e+00    0.00000e+00    6.92634300E+10
    -8.51170750814750e-04    9.09235964255245e-04    9.20114940852503e-04    9.4332341E+03    232.16    232.16    0.0864019575933391    0.00000e+00    0.00000e+00    6.93136573E+10
    -8.54654718889940e-04    9.12615648907628e-04    9.23983511620916e-04    9.3556166E+03    231.33    231.33    0.0859351123572869    0.00000e+00    0.00000e+00    6.93638846E+10
    -8.58142710918682e-04    9.15996594075582e-04    9.27851112761968e-04    9.2784721E+03    230.50    230.50    0.0852004854750128    0.00000e+00    0.00000e+00    6.94141119E+10
    -8.61634581456874e-04    9.19378799759106e-04    9.31717744275657e-04    9.2018034E+03    229.66    229.66    0.0848410211686950    0.00000e+00    0.00000e+00    6.94643392E+10
    -8.65130185060410e-04    9.22762072032729e-04    9.35583551606088e-04    9.1256198E+03    228.83    228.83    0.0844552481975903    0.00000e+00    0.00000e+00    6.95145665E+10
    -8.68629327803818e-04    9.26146313933714e-04    9.39448389309157e-04    9.0499280E+03    228.00    228.00    0.0839214294291980    0.00000e+00    0.00000e+00    6.95647937E+10
    -8.72131912724362e-04    9.29531428499325e-04    9.43312305866232e-04    8.9747365E+03    227.18    227.18    0.0835910148240792    0.00000e+00    0.00000e+00    6.96150210E+10
    -8.75637745896569e-04    9.32917221804090e-04    9.47175204314576e-04    8.9000616E+03    226.35    226.35    0.0839421793703586    0.00000e+00    0.00000e+00    6.96652483E+10
    -8.79146681876335e-04    9.36303548403904e-04    9.51037036172823e-04    8.8259167E+03    225.53    225.53    0.0842941712948417    0.00000e+00    0.00000e+00    6.97154756E+10
    -8.82658623700925e-04    9.39690311336031e-04    9.54897849922338e-04    8.7523146E+03    224.71    224.71    0.0836700902524268    0.00000e+00    0.00000e+00    6.97657029E+10
    -8.86173474407601e-04    9.43077316674998e-04    9.58757645563124e-04    8.6792776E+03    223.90    223.90    0.0833414213431034    0.00000e+00    0.00000e+00    6.98159302E+10
    -8.89691137033627e-04    9.46464467458070e-04    9.62616520057915e-04    8.6068206E+03    223.09    223.09    0.0826309027719146    0.00000e+00    0.00000e+00    6.98661575E+10
    -8.93211466134900e-04    9.49851763685246e-04    9.66474618850817e-04    8.5349680E+03    222.28    222.28    0.0822073920743808    0.00000e+00    0.00000e+00    6.99163848E+10
    -8.96734413230050e-04    9.53239108393790e-04    9.70332038904565e-04    8.4637347E+03    221.48    221.48    0.0815362188711084    0.00000e+00    0.00000e+00    6.99666120E+10
    -9.00259735912238e-04    9.56626501583702e-04    9.74188877181895e-04    8.3931448E+03    220.68    220.68    0.0811113998977213    0.00000e+00    0.00000e+00    7.00168393E+10
    -9.03787337218728e-04    9.60013846292247e-04    9.78045133682809e-04    8.3232170E+03    219.88    219.88    0.0809237418386944    0.00000e+00    0.00000e+00    7.00670666E+10
    -9.07317023224046e-04    9.63401142519423e-04    9.81900953851409e-04    8.2539729E+03    219.10    219.10    0.0802656649346846    0.00000e+00    0.00000e+00    7.01172939E+10
    -9.10848600002720e-04    9.66788293302494e-04    9.85756289206328e-04    8.1854293E+03    218.32    218.32    0.0800289275827844    0.00000e+00    0.00000e+00    7.01675212E+10
    -9.14381922110646e-04    9.70175250160094e-04    9.89611091266198e-04    8.1176092E+03    217.54    217.54    0.0805553226483817    0.00000e+00    0.00000e+00    7.02177485E+10
    -9.17916892585088e-04    9.73561819166748e-04    9.93465408512387e-04    8.0505271E+03    216.77    216.77    0.0808410987310217    0.00000e+00    0.00000e+00    7.02679758E+10
    -9.21453317500574e-04    9.76948000322458e-04    9.97319289426263e-04    7.9842039E+03    216.01    216.01    0.0800234805362548    0.00000e+00    0.00000e+00    7.03182031E+10
    -9.24991196857102e-04    9.80333745145854e-04    1.00117283097056e-03    7.9186573E+03    215.25    215.25    0.0797673017839908    0.00000e+00    0.00000e+00    7.03684303E+10
    -9.28530336729202e-04    9.83719005155570e-04    1.00502608162665e-03    7.8539007E+03    214.50    214.50    0.0791987848558358    0.00000e+00    0.00000e+00    7.04186576E+10
    -9.32070688635504e-04    9.87103780351604e-04    1.00887923532001e-03    7.7899482E+03    213.76    213.76    0.0784814095389593    0.00000e+00    0.00000e+00    7.04688849E+10
    -9.35612107131905e-04    9.90488119215326e-04    1.01273234053199e-03    7.7268130E+03    213.03    213.03    0.0780122407217122    0.00000e+00    0.00000e+00    7.05191122E+10
    -9.39154446774300e-04    9.93872021746734e-04    1.01658554270672e-03    7.6645058E+03    212.30    212.30    0.0777742868532073    0.00000e+00    0.00000e+00    7.05693395E+10
    -9.42697562118585e-04    9.97255439464461e-04    1.02043884184417e-03    7.6030330E+03    211.58    211.58    0.0774648042921630    0.00000e+00    0.00000e+00    7.06195668E+10
    -9.46241307720655e-04    1.00063846933124e-03    1.02429238338847e-03    7.5424022E+03    210.87    210.87    0.0769032228635745    0.00000e+00    0.00000e+00    7.06697941E+10
    -9.49785538136406e-04    1.00402111134708e-03    1.02814616733961e-03    7.4826171E+03    210.16    210.16    0.0768267969752048    0.00000e+00    0.00000e+00    7.07200214E+10
    -9.53330107921734e-04    1.00740326854924e-03    1.03200019369759e-03    7.4236808E+03    209.47    209.47    0.0771246610508646    0.00000e+00    0.00000e+00    7.07702487E+10
    -9.56874968595271e-04    1.01078503790045e-03    1.03585455942515e-03    7.3655978E+03    208.78    208.78    0.0771360215748247    0.00000e+00    0.00000e+00    7.08204759E+10
    -9.60419926231544e-04    1.01416632243798e-03    1.03970936148502e-03    7.3083638E+03    208.10    208.10    0.0769838510955528    0.00000e+00    0.00000e+00    7.08707032E+10
    -9.63965029311921e-04    1.01754721912456e-03    1.04356474532131e-03    7.2519794E+03    207.43    207.43    0.0763965352712551    0.00000e+00    0.00000e+00    7.09209305E+10
    -9.67510132392298e-04    1.02092777644157e-03    1.04742075941538e-03    7.1964370E+03    206.76    206.76    0.0761341499284435    0.00000e+00    0.00000e+00    7.09711578E+10
    -9.71055235472676e-04    1.02430804287037e-03    1.05127759769271e-03    7.1417351E+03    206.11    206.11    0.0753765879600628    0.00000e+00    0.00000e+00    7.10213851E+10
    -9.74600193108949e-04    1.02768811537370e-03    1.05513535711604e-03    7.0878644E+03    205.46    205.46    0.0749683813694212    0.00000e+00    0.00000e+00    7.10716124E+10
    -9.78144908338381e-04    1.03106809091429e-03    1.05899413464809e-03    7.0348157E+03    204.81    204.81    0.0744973396890348    0.00000e+00    0.00000e+00    7.11218397E+10
    -9.81689332679605e-04    1.03444801797352e-03    1.06285402725161e-03    6.9825785E+03    204.18    204.18    0.0743367079897772    0.00000e+00    0.00000e+00    7.11720670E+10
    -9.85233320688516e-04    1.03782794503274e-03    1.06671513188934e-03    6.9311376E+03    203.55    203.55    0.0741834670290275    0.00000e+00    0.00000e+00    7.12222942E+10
    -9.88776775402377e-04    1.04120796905470e-03    1.07057740007990e-03    6.8804816E+03    202.93    202.93    0.0737674904931858    0.00000e+00    0.00000e+00    7.12725215E+10
    -9.92319696821189e-04    1.04458809003939e-03    1.07444088030466e-03    6.8305917E+03    202.32    202.32    0.0735727363798022    0.00000e+00    0.00000e+00    7.13227488E+10
    -9.95861939500848e-04    1.04796835646819e-03    1.07830571800773e-03    6.7814525E+03    201.72    201.72    0.0739731127407060    0.00000e+00    0.00000e+00    7.13729761E+10
    -9.99403551922721e-04    1.05134881682247e-03    1.08217196167047e-03    6.7330434E+03    201.12    201.12    0.0740045869899868    0.00000e+00    0.00000e+00    7.14232034E+10
    -1.00294448560544e-03    1.05472951958358e-03    1.08603965977426e-03    6.6853455E+03    200.53    200.53    0.0733423361705214    0.00000e+00    0.00000e+00    7.14734307E+10
    -1.00648469206764e-03    1.05811056171427e-03    1.08990895776319e-03    6.6383365E+03    199.94    199.94    0.0730875709078290    0.00000e+00    0.00000e+00    7.15236580E+10
    -1.01002412282795e-03    1.06149204017727e-03    1.09378000108138e-03    6.5919959E+03    199.36    199.36    0.0724275857891501    0.00000e+00    0.00000e+00    7.15738853E+10
    -1.01356282636773e-03    1.06487405193532e-03    1.09765283821019e-03    6.5463011E+03    198.79    198.79    0.0720276431848293    0.00000e+00    0.00000e+00    7.16241125E+10
    -1.01710065724289e-03    1.06825669395116e-03    1.10152756611235e-03    6.5012273E+03    198.22    198.22    0.0715939163336817    0.00000e+00    0.00000e+00    7.16743398E+10
    -1.02063756697206e-03    1.07163996622478e-03    1.10540423326924e-03    6.4567535E+03    197.66    197.66    0.0715714509933735    0.00000e+00    0.00000e+00    7.17245671E+10
    -1.02417350707387e-03    1.07502396571893e-03    1.10928279119948e-03    6.4128534E+03    197.10    197.10    0.0715202436204433    0.00000e+00    0.00000e+00    7.17747944E+10
    -1.02770847754831e-03    1.07840878939633e-03    1.11316338534719e-03    6.3695059E+03    196.55    196.55    0.0708283382850579    0.00000e+00    0.00000e+00    7.18250217E+10
    -1.03124242991402e-03    1.08179434029426e-03    1.11704591874962e-03    6.3266850E+03    196.01    196.01    0.0708363989672120    0.00000e+00    0.00000e+00    7.18752490E+10
    -1.03477526720826e-03    1.08518076385681e-03    1.12093053685088e-03    6.2843695E+03    195.46    195.46    0.0711374548731004    0.00000e+00    0.00000e+00    7.19254763E+10
    -1.03830713487515e-03    1.08856806008398e-03    1.12481719116960e-03    6.2425350E+03    194.92    194.92    0.0709738350828283    0.00000e+00    0.00000e+00    7.19757036E+10
    -1.04183793595193e-03    1.09195627745715e-03    1.12870607563125e-03    6.2011563E+03    194.39    194.39    0.0704873445544571    0.00000e+00    0.00000e+00    7.20259308E+10
    -1.04536767043862e-03    1.09534541597632e-03    1.13259719023583e-03    6.1602117E+03    193.86    193.86    0.0701675278861076    0.00000e+00    0.00000e+00    7.20761581E+10
    -1.04889638681657e-03    1.09873562108558e-03    1.13649058346472e-03    6.1196776E+03    193.33    193.33    0.0697697930594230    0.00000e+00    0.00000e+00    7.21263854E+10
    -1.05242403660443e-03    1.10212694126631e-03    1.14038640076201e-03    6.0795311E+03    192.80    192.80    0.0692359645298066    0.00000e+00    0.00000e+00    7.21766127E+10
    -1.05595057132082e-03    1.10551937651850e-03    1.14428464212771e-03    6.0397525E+03    192.28    192.28    0.0689288716799676    0.00000e+00    0.00000e+00    7.22268400E+10
    -1.05947599096575e-03    1.10891302380490e-03    1.14818525908044e-03    6.0003202E+03    191.76    191.76    0.0690798681379292    0.00000e+00    0.00000e+00    7.22770673E+10
    -1.06300024705784e-03    1.11230788312550e-03    1.15208830010158e-03    5.9612144E+03    191.24    191.24    0.0693331977347154    0.00000e+00    0.00000e+00    7.23272946E+10
    -1.06652329111572e-03    1.11570390599894e-03    1.15599376519113e-03    5.9224173E+03    190.72    190.72    0.0683860139826650    0.00000e+00    0.00000e+00    7.23775219E+10
    -1.07004517162077e-03    1.11910118938795e-03    1.15990160586771e-03    5.8839116E+03    190.21    190.21    0.0686301700735126    0.00000e+00    0.00000e+00    7.24277492E+10
    -1.07356584009162e-03    1.12249963632979e-03    1.16381187061270e-03    5.8456791E+03    189.69    189.69    0.0684196657411724    0.00000e+00    0.00000e+00    7.24779764E+10
    -1.07708534500964e-03    1.12589929530583e-03    1.16772460790747e-03    5.8077060E+03    189.18    189.18    0.0679465681227103    0.00000e+00    0.00000e+00    7.25282037E+10
    -1.08060363789345e-03    1.12930021479745e-03    1.17163986623337e-03    5.7699754E+03    188.67    188.67    0.0677110078469565    0.00000e+00    0.00000e+00    7.25784310E+10
    -1.08412071874306e-03    1.13270239480463e-03    1.17555774255315e-03    5.7324765E+03    188.16    188.16    0.0673491858928666    0.00000e+00    0.00000e+00    7.26286583E+10
    -1.08763663603983e-03    1.13610583532739e-03    1.17947823686681e-03    5.6951957E+03    187.65    187.65    0.0670929613670600    0.00000e+00    0.00000e+00    7.26788856E+10
    -1.09115134130241e-03    1.13951063332846e-03    1.18340144613709e-03    5.6581206E+03    187.14    187.14    0.0666361117881078    0.00000e+00    0.00000e+00    7.27291129E+10
    -1.09466478604941e-03    1.14291669184509e-03    1.18732732188261e-03    5.6212407E+03    186.63    186.63    0.0665601280535215    0.00000e+00    0.00000e+00    7.27793402E+10
    -1.09817692179947e-03    1.14632410784003e-03    1.19125591258474e-03    5.5845480E+03    186.13    186.13    0.0664861841373484    0.00000e+00    0.00000e+00    7.28295675E+10
    -1.10168774855259e-03    1.14973283283191e-03    1.19518716976212e-03    5.5480322E+03    185.62    185.62    0.0663953193891541    0.00000e+00    0.00000e+00    7.28797947E+10
    -1.10519721782741e-03    1.15314281833937e-03    1.19912114189612e-03    5.5116871E+03    185.12    185.12    0.0658166754429792    0.00000e+00    0.00000e+00    7.29300220E+10
    -1.10870537810528e-03    1.15655401588102e-03    1.20305782898673e-03    5.4755054E+03    184.61    184.61    0.0660074339535401    0.00000e+00    0.00000e+00    7.29802493E+10
    -1.11221213242348e-03    1.15996642545688e-03    1.20699723103395e-03    5.4394822E+03    184.11    184.11    0.0656014587337205    0.00000e+00    0.00000e+00    7.30304766E+10
    -1.11571757774475e-03    1.16337999858557e-03    1.21093939651916e-03    5.4036139E+03    183.60    183.60    0.0655809546237518    0.00000e+00    0.00000e+00    7.30807039E+10
    -1.11922166558770e-03    1.16679473526710e-03    1.21488432544235e-03    5.3678949E+03    183.10    183.10    0.0653142220371555    0.00000e+00    0.00000e+00    7.31309312E+10
    -1.12272434747098e-03    1.17021063550146e-03    1.21883206628489e-03    5.3323250E+03    182.59    182.59    0.0649496575993910    0.00000e+00    0.00000e+00    7.31811585E+10
    -1.12622572035732e-03    1.17362760232592e-03    1.22278271600951e-03    5.2969000E+03    182.09    182.09    0.0645343044607766    0.00000e+00    0.00000e+00    7.32313858E+10
    -1.12972559032125e-03    1.17704573270321e-03    1.22673617765349e-03    5.2616197E+03    181.59    181.59    0.0643692117863100    0.00000e+00    0.00000e+00    7.32816130E+10
    -1.13322405432551e-03    1.18046488118924e-03    1.23069254817955e-03    5.2264852E+03    181.08    181.08    0.0643529204066789    0.00000e+00    0.00000e+00    7.33318403E+10
    -1.13672096692598e-03    1.18388509626536e-03    1.23465168214359e-03    5.1914955E+03    180.58    180.58    0.0640112679377917    0.00000e+00    0.00000e+00    7.33820676E+10
    -1.14021632812268e-03    1.18730628096885e-03    1.23861362802699e-03    5.1566515E+03    180.08    180.08    0.0634418870502550    0.00000e+00    0.00000e+00    7.34322949E+10
    -1.14371004095286e-03    1.19072833833696e-03    1.24257828886700e-03    5.1219573E+03    179.58    179.58    0.0635785685484230    0.00000e+00    0.00000e+00    7.34825222E+10
    -1.14720215389789e-03    1.19415131685107e-03    1.24654566466362e-03    5.0874146E+03    179.08    179.08    0.0633878512590200    0.00000e+00    0.00000e+00    7.35327495E+10
    -1.15069261847641e-03    1.19757502258569e-03    1.25051575541686e-03    5.0530264E+03    178.58    178.58    0.0632834160074205    0.00000e+00    0.00000e+00    7.35829768E+10
    -1.15418143468841e-03    1.20099950402221e-03    1.25448851264534e-03    5.0187981E+03    178.08    178.08    0.0631084490102072    0.00000e+00    0.00000e+00    7.36332041E+10
    -1.15766860253389e-03    1.20442466419788e-03    1.25846398483044e-03    4.9847333E+03    177.58    177.58    0.0630164503139777    0.00000e+00    0.00000e+00    7.36834314E+10
    -1.16115402505012e-03    1.20785050311271e-03    1.26244212349079e-03    4.9508362E+03    177.08    177.08    0.0627218555671498    0.00000e+00    0.00000e+00    7.37336586E+10
    -1.16463775071847e-03    1.21127692380395e-03    1.26642292862638e-03    4.9171137E+03    176.58    176.58    0.0623444719629010    0.00000e+00    0.00000e+00    7.37838859E+10
    -1.16811968257620e-03    1.21470392627161e-03    1.27040635175585e-03    4.8835709E+03    176.09    176.09    0.0623675111196290    0.00000e+00    0.00000e+00    7.38341132E+10
    -1.17159977214194e-03    1.21813151051568e-03    1.27439239287919e-03    4.8502131E+03    175.59    175.59    0.0620701854540648    0.00000e+00    0.00000e+00    7.38843405E+10
    -1.17507797093433e-03    1.22155948261070e-03    1.27838095503368e-03    4.8170485E+03    175.10    175.10    0.0616324061722022    0.00000e+00    0.00000e+00    7.39345678E+10
    -1.17855432743472e-03    1.22498789103804e-03    1.28237198973794e-03    4.7840812E+03    174.61    174.61    0.0615874391102863    0.00000e+00    0.00000e+00    7.39847951E+10
    -1.18202869619903e-03    1.22841663883495e-03    1.28636544851061e-03    4.7513207E+03    174.12    174.12    0.0613956134029905    0.00000e+00    0.00000e+00    7.40350224E+10
    -1.18550117418997e-03    1.23184562903870e-03    1.29036123438895e-03    4.7187724E+03    173.63    173.63    0.0610278347511717    0.00000e+00    0.00000e+00    7.40852497E+10
    -1.18897166444483e-03    1.23527476468656e-03    1.29435934737295e-03    4.6864450E+03    173.15    173.15    0.0608565254553028    0.00000e+00    0.00000e+00    7.41354769E+10
    -1.19244026392633e-03    1.23870404577852e-03    1.29835973898126e-03    4.6543443E+03    172.66    172.66    0.0609691690622095    0.00000e+00    0.00000e+00    7.41857042E+10
    -1.19590687567173e-03    1.24213342383321e-03    1.30236236073250e-03    4.6224793E+03    172.18    172.18    0.0608265223896658    0.00000e+00    0.00000e+00    7.42359315E+10
    -1.19937154816241e-03    1.24556289885065e-03    1.30636726110804e-03    4.5908577E+03    171.70    171.70    0.0605327630510840    0.00000e+00    0.00000e+00    7.42861588E+10
    -1.20283428139837e-03    1.24899232538671e-03    1.31037429466378e-03    4.5594870E+03    171.22    171.22    0.0603746999067709    0.00000e+00    0.00000e+00    7.43363861E+10
    -1.20629502689823e-03    1.25242175192277e-03    1.31438350988108e-03    4.5283751E+03    170.75    170.75    0.0603317061371460    0.00000e+00    0.00000e+00    7.43866134E+10
    -1.20975373618064e-03    1.25585108149610e-03    1.31839476131585e-03    4.4975279E+03    170.28    170.28    0.0600297547801746    0.00000e+00    0.00000e+00    7.44368407E+10
    -1.21321050620832e-03    1.25928031410669e-03    1.32240795200534e-03    4.4669552E+03    169.81    169.81    0.0595209895531532    0.00000e+00    0.00000e+00    7.44870680E+10
    -1.21666524001853e-03    1.26270935279181e-03    1.32642303346818e-03    4.4366624E+03    169.35    169.35    0.0593102735252373    0.00000e+00    0.00000e+00    7.45372952E+10
    -1.22011798609266e-03    1.26613814907009e-03    1.33043990874165e-03    4.4066575E+03    168.88    168.88    0.0592440598753335    0.00000e+00    0.00000e+00    7.45875225E+10
    -1.22356879291206e-03    1.26956665446016e-03    1.33445852934436e-03    4.3769478E+03    168.42    168.42    0.0589791476884545    0.00000e+00    0.00000e+00    7.46377498E+10
    -1.22701766047674e-03    1.27299477199929e-03    1.33847874983223e-03    4.3475393E+03    167.97    167.97    0.0589006817273778    0.00000e+00    0.00000e+00    7.46879771E+10
    -1.23046463726806e-03    1.27642255016884e-03    1.34250061868661e-03    4.3184375E+03    167.52    167.52    0.0588160442312285    0.00000e+00    0.00000e+00    7.47382044E+10
    -1.23390977176739e-03    1.27984994048744e-03    1.34652399046340e-03    4.2896494E+03    167.07    167.07    0.0584311752241445    0.00000e+00    0.00000e+00    7.47884317E+10
    -1.23735311245610e-03    1.28327684599236e-03    1.35054886516260e-03    4.2611802E+03    166.62    166.62    0.0585929731915198    0.00000e+00    0.00000e+00    7.48386590E+10
    -1.24079465933420e-03    1.28670336364634e-03    1.35457509734011e-03    4.2330339E+03    166.18    166.18    0.0585592884693279    0.00000e+00    0.00000e+00    7.48888863E+10
    -1.24423441240167e-03    1.29012939648664e-03    1.35860268699593e-03    4.2052166E+03    165.75    165.75    0.0583202226789111    0.00000e+00    0.00000e+00    7.49391135E+10
    -1.24767251710263e-03    1.29355494451325e-03    1.36263144020458e-03    4.1777319E+03    165.31    165.31    0.0580459710589153    0.00000e+00    0.00000e+00    7.49893408E+10
    -1.25110887647433e-03    1.29698000772619e-03    1.36666130848470e-03    4.1505839E+03    164.88    164.88    0.0575778682495225    0.00000e+00    0.00000e+00    7.50395681E+10
    -1.25454363596089e-03    1.30040448916271e-03    1.37069214639218e-03    4.1237771E+03    164.46    164.46    0.0572332166903492    0.00000e+00    0.00000e+00    7.50897954E+10
    -1.25797684404366e-03    1.30382838882281e-03    1.37472385696429e-03    4.0973146E+03    164.04    164.04    0.0571011494197735    0.00000e+00    0.00000e+00    7.51400227E+10
    -1.26140854920403e-03    1.30725165822512e-03    1.37875634323829e-03    4.0711991E+03    163.62    163.62    0.0570169661505285    0.00000e+00    0.00000e+00    7.51902500E+10
    -1.26483879992335e-03    1.31067434585102e-03    1.38278955673280e-03    4.0454331E+03    163.21    163.21    0.0568703717302108    0.00000e+00    0.00000e+00    7.52404773E+10
    -1.26826779012710e-03    1.31409640321913e-03    1.38682340048511e-03    4.0200183E+03    162.80    162.80    0.0565654820951011    0.00000e+00    0.00000e+00    7.52907046E+10
    -1.27169551981528e-03    1.31751783032946e-03    1.39085782601383e-03    3.9949555E+03    162.40    162.40    0.0565195082510957    0.00000e+00    0.00000e+00    7.53409319E+10
    -1.27512203746926e-03    1.32093867566336e-03    1.39489268787486e-03    3.9702470E+03    162.00    162.00    0.0568416359189209    0.00000e+00    0.00000e+00    7.53911591E+10
    -1.27854753701451e-03    1.32435884225812e-03    1.39892798606821e-03    3.9458926E+03    161.60    161.60    0.0567401001844752    0.00000e+00    0.00000e+00    7.54413864E+10
    -1.28197196996966e-03    1.32777847555783e-03    1.40296357514977e-03    3.9218928E+03    161.21    161.21    0.0564095897184047    0.00000e+00    0.00000e+00    7.54916137E+10
    -1.28539548177881e-03    1.33119747859975e-03    1.40699940663816e-03    3.8982461E+03    160.83    160.83    0.0561905370510057    0.00000e+00    0.00000e+00    7.55418410E+10
    -1.28881812092334e-03    1.33461585138388e-03    1.41103528660793e-03    3.8749521E+03    160.45    160.45    0.0557607818217952    0.00000e+00    0.00000e+00    7.55920683E+10
    -1.29223998436598e-03    1.33803364239160e-03    1.41507116657769e-03    3.8520079E+03    160.07    160.07    0.0554197243360599    0.00000e+00    0.00000e+00    7.56422956E+10
    -1.29566116906947e-03    1.34145080314153e-03    1.41910699806609e-03    3.8294145E+03    159.70    159.70    0.0552601685307303    0.00000e+00    0.00000e+00    7.56925229E+10
    -1.29908177199654e-03    1.34486728515231e-03    1.42314263562901e-03    3.8071676E+03    159.33    159.33    0.0551370084298401    0.00000e+00    0.00000e+00    7.57427502E+10
    -1.30250193859129e-03    1.34828318538667e-03    1.42717807926646e-03    3.7852654E+03    158.97    158.97    0.0549664964007596    0.00000e+00    0.00000e+00    7.57929774E+10
    -1.30592171733510e-03    1.35169850384462e-03    1.43121318353434e-03    3.7637036E+03    158.61    158.61    0.0547260973364994    0.00000e+00    0.00000e+00    7.58432047E+10
    -1.30934130215344e-03    1.35511324052614e-03    1.43524799691400e-03    3.7424795E+03    158.26    158.26    0.0546388044824698    0.00000e+00    0.00000e+00    7.58934320E+10
    -1.31276074152767e-03    1.35852744391262e-03    1.43928237396136e-03    3.7215901E+03    157.91    157.91    0.0550622546066507    0.00000e+00    0.00000e+00    7.59436593E+10
    -1.31618008393917e-03    1.36194116248542e-03    1.44331626619503e-03    3.7010301E+03    157.56    157.56    0.0548785330440708    0.00000e+00    0.00000e+00    7.59938866E+10
    -1.31959952331340e-03    1.36535434776317e-03    1.44734957665228e-03    3.6807954E+03    157.22    157.22    0.0546446165590601    0.00000e+00    0.00000e+00    7.60441139E+10
    -1.32301905965037e-03    1.36876704822723e-03    1.45138230533312e-03    3.6608809E+03    156.88    156.88    0.0543334033218485    0.00000e+00    0.00000e+00    7.60943412E+10
    -1.32643883839418e-03    1.37217931235899e-03    1.45541425831207e-03    3.6412815E+03    156.55    156.55    0.0540180665724216    0.00000e+00    0.00000e+00    7.61445685E+10
    -1.32985895650757e-03    1.37559109167706e-03    1.45944548407049e-03    3.6219923E+03    156.22    156.22    0.0536843614124541    0.00000e+00    0.00000e+00    7.61947957E+10
    -1.33327951095327e-03    1.37900243466282e-03    1.46347583716429e-03    3.6030071E+03    155.90    155.90    0.0534269911071531    0.00000e+00    0.00000e+00    7.62450230E+10
    -1.33670069565676e-03    1.38241338979763e-03    1.46750531759347e-03    3.5843188E+03    155.58    155.58    0.0532219465003848    0.00000e+00    0.00000e+00    7.62952503E+10
    -1.34012255909940e-03    1.38582395708150e-03    1.47153387687665e-03    3.5659228E+03    155.26    155.26    0.0531267430904107    0.00000e+00    0.00000e+00    7.63454776E+10
    -1.34354519824393e-03    1.38923418499579e-03    1.47556151501383e-03    3.5478109E+03    154.94    154.94    0.0532363382265981    0.00000e+00    0.00000e+00    7.63957049E+10
    -1.34696880701582e-03    1.39264412202188e-03    1.47958823200502e-03    3.5299764E+03    154.63    154.63    0.0530974081884225    0.00000e+00    0.00000e+00    7.64459322E+10
    -1.35039348237781e-03    1.39605376815975e-03    1.48361393088748e-03    3.5124141E+03    154.33    154.33    0.0534428730572760    0.00000e+00    0.00000e+00    7.64961595E+10
    -1.35381922432989e-03    1.39946317189079e-03    1.48763861166122e-03    3.4951149E+03    154.02    154.02    0.0532487426641768    0.00000e+00    0.00000e+00    7.65463868E+10
    -1.35724622679755e-03    1.40287243017772e-03    1.49166227432622e-03    3.4780716E+03    153.72    153.72    0.0529640636847832    0.00000e+00    0.00000e+00    7.65966140E+10
    -1.36067453826215e-03    1.40628149453917e-03    1.49568477343838e-03    3.4612791E+03    153.42    153.42    0.0526736933221175    0.00000e+00    0.00000e+00    7.66468413E+10
    -1.36410425568642e-03    1.40969046193790e-03    1.49970620596045e-03    3.4447269E+03    153.13    153.13    0.0524712720623882    0.00000e+00    0.00000e+00    7.66970686E+10
    -1.36753547603311e-03    1.41309928389251e-03    1.50372642644831e-03    3.4284104E+03    152.84    152.84    0.0520569534371695    0.00000e+00    0.00000e+00    7.67472959E+10
    -1.37096839322768e-03    1.41650805736576e-03    1.50774548338334e-03    3.4123192E+03    152.55    152.55    0.0518024750624965    0.00000e+00    0.00000e+00    7.67975232E+10
    -1.37440300727013e-03    1.41991673387628e-03    1.51176337676554e-03    3.3964479E+03    152.26    152.26    0.0517198995611356    0.00000e+00    0.00000e+00    7.68477505E+10
    -1.37783946360457e-03    1.42332541038679e-03    1.51578005811353e-03    3.3807867E+03    151.98    151.98    0.0516977646470851    0.00000e+00    0.00000e+00    7.68979778E+10
    -1.38127790767510e-03    1.42673413537867e-03    1.51979557590869e-03    3.3653292E+03    151.69    151.69    0.0516568581172709    0.00000e+00    0.00000e+00    7.69482051E+10
    -1.38471833948173e-03    1.43014295733329e-03    1.52380988166964e-03    3.3500682E+03    151.41    151.41    0.0514614493243330    0.00000e+00    0.00000e+00    7.69984324E+10
    -1.38816095294992e-03    1.43355187625064e-03    1.52782307235913e-03    3.3349956E+03    151.14    151.14    0.0518618600989850    0.00000e+00    0.00000e+00    7.70486596E+10
    -1.39160574807968e-03    1.43696094061210e-03    1.53183505101442e-03    3.3201021E+03    150.86    150.86    0.0515701345224835    0.00000e+00    0.00000e+00    7.70988869E+10
    -1.39505282183373e-03    1.44037019889903e-03    1.53584586611687e-03    3.3053820E+03    150.58    150.58    0.0513452693331075    0.00000e+00    0.00000e+00    7.71491142E+10
    -1.39850227117483e-03    1.44377969959280e-03    1.53985551766649e-03    3.2908267E+03    150.31    150.31    0.0510846544684009    0.00000e+00    0.00000e+00    7.71993415E+10
    -1.40195414458433e-03    1.44718949117478e-03    1.54386390870053e-03    3.2764296E+03    150.04    150.04    0.0508265391338177    0.00000e+00    0.00000e+00    7.72495688E+10
    -1.40540858750634e-03    1.45059952516360e-03    1.54787113618174e-03    3.2621823E+03    149.77    149.77    0.0505423711879139    0.00000e+00    0.00000e+00    7.72997961E+10
    -1.40886559994086e-03    1.45400985004063e-03    1.55187720011012e-03    3.2480765E+03    149.50    149.50    0.0503407368698864    0.00000e+00    0.00000e+00    7.73500234E+10
    -1.41232527885062e-03    1.45742056276860e-03    1.55588210048566e-03    3.2341072E+03    149.24    149.24    0.0501906936744595    0.00000e+00    0.00000e+00    7.74002507E+10
    -1.41578772119837e-03    1.46083161486615e-03    1.55988588578973e-03    3.2202666E+03    148.97    148.97    0.0501249296603223    0.00000e+00    0.00000e+00    7.74504779E+10
    -1.41925302394684e-03    1.46424310329602e-03    1.56388855602234e-03    3.2065466E+03    148.70    148.70    0.0500776776658813    0.00000e+00    0.00000e+00    7.75007052E+10
    -1.42272123557739e-03    1.46765507653956e-03    1.56789020814622e-03    3.1929419E+03    148.44    148.44    0.0501903454237886    0.00000e+00    0.00000e+00    7.75509325E+10
    -1.42619240457140e-03    1.47106753459679e-03    1.57189079368000e-03    3.1794458E+03    148.18    148.18    0.0501447155542576    0.00000e+00    0.00000e+00    7.76011598E+10
    -1.42966653092886e-03    1.47448047746769e-03    1.57589031262368e-03    3.1660511E+03    147.91    147.91    0.0500347670270077    0.00000e+00    0.00000e+00    7.76513871E+10
    -1.43314376009388e-03    1.47789400211502e-03    1.57988886194000e-03    3.1527514E+03    147.65    147.65    0.0498111485411915    0.00000e+00    0.00000e+00    7.77016144E+10
    -1.43662409206646e-03    1.48130810853876e-03    1.58388634466622e-03    3.1395418E+03    147.39    147.39    0.0495995127146695    0.00000e+00    0.00000e+00    7.77518417E+10
    -1.44010757532797e-03    1.48472279673892e-03    1.58788285776508e-03    3.1264152E+03    147.13    147.13    0.0492610008894337    0.00000e+00    0.00000e+00    7.78020690E+10
    -1.44359425835978e-03    1.48813806671549e-03    1.59187840123658e-03    3.1133668E+03    146.87    146.87    0.0490368904351819    0.00000e+00    0.00000e+00    7.78522962E+10
    -1.44708418964324e-03    1.49155391846849e-03    1.59587297508071e-03    3.1003909E+03    146.61    146.61    0.0488521597618183    0.00000e+00    0.00000e+00    7.79025235E+10
    -1.45057741765974e-03    1.49497044896063e-03    1.59986662777885e-03    3.0874830E+03    146.34    146.34    0.0487523318606576    0.00000e+00    0.00000e+00    7.79527508E+10
    -1.45407403937201e-03    1.49838765819194e-03    1.60385945629373e-03    3.0746375E+03    146.08    146.08    0.0485676989260416    0.00000e+00    0.00000e+00    7.80029781E+10
    -1.45757400629867e-03    1.50180554616239e-03    1.60785146062536e-03    3.0618510E+03    145.82    145.82    0.0485600164858895    0.00000e+00    0.00000e+00    7.80532054E+10
    -1.46107736692111e-03    1.50522411287200e-03    1.61184268925509e-03    3.0491173E+03    145.56    145.56    0.0488822813360376    0.00000e+00    0.00000e+00    7.81034327E+10
    -1.46458421820205e-03    1.50864345528349e-03    1.61583319066430e-03    3.0364351E+03    145.30    145.30    0.0487497708472867    0.00000e+00    0.00000e+00    7.81536600E+10
    -1.46809446317875e-03    1.51206357339688e-03    1.61982296485299e-03    3.0237983E+03    145.04    145.04    0.0486080699151638    0.00000e+00    0.00000e+00    7.82038873E+10
    -1.47160815033259e-03    1.51548446721216e-03    1.62381210878390e-03    3.0112049E+03    144.77    144.77    0.0484238833059146    0.00000e+00    0.00000e+00    7.82541145E+10
    -1.47512527966357e-03    1.51890608824796e-03    1.62780062245702e-03    2.9986509E+03    144.51    144.51    0.0482290538585619    0.00000e+00    0.00000e+00    7.83043418E+10
    -1.47864589965305e-03    1.52232853346701e-03    1.63178850587235e-03    2.9861334E+03    144.25    144.25    0.0478407983139417    0.00000e+00    0.00000e+00    7.83545691E+10
    -1.48217001030104e-03    1.52575170590659e-03    1.63577585599264e-03    2.9736514E+03    143.98    143.98    0.0475516618045235    0.00000e+00    0.00000e+00    7.84047964E+10
    -1.48569756312616e-03    1.52917570252943e-03    1.63976267281788e-03    2.9612004E+03    143.72    143.72    0.0474863806664471    0.00000e+00    0.00000e+00    7.84550237E+10
    -1.48922860660978e-03    1.53260047485415e-03    1.64374900482943e-03    2.9487793E+03    143.46    143.46    0.0474305261954324    0.00000e+00    0.00000e+00    7.85052510E+10
    -1.49276318923328e-03    1.53602607136214e-03    1.64773499747141e-03    2.9363866E+03    143.19    143.19    0.0473195430713019    0.00000e+00    0.00000e+00    7.85554783E+10
    -1.49630121403391e-03    1.53945244357201e-03    1.65172060226244e-03    2.9240205E+03    142.93    142.93    0.0472838469823252    0.00000e+00    0.00000e+00    7.86057056E+10
    -1.49984268101168e-03    1.54287963996514e-03    1.65570596464664e-03    2.9116794E+03    142.66    142.66    0.0473561908538868    0.00000e+00    0.00000e+00    7.86559329E+10
    -1.50338759016659e-03    1.54630766054153e-03    1.65969113310536e-03    2.8993616E+03    142.39    142.39    0.0473208439972006    0.00000e+00    0.00000e+00    7.87061601E+10
    -1.50693589301726e-03    1.54973645681981e-03    1.66367605915724e-03    2.8870675E+03    142.13    142.13    0.0471375640968346    0.00000e+00    0.00000e+00    7.87563874E+10
    -1.51048758956370e-03    1.55316607728135e-03    1.66766083976501e-03    2.8747955E+03    141.86    141.86    0.0470135021436496    0.00000e+00    0.00000e+00    7.88066147E+10
    -1.51404258284317e-03    1.55659647344478e-03    1.67164552341005e-03    2.8625449E+03    141.59    141.59    0.0468754407564549    0.00000e+00    0.00000e+00    7.88568420E+10
    -1.51760082437431e-03    1.56002764531009e-03    1.67563015857372e-03    2.8503161E+03    141.32    141.32    0.0465083883269302    0.00000e+00    0.00000e+00    7.89070693E+10
    -1.52116236263847e-03    1.56345959287730e-03    1.67961474525602e-03    2.8381085E+03    141.05    141.05    0.0464756141236595    0.00000e+00    0.00000e+00    7.89572966E+10
    -1.52472714915430e-03    1.56689221918366e-03    1.68359938041970e-03    2.8259243E+03    140.79    140.79    0.0462126450279938    0.00000e+00    0.00000e+00    7.90075239E+10
    -1.52829508695906e-03    1.57032557271054e-03    1.68758411254610e-03    2.8137610E+03    140.52    140.52    0.0460971133677157    0.00000e+00    0.00000e+00    7.90577512E+10
    -1.53186617605275e-03    1.57375965345794e-03    1.69156894163525e-03    2.8016216E+03    140.25    140.25    0.0460297801514065    0.00000e+00    0.00000e+00    7.91079784E+10
    -1.53544031947262e-03    1.57719441294450e-03    1.69555406161260e-03    2.7895048E+03    139.98    139.98    0.0459871080881446    0.00000e+00    0.00000e+00    7.91582057E+10
    -1.53901751721869e-03    1.58062980268884e-03    1.69953937551542e-03    2.7774134E+03    139.70    139.70    0.0458474478531901    0.00000e+00    0.00000e+00    7.92084330E+10
    -1.54259772080958e-03    1.58406591965371e-03    1.70352502878782e-03    2.7653468E+03    139.43    139.43    0.0458410856993070    0.00000e+00    0.00000e+00    7.92586603E+10
    -1.54618073631982e-03    1.58750261839499e-03    1.70751097294844e-03    2.7533071E+03    139.16    139.16    0.0459341803706992    0.00000e+00    0.00000e+00    7.93088876E+10
    -1.54976661223078e-03    1.59093989891268e-03    1.71149735344136e-03    2.7412954E+03    138.89    138.89    0.0457712476906482    0.00000e+00    0.00000e+00    7.93591149E+10
    -1.55335525157972e-03    1.59437776120680e-03    1.71548412178523e-03    2.7293118E+03    138.62    138.62    0.0454975836802379    0.00000e+00    0.00000e+00    7.94093422E+10
    -1.55694660588527e-03    1.59781615679597e-03    1.71947132646141e-03    2.7173593E+03    138.35    138.35    0.0453057084024147    0.00000e+00    0.00000e+00    7.94595695E+10
    -1.56054052970334e-03    1.60125503719881e-03    1.72345901595127e-03    2.7054379E+03    138.08    138.08    0.0452379115231354    0.00000e+00    0.00000e+00    7.95097967E+10
    -1.56413702303391e-03    1.60469435393397e-03    1.72744723873618e-03    2.6935496E+03    137.81    137.81    0.0449215780508554    0.00000e+00    0.00000e+00    7.95600240E+10
    -1.56773603739563e-03    1.60813410700144e-03    1.73143609177888e-03    2.6816962E+03    137.53    137.53    0.0448304136114520    0.00000e+00    0.00000e+00    7.96102513E+10
    -1.57133742734438e-03    1.61157424791986e-03    1.73542557507936e-03    2.6698785E+03    137.26    137.26    0.0448319617721473    0.00000e+00    0.00000e+00    7.96604786E+10
    -1.57494109591744e-03    1.61501472820785e-03    1.73941573711900e-03    2.6580985E+03    136.99    136.99    0.0447294887215370    0.00000e+00    0.00000e+00    7.97107059E+10
    -1.57854704311479e-03    1.61845554786542e-03    1.74340662637915e-03    2.6463568E+03    136.72    136.72    0.0445781401153316    0.00000e+00    0.00000e+00    7.97609332E+10
    -1.58215512349235e-03    1.62189665841120e-03    1.74739829134120e-03    2.6346545E+03    136.45    136.45    0.0444655283739449    0.00000e+00    0.00000e+00    7.98111605E+10
    -1.58576524008736e-03    1.62533801136382e-03    1.75139078048651e-03    2.6229948E+03    136.18    136.18    0.0444231096887342    0.00000e+00    0.00000e+00    7.98613878E+10
    -1.58937734441847e-03    1.62877955824192e-03    1.75538404533370e-03    2.6113777E+03    135.91    135.91    0.0445340005901959    0.00000e+00    0.00000e+00    7.99116151E+10
    -1.59299124256020e-03    1.63222125056411e-03    1.75937813436415e-03    2.5998039E+03    135.64    135.64    0.0442681795743073    0.00000e+00    0.00000e+00    7.99618423E+10
    -1.59660693451254e-03    1.63566303984905e-03    1.76337309605923e-03    2.5882758E+03    135.37    135.37    0.0441883319474717    0.00000e+00    0.00000e+00    8.00120696E+10
    -1.60022432331277e-03    1.63910487761535e-03    1.76736897890031e-03    2.5767933E+03    135.10    135.10    0.0440071709722760    0.00000e+00    0.00000e+00    8.00622969E+10
    -1.60384326351678e-03    1.64254671538165e-03    1.77136578288737e-03    2.5653579E+03    134.84    134.84    0.0437931006433629    0.00000e+00    0.00000e+00    8.01125242E+10
    -1.60746375512457e-03    1.64598850466658e-03    1.77536350802043e-03    2.5539710E+03    134.57    134.57    0.0436797424240196    0.00000e+00    0.00000e+00    8.01627515E+10
    -1.61108560421067e-03    1.64943019698878e-03    1.77936229974359e-03    2.5426317E+03    134.30    134.30    0.0436460525902893    0.00000e+00    0.00000e+00    8.02129788E+10
    -1.61470881077507e-03    1.65287174386687e-03    1.78336206109411e-03    2.5313430E+03    134.03    134.03    0.0435681677637529    0.00000e+00    0.00000e+00    8.02632061E+10
    -1.61833322937368e-03    1.65631314530086e-03    1.78736288903473e-03    2.5201039E+03    133.77    133.77    0.0432964671975330    0.00000e+00    0.00000e+00    8.03134334E+10
    -1.62195871456239e-03    1.65975435280937e-03    1.79136473508409e-03    2.5089158E+03    133.50    133.50    0.0433150409315655    0.00000e+00    0.00000e+00    8.03636606E+10
