    4.33272498716722e-06    -4.53974110774015e-05    -4.80698888016897e-08    8.5213842E+06    581.99    581.99    1.6198287904926474    0.00000e+00    0.00000e+00    5.89668360E+10
    4.08085458355720e-06    -5.26506057799808e-05    -6.82554637223682e-08    3.9017844E+06    419.91    419.91    1.2420109545103795    0.00000e+00    0.00000e+00    5.90170633E+10
    2.08832416851561e-06    -5.74178999097512e-05    -8.48678953937952e-08    2.3030161E+06    337.21    337.21    0.9928787363900270    0.00000e+00    0.00000e+00    5.90672906E+10
    -2.33855313844550e-06    -5.78578101477164e-05    -9.77531861438618e-08    1.6580794E+06    324.46    324.46    0.8232725234447225    0.00000e+00    0.00000e+00    5.91175179E+10
    -6.54863825087958e-06    -5.37967731960391e-05    -3.40717494557990e-07    3.5022592E+06    9036.26    9036.26    0.6701201073548791    0.00000e+00    0.00000e+00    5.91677451E+10
    1.32021227932496e-06    -6.69723897709014e-05    -8.55724945090989e-07    2.2485346E+06    6555.61    6555.61    0.5996389209388585    0.00000e+00    0.00000e+00    5.92179724E+10
    9.64008371655013e-06    -8.40361199536628e-05    -1.52966720663934e-06    1.2752715E+06    4504.39    4504.39    0.5378599196816410    0.00000e+00    0.00000e+00    5.92681997E+10
    1.82745300499031e-05    -1.01166967742437e-04    -1.38785736262281e-06    9.2961426E+05    3775.88    3775.88    0.4815161497568873    0.00000e+00    0.00000e+00    5.93184270E+10
    2.68122715679125e-05    -1.18047132921120e-04    -1.47470402505605e-06    9.2769083E+05    3965.90    3965.90    0.4583123733167085    0.00000e+00    0.00000e+00    5.93686543E+10
    3.50601735292484e-05    -1.34188243276182e-04    -2.22314169025359e-06    1.0616964E+06    4271.46    4271.46    0.4378518015817664    0.00000e+00    0.00000e+00    5.94188816E+10
    4.25320744707678e-05    -1.49866405047154e-04    -3.60854919238302e-06    1.1716457E+06    4143.24    4143.24    0.4136148905207648    0.00000e+00    0.00000e+00    5.94691089E+10
    4.92872496523779e-05    -1.65428899970086e-04    -5.71654186409030e-06    1.2062523E+06    3631.65    3631.65    0.3887253730834713    0.00000e+00    0.00000e+00    5.95193362E+10
    5.63363533092480e-05    -1.80798720239871e-04    -8.48271952852660e-06    1.1514748E+06    3015.50    3015.50    0.3759114286874949    0.00000e+00    0.00000e+00    5.95695635E+10
    6.37395794232109e-05    -1.95777334654096e-04    -1.16248440227246e-05    1.0423546E+06    2505.17    2505.17    0.3649749014387260    0.00000e+00    0.00000e+00    5.96197907E+10
    7.08814812667821e-05    -2.10300689629211e-04    -1.48124740986588e-05    9.2654624E+05    2113.53    2113.53    0.3561037956650053    0.00000e+00    0.00000e+00    5.96700180E+10
    7.75890530778577e-05    -2.24282032605120e-04    -1.81349628570126e-05    8.1836349E+05    1818.50    1818.50    0.3431630009027237    0.00000e+00    0.00000e+00    5.97202453E+10
    8.41099279884749e-05    -2.37689462841605e-04    -2.18230418552722e-05    7.2347328E+05    1605.32    1605.32    0.3291522569469922    0.00000e+00    0.00000e+00    5.97704726E+10
    9.05873878339487e-05    -2.50578947230013e-04    -2.59561604202431e-05    6.4006875E+05    1450.65    1450.65    0.3219899581451387    0.00000e+00    0.00000e+00    5.98206999E+10
    9.69735718076800e-05    -2.63044030570115e-04    -3.04483746610477e-05    5.6768750E+05    1334.76    1334.76    0.3157195020799712    0.00000e+00    0.00000e+00    5.98709272E+10
    1.03204828721476e-04    -2.75209014241610e-04    -3.51687320390951e-05    5.0536627E+05    1242.16    1242.16    0.3104451375048061    0.00000e+00    0.00000e+00    5.99211545E+10
    1.09278167274924e-04    -2.87155831756605e-04    -4.00295530305293e-05    4.5044776E+05    1164.13    1164.13    0.3053279642757832    0.00000e+00    0.00000e+00    5.99713818E+10
    1.15235228115095e-04    -2.98919913298917e-04    -4.49815679601939e-05    4.0163151E+05    1096.03    1096.03    0.3005204882298297    0.00000e+00    0.00000e+00    6.00216090E+10
    1.21121157091973e-04    -3.10513548895361e-04    -4.99805962421431e-05    3.5872714E+05    1035.98    1035.98    0.2969076788033622    0.00000e+00    0.00000e+00    6.00718363E+10
    1.26956214569293e-04    -3.21937475462733e-04    -5.49834661877014e-05    3.2139151E+05    982.38    982.38    0.2980661715702191    0.00000e+00    0.00000e+00    6.01220636E+10
    1.32735150014887e-04    -3.33182374882082e-04    -5.99493933307591e-05    2.8901904E+05    934.31    934.31    0.2987836631090228    0.00000e+00    0.00000e+00    6.01722909E+10
    1.38440587706425e-04    -3.44228597654911e-04    -6.48414203244053e-05    2.6075356E+05    890.93    890.93    0.2974578605534344    0.00000e+00    0.00000e+00    6.02225182E+10
    1.44051462489463e-04    -3.55054569572413e-04    -6.96311758720215e-05    2.3568846E+05    851.11    851.11    0.2992675159795981    0.00000e+00    0.00000e+00    6.02727455E+10
    1.49550093209050e-04    -3.65645023851769e-04    -7.43000431282530e-05    2.1312116E+05    813.74    813.74    0.2979578551267829    0.00000e+00    0.00000e+00    6.03229728E+10
    1.54927219923878e-04    -3.75998738762502e-04    -7.88423546211676e-05    1.9266026E+05    778.36    778.36    0.2912332386555472    0.00000e+00    0.00000e+00    6.03732001E+10
    1.60180675516791e-04    -3.86129085465937e-04    -8.32610580179466e-05    1.7416692E+05    745.18    745.18    0.2891313596994860    0.00000e+00    0.00000e+00    6.04234273E+10
    1.65311681718267e-04    -3.96058709609119e-04    -8.75590234155820e-05    1.5761258E+05    714.44    714.44    0.2845507959133198    0.00000e+00    0.00000e+00    6.04736546E+10
    1.70326027203657e-04    -4.05816074603267e-04    -9.17380785616517e-05    1.4297197E+05    686.30    686.30    0.2820198727920157    0.00000e+00    0.00000e+00    6.05238819E+10
    1.75234193644747e-04    -4.15432043687318e-04    -9.58006572208349e-05    1.3015127E+05    660.82    660.82    0.2741640738464889    0.00000e+00    0.00000e+00    6.05741092E+10
    1.80050235790153e-04    -4.24935967481529e-04    -9.97501530888992e-05    1.1898195E+05    637.87    637.87    0.2703500676592280    0.00000e+00    0.00000e+00    6.06243365E+10
    1.84790065224889e-04    -4.34353065993590e-04    -1.03590638600766e-04    1.0926070E+05    617.17    617.17    0.2662323531512550    0.00000e+00    0.00000e+00    6.06745638E+10
    1.89469976536776e-04    -4.43703575346550e-04    -1.07326501320250e-04    1.0078756E+05    598.50    598.50    0.2595743987116746    0.00000e+00    0.00000e+00    6.07247911E+10
    1.94106191591585e-04    -4.53003494391886e-04    -1.10962385762415e-04    9.3390355E+04    581.61    581.61    0.2520460562233285    0.00000e+00    0.00000e+00    6.07750184E+10
    1.98714335934257e-04    -4.62265753110474e-04    -1.14503571548248e-04    8.6932368E+04    566.35    566.35    0.2505089286916691    0.00000e+00    0.00000e+00    6.08252456E+10
    2.03308818227396e-04    -4.71501686446178e-04    -1.17956569725489e-04    8.1321555E+04    552.82    552.82    0.2474618021733388    0.00000e+00    0.00000e+00    6.08754729E+10
    2.07902393918951e-04    -4.80722197858685e-04    -1.21329694848766e-04    7.6505635E+04    541.23    541.23    0.2434937122657805    0.00000e+00    0.00000e+00    6.09257002E+10
    2.12506213723588e-04    -4.89938695013913e-04    -1.24634112177156e-04    7.2459647E+04    532.00    532.00    0.2390950800392017    0.00000e+00    0.00000e+00    6.09759275E+10
    2.17130468424884e-04    -4.99163729738065e-04    -1.27884744275764e-04    6.9171741E+04    525.49    525.49    0.2365838733372960    0.00000e+00    0.00000e+00    6.10261548E+10
    2.21785213058585e-04    -5.08411696149334e-04    -1.31101085502708e-04    6.6629753E+04    522.17    522.17    0.2332449754879306    0.00000e+00    0.00000e+00    6.10763821E+10
    2.26480400849564e-04    -5.17699174875613e-04    -1.34306891728360e-04    6.4788927E+04    522.03    522.03    0.2296802375376871    0.00000e+00    0.00000e+00    6.11266094E+10
    2.31225199624531e-04    -5.27044782762257e-04    -1.37528381676597e-04    6.3562621E+04    524.54    524.54    0.2261908835114290    0.00000e+00    0.00000e+00    6.11768367E+10
    2.36027676683139e-04    -5.36467427542830e-04    -1.40790023893903e-04    6.2824627E+04    528.80    528.80    0.2245505567007704    0.00000e+00    0.00000e+00    6.12270640E+10
    2.40894110362560e-04    -5.45984514028482e-04    -1.44112219339980e-04    6.2434169E+04    533.84    533.84    0.2221598991977476    0.00000e+00    0.00000e+00    6.12772912E+10
    2.45827870117876e-04    -5.55609859409127e-04    -1.47509788769059e-04    6.2240482E+04    538.65    538.65    0.2168171824612963    0.00000e+00    0.00000e+00    6.13275185E+10
    2.50829751043525e-04    -5.65352238812391e-04    -1.50991119457823e-04    6.2100596E+04    542.38    542.38    0.2126866142099858    0.00000e+00    0.00000e+00    6.13777458E+10
    2.55898628371766e-04    -5.75215094415411e-04    -1.54558383371564e-04    6.1898446E+04    544.52    544.52    0.2102860921166345    0.00000e+00    0.00000e+00    6.14279731E+10
    2.61031122951242e-04    -5.85197456590824e-04    -1.58208288625386e-04    6.1550261E+04    544.83    544.83    0.2078946941184077    0.00000e+00    0.00000e+00    6.14782004E+10
    2.66221785476178e-04    -5.95294234794980e-04    -1.61933422418107e-04    6.1004610E+04    543.36    543.36    0.2043556362202912    0.00000e+00    0.00000e+00    6.15284277E+10
    2.71464386090772e-04    -6.05497138713930e-04    -1.65724587834194e-04    6.0237142E+04    540.26    540.26    0.2016809171255122    0.00000e+00    0.00000e+00    6.15786550E+10
    2.76753092486439e-04    -6.15797102331838e-04    -1.69571729837903e-04    5.9244543E+04    535.73    535.73    0.1992710848917635    0.00000e+00    0.00000e+00    6.16288823E+10
    2.82082469901814e-04    -6.26185059632868e-04    -1.73465297599714e-04    5.8038445E+04    530.01    530.01    0.1961615896547667    0.00000e+00    0.00000e+00    6.16791095E+10
    2.87447573237350e-04    -6.36651508268869e-04    -1.77395357287303e-04    5.6640368E+04    523.34    523.34    0.1926939285571441    0.00000e+00    0.00000e+00    6.17293368E+10
    2.92844116740106e-04    -6.47187042854429e-04    -1.81352324134193e-04    5.5078228E+04    515.91    515.91    0.1891263647636693    0.00000e+00    0.00000e+00    6.17795641E+10
    2.98268377041011e-04    -6.57781918634556e-04    -1.85327078795043e-04    5.3383798E+04    507.93    507.93    0.1871339243108049    0.00000e+00    0.00000e+00    6.18297914E+10
    3.03717207699275e-04    -6.68426778705206e-04    -1.89310666761163e-04    5.1589132E+04    499.50    499.50    0.1838660165571085    0.00000e+00    0.00000e+00    6.18800187E+10
    3.09188383420101e-04    -6.79113381233799e-04    -1.93294952858984e-04    4.9724436E+04    490.76    490.76    0.1804567030556409    0.00000e+00    0.00000e+00    6.19302460E+10
    3.14680614599097e-04    -6.89834211608278e-04    -1.97273430888905e-04    4.7817137E+04    481.78    481.78    0.1776124193230286    0.00000e+00    0.00000e+00    6.19804733E+10
    3.20192926760765e-04    -7.00582579399845e-04    -2.01241320588031e-04    4.5894576E+04    472.67    472.67    0.1758577384467309    0.00000e+00    0.00000e+00    6.20307006E+10
    3.25724258163144e-04    -7.11351939623803e-04    -2.05195213716183e-04    4.3983099E+04    463.54    463.54    0.1743009975950600    0.00000e+00    0.00000e+00    6.20809278E+10
    3.31273246479788e-04    -7.22136135146404e-04    -2.09132642571724e-04    4.2106708E+04    454.48    454.48    0.1682257132815065    0.00000e+00    0.00000e+00    6.21311551E+10
    3.36838156077719e-04    -7.32928863389792e-04    -2.13051619418563e-04    4.0284867E+04    445.57    445.57    0.1666274409308028    0.00000e+00    0.00000e+00    6.21813824E+10
    3.42416873169289e-04    -7.43723967220217e-04    -2.16950684967518e-04    3.8530913E+04    436.87    436.87    0.1656706794350318    0.00000e+00    0.00000e+00    6.22316097E+10
    3.48007027015596e-04    -7.54515337985298e-04    -2.20828665969482e-04    3.6853028E+04    428.45    428.45    0.1645230807170405    0.00000e+00    0.00000e+00    6.22818370E+10
    3.53606135370594e-04    -7.65296818551285e-04    -2.24684432808578e-04    3.5255386E+04    420.30    420.30    0.1625810212819465    0.00000e+00    0.00000e+00    6.23320643E+10
    3.59211812950970e-04    -7.76062979004948e-04    -2.28517185542231e-04    3.3739223E+04    412.43    412.43    0.1594747645338761    0.00000e+00    0.00000e+00    6.23822916E+10
    3.64821902335844e-04    -7.86808922728109e-04    -2.32326478141855e-04    3.2303801E+04    404.86    404.86    0.1571266709710745    0.00000e+00    0.00000e+00    6.24325189E+10
    3.70434512751860e-04    -7.97530819692687e-04    -2.36112097289431e-04    3.0946976E+04    397.57    397.57    0.1559957108759640    0.00000e+00    0.00000e+00    6.24827461E+10
    3.76047772818209e-04    -8.08225712535227e-04    -2.39873887844580e-04    2.9665654E+04    390.54    390.54    0.1538673479029847    0.00000e+00    0.00000e+00    6.25329734E+10
    3.81659738432029e-04    -8.18891565038269e-04    -2.43611704363198e-04    2.8456271E+04    383.76    383.76    0.1508410427785052    0.00000e+00    0.00000e+00    6.25832007E+10
    3.87268489731144e-04    -8.29527068204873e-04    -2.47325575934107e-04    2.7315133E+04    377.21    377.21    0.1489237349502884    0.00000e+00    0.00000e+00    6.26334280E+10
    3.92872198967975e-04    -8.40131688739991e-04    -2.51015638305136e-04    2.6238938E+04    370.92    370.92    0.1447247343173248    0.00000e+00    0.00000e+00    6.26836553E+10
    3.98469135357681e-04    -8.50705135755413e-04    -2.54682070857347e-04    2.5224673E+04    364.88    364.88    0.1422334779161292    0.00000e+00    0.00000e+00    6.27338826E+10
    4.04057762040892e-04    -8.61247651657980e-04    -2.58325038427393e-04    2.4269379E+04    359.09    359.09    0.1412324613948930    0.00000e+00    0.00000e+00    6.27841099E+10
    4.09636740931850e-04    -8.71759818224110e-04    -2.61944764029567e-04    2.3370350E+04    353.54    353.54    0.1407558740169479    0.00000e+00    0.00000e+00    6.28343372E+10
    4.15205010288592e-04    -8.82242508118429e-04    -2.65541514311393e-04    2.2524973E+04    348.23    348.23    0.1392293987898356    0.00000e+00    0.00000e+00    6.28845645E+10
    4.20761736231586e-04    -8.92696884893770e-04    -2.69115638338721e-04    2.1730701E+04    343.17    343.17    0.1366270845510873    0.00000e+00    0.00000e+00    6.29347917E+10
    4.26306322440006e-04    -9.03124499953915e-04    -2.72667460936719e-04    2.0985102E+04    338.36    338.36    0.1350475941559637    0.00000e+00    0.00000e+00    6.29850190E+10
    4.31838478025642e-04    -9.13527437997691e-04    -2.76197476615340e-04    2.0285927E+04    333.79    333.79    0.1353497790034388    0.00000e+00    0.00000e+00    6.30352463E+10
    4.37358193292221e-04    -9.23908171574872e-04    -2.79706427139517e-04    1.9631148E+04    329.47    329.47    0.1343772808692455    0.00000e+00    0.00000e+00    6.30854736E+10
    4.42865633076394e-04    -9.34269609567545e-04    -2.83195301529159e-04    1.9018815E+04    325.38    325.38    0.1325461539867190    0.00000e+00    0.00000e+00    6.31357009E+10
    4.48361097962643e-04    -9.44614951746005e-04    -2.86665306970332e-04    1.8447028E+04    321.54    321.54    0.1294280237921681    0.00000e+00    0.00000e+00    6.31859282E+10
    4.53845009738872e-04    -9.54947591806020e-04    -2.90117893055943e-04    1.7913968E+04    317.93    317.93    0.1265385725074379    0.00000e+00    0.00000e+00    6.32361555E+10
    4.59317979270318e-04    -9.65271262812935e-04    -2.93554848748476e-04    1.7417729E+04    314.55    314.55    0.1254501026139847    0.00000e+00    0.00000e+00    6.32863828E+10
    4.64780762866324e-04    -9.75589891757566e-04    -2.96978176328432e-04    1.6956281E+04    311.39    311.39    0.1237726724606365    0.00000e+00    0.00000e+00    6.33366100E+10
    4.70234276824747e-04    -9.85907260186626e-04    -3.00390042912967e-04    1.6527444E+04    308.44    308.44    0.1222018698725320    0.00000e+00    0.00000e+00    6.33868373E+10
    4.75679602280097e-04    -9.96227198128196e-04    -3.03792731974518e-04    1.6128888E+04    305.69    305.69    0.1223615555492365    0.00000e+00    0.00000e+00    6.34370646E+10
    4.81118023988627e-04    -1.00655343864762e-03    -3.07188633644534e-04    1.5758163E+04    303.13    303.13    0.1229729480583278    0.00000e+00    0.00000e+00    6.34872919E+10
    4.86551010935792e-04    -1.01688961784751e-03    -3.10580225320924e-04    1.5412757E+04    300.73    300.73    0.1209641502962392    0.00000e+00    0.00000e+00    6.35375192E+10
    4.91980196943697e-04    -1.02723932334910e-03    -3.13970061971790e-04    1.5090137E+04    298.48    298.48    0.1186668071318559    0.00000e+00    0.00000e+00    6.35877465E+10
    4.97407152808669e-04    -1.03760590036679e-03    -3.17360654931997e-04    1.4787801E+04    296.36    296.36    0.1188183351534175    0.00000e+00    0.00000e+00    6.36379738E+10
    5.02833526897224e-04    -1.04799264563362e-03    -3.20754447662500e-04    1.4503349E+04    294.34    294.34    0.1174913157450290    0.00000e+00    0.00000e+00    6.36882011E+10
    5.08260773650405e-04    -1.05840251651303e-03    -3.24153728483873e-04    1.4234485E+04    292.41    292.41    0.1160684699358415    0.00000e+00    0.00000e+00    6.37384283E+10
    5.13690299027887e-04    -1.06883798555481e-03    -3.27560596639356e-04    1.3979017E+04    290.54    290.54    0.1128514317104712    0.00000e+00    0.00000e+00    6.37886556E+10
    5.19123363545240e-04    -1.07930128290189e-03    -3.30976879876525e-04    1.3734905E+04    288.71    288.71    0.1128691776279272    0.00000e+00    0.00000e+00    6.38388829E+10
    5.24561130755301e-04    -1.08979405692077e-03    -3.34404163536119e-04    1.3500289E+04    286.91    286.91    0.1126883030665220    0.00000e+00    0.00000e+00    6.38891102E+10
    5.30004570285431e-04    -1.10031751964567e-03    -3.37843746918803e-04    1.3273519E+04    285.12    285.12    0.1097493504985369    0.00000e+00    0.00000e+00    6.39393375E+10
    5.35454748725728e-04    -1.11087249525984e-03    -3.41296691766538e-04    1.3053174E+04    283.34    283.34    0.1095686327353469    0.00000e+00    0.00000e+00    6.39895648E+10
    5.40912441778083e-04    -1.12145946857697e-03    -3.44763846503267e-04    1.2838062E+04    281.54    281.54    0.1089380593951439    0.00000e+00    0.00000e+00    6.40397921E+10
    5.46378570588488e-04    -1.13207858504115e-03    -3.48245880171869e-04    1.2627203E+04    279.73    279.73    0.1082450174297478    0.00000e+00    0.00000e+00    6.40900194E+10
    5.51853910858835e-04    -1.14272984465239e-03    -3.51743321219256e-04    1.2419850E+04    277.90    277.90    0.1073740094636593    0.00000e+00    0.00000e+00    6.41402466E+10
    5.57338995884172e-04    -1.15341305348522e-03    -3.55256605977742e-04    1.2215459E+04    276.05    276.05    0.1059596505276035    0.00000e+00    0.00000e+00    6.41904739E+10
    5.62834455922285e-04    -1.16412777520731e-03    -3.58786044728083e-04    1.2013658E+04    274.17    274.17    0.1040634763546025    0.00000e+00    0.00000e+00    6.42407012E+10
    5.68340581861382e-04    -1.17487328259816e-03    -3.62331831395750e-04    1.1814239E+04    272.27    272.27    0.1030510121716630    0.00000e+00    0.00000e+00    6.42909285E+10
    5.73857616108304e-04    -1.18564865451177e-03    -3.65894058095344e-04    1.1617124E+04    270.36    270.36    0.1027168701135795    0.00000e+00    0.00000e+00    6.43411558E+10
    5.79385607144420e-04    -1.19645277587666e-03    -3.69472666649223e-04    1.1422344E+04    268.42    268.42    0.1018146244292140    0.00000e+00    0.00000e+00    6.43913831E+10
    5.84924409525624e-04    -1.20728399832633e-03    -3.73067448587503e-04    1.1230012E+04    266.48    266.48    0.1011365542727393    0.00000e+00    0.00000e+00    6.44416104E+10
    5.90473635400972e-04    -1.21814072197562e-03    -3.76678122718251e-04    1.1040290E+04    264.53    264.53    0.1005310421643787    0.00000e+00    0.00000e+00    6.44918377E+10
    5.96033042363623e-04    -1.22902120149529e-03    -3.80304403001393e-04    1.0853370E+04    262.58    262.58    0.0986740364839565    0.00000e+00    0.00000e+00    6.45420650E+10
    6.01602194081264e-04    -1.23992374003745e-03    -3.83945950067353e-04    1.0669456E+04    260.64    260.64    0.0976115731884139    0.00000e+00    0.00000e+00    6.45922922E+10
    6.07180799665687e-04    -1.25084664075422e-03    -3.87602419698418e-04    1.0488746E+04    258.70    258.70    0.0969616279782514    0.00000e+00    0.00000e+00    6.46425195E+10
    6.12768519747315e-04    -1.26178820679771e-03    -3.91273453132464e-04    1.0311416E+04    256.78    256.78    0.0966566213188353    0.00000e+00    0.00000e+00    6.46927468E+10
    6.18364869512467e-04    -1.27274669283867e-03    -3.94958643125998e-04    1.0137631E+04    254.87    254.87    0.0952589019978214    0.00000e+00    0.00000e+00    6.47429741E+10
    6.23969412628829e-04    -1.28372040202921e-03    -3.98657509713476e-04    9.9675361E+03    252.98    252.98    0.0927108852489899    0.00000e+00    0.00000e+00    6.47932014E+10
    6.29581567319985e-04    -1.29470754055872e-03    -4.02369514751712e-04    9.8012470E+03    251.12    251.12    0.0920116487926396    0.00000e+00    0.00000e+00    6.48434287E+10
    6.35200703328149e-04    -1.30570641157932e-03    -4.06094052223604e-04    9.6388506E+03    249.28    249.28    0.0911277910653395    0.00000e+00    0.00000e+00    6.48936560E+10
    6.40826141914167e-04    -1.31671512431764e-03    -4.09830457934411e-04    9.4803980E+03    247.47    247.47    0.0912508528197399    0.00000e+00    0.00000e+00    6.49438833E+10
    6.46457252820255e-04    -1.32773193344444e-03    -4.13578019208019e-04    9.3259053E+03    245.69    245.69    0.0911605893591562    0.00000e+00    0.00000e+00    6.49941105E+10
    6.52093308825889e-04    -1.33875509363046e-03    -4.17335999127635e-04    9.1753554E+03    243.94    243.94    0.0901301308563915    0.00000e+00    0.00000e+00    6.50443378E+10
    6.57733728154654e-04    -1.34978285954645e-03    -4.21103631687641e-04    9.0287072E+03    242.22    242.22    0.0897536204495541    0.00000e+00    0.00000e+00    6.50945651E+10
    6.63377880548763e-04    -1.36081372827000e-03    -4.24880165426833e-04    8.8858947E+03    240.53    240.53    0.0887346309826209    0.00000e+00    0.00000e+00    6.51447924E+10
    6.69025184231799e-04    -1.37184614839733e-03    -4.28664868276552e-04    8.7468333E+03    238.86    238.86    0.0883343356530734    0.00000e+00    0.00000e+00    6.51950197E+10
    6.74675202871450e-04    -1.38287885941286e-03    -4.32457008168138e-04    8.6114098E+03    237.23    237.23    0.0871669081968680    0.00000e+00    0.00000e+00    6.52452470E+10
    6.80327354691297e-04    -1.39391069776378e-03    -4.36255886969892e-04    8.4795017E+03    235.63    235.63    0.0861129351391537    0.00000e+00    0.00000e+00    6.52954743E+10
    6.85981154877660e-04    -1.40494054837859e-03    -4.40060796853839e-04    8.3509722E+03    234.05    234.05    0.0841806599883149    0.00000e+00    0.00000e+00    6.53457016E+10
    6.91636118616858e-04    -1.41596749011133e-03    -4.43871049384552e-04    8.2256775E+03    232.49    232.49    0.0829296133359769    0.00000e+00    0.00000e+00    6.53959288E+10
    6.97291761095210e-04    -1.42699065029735e-03    -4.47685970671014e-04    8.1034644E+03    230.96    230.96    0.0818087609416133    0.00000e+00    0.00000e+00    6.54461561E+10
    7.02947597499033e-04    -1.43800915627203e-03    -4.51504896518482e-04    7.9841695E+03    229.44    229.44    0.0820583833713474    0.00000e+00    0.00000e+00    6.54963834E+10
    7.08603239977385e-04    -1.44902232929621e-03    -4.55327182124760e-04    7.8676221E+03    227.95    227.95    0.0817856344497605    0.00000e+00    0.00000e+00    6.55466107E+10
    7.14258252197951e-04    -1.46002953911213e-03    -4.59152236017157e-04    7.7536632E+03    226.47    226.47    0.0812861726774516    0.00000e+00    0.00000e+00    6.55968380E+10
    7.19912440235259e-04    -1.47103015546197e-03    -4.62979500659940e-04    7.6421354E+03    225.00    225.00    0.0813005638971902    0.00000e+00    0.00000e+00    6.56470653E+10
    7.25565464719732e-04    -1.48202379049481e-03    -4.66808481543154e-04    7.5328923E+03    223.55    223.55    0.0811104016472387    0.00000e+00    0.00000e+00    6.56972926E+10
    7.31217131725899e-04    -1.49301015332244e-03    -4.70638732638213e-04    7.4257988E+03    222.11    222.11    0.0801891800416891    0.00000e+00    0.00000e+00    6.57475199E+10
    7.36867344291022e-04    -1.50398890457527e-03    -4.74469866094171e-04    7.3207306E+03    220.68    220.68    0.0790564936481346    0.00000e+00    0.00000e+00    6.57977472E+10
    7.42515908489629e-04    -1.51495994729057e-03    -4.78301552237726e-04    7.2175766E+03    219.26    219.26    0.0785417363002483    0.00000e+00    0.00000e+00    6.58479744E+10
    7.48162678877616e-04    -1.52592323298697e-03    -4.82133475939985e-04    7.1162303E+03    217.86    217.86    0.0778427849246145    0.00000e+00    0.00000e+00    6.58982017E+10
    7.53807558492247e-04    -1.53687871318311e-03    -4.85965356009012e-04    7.0166019E+03    216.46    216.46    0.0762391400347635    0.00000e+00    0.00000e+00    6.59484290E+10
    7.59450401889417e-04    -1.54782633939761e-03    -4.89796983974925e-04    6.9186045E+03    215.07    215.07    0.0746392929635243    0.00000e+00    0.00000e+00    6.59986563E+10
    7.65091063625022e-04    -1.55876616011184e-03    -4.93628078645788e-04    6.8221650E+03    213.69    213.69    0.0747741420517659    0.00000e+00    0.00000e+00    6.60488836E+10
    7.70729543699062e-04    -1.56969817532582e-03    -4.97458446096131e-04    6.7272155E+03    212.32    212.32    0.0746342152036796    0.00000e+00    0.00000e+00    6.60991109E+10
    7.76365745148801e-04    -1.58062248200226e-03    -5.01287940881847e-04    6.6337000E+03    210.96    210.96    0.0742171566029414    0.00000e+00    0.00000e+00    6.61493382E+10
    7.81999619492870e-04    -1.59153917710390e-03    -5.05116369077464e-04    6.5415682E+03    209.61    209.61    0.0745477102288759    0.00000e+00    0.00000e+00    6.61995655E+10
    7.87631166731271e-04    -1.60244840607486e-03    -5.08943633720247e-04    6.4507760E+03    208.27    208.27    0.0752904582273919    0.00000e+00    0.00000e+00    6.62497927E+10
    7.93260435345370e-04    -1.61335036284060e-03    -5.12769637847459e-04    6.3612828E+03    206.94    206.94    0.0740344254477755    0.00000e+00    0.00000e+00    6.63000200E+10
    7.98887328372431e-04    -1.62424519284523e-03    -5.16594429940469e-04    6.2730579E+03    205.61    205.61    0.0726420126936874    0.00000e+00    0.00000e+00    6.63502473E+10
    8.04511942775192e-04    -1.63513318697696e-03    -5.20417864555171e-04    6.1860715E+03    204.30    204.30    0.0719271105583426    0.00000e+00    0.00000e+00    6.64004746E+10
    8.10134084628178e-04    -1.64601453916126e-03    -5.24239990172934e-04    6.1003012E+03    203.00    203.00    0.0710696610693982    0.00000e+00    0.00000e+00    6.64507019E+10
    8.15753850894128e-04    -1.65688949180496e-03    -5.28060758312390e-04    6.0157254E+03    201.71    201.71    0.0703715944578438    0.00000e+00    0.00000e+00    6.65009292E+10
    8.21371144610303e-04    -1.66775823883355e-03    -5.31880120492171e-04    5.9323303E+03    200.42    200.42    0.0700602961968419    0.00000e+00    0.00000e+00    6.65511565E+10
    8.26985917295337e-04    -1.67862092569112e-03    -5.35698125193645e-04    5.8501070E+03    199.15    199.15    0.0697136940350500    0.00000e+00    0.00000e+00    6.66013838E+10
    8.32598168949229e-04    -1.68947784326589e-03    -5.39514772416812e-04    5.7690555E+03    197.89    197.89    0.0685856006971126    0.00000e+00    0.00000e+00    6.66516110E+10
    8.38207948053348e-04    -1.70032908852058e-03    -5.43329965198935e-04    5.6891797E+03    196.64    196.64    0.0701000225262049    0.00000e+00    0.00000e+00    6.67018383E+10
    8.43815206126325e-04    -1.71117495234342e-03    -5.47143752021383e-04    5.6104852E+03    195.40    195.40    0.0706985404888058    0.00000e+00    0.00000e+00    6.67520656E+10
    8.49420088612264e-04    -1.72201558017850e-03    -5.50956132884156e-04    5.5329766E+03    194.17    194.17    0.0697504287340505    0.00000e+00    0.00000e+00    6.68022929E+10
    8.55022643992534e-04    -1.73285126291404e-03    -5.54767156268622e-04    5.4566591E+03    192.95    192.95    0.0685854697482569    0.00000e+00    0.00000e+00    6.68525202E+10
    8.60622920748502e-04    -1.74368219447550e-03    -5.58576822174781e-04    5.3815341E+03    191.75    191.75    0.0676314777666066    0.00000e+00    0.00000e+00    6.69027475E+10
    8.66220967361538e-04    -1.75450876271383e-03    -5.62385227565369e-04    5.3076043E+03    190.55    190.55    0.0665590565306247    0.00000e+00    0.00000e+00    6.69529748E+10
    8.71816880794377e-04    -1.76533111307313e-03    -5.66192323959018e-04    5.2348728E+03    189.37    189.37    0.0655940057240305    0.00000e+00    0.00000e+00    6.70032021E+10
    8.77410661047018e-04    -1.77614948796025e-03    -5.69998208318464e-04    5.1633385E+03    188.21    188.21    0.0652657001476731    0.00000e+00    0.00000e+00    6.70534293E+10
    8.83002405082200e-04    -1.78696422674476e-03    -5.73802783680971e-04    5.0929992E+03    187.05    187.05    0.0648681910803967    0.00000e+00    0.00000e+00    6.71036566E+10
    8.88592112899920e-04    -1.79777542638940e-03    -5.77606050046539e-04    5.0238546E+03    185.91    185.91    0.0629559313282094    0.00000e+00    0.00000e+00    6.71538839E+10
    8.94179736018812e-04    -1.80858332930100e-03    -5.81407958933800e-04    4.9559023E+03    184.79    184.79    0.0645547485756982    0.00000e+00    0.00000e+00    6.72041112E+10
    8.99765419882979e-04    -1.81938817788642e-03    -5.85208413380018e-04    4.8891360E+03    183.67    183.67    0.0656535095371122    0.00000e+00    0.00000e+00    6.72543385E+10
    9.05349212973790e-04    -1.83019011758975e-03    -5.89007461866560e-04    4.8235489E+03    182.58    182.58    0.0655087870083624    0.00000e+00    0.00000e+00    6.73045658E+10
    9.10931212253981e-04    -1.84098934233646e-03    -5.92805007430691e-04    4.7591342E+03    181.49    181.49    0.0644964382505540    0.00000e+00    0.00000e+00    6.73547931E+10
    9.16511417723552e-04    -1.85178614301477e-03    -5.96601147035147e-04    4.6958801E+03    180.42    180.42    0.0634897354086263    0.00000e+00    0.00000e+00    6.74050204E+10
    9.22090023307975e-04    -1.86258076203152e-03    -6.00395783717191e-04    4.6337771E+03    179.36    179.36    0.0628485000503513    0.00000e+00    0.00000e+00    6.74552477E+10
    9.27667125969986e-04    -1.87337334483080e-03    -6.04188965958192e-04    4.5728127E+03    178.32    178.32    0.0622599715959702    0.00000e+00    0.00000e+00    6.75054749E+10
    9.33242677228219e-04    -1.88416418230083e-03    -6.07980742239518e-04    4.5129731E+03    177.29    177.29    0.0619392369800491    0.00000e+00    0.00000e+00    6.75557022E+10
    9.38816871008144e-04    -1.89495341988572e-03    -6.11771064079800e-04    4.4542446E+03    176.28    176.28    0.0617552049591713    0.00000e+00    0.00000e+00    6.76059295E+10
    9.44389707309762e-04    -1.90574125151093e-03    -6.15560028441776e-04    4.3966125E+03    175.28    175.28    0.0600706357773006    0.00000e+00    0.00000e+00    6.76561568E+10
    9.49961283095809e-04    -1.91652782262056e-03    -6.19347538362708e-04    4.3400611E+03    174.30    174.30    0.0598628501685872    0.00000e+00    0.00000e+00    6.77063841E+10
    9.55531695329021e-04    -1.92731332714010e-03    -6.23133690805333e-04    4.2845735E+03    173.32    173.32    0.0617974463224032    0.00000e+00    0.00000e+00    6.77566114E+10
    9.61100992490767e-04    -1.93809786203228e-03    -6.26918437288282e-04    4.2301333E+03    172.37    172.37    0.0615974948640481    0.00000e+00    0.00000e+00    6.78068387E+10
    9.66669271543782e-04    -1.94888157274120e-03    -6.30701826292925e-04    4.1767222E+03    171.42    171.42    0.0608985413839839    0.00000e+00    0.00000e+00    6.78570660E+10
    9.72236677932172e-04    -1.95966465319233e-03    -6.34483857819261e-04    4.1243237E+03    170.50    170.50    0.0601530357651627    0.00000e+00    0.00000e+00    6.79072932E+10
    9.77803308618671e-04    -1.97044720034842e-03    -6.38264531867289e-04    4.0729184E+03    169.58    169.58    0.0592875169617795    0.00000e+00    0.00000e+00    6.79575205E+10
    9.83369260566018e-04    -1.98122935965356e-03    -6.42043993881115e-04    4.0224895E+03    168.68    168.68    0.0584067562288311    0.00000e+00    0.00000e+00    6.80077478E+10
    9.88934630736946e-04    -1.99201127655186e-03    -6.45822146898001e-04    3.9730175E+03    167.79    167.79    0.0577891062257158    0.00000e+00    0.00000e+00    6.80579751E+10
    9.94499516094194e-04    -2.00279314496879e-03    -6.49599087880685e-04    3.9244856E+03    166.91    166.91    0.0580925020637702    0.00000e+00    0.00000e+00    6.81082024E+10
    1.00006391663776e-03    -2.01357501338572e-03    -6.53374816829166e-04    3.8768750E+03    166.05    166.05    0.0583467867972534    0.00000e+00    0.00000e+00    6.81584297E+10
    1.00562802629312e-03    -2.02435697876539e-03    -6.57149382224812e-04    3.8301683E+03    165.20    165.20    0.0562280013715937    0.00000e+00    0.00000e+00    6.82086570E+10
    1.01119179657890e-03    -2.03513908958916e-03    -6.60922687104888e-04    3.7843493E+03    164.36    164.36    0.0576731725283074    0.00000e+00    0.00000e+00    6.82588843E+10
    1.01675537293921e-03    -2.04592149130114e-03    -6.64694876913497e-04    3.7394033E+03    163.54    163.54    0.0573549752841489    0.00000e+00    0.00000e+00    6.83091115E+10
    1.02231875537404e-03    -2.05670418390133e-03    -6.68465903169271e-04    3.6953128E+03    162.72    162.72    0.0571150723630662    0.00000e+00    0.00000e+00    6.83593388E+10
    1.02788208932751e-03    -2.06748726435246e-03    -6.72235765872211e-04    3.6520621E+03    161.92    161.92    0.0565457772274728    0.00000e+00    0.00000e+00    6.84095661E+10
    1.03344542328098e-03    -2.07827073265454e-03    -6.76004513503684e-04    3.6096346E+03    161.13    161.13    0.0561797220921324    0.00000e+00    0.00000e+00    6.84597934E+10
    1.03900885419719e-03    -2.08905468577030e-03    -6.79772146063690e-04    3.5680140E+03    160.35    160.35    0.0554135719702785    0.00000e+00    0.00000e+00    6.85100207E+10
    1.04457243055749e-03    -2.09983922066248e-03    -6.83538760514967e-04    3.5271833E+03    159.58    159.58    0.0544126325378792    0.00000e+00    0.00000e+00    6.85602480E+10
    1.05013620084328e-03    -2.11062438581244e-03    -6.87304259894776e-04    3.4871280E+03    158.82    158.82    0.0542474908678795    0.00000e+00    0.00000e+00    6.86104753E+10
    1.05570021353590e-03    -2.12141018122019e-03    -6.91068741165856e-04    3.4478295E+03    158.08    158.08    0.0541188524885782    0.00000e+00    0.00000e+00    6.86607026E+10
    1.06126451711673e-03    -2.13219670384846e-03    -6.94832204328205e-04    3.4092742E+03    157.34    157.34    0.0543283060203148    0.00000e+00    0.00000e+00    6.87109298E+10
    1.06682916006713e-03    -2.14298390521588e-03    -6.98594649381823e-04    3.3714444E+03    156.61    156.61    0.0544801597778047    0.00000e+00    0.00000e+00    6.87611571E+10
    1.07239409390575e-03    -2.15377183380383e-03    -7.02356027845344e-04    3.3343248E+03    155.90    155.90    0.0544303369033451    0.00000e+00    0.00000e+00    6.88113844E+10
    1.07795941559531e-03    -2.16456044113093e-03    -7.06116388200134e-04    3.2978997E+03    155.19    155.19    0.0532629279235549    0.00000e+00    0.00000e+00    6.88616117E+10
    1.08352512513582e-03    -2.17534972719718e-03    -7.09875778927561e-04    3.2621538E+03    154.49    154.49    0.0530375092345384    0.00000e+00    0.00000e+00    6.89118390E+10
    1.08909122252727e-03    -2.18613974048395e-03    -7.13634103064890e-04    3.2270731E+03    153.80    153.80    0.0526574031690398    0.00000e+00    0.00000e+00    6.89620663E+10
    1.09465785321377e-03    -2.19693043250988e-03    -7.17391409093489e-04    3.1926419E+03    153.12    153.12    0.0524029753874373    0.00000e+00    0.00000e+00    6.90122936E+10
    1.10022496871395e-03    -2.20772185175633e-03    -7.21147745494726e-04    3.1588451E+03    152.45    152.45    0.0517298035461623    0.00000e+00    0.00000e+00    6.90625209E+10
    1.10579261750918e-03    -2.21851399822330e-03    -7.24903063787232e-04    3.1256690E+03    151.79    151.79    0.0511295900868992    0.00000e+00    0.00000e+00    6.91127482E+10
    1.11136079959946e-03    -2.22930682342942e-03    -7.28657363971008e-04    3.0931011E+03    151.14    151.14    0.0509766463570756    0.00000e+00    0.00000e+00    6.91629754E+10
    1.11692951498479e-03    -2.24010037585607e-03    -7.32410743008790e-04    3.0611253E+03    150.49    150.49    0.0508265902446536    0.00000e+00    0.00000e+00    6.92132027E+10
    1.12249876366516e-03    -2.25089465550324e-03    -7.36163055456474e-04    3.0297291E+03    149.86    149.86    0.0506518947907632    0.00000e+00    0.00000e+00    6.92634300E+10
    1.12806854564059e-03    -2.26168951692682e-03    -7.39914446758163e-04    2.9989013E+03    149.23    149.23    0.0509570089080259    0.00000e+00    0.00000e+00    6.93136573E+10
    1.13363886091107e-03    -2.27248505708956e-03    -7.43664771469754e-04    2.9686268E+03    148.61    148.61    0.0509890367315974    0.00000e+00    0.00000e+00    6.93638846E+10
    1.13920966099522e-03    -2.28328117902872e-03    -7.47414078072615e-04    2.9388942E+03    147.99    147.99    0.0506063378759457    0.00000e+00    0.00000e+00    6.94141119E+10
    1.14478099437443e-03    -2.29407783426292e-03    -7.51162366566745e-04    2.9096912E+03    147.39    147.39    0.0496846908454358    0.00000e+00    0.00000e+00    6.94643392E+10
    1.15035290953005e-03    -2.30487497431081e-03    -7.54909636952145e-04    2.8810042E+03    146.79    146.79    0.0492421319357387    0.00000e+00    0.00000e+00    6.95145665E+10
    1.15592530949936e-03    -2.31567264765374e-03    -7.58655889228815e-04    2.8528226E+03    146.19    146.19    0.0491142098450498    0.00000e+00    0.00000e+00    6.95647937E+10
    1.16149824276371e-03    -2.32647085429173e-03    -7.62401123396754e-04    2.8251334E+03    145.61    145.61    0.0485350170491253    0.00000e+00    0.00000e+00    6.96150210E+10
    1.16707170932312e-03    -2.33726949726203e-03    -7.66145290974594e-04    2.7979249E+03    145.03    145.03    0.0482320245334862    0.00000e+00    0.00000e+00    6.96652483E+10
    1.17264570917757e-03    -2.34806857656464e-03    -7.69888440443705e-04    2.7711866E+03    144.46    144.46    0.0481973270323253    0.00000e+00    0.00000e+00    6.97154756E+10
    1.17822019384570e-03    -2.35886814068093e-03    -7.73630571804085e-04    2.7449066E+03    143.89    143.89    0.0482522520211345    0.00000e+00    0.00000e+00    6.97657029E+10
    1.18379516332752e-03    -2.36966809264816e-03    -7.77371685055735e-04    2.7190742E+03    143.33    143.33    0.0478896503139152    0.00000e+00    0.00000e+00    6.98159302E+10
    1.18937056914164e-03    -2.38046848094771e-03    -7.81111731717286e-04    2.6936790E+03    142.78    142.78    0.0477958775118452    0.00000e+00    0.00000e+00    6.98661575E+10
    1.19494641128809e-03    -2.39126916013547e-03    -7.84850711788739e-04    2.6687099E+03    142.23    142.23    0.0479090972004612    0.00000e+00    0.00000e+00    6.99163848E+10
    1.20052264128547e-03    -2.40207013021144e-03    -7.88588625270094e-04    2.6441573E+03    141.69    141.69    0.0474700317212054    0.00000e+00    0.00000e+00    6.99666120E+10
    1.20609925913380e-03    -2.41287143965698e-03    -7.92325472161350e-04    2.6200115E+03    141.16    141.16    0.0471148309668963    0.00000e+00    0.00000e+00    7.00168393E+10
    1.21167626483308e-03    -2.42367294302800e-03    -7.96061252462508e-04    2.5962625E+03    140.63    140.63    0.0468193967562007    0.00000e+00    0.00000e+00    7.00670666E+10
    1.21725365838330e-03    -2.43447473728722e-03    -7.99795966173567e-04    2.5729006E+03    140.10    140.10    0.0465362446561562    0.00000e+00    0.00000e+00    7.01172939E+10
    1.22283143978446e-03    -2.44527672547192e-03    -8.03529564813159e-04    2.5499169E+03    139.58    139.58    0.0460558005336854    0.00000e+00    0.00000e+00    7.01675212E+10
    1.22840951207384e-03    -2.45607900454483e-03    -8.07262145344022e-04    2.5273032E+03    139.07    139.07    0.0457712332014816    0.00000e+00    0.00000e+00    7.02177485E+10
    1.23398792373279e-03    -2.46688142906184e-03    -8.10993659284786e-04    2.5050502E+03    138.56    138.56    0.0457509096313297    0.00000e+00    0.00000e+00    7.02679758E+10
    1.23956657779858e-03    -2.47768409598569e-03    -8.14724106635451e-04    2.4831494E+03    138.06    138.06    0.0456884543327369    0.00000e+00    0.00000e+00    7.03182031E+10
    1.24514552275258e-03    -2.48848695683501e-03    -8.18453487396018e-04    2.4615937E+03    137.56    137.56    0.0455764132827890    0.00000e+00    0.00000e+00    7.03684303E+10
    1.25072466163205e-03    -2.49929001160981e-03    -8.22181753085119e-04    2.4403740E+03    137.07    137.07    0.0453325695329308    0.00000e+00    0.00000e+00    7.04186576E+10
    1.25630404291836e-03    -2.51009316334734e-03    -8.25908952184121e-04    2.4194817E+03    136.58    136.58    0.0451575603146528    0.00000e+00    0.00000e+00    7.04688849E+10
    1.26188352116741e-03    -2.52089641204761e-03    -8.29635036211656e-04    2.3989102E+03    136.09    136.09    0.0447420096211991    0.00000e+00    0.00000e+00    7.05191122E+10
    1.26746319334193e-03    -2.53169975771061e-03    -8.33359956686357e-04    2.3786506E+03    135.61    135.61    0.0444334757927126    0.00000e+00    0.00000e+00    7.05693395E+10
    1.27304301096056e-03    -2.54250320033635e-03    -8.37083810570959e-04    2.3586961E+03    135.14    135.14    0.0442510191198702    0.00000e+00    0.00000e+00    7.06195668E+10
    1.27862287706055e-03    -2.55330673992483e-03    -8.40806549384095e-04    2.3390397E+03    134.66    134.66    0.0440784641324560    0.00000e+00    0.00000e+00    7.06697941E+10
    1.28420288860465e-03    -2.56411037647604e-03    -8.44528173125764e-04    2.3196736E+03    134.20    134.20    0.0437382563883951    0.00000e+00    0.00000e+00    7.07200214E+10
    1.28978294863012e-03    -2.57491406150862e-03    -8.48248681795967e-04    2.3005911E+03    133.73    133.73    0.0434578591517227    0.00000e+00    0.00000e+00    7.07702487E+10
    1.29536300865558e-03    -2.58571784350394e-03    -8.51968075394703e-04    2.2817848E+03    133.27    133.27    0.0432285967774153    0.00000e+00    0.00000e+00    7.08204759E+10
    1.30094311716242e-03    -2.59652172246199e-03    -8.55686402403341e-04    2.2632497E+03    132.82    132.82    0.0433956432561250    0.00000e+00    0.00000e+00    7.08707032E+10
    1.30652322566925e-03    -2.60732564990142e-03    -8.59403614340512e-04    2.2449775E+03    132.36    132.36    0.0432932428897318    0.00000e+00    0.00000e+00    7.09209305E+10
    1.31210323721335e-03    -2.61812962582221e-03    -8.63119759687585e-04    2.2269629E+03    131.92    131.92    0.0428747331475542    0.00000e+00    0.00000e+00    7.09711578E+10
    1.31768320027608e-03    -2.62893365022436e-03    -8.66834789963191e-04    2.2091994E+03    131.47    131.47    0.0424241727802327    0.00000e+00    0.00000e+00    7.10213851E+10
    1.32326301789471e-03    -2.63973767462652e-03    -8.70548705167330e-04    2.1916811E+03    131.03    131.03    0.0420560891372359    0.00000e+00    0.00000e+00    7.10716124E+10
    1.32884278703197e-03    -2.65054179599141e-03    -8.74261602262740e-04    2.1744026E+03    130.59    130.59    0.0420277086881464    0.00000e+00    0.00000e+00    7.11218397E+10
    1.33442241072512e-03    -2.66134586887494e-03    -8.77973384286682e-04    2.1573578E+03    130.16    130.16    0.0418564572466416    0.00000e+00    0.00000e+00    7.11720670E+10
    1.34000188897417e-03    -2.67215003872120e-03    -8.81684148201895e-04    2.1405413E+03    129.73    129.73    0.0417657112557644    0.00000e+00    0.00000e+00    7.12222942E+10
    1.34558117329775e-03    -2.68295420856747e-03    -8.85393894008377e-04    2.1239476E+03    129.30    129.30    0.0415508918517081    0.00000e+00    0.00000e+00    7.12725215E+10
    1.35116031217722e-03    -2.69375842689510e-03    -8.89102670187497e-04    2.1075709E+03    128.88    128.88    0.0411212178536184    0.00000e+00    0.00000e+00    7.13227488E+10
    1.35673925713122e-03    -2.70456274218546e-03    -8.92810428257886e-04    2.0914072E+03    128.46    128.46    0.0409702210812427    0.00000e+00    0.00000e+00    7.13729761E+10
    1.36231800815974e-03    -2.71536715443857e-03    -8.96517216700913e-04    2.0754515E+03    128.04    128.04    0.0412325624010246    0.00000e+00    0.00000e+00    7.14232034E+10
    1.36789646830006e-03    -2.72617156669167e-03    -9.00223083997947e-04    2.0596982E+03    127.63    127.63    0.0410965918340400    0.00000e+00    0.00000e+00    7.14734307E+10
    1.37347473451491e-03    -2.73697612438887e-03    -9.03928030148986e-04    2.0441434E+03    127.21    127.21    0.0407624265816524    0.00000e+00    0.00000e+00    7.15236580E+10
    1.37905270984155e-03    -2.74778073056745e-03    -9.07632055154031e-04    2.0287828E+03    126.81    126.81    0.0402987427094261    0.00000e+00    0.00000e+00    7.15738853E+10
    1.38463044276134e-03    -2.75858543370876e-03    -9.11335207494450e-04    2.0136114E+03    126.40    126.40    0.0399537108560488    0.00000e+00    0.00000e+00    7.16241125E+10
    1.39020783631156e-03    -2.76939018533144e-03    -9.15037487170242e-04    1.9986258E+03    126.00    126.00    0.0398482047635069    0.00000e+00    0.00000e+00    7.16743398E+10
    1.39578498745494e-03    -2.78019508239823e-03    -9.18738942662778e-04    1.9838208E+03    125.60    125.60    0.0396679523821691    0.00000e+00    0.00000e+00    7.17245671E+10
    1.40136184771012e-03    -2.79100012490911e-03    -9.22439622453423e-04    1.9691925E+03    125.20    125.20    0.0393149050694076    0.00000e+00    0.00000e+00    7.17747944E+10
    1.40693841707708e-03    -2.80180526438274e-03    -9.26139575023547e-04    1.9547371E+03    124.80    124.80    0.0392013995279124    0.00000e+00    0.00000e+00    7.18250217E+10
    1.41251469555583e-03    -2.81261059778183e-03    -9.29838751891780e-04    1.9404514E+03    124.41    124.41    0.0391018255047745    0.00000e+00    0.00000e+00    7.18752490E+10
    1.41809063466501e-03    -2.82341607662504e-03    -9.33537250020861e-04    1.9263312E+03    124.02    124.02    0.0394293679174955    0.00000e+00    0.00000e+00    7.19254763E+10
    1.42366628288598e-03    -2.83422174939371e-03    -9.37235069410788e-04    1.9123725E+03    123.63    123.63    0.0393317043228693    0.00000e+00    0.00000e+00    7.19757036E+10
    1.42924159173737e-03    -2.84502761608786e-03    -9.40932258542929e-04    1.8985718E+03    123.25    123.25    0.0390214029623405    0.00000e+00    0.00000e+00    7.20259308E+10
    1.43481651273782e-03    -2.85583362822611e-03    -9.44628817417285e-04    1.8849263E+03    122.86    122.86    0.0387976875114079    0.00000e+00    0.00000e+00    7.20761581E+10
    1.44039114285005e-03    -2.86663988277120e-03    -9.48324794515223e-04    1.8714327E+03    122.48    122.48    0.0384231899001785    0.00000e+00    0.00000e+00    7.21263854E+10
    1.44596538511135e-03    -2.87744633124176e-03    -9.52020238318113e-04    1.8580869E+03    122.11    122.11    0.0381339965173422    0.00000e+00    0.00000e+00    7.21766127E+10
    1.45153923952169e-03    -2.88825297363780e-03    -9.55715148825953e-04    1.8448855E+03    121.73    121.73    0.0378625795676351    0.00000e+00    0.00000e+00    7.22268400E+10
    1.45711280304383e-03    -2.89905980995930e-03    -9.59409574520112e-04    1.8318268E+03    121.36    121.36    0.0376512206333338    0.00000e+00    0.00000e+00    7.22770673E+10
    1.46268597871503e-03    -2.90986693716902e-03    -9.63103563881958e-04    1.8189061E+03    120.98    120.98    0.0373578319406070    0.00000e+00    0.00000e+00    7.23272946E+10
    1.46825886349802e-03    -2.92067430678558e-03    -9.66797165392859e-04    1.8061217E+03    120.61    120.61    0.0372828920527865    0.00000e+00    0.00000e+00    7.23775219E+10
    1.47383136043006e-03    -2.93148191880898e-03    -9.70490379052815e-04    1.7934701E+03    120.25    120.25    0.0372275430750065    0.00000e+00    0.00000e+00    7.24277492E+10
    1.47940346951115e-03    -2.94228982172058e-03    -9.74183301824563e-04    1.7809487E+03    119.88    119.88    0.0375435073200346    0.00000e+00    0.00000e+00    7.24779764E+10
    1.48497523922267e-03    -2.95309796703903e-03    -9.77875885226733e-04    1.7685543E+03    119.52    119.52    0.0379702418939485    0.00000e+00    0.00000e+00    7.25282037E+10
    1.49054666956461e-03    -2.96390640324569e-03    -9.81568226222064e-04    1.7562847E+03    119.15    119.15    0.0371652280369091    0.00000e+00    0.00000e+00    7.25784310E+10
    1.49611766357424e-03    -2.97471508185918e-03    -9.85260324810553e-04    1.7441369E+03    118.79    118.79    0.0369859386976589    0.00000e+00    0.00000e+00    7.26286583E+10
    1.50168831821430e-03    -2.98552400287952e-03    -9.88952229473571e-04    1.7321089E+03    118.44    118.44    0.0367059119451713    0.00000e+00    0.00000e+00    7.26788856E+10
    1.50725863348477e-03    -2.99633316630670e-03    -9.92643988692483e-04    1.7201983E+03    118.08    118.08    0.0367322809387865    0.00000e+00    0.00000e+00    7.27291129E+10
    1.51282851242294e-03    -3.00714262062209e-03    -9.96335602467292e-04    1.7084022E+03    117.73    117.73    0.0363861266958115    0.00000e+00    0.00000e+00    7.27793402E+10
    1.51839810047289e-03    -3.01795231734431e-03    -1.00002716776073e-03    1.6967188E+03    117.37    117.37    0.0359802651541690    0.00000e+00    0.00000e+00    7.28295675E+10
    1.52396730067190e-03    -3.02876225647338e-03    -1.00371863609144e-03    1.6851462E+03    117.02    117.02    0.0356520706431572    0.00000e+00    0.00000e+00    7.28797947E+10
    1.52953616150133e-03    -3.03957253497202e-03    -1.00741015290351e-03    1.6736813E+03    116.67    116.67    0.0355859953052399    0.00000e+00    0.00000e+00    7.29300220E+10
    1.53510463447982e-03    -3.05038305587751e-03    -1.01110166971558e-03    1.6623228E+03    116.33    116.33    0.0357095934964674    0.00000e+00    0.00000e+00    7.29802493E+10
    1.54067281657010e-03    -3.06119381918983e-03    -1.01479323500902e-03    1.6510687E+03    115.98    115.98    0.0358318724123345    0.00000e+00    0.00000e+00    7.30304766E+10
    1.54624056232807e-03    -3.07200492187174e-03    -1.01848489726520e-03    1.6399169E+03    115.64    115.64    0.0360197084837111    0.00000e+00    0.00000e+00    7.30807039E+10
    1.55180801719782e-03    -3.08281626696048e-03    -1.02217670496548e-03    1.6288661E+03    115.29    115.29    0.0359567263674695    0.00000e+00    0.00000e+00    7.31309312E+10
    1.55737508421664e-03    -3.09362785445606e-03    -1.02586865810986e-03    1.6179135E+03    114.95    114.95    0.0356128902358710    0.00000e+00    0.00000e+00    7.31811585E+10
    1.56294176338450e-03    -3.10443973283985e-03    -1.02956080517972e-03    1.6070584E+03    114.61    114.61    0.0354162366289447    0.00000e+00    0.00000e+00    7.32313858E+10
    1.56850815166416e-03    -3.11525185363049e-03    -1.03325314617505e-03    1.5962986E+03    114.27    114.27    0.0351859517268573    0.00000e+00    0.00000e+00    7.32816130E+10
    1.57407420057425e-03    -3.12606421682796e-03    -1.03694582653996e-03    1.5856329E+03    113.94    113.94    0.0349141170142518    0.00000e+00    0.00000e+00    7.33318403E+10
    1.57963991011475e-03    -3.13687687091364e-03    -1.04063874931171e-03    1.5750595E+03    113.60    113.60    0.0344989830415050    0.00000e+00    0.00000e+00    7.33820676E+10
    1.58520532876705e-03    -3.14768981588753e-03    -1.04433201145303e-03    1.5645770E+03    113.27    113.27    0.0341885365030370    0.00000e+00    0.00000e+00    7.34322949E+10
    1.59077040804977e-03    -3.15850295478689e-03    -1.04802561296393e-03    1.5541837E+03    112.93    112.93    0.0340175854159781    0.00000e+00    0.00000e+00    7.34825222E+10
    1.59633524492565e-03    -3.16931643305583e-03    -1.05171965080715e-03    1.5438781E+03    112.60    112.60    0.0341276213149459    0.00000e+00    0.00000e+00    7.35327495E+10
    1.60189969395058e-03    -3.18013015373161e-03    -1.05541412498267e-03    1.5336595E+03    112.27    112.27    0.0341810662516643    0.00000e+00    0.00000e+00    7.35829768E+10
    1.60746390056868e-03    -3.19094416529560e-03    -1.05910903549051e-03    1.5235261E+03    111.94    111.94    0.0342004489742109    0.00000e+00    0.00000e+00    7.36332041E+10
    1.61302781629856e-03    -3.20175837078506e-03    -1.06280443081204e-03    1.5134770E+03    111.62    111.62    0.0343032402747082    0.00000e+00    0.00000e+00    7.36834314E+10
    1.61859139265887e-03    -3.21257286716273e-03    -1.06650035942861e-03    1.5035102E+03    111.29    111.29    0.0340121960802708    0.00000e+00    0.00000e+00    7.37336586E+10
    1.62415472661234e-03    -3.22338760594724e-03    -1.07019677285886e-03    1.4936257E+03    110.97    110.97    0.0339488351313055    0.00000e+00    0.00000e+00    7.37838859E+10
    1.62971781815897e-03    -3.23420253865723e-03    -1.07389381654689e-03    1.4838215E+03    110.64    110.64    0.0337980089291773    0.00000e+00    0.00000e+00    7.38341132E+10
    1.63528061881739e-03    -3.24501776225542e-03    -1.07759139352998e-03    1.4740965E+03    110.32    110.32    0.0334916873582329    0.00000e+00    0.00000e+00    7.38843405E+10
    1.64084317706896e-03    -3.25583317977908e-03    -1.08128964925222e-03    1.4644502E+03    110.00    110.00    0.0331645225964233    0.00000e+00    0.00000e+00    7.39345678E+10
    1.64640549291370e-03    -3.26664883970959e-03    -1.08498853523225e-03    1.4548812E+03    109.68    109.68    0.0328416980727046    0.00000e+00    0.00000e+00    7.39847951E+10
    1.65196761483297e-03    -3.27746469356556e-03    -1.08868809995142e-03    1.4453883E+03    109.36    109.36    0.0325952646406670    0.00000e+00    0.00000e+00    7.40350224E+10
    1.65752949434539e-03    -3.28828083830975e-03    -1.09238834340976e-03    1.4359708E+03    109.05    109.05    0.0326421618456689    0.00000e+00    0.00000e+00    7.40852497E+10
    1.66309113145098e-03    -3.29909717697941e-03    -1.09608931408861e-03    1.4266280E+03    108.73    108.73    0.0326466266655409    0.00000e+00    0.00000e+00    7.41354769E+10
    1.66865257463109e-03    -3.30991370957454e-03    -1.09979106046935e-03    1.4173581E+03    108.42    108.42    0.0325782904916543    0.00000e+00    0.00000e+00    7.41857042E+10
    1.67421377540436e-03    -3.32073043609514e-03    -1.10349353407062e-03    1.4081613E+03    108.11    108.11    0.0326957767891966    0.00000e+00    0.00000e+00    7.42359315E+10
    1.67977483073353e-03    -3.33154735654122e-03    -1.10719678337377e-03    1.3990360E+03    107.79    107.79    0.0324947658089258    0.00000e+00    0.00000e+00    7.42861588E+10
    1.68533564365585e-03    -3.34236447091276e-03    -1.11090080837882e-03    1.3899819E+03    107.48    107.48    0.0325486027155949    0.00000e+00    0.00000e+00    7.43363861E+10
    1.69089631113408e-03    -3.35318173072842e-03    -1.11460570604849e-03    1.3809982E+03    107.18    107.18    0.0324512531207557    0.00000e+00    0.00000e+00    7.43866134E+10
    1.69645678468682e-03    -3.36399918446954e-03    -1.11831137942005e-03    1.3720837E+03    106.87    106.87    0.0322220241469046    0.00000e+00    0.00000e+00    7.44368407E+10
    1.70201711279547e-03    -3.37481678365477e-03    -1.12201797393761e-03    1.3632383E+03    106.56    106.56    0.0319305423240350    0.00000e+00    0.00000e+00    7.44870680E+10
    1.70757729546001e-03    -3.38563452828410e-03    -1.12572539263842e-03    1.3544609E+03    106.26    106.26    0.0316023837486007    0.00000e+00    0.00000e+00    7.45372952E+10
    1.71313733268045e-03    -3.39645246683891e-03    -1.12943373248523e-03    1.3457509E+03    105.95    105.95    0.0313263174606694    0.00000e+00    0.00000e+00    7.45875225E+10
    1.71869717597541e-03    -3.40727050235645e-03    -1.13314294499666e-03    1.3371081E+03    105.65    105.65    0.0312779028788264    0.00000e+00    0.00000e+00    7.46377498E+10
    1.72425697078901e-03    -3.41808868331810e-03    -1.13685312713545e-03    1.3285315E+03    105.35    105.35    0.0311791900928425    0.00000e+00    0.00000e+00    7.46879771E+10
    1.72981657167713e-03    -3.42890700972385e-03    -1.14056418193887e-03    1.3200212E+03    105.05    105.05    0.0309909967951948    0.00000e+00    0.00000e+00    7.47382044E+10
    1.73537607560252e-03    -3.43972543309233e-03    -1.14427625485103e-03    1.3115762E+03    104.75    104.75    0.0310787900947789    0.00000e+00    0.00000e+00    7.47884317E+10
    1.74093548256517e-03    -3.45054395342356e-03    -1.14798920042780e-03    1.3031961E+03    104.45    104.45    0.0311219136116622    0.00000e+00    0.00000e+00    7.48386590E+10
    1.74649474408372e-03    -3.46136257071752e-03    -1.15170316411331e-03    1.2948804E+03    104.16    104.16    0.0312500129313497    0.00000e+00    0.00000e+00    7.48888863E+10
    1.75205395712090e-03    -3.47218123649284e-03    -1.15541804894481e-03    1.2866284E+03    103.86    103.86    0.0312442238702108    0.00000e+00    0.00000e+00    7.49391135E+10
    1.75761307319534e-03    -3.48299995074954e-03    -1.15913395188505e-03    1.2784403E+03    103.57    103.57    0.0310775396140321    0.00000e+00    0.00000e+00    7.49893408E+10
    1.76317209230704e-03    -3.49381876196897e-03    -1.16285087293401e-03    1.2703147E+03    103.27    103.27    0.0308435721499670    0.00000e+00    0.00000e+00    7.50395681E+10
    1.76873106293738e-03    -3.50463767015114e-03    -1.16656876361033e-03    1.2622519E+03    102.98    102.98    0.0304931256372260    0.00000e+00    0.00000e+00    7.50897954E+10
    1.77428998508635e-03    -3.51545657833331e-03    -1.17028772087676e-03    1.2542511E+03    102.69    102.69    0.0302572298294925    0.00000e+00    0.00000e+00    7.51400227E+10
    1.77984885875395e-03    -3.52627558347821e-03    -1.17400764777054e-03    1.2463119E+03    102.40    102.40    0.0300721026614174    0.00000e+00    0.00000e+00    7.51902500E+10
    1.78540768394019e-03    -3.53709463710448e-03    -1.17772864125442e-03    1.2384336E+03    102.12    102.12    0.0298721247435758    0.00000e+00    0.00000e+00    7.52404773E+10
    1.79096646064505e-03    -3.54791369073076e-03    -1.18145065284704e-03    1.2306162E+03    101.83    101.83    0.0297098588895036    0.00000e+00    0.00000e+00    7.52907046E+10
    1.79652518886855e-03    -3.55873279283840e-03    -1.18517373102975e-03    1.2228588E+03    101.55    101.55    0.0295770724836239    0.00000e+00    0.00000e+00    7.53409319E+10
    1.80208391709205e-03    -3.56955189494604e-03    -1.18889782732119e-03    1.2151614E+03    101.26    101.26    0.0299982787665583    0.00000e+00    0.00000e+00    7.53911591E+10
    1.80764264531555e-03    -3.58037104553505e-03    -1.19262299020274e-03    1.2075229E+03    100.98    100.98    0.0301554778713316    0.00000e+00    0.00000e+00    7.54413864E+10
    1.81320132505768e-03    -3.59119014764269e-03    -1.19634917119301e-03    1.1999437E+03    100.70    100.70    0.0300584961384877    0.00000e+00    0.00000e+00    7.54916137E+10
    1.81876005328117e-03    -3.60200929823169e-03    -1.20007646725475e-03    1.1924227E+03    100.42    100.42    0.0299755311804436    0.00000e+00    0.00000e+00    7.55418410E+10
    1.82431878150467e-03    -3.61282840033933e-03    -1.20380478142521e-03    1.1849598E+03    100.14    100.14    0.0297755182309692    0.00000e+00    0.00000e+00    7.55920683E+10
    1.82987755820954e-03    -3.62364750244698e-03    -1.20753421066715e-03    1.1775545E+03    99.86    99.86    0.0293719931759146    0.00000e+00    0.00000e+00    7.56422956E+10
    1.83543633491440e-03    -3.63446660455462e-03    -1.21126465801781e-03    1.1702066E+03    99.59    99.59    0.0291549578068352    0.00000e+00    0.00000e+00    7.56925229E+10
    1.84099516010064e-03    -3.64528570666226e-03    -1.21499622043995e-03    1.1629153E+03    99.31    99.31    0.0289605848689179    0.00000e+00    0.00000e+00    7.57427502E+10
    1.84655398528687e-03    -3.65610476028853e-03    -1.21872880097081e-03    1.1556803E+03    99.04    99.04    0.0287590921936141    0.00000e+00    0.00000e+00    7.57929774E+10
    1.85211290743584e-03    -3.66692376543343e-03    -1.22246244809177e-03    1.1485016E+03    98.77    98.77    0.0285587550889737    0.00000e+00    0.00000e+00    7.58432047E+10
    1.85767182958481e-03    -3.67774272209697e-03    -1.22619721028420e-03    1.1413782E+03    98.50    98.50    0.0284069596439038    0.00000e+00    0.00000e+00    7.58934320E+10
    1.86323084869652e-03    -3.68856163027914e-03    -1.22993299058535e-03    1.1343104E+03    98.23    98.23    0.0289321626881795    0.00000e+00    0.00000e+00    7.59436593E+10
    1.86878991628959e-03    -3.69938048997994e-03    -1.23366983747661e-03    1.1272973E+03    97.96    97.96    0.0290804379678336    0.00000e+00    0.00000e+00    7.59938866E+10
    1.87434908084540e-03    -3.71019930119937e-03    -1.23740770247660e-03    1.1203385E+03    97.69    97.69    0.0289700943456806    0.00000e+00    0.00000e+00    7.60441139E+10
    1.87990829388258e-03    -3.72101801545606e-03    -1.24114663406668e-03    1.1134340E+03    97.43    97.43    0.0288544253892294    0.00000e+00    0.00000e+00    7.60943412E+10
    1.88546760388250e-03    -3.73183668123139e-03    -1.24488663224687e-03    1.1065832E+03    97.16    97.16    0.0286515412989200    0.00000e+00    0.00000e+00    7.61445685E+10
    1.89102696236378e-03    -3.74265529852535e-03    -1.24862764853578e-03    1.0997860E+03    96.90    96.90    0.0282475017232460    0.00000e+00    0.00000e+00    7.61947957E+10
    1.89658646628917e-03    -3.75347381885657e-03    -1.25236973141479e-03    1.0930417E+03    96.64    96.64    0.0280697826850731    0.00000e+00    0.00000e+00    7.62450230E+10
    1.90214606717729e-03    -3.76429224222506e-03    -1.25611283240253e-03    1.0863499E+03    96.37    96.37    0.0278431769712884    0.00000e+00    0.00000e+00    7.62952503E+10
    1.90770576502815e-03    -3.77511061711218e-03    -1.25985695149901e-03    1.0797107E+03    96.12    96.12    0.0276798058715925    0.00000e+00    0.00000e+00    7.63454776E+10
    1.91326555984175e-03    -3.78592889503656e-03    -1.26360213718558e-03    1.0731232E+03    95.86    95.86    0.0274805083248891    0.00000e+00    0.00000e+00    7.63957049E+10
    1.91882545161808e-03    -3.79674702751684e-03    -1.26734824401814e-03    1.0665874E+03    95.60    95.60    0.0273334572879811    0.00000e+00    0.00000e+00    7.64459322E+10
    1.92438548883851e-03    -3.80756511151575e-03    -1.27109541744081e-03    1.0601029E+03    95.34    95.34    0.0277994035055455    0.00000e+00    0.00000e+00    7.64961595E+10
    1.92994562302169e-03    -3.81838305007056e-03    -1.27484356049083e-03    1.0536694E+03    95.09    95.09    0.0279994576348095    0.00000e+00    0.00000e+00    7.65463868E+10
    1.93550590264896e-03    -3.82920089166263e-03    -1.27859267316822e-03    1.0472863E+03    94.84    94.84    0.0279313365120332    0.00000e+00    0.00000e+00    7.65966140E+10
    1.94106627923898e-03    -3.84001863629196e-03    -1.28234275547297e-03    1.0409533E+03    94.59    94.59    0.0277752931617528    0.00000e+00    0.00000e+00    7.66468413E+10
    1.94662684975446e-03    -3.85083628395856e-03    -1.28609380740508e-03    1.0346703E+03    94.33    94.33    0.0276537376458071    0.00000e+00    0.00000e+00    7.66970686E+10
    1.95218756571405e-03    -3.86165378618105e-03    -1.28984582896456e-03    1.0284369E+03    94.09    94.09    0.0271961281954070    0.00000e+00    0.00000e+00    7.67472959E+10
    1.95774837863638e-03    -3.87247119144080e-03    -1.29359877167003e-03    1.0222527E+03    93.84    93.84    0.0269848185972496    0.00000e+00    0.00000e+00    7.67975232E+10
    1.96330933700281e-03    -3.88328849973783e-03    -1.29735268400286e-03    1.0161173E+03    93.59    93.59    0.0267858900239157    0.00000e+00    0.00000e+00    7.68477505E+10
    1.96887048929471e-03    -3.89410566259074e-03    -1.30110751748168e-03    1.0100304E+03    93.35    93.35    0.0267084542505887    0.00000e+00    0.00000e+00    7.68979778E+10
    1.97443178703072e-03    -3.90492272848092e-03    -1.30486322362513e-03    1.0039916E+03    93.10    93.10    0.0265597692239906    0.00000e+00    0.00000e+00    7.69482051E+10
    1.97999323021083e-03    -3.91573964892700e-03    -1.30861980243321e-03    9.9800057E+02    92.86    92.86    0.0263796962819213    0.00000e+00    0.00000e+00    7.69984324E+10
    1.98555481883505e-03    -3.92655647241034e-03    -1.31237730238728e-03    9.9205693E+02    92.62    92.62    0.0266988301134609    0.00000e+00    0.00000e+00    7.70486596E+10
    1.99111655290337e-03    -3.93737315044957e-03    -1.31613567500598e-03    9.8616061E+02    92.38    92.38    0.0269799385012167    0.00000e+00    0.00000e+00    7.70988869E+10
    1.99667848089716e-03    -3.94818968304470e-03    -1.31989487180794e-03    9.8031114E+02    92.14    92.14    0.0268656704826236    0.00000e+00    0.00000e+00    7.71491142E+10
    2.00224060281643e-03    -3.95900607019573e-03    -1.32365494127452e-03    9.7450807E+02    91.90    91.90    0.0267179476437745    0.00000e+00    0.00000e+00    7.71993415E+10
    2.00780287017980e-03    -3.96982240886538e-03    -1.32741583492436e-03    9.6875114E+02    91.66    91.66    0.0265849445386735    0.00000e+00    0.00000e+00    7.72495688E+10
    2.01336533146864e-03    -3.98063855360957e-03    -1.33117755275745e-03    9.6304011E+02    91.43    91.43    0.0261943783024297    0.00000e+00    0.00000e+00    7.72997961E+10
    2.01892793820159e-03    -3.99145460139102e-03    -1.33494004629244e-03    9.5737475E+02    91.19    91.19    0.0259335045902460    0.00000e+00    0.00000e+00    7.73500234E+10
    2.02449078734137e-03    -4.00227055220973e-03    -1.33870336401068e-03    9.5175459E+02    90.96    90.96    0.0258259691473564    0.00000e+00    0.00000e+00    7.74002507E+10
    2.03005373344390e-03    -4.01308635758434e-03    -1.34246740894945e-03    9.4617959E+02    90.73    90.73    0.0257744219915591    0.00000e+00    0.00000e+00    7.74504779E+10
    2.03561692195326e-03    -4.02390201751485e-03    -1.34623222959011e-03    9.4064910E+02    90.50    90.50    0.0256704130641157    0.00000e+00    0.00000e+00    7.75007052E+10
    2.04118025590673e-03    -4.03471758048262e-03    -1.34999777745128e-03    9.3516308E+02    90.27    90.27    0.0254805174732136    0.00000e+00    0.00000e+00    7.75509325E+10
    2.04674383226704e-03    -4.04553299800628e-03    -1.35376400405162e-03    9.2972108E+02    90.04    90.04    0.0256348145176092    0.00000e+00    0.00000e+00    7.76011598E+10
    2.05230755407145e-03    -4.05634831856721e-03    -1.35753100635384e-03    9.2432307E+02    89.81    89.81    0.0260181310513481    0.00000e+00    0.00000e+00    7.76513871E+10
    2.05787146980134e-03    -4.06716354216540e-03    -1.36129863891384e-03    9.1896838E+02    89.59    89.59    0.0259570003860479    0.00000e+00    0.00000e+00    7.77016144E+10
    2.06343557945669e-03    -4.07797862031949e-03    -1.36506699869437e-03    9.1365719E+02    89.36    89.36    0.0258458628551260    0.00000e+00    0.00000e+00    7.77518417E+10
    2.06899993151889e-03    -4.08879355302947e-03    -1.36883598873269e-03    9.0838884E+02    89.14    89.14    0.0257380829023577    0.00000e+00    0.00000e+00    7.78020690E+10
    2.07456442902520e-03    -4.09960843725808e-03    -1.37260560902878e-03    9.0316311E+02    88.92    88.92    0.0253783135182347    0.00000e+00    0.00000e+00    7.78522962E+10
    2.08012912045697e-03    -4.11042317604259e-03    -1.37637585958267e-03    8.9797954E+02    88.70    88.70    0.0250984659719501    0.00000e+00    0.00000e+00    7.79025235E+10
    2.08569405429559e-03    -4.12123786634574e-03    -1.38014669191297e-03    8.9283829E+02    88.48    88.48    0.0249558308471910    0.00000e+00    0.00000e+00    7.79527508E+10
    2.09125918205967e-03    -4.13205241120477e-03    -1.38391810601969e-03    8.8773874E+02    88.26    88.26    0.0248617619054813    0.00000e+00    0.00000e+00    7.80029781E+10
    2.09682445526787e-03    -4.14286685910108e-03    -1.38769010190283e-03    8.8268064E+02    88.04    88.04    0.0247956537796629    0.00000e+00    0.00000e+00    7.80532054E+10
    2.10238997088290e-03    -4.15368121003464e-03    -1.39146267956238e-03    8.7766357E+02    87.82    87.82    0.0246134698493658    0.00000e+00    0.00000e+00    7.81034327E+10
    2.10795572890477e-03    -4.16449551248684e-03    -1.39523574203562e-03    8.7268747E+02    87.61    87.61    0.0246902167925248    0.00000e+00    0.00000e+00    7.81536600E+10
    2.11352163237075e-03    -4.17530966949493e-03    -1.39900933780390e-03    8.6775193E+02    87.39    87.39    0.0250873033519382    0.00000e+00    0.00000e+00    7.82038873E+10
    2.11908777824357e-03    -4.18612377802166e-03    -1.40278336990450e-03    8.6285652E+02    87.18    87.18    0.0251273904615115    0.00000e+00    0.00000e+00    7.82541145E+10
    2.12465411804186e-03    -4.19693778958565e-03    -1.40655793530014e-03    8.5800101E+02    86.97    86.97    0.0250593761881047    0.00000e+00    0.00000e+00    7.83043418E+10
    2.13022070024699e-03    -4.20775175266827e-03    -1.41033293702810e-03    8.5318517E+02    86.76    86.76    0.0247918557862179    0.00000e+00    0.00000e+00    7.83545691E+10
    2.13578747637760e-03    -4.21856561878815e-03    -1.41410842356974e-03    8.4840877E+02    86.55    86.55    0.0245836834376663    0.00000e+00    0.00000e+00    7.84047964E+10
    2.14135444643367e-03    -4.22937943642667e-03    -1.41788429796233e-03    8.4367122E+02    86.34    86.34    0.0243070679575299    0.00000e+00    0.00000e+00    7.84550237E+10
    2.14692165889659e-03    -4.24019320558381e-03    -1.42166056020586e-03    8.3897246E+02    86.13    86.13    0.0241459161043871    0.00000e+00    0.00000e+00    7.85052510E+10
    2.15248906528498e-03    -4.25100697474096e-03    -1.42543721030033e-03    8.3431210E+02    85.93    85.93    0.0240324511582224    0.00000e+00    0.00000e+00    7.85554783E+10
    2.15805671408021e-03    -4.26182064693538e-03    -1.42921419976439e-03    8.2968991E+02    85.72    85.72    0.0239224502089828    0.00000e+00    0.00000e+00    7.86057056E+10
    2.16362455680091e-03    -4.27263427064842e-03    -1.43299157707938e-03    8.2510549E+02    85.52    85.52    0.0237849926292533    0.00000e+00    0.00000e+00    7.86559329E+10
    2.16919264192846e-03    -4.28344784588009e-03    -1.43676924528259e-03    8.2055862E+02    85.32    85.32    0.0238858242837102    0.00000e+00    0.00000e+00    7.87061601E+10
    2.17476092098147e-03    -4.29426142111177e-03    -1.44054720437400e-03    8.1604891E+02    85.12    85.12    0.0242181915885762    0.00000e+00    0.00000e+00    7.87563874E+10
    2.18032944244133e-03    -4.30507499634345e-03    -1.44432550283499e-03    8.1157613E+02    84.92    84.92    0.0243663185443903    0.00000e+00    0.00000e+00    7.88066147E+10
    2.18589820630802e-03    -4.31588852309375e-03    -1.44810404370283e-03    8.0713974E+02    84.72    84.72    0.0243387726332600    0.00000e+00    0.00000e+00    7.88568420E+10
    2.19146716410019e-03    -4.32670209832543e-03    -1.45188282697750e-03    8.0273986E+02    84.52    84.52    0.0239720666876890    0.00000e+00    0.00000e+00    7.89070693E+10
    2.19703636429920e-03    -4.33751562507574e-03    -1.45566190114038e-03    7.9837593E+02    84.32    84.32    0.0238499292819228    0.00000e+00    0.00000e+00    7.89572966E+10
    2.20260580690505e-03    -4.34832920030741e-03    -1.45944112074736e-03    7.9404759E+02    84.13    84.13    0.0235509670440317    0.00000e+00    0.00000e+00    7.90075239E+10
    2.20817544343638e-03    -4.35914277553909e-03    -1.46322058276119e-03    7.8975462E+02    83.93    83.93    0.0233704885645749    0.00000e+00    0.00000e+00    7.90577512E+10
    2.21374532237454e-03    -4.36995639925213e-03    -1.46700019021912e-03    7.8549682E+02    83.74    83.74    0.0232739364021664    0.00000e+00    0.00000e+00    7.91079784E+10
    2.21931544371954e-03    -4.38077007144654e-03    -1.47077999160252e-03    7.8127382E+02    83.54    83.54    0.0231439680466771    0.00000e+00    0.00000e+00    7.91582057E+10
    2.22488575899002e-03    -4.39158374364096e-03    -1.47455988994866e-03    7.7708509E+02    83.35    83.35    0.0230284751580037    0.00000e+00    0.00000e+00    7.92084330E+10
    2.23045636514870e-03    -4.40239746431674e-03    -1.47833993373890e-03    7.7293060E+02    83.16    83.16    0.0231635746092379    0.00000e+00    0.00000e+00    7.92586603E+10
    2.23602716523286e-03    -4.41321128195525e-03    -1.48212007449188e-03    7.6880999E+02    82.97    82.97    0.0234412316328688    0.00000e+00    0.00000e+00    7.93088876E+10
    2.24159820772386e-03    -4.42402509959377e-03    -1.48590031220760e-03    7.6472291E+02    82.78    82.78    0.0236306759083774    0.00000e+00    0.00000e+00    7.93591149E+10
    2.24716954110306e-03    -4.43483906267639e-03    -1.48968059840468e-03    7.6066916E+02    82.60    82.60    0.0235776258712164    0.00000e+00    0.00000e+00    7.94093422E+10
    2.25274106840774e-03    -4.44565312272175e-03    -1.49346093308313e-03    7.5664839E+02    82.41    82.41    0.0231822817577375    0.00000e+00    0.00000e+00    7.94595695E+10
    2.25831283811926e-03    -4.45646723124847e-03    -1.49724131624295e-03    7.5266011E+02    82.23    82.23    0.0230577588288769    0.00000e+00    0.00000e+00    7.95097967E+10
    2.26388485023762e-03    -4.46728148521930e-03    -1.50102174788414e-03    7.4870429E+02    82.04    82.04    0.0228294665142310    0.00000e+00    0.00000e+00    7.95600240E+10
    2.26945715324419e-03    -4.47809583615287e-03    -1.50480213104396e-03    7.4478058E+02    81.86    81.86    0.0226531755255812    0.00000e+00    0.00000e+00    7.96102513E+10
    2.27502965017623e-03    -4.48891033253054e-03    -1.50858251420378e-03    7.4088866E+02    81.68    81.68    0.0225494060120274    0.00000e+00    0.00000e+00    7.96604786E+10
    2.28060238951511e-03    -4.49972492587094e-03    -1.51236284888223e-03    7.3702819E+02    81.49    81.49    0.0224308688831446    0.00000e+00    0.00000e+00    7.97107059E+10
    2.28617541974220e-03    -4.51053971313682e-03    -1.51614313507931e-03    7.3319899E+02    81.31    81.31    0.0223157644363153    0.00000e+00    0.00000e+00    7.97609332E+10
    2.29174869237614e-03    -4.52135459736544e-03    -1.51992337279503e-03    7.2940060E+02    81.13    81.13    0.0224730071289606    0.00000e+00    0.00000e+00    7.98111605E+10
    2.29732220741691e-03    -4.53216967551952e-03    -1.52370351354801e-03    7.2563285E+02    80.96    80.96    0.0226488353554388    0.00000e+00    0.00000e+00    7.98613878E+10
    2.30289596486452e-03    -4.54298494759908e-03    -1.52748355733825e-03    7.2189555E+02    80.78    80.78    0.0227775806208963    0.00000e+00    0.00000e+00    7.99116151E+10
    2.30847001320034e-03    -4.55380036512275e-03    -1.53126345568439e-03    7.1818826E+02    80.60    80.60    0.0228090106413578    0.00000e+00    0.00000e+00    7.99618423E+10
    2.31404430394300e-03    -4.56461602505325e-03    -1.53504325706779e-03    7.1451081E+02    80.43    80.43    0.0227226499183262    0.00000e+00    0.00000e+00    8.00120696E+10
    2.31961888557387e-03    -4.57543187890923e-03    -1.53882291300709e-03    7.1086289E+02    80.25    80.25    0.0223270173856350    0.00000e+00    0.00000e+00    8.00622969E+10
    2.32519370961158e-03    -4.58624792669068e-03    -1.54260237502092e-03    7.0724419E+02    80.08    80.08    0.0221248239059853    0.00000e+00    0.00000e+00    8.01125242E+10
    2.33076877605613e-03    -4.59706421687897e-03    -1.54638164310927e-03    7.0365442E+02    79.91    79.91    0.0219317125870831    0.00000e+00    0.00000e+00    8.01627515E+10
    2.33634413338889e-03    -4.60788074947410e-03    -1.55016071727215e-03    7.0009341E+02    79.73    79.73    0.0218725611592964    0.00000e+00    0.00000e+00    8.02129788E+10
    2.34191973312849e-03    -4.61869752447607e-03    -1.55393959750956e-03    6.9656074E+02    79.56    79.56    0.0217677951386758    0.00000e+00    0.00000e+00    8.02632061E+10
    2.34749562375630e-03    -4.62951454188488e-03    -1.55771823534013e-03    6.9305626E+02    79.39    79.39    0.0217550591930557    0.00000e+00    0.00000e+00    8.03134334E+10
    2.35307175679095e-03    -4.64033185018190e-03    -1.56149663076385e-03    6.8957981E+02    79.22    79.22    0.0218544021270274    0.00000e+00    0.00000e+00    8.03636606E+10
