    1.47853332591630e-05    2.24570370693823e-05    1.36149697619079e-05    1.5960405E+07    9210.05    9210.05    1.0372991568928958    0.00000e+00    0.00000e+00    6.47932014E+10
    7.09302292824177e-06    2.83974542558806e-05    9.46088785336578e-06    1.9072783E+07    9382.32    9382.32    1.0113554725667016    0.00000e+00    0.00000e+00    6.48434287E+10
    -7.60078962826975e-06    2.95430229270428e-05    4.58790909228763e-06    1.9472747E+07    9817.74    9817.74    1.0654416382783343    0.00000e+00    0.00000e+00    6.48936560E+10
    -2.23300221875095e-05    2.70446636122566e-05    2.38301651621152e-06    1.6187569E+07    9025.82    9025.82    0.9848112533626612    0.00000e+00    0.00000e+00    6.49438833E+10
    -3.86852088108576e-05    2.28137736418437e-05    3.12055207919922e-07    9.1280477E+06    6578.51    6578.51    0.7606888392470408    0.00000e+00    0.00000e+00    6.49941105E+10
    -5.82755159190867e-05    1.97648652437400e-05    -9.35584230345241e-07    4.3996113E+06    4148.20    4148.20    0.6370204849689067    0.00000e+00    0.00000e+00    6.50443378E+10
    -8.13796270212544e-05    1.72091655604480e-05    -1.60223014295563e-06    1.9557090E+06    2599.35    2599.35    0.5464732787352256    0.00000e+00    0.00000e+00    6.50945651E+10
    -1.04959771828767e-04    1.47846598529599e-05    -1.86285666949744e-06    1.3649080E+06    2289.29    2289.29    0.4825803167391245    0.00000e+00    0.00000e+00    6.51447924E+10
    -1.26373841831134e-04    1.13836846077713e-05    -1.81268107149648e-06    1.3999483E+06    2649.17    2649.17    0.4321659056414207    0.00000e+00    0.00000e+00    6.51950197E+10
    -1.46628038734678e-04    7.50245050600717e-06    -2.11824168140730e-06    1.4768675E+06    2873.59    2873.59    0.4081581195192787    0.00000e+00    0.00000e+00    6.52452470E+10
    -1.66488266344678e-04    4.15682362687149e-06    -2.77000298982436e-06    1.3828344E+06    2775.04    2775.04    0.3903207666256107    0.00000e+00    0.00000e+00    6.52954743E+10
    -1.85575448843876e-04    1.43134495589286e-06    -3.40443007596157e-06    1.2068199E+06    2543.39    2543.39    0.3808106598180057    0.00000e+00    0.00000e+00    6.53457016E+10
    -2.03704285595214e-04    -1.19979866901547e-06    -3.71034901166410e-06    1.0575527E+06    2292.14    2292.14    0.3649973923173216    0.00000e+00    0.00000e+00    6.53959288E+10
    -2.21068425727338e-04    -3.78332239124281e-06    -3.92415145718246e-06    9.4647756E+05    2059.14    2059.14    0.3571787460849714    0.00000e+00    0.00000e+00    6.54461561E+10
    -2.37993843415016e-04    -6.12043868738161e-06    -4.35417406556550e-06    8.6290838E+05    1855.55    1855.55    0.3436668813546390    0.00000e+00    0.00000e+00    6.54963834E+10
    -2.54570282518757e-04    -8.20625258761916e-06    -5.08515009944778e-06    8.0308628E+05    1686.39    1686.39    0.3335005323077174    0.00000e+00    0.00000e+00    6.55466107E+10
    -2.70687918195380e-04    -1.02040029915653e-05    -6.06390359440006e-06    7.6485547E+05    1548.71    1548.71    0.3253893385979241    0.00000e+00    0.00000e+00    6.55968380E+10
    -2.86217072481463e-04    -1.22704495548699e-05    -7.24987372886377e-06    7.2961603E+05    1423.25    1423.25    0.3237694973913782    0.00000e+00    0.00000e+00    6.56470653E+10
    -3.01200438069762e-04    -1.44152643104711e-05    -8.64856459256055e-06    6.7824142E+05    1303.63    1303.63    0.3210780204983100    0.00000e+00    0.00000e+00    6.56972926E+10
    -3.15814482292066e-04    -1.65368627933250e-05    -1.02191442076400e-05    6.1622308E+05    1199.60    1199.60    0.3201540388680481    0.00000e+00    0.00000e+00    6.57475199E+10
    -3.30203316015084e-04    -1.85448093137985e-05    -1.18784510289403e-05    5.5283762E+05    1110.24    1110.24    0.3163107242454902    0.00000e+00    0.00000e+00    6.57977472E+10
    -3.44446565037801e-04    -2.04018440012436e-05    -1.35586208373799e-05    4.9317827E+05    1031.78    1031.78    0.3136245598655784    0.00000e+00    0.00000e+00    6.58479744E+10
    -3.58589452780393e-04    -2.21175075040909e-05    -1.52088325540226e-05    4.4024007E+05    962.85    962.85    0.3137382844308661    0.00000e+00    0.00000e+00    6.58982017E+10
    -3.72647081189024e-04    -2.37297137066440e-05    -1.68023787628035e-05    3.9498797E+05    902.43    902.43    0.3130072106778852    0.00000e+00    0.00000e+00    6.59484290E+10
    -3.86617307387225e-04    -2.52893181096105e-05    -1.83417135905765e-05    3.5683391E+05    849.15    849.15    0.3146541074825319    0.00000e+00    0.00000e+00    6.59986563E+10
    -4.00495322023278e-04    -2.68446435470275e-05    -1.98534649439628e-05    3.2430064E+05    801.37    801.37    0.3157975266586847    0.00000e+00    0.00000e+00    6.60488836E+10
    -4.14278710725053e-04    -2.84302199037047e-05    -2.13735507293410e-05    2.9561103E+05    757.44    757.44    0.3083582246716995    0.00000e+00    0.00000e+00    6.60991109E+10
    -4.27969083073970e-04    -3.00630476561839e-05    -2.29344898243715e-05    2.6935892E+05    716.23    716.23    0.3045212166503162    0.00000e+00    0.00000e+00    6.61493382E+10
    -4.41568092284682e-04    -3.17468293265477e-05    -2.45596478244156e-05    2.4478042E+05    677.29    677.29    0.2957619900386301    0.00000e+00    0.00000e+00    6.61995655E+10
    -4.55078967216306e-04    -3.34764898851823e-05    -2.62616487929155e-05    2.2162803E+05    640.58    640.58    0.2893893172042619    0.00000e+00    0.00000e+00    6.62497927E+10
    -4.68507617747613e-04    -3.52422550034627e-05    -2.80439150296462e-05    1.9997702E+05    606.25    606.25    0.2847295216817167    0.00000e+00    0.00000e+00    6.63000200E+10
    -4.81860874903370e-04    -3.70326738670550e-05    -2.99022751976954e-05    1.8003395E+05    574.46    574.46    0.2769300298366333    0.00000e+00    0.00000e+00    6.63502473E+10
    -4.95145787874502e-04    -3.88368881039432e-05    -3.18270916858964e-05    1.6197949E+05    545.30    545.30    0.2659153878348054    0.00000e+00    0.00000e+00    6.64004746E+10
    -5.08369371914973e-04    -4.06459402965552e-05    -3.38055770485963e-05    1.4588460E+05    518.73    518.73    0.2598728528902758    0.00000e+00    0.00000e+00    6.64507019E+10
    -5.21538462897688e-04    -4.24533809684912e-05    -3.58238869463172e-05    1.3169940E+05    494.60    494.60    0.2567145201905415    0.00000e+00    0.00000e+00    6.65009292E+10
    -5.34659993658285e-04    -4.42552656756417e-05    -3.78686778521140e-05    1.1928701E+05    472.81    472.81    0.2543416241131955    0.00000e+00    0.00000e+00    6.65511565E+10
    -5.47741284883351e-04    -4.60496435277538e-05    -3.99281523098705e-05    1.0846658E+05    453.10    453.10    0.2491871172280821    0.00000e+00    0.00000e+00    6.66013838E+10
    -5.60790045110414e-04    -4.78357436710748e-05    -4.19925956230448e-05    9.9042714E+04    435.22    435.22    0.2418391753926684    0.00000e+00    0.00000e+00    6.66516110E+10
    -5.73813885914268e-04    -4.96132238271455e-05    -4.40544306386147e-05    9.0825029E+04    419.02    419.02    0.2374181522407738    0.00000e+00    0.00000e+00    6.67018383E+10
    -5.86819400760976e-04    -5.13817611100546e-05    -4.61079152233411e-05    8.3642732E+04    404.30    404.30    0.2321465419072431    0.00000e+00    0.00000e+00    6.67520656E+10
    -5.99811583231454e-04    -5.31409899702863e-05    -4.81487602305874e-05    7.7350233E+04    390.83    390.83    0.2281792126527191    0.00000e+00    0.00000e+00    6.68022929E+10
    -6.12793778540101e-04    -5.48906486084530e-05    -5.01737993422021e-05    7.1826899E+04    378.54    378.54    0.2245445114817959    0.00000e+00    0.00000e+00    6.68525202E+10
    -6.25767828978905e-04    -5.66307321764177e-05    -5.21807146639759e-05    6.6973946E+04    367.42    367.42    0.2202137212237820    0.00000e+00    0.00000e+00    6.69027475E+10
    -6.38734510249756e-04    -5.83615945881677e-05    -5.41678398912868e-05    6.2711761E+04    357.43    357.43    0.2158834708174804    0.00000e+00    0.00000e+00    6.69529748E+10
    -6.51694210203600e-04    -6.00840939639186e-05    -5.61339775343424e-05    5.8976458E+04    348.56    348.56    0.2128161551295729    0.00000e+00    0.00000e+00    6.70032021E+10
    -6.64647704542325e-04    -6.17996944409873e-05    -5.80783712838003e-05    5.5715318E+04    340.80    340.80    0.2084268605094639    0.00000e+00    0.00000e+00    6.70534293E+10
    -6.77596738595184e-04    -6.35105049588866e-05    -6.00006187443051e-05    5.2884378E+04    334.15    334.15    0.2037232661957437    0.00000e+00    0.00000e+00    6.71036566E+10
    -6.90544754539313e-04    -6.52192647149149e-05    -6.19005696236157e-05    5.0447495E+04    328.64    328.64    0.2000783124641354    0.00000e+00    0.00000e+00    6.71538839E+10
    -7.03497230769307e-04    -6.69290231871262e-05    -6.37783160363315e-05    4.8369913E+04    324.27    324.27    0.1960629431669075    0.00000e+00    0.00000e+00    6.72041112E+10
    -7.16461633415857e-04    -6.86427134982913e-05    -6.56341197818403e-05    4.6615829E+04    320.99    320.99    0.1918710771797911    0.00000e+00    0.00000e+00    6.72543385E+10
    -7.29446737606591e-04    -7.03630845419821e-05    -6.74684511294127e-05    4.5149966E+04    318.70    318.70    0.1888184076026547    0.00000e+00    0.00000e+00    6.73045658E+10
    -7.42461609357344e-04    -7.20928997561809e-05    -6.92818967036029e-05    4.3938123E+04    317.31    317.31    0.1879830494377108    0.00000e+00    0.00000e+00    6.73547931E+10
    -7.55515654053532e-04    -7.38348789456388e-05    -7.10752564469848e-05    4.2945037E+04    316.65    316.65    0.1866614355980911    0.00000e+00    0.00000e+00    6.74050204E+10
    -7.68617501378676e-04    -7.55915431414975e-05    -7.28495048350573e-05    4.2134459E+04    316.52    316.52    0.1821324725508739    0.00000e+00    0.00000e+00    6.74552477E+10
    -7.81774229612523e-04    -7.73648946242599e-05    -7.46057957243815e-05    4.1471453E+04    316.72    316.72    0.1791527401665967    0.00000e+00    0.00000e+00    6.75054749E+10
    -7.94991171705563e-04    -7.91564460126112e-05    -7.63455350746326e-05    4.0923253E+04    317.05    317.05    0.1771365386376269    0.00000e+00    0.00000e+00    6.75557022E+10
    -8.08271672872196e-04    -8.09676372031843e-05    -7.80702064156749e-05    4.0459843E+04    317.36    317.36    0.1740363800176500    0.00000e+00    0.00000e+00    6.76059295E+10
    -8.21617332997571e-04    -8.27996123562665e-05    -7.97810314779847e-05    4.0055940E+04    317.54    317.54    0.1706675772401801    0.00000e+00    0.00000e+00    6.76561568E+10
    -8.35028055118950e-04    -8.46528659818126e-05    -8.14791495737125e-05    3.9690900E+04    317.50    317.50    0.1679901662863159    0.00000e+00    0.00000e+00    6.77063841E+10
    -8.48502142388451e-04    -8.65270005326042e-05    -8.31656903187355e-05    3.9348645E+04    317.20    317.20    0.1647313809996485    0.00000e+00    0.00000e+00    6.77566114E+10
    -8.62036782886722e-04    -8.84207457967965e-05    -8.48418075696147e-05    3.9017051E+04    316.61    316.61    0.1618872221378249    0.00000e+00    0.00000e+00    6.78068387E+10
    -8.75628049622947e-04    -9.03321285827077e-05    -8.65085727645852e-05    3.8686967E+04    315.72    315.72    0.1585533342495447    0.00000e+00    0.00000e+00    6.78570660E+10
    -8.89271094460314e-04    -9.22587345182057e-05    -8.81669749235566e-05    3.8351373E+04    314.55    314.55    0.1584332437240243    0.00000e+00    0.00000e+00    6.79072932E+10
    -9.02960535966963e-04    -9.41980668128328e-05    -8.98179885220278e-05    3.8004451E+04    313.10    313.10    0.1593241411870871    0.00000e+00    0.00000e+00    6.79575205E+10
    -9.16690895748299e-04    -9.61477110944571e-05    -9.14624716802146e-05    3.7640942E+04    311.40    311.40    0.1566392606806737    0.00000e+00    0.00000e+00    6.80077478E+10
    -9.30456792372459e-04    -9.81053548018198e-05    -9.31011758593225e-05    3.7255851E+04    309.45    309.45    0.1512810822429516    0.00000e+00    0.00000e+00    6.80579751E+10
    -9.44253086814425e-04    -1.00068830817766e-04    -9.47347701022315e-05    3.6844668E+04    307.27    307.27    0.1485855783085402    0.00000e+00    0.00000e+00    6.81082024E+10
    -9.58075318788330e-04    -1.02036228976393e-04    -9.63638361853590e-05    3.6403618E+04    304.87    304.87    0.1485540884237136    0.00000e+00    0.00000e+00    6.81584297E+10
    -9.71919512821990e-04    -1.04005876670500e-04    -9.79888686186596e-05    3.5929897E+04    302.28    302.28    0.1459030854258750    0.00000e+00    0.00000e+00    6.82086570E+10
    -9.85782517626476e-04    -1.05976270977675e-04    -9.96102601012151e-05    3.5421610E+04    299.52    299.52    0.1436357074724864    0.00000e+00    0.00000e+00    6.82588843E+10
    -9.99661763689280e-04    -1.07946020482655e-04    -1.01228301521234e-04    3.4877734E+04    296.58    296.58    0.1416186784966848    0.00000e+00    0.00000e+00    6.83091115E+10
    -1.01355536023704e-03    -1.09913816188500e-04    -1.02843215893010e-04    3.4298174E+04    293.48    293.48    0.1386711998940941    0.00000e+00    0.00000e+00    6.83593388E+10
    -1.02746175586599e-03    -1.11878106691431e-04    -1.04455124419963e-04    3.3683724E+04    290.23    290.23    0.1363545018108932    0.00000e+00    0.00000e+00    6.84095661E+10
    -1.04137983550465e-03    -1.13837180599153e-04    -1.06064211331292e-04    3.3035940E+04    286.85    286.85    0.1356035949000635    0.00000e+00    0.00000e+00    6.84597934E+10
    -1.05530887193251e-03    -1.15789282886140e-04    -1.07670563893459e-04    3.2357078E+04    283.36    283.36    0.1357172062785788    0.00000e+00    0.00000e+00    6.85100207E+10
    -1.06924804096629e-03    -1.17732823363520e-04    -1.09274157865781e-04    3.1650141E+04    279.78    279.78    0.1336042232086477    0.00000e+00    0.00000e+00    6.85602480E+10
    -1.08319651842276e-03    -1.19666449401120e-04    -1.10874920526206e-04    3.0918733E+04    276.13    276.13    0.1318620111564114    0.00000e+00    0.00000e+00    6.86104753E+10
    -1.09715314074907e-03    -1.21589075016296e-04    -1.12472720975038e-04    3.0166924E+04    272.41    272.41    0.1291371761910391    0.00000e+00    0.00000e+00    6.86607026E+10
    -1.11111698679923e-03    -1.23499914810885e-04    -1.14067404071901e-04    2.9399124E+04    268.65    268.65    0.1278490685148202    0.00000e+00    0.00000e+00    6.87109298E+10
    -1.12508694150177e-03    -1.25398343375236e-04    -1.15658708017407e-04    2.8619928E+04    264.86    264.86    0.1251305268384143    0.00000e+00    0.00000e+00    6.87611571E+10
    -1.13906174434112e-03    -1.27283808021755e-04    -1.17246230416200e-04    2.7833888E+04    261.04    261.04    0.1244101437620954    0.00000e+00    0.00000e+00    6.88113844E+10
    -1.15304047417128e-03    -1.29155940292044e-04    -1.18829627050567e-04    2.7045519E+04    257.23    257.23    0.1231666392306189    0.00000e+00    0.00000e+00    6.88616117E+10
    -1.16702201592080e-03    -1.31014492931125e-04    -1.20408611880436e-04    2.6259201E+04    253.44    253.44    0.1210808757476261    0.00000e+00    0.00000e+00    6.89118390E+10
    -1.18100530299957e-03    -1.32859330191167e-04    -1.21982927954556e-04    2.5478994E+04    249.67    249.67    0.1189145822221730    0.00000e+00    0.00000e+00    6.89620663E+10
    -1.19498912337339e-03    -1.34690427831486e-04    -1.23552323169812e-04    2.4708522E+04    245.95    245.95    0.1173068400529736    0.00000e+00    0.00000e+00    6.90122936E+10
    -1.20897216804532e-03    -1.36507877966682e-04    -1.25116608448870e-04    2.3950934E+04    242.29    242.29    0.1166403235479708    0.00000e+00    0.00000e+00    6.90625209E+10
    -1.22295283713021e-03    -1.38311903611049e-04    -1.26675686828993e-04    2.3208859E+04    238.69    238.69    0.1156564861685542    0.00000e+00    0.00000e+00    6.91127482E+10
    -1.23692943378018e-03    -1.40102887767393e-04    -1.28229534069496e-04    2.2484463E+04    235.17    235.17    0.1140933346293547    0.00000e+00    0.00000e+00    6.91629754E+10
    -1.25090035811008e-03    -1.41881320097533e-04    -1.29778188955474e-04    2.1779432E+04    231.71    231.71    0.1131747086190654    0.00000e+00    0.00000e+00    6.92132027E+10
    -1.26486415567887e-03    -1.43647830859255e-04    -1.31321753297801e-04    2.1095053E+04    228.34    228.34    0.1117299923872486    0.00000e+00    0.00000e+00    6.92634300E+10
    -1.27881946900824e-03    -1.45403127880533e-04    -1.32860391933128e-04    2.0432244E+04    225.05    225.05    0.1107620817855114    0.00000e+00    0.00000e+00    6.93136573E+10
    -1.29276527998946e-03    -1.47147952926299e-04    -1.34394327875748e-04    1.9791601E+04    221.84    221.84    0.1095904706881956    0.00000e+00    0.00000e+00    6.93638846E+10
    -1.30670057051380e-03    -1.48883033217075e-04    -1.35923827773186e-04    1.9173501E+04    218.72    218.72    0.1080156361120039    0.00000e+00    0.00000e+00    6.94141119E+10
    -1.32062446791664e-03    -1.50609062036424e-04    -1.37449206754335e-04    1.8578176E+04    215.68    215.68    0.1070320226241375    0.00000e+00    0.00000e+00    6.94643392E+10
    -1.33453614801471e-03    -1.52326664793996e-04    -1.38970813885045e-04    1.8005647E+04    212.73    212.73    0.1051795520293005    0.00000e+00    0.00000e+00    6.95145665E+10
    -1.34843478662476e-03    -1.54036418418071e-04    -1.40489007927439e-04    1.7455714E+04    209.85    209.85    0.1034058968163957    0.00000e+00    0.00000e+00    6.95647937E+10
    -1.36231955956352e-03    -1.55738865899971e-04    -1.42004152491779e-04    1.6928034E+04    207.05    207.05    0.1022848705405152    0.00000e+00    0.00000e+00    6.96150210E+10
    -1.37618964264776e-03    -1.57434550231020e-04    -1.43516601492053e-04    1.6422112E+04    204.34    204.34    0.1015204657439741    0.00000e+00    0.00000e+00    6.96652483E+10
    -1.39004430865693e-03    -1.59123990161856e-04    -1.45026694297836e-04    1.5937367E+04    201.70    201.70    0.1007528002387716    0.00000e+00    0.00000e+00    6.97154756E+10
    -1.40388287885189e-03    -1.60807723835665e-04    -1.46534770278706e-04    1.5473150E+04    199.13    199.13    0.0991955010336206    0.00000e+00    0.00000e+00    6.97657029E+10
    -1.41770481993758e-03    -1.62486289395634e-04    -1.48041183348649e-04    1.5028772E+04    196.64    196.64    0.0989553961909510    0.00000e+00    0.00000e+00    6.98159302E+10
    -1.43150979254444e-03    -1.64160220136811e-04    -1.49546268029107e-04    1.4603537E+04    194.23    194.23    0.0985437043182459    0.00000e+00    0.00000e+00    6.98661575E+10
    -1.44529755426562e-03    -1.65830005721015e-04    -1.51050358841518e-04    1.4196767E+04    191.89    191.89    0.0981101533490557    0.00000e+00    0.00000e+00    6.99163848E+10
    -1.45906800813838e-03    -1.67496101873105e-04    -1.52553780611049e-04    1.3807777E+04    189.63    189.63    0.0976515421662167    0.00000e+00    0.00000e+00    6.99666120E+10
    -1.47282110568136e-03    -1.69158881899617e-04    -1.54056843618456e-04    1.3435856E+04    187.45    187.45    0.0959590438738680    0.00000e+00    0.00000e+00    7.00168393E+10
    -1.48655699233866e-03    -1.70818680321990e-04    -1.55559814511263e-04    1.3080288E+04    185.34    185.34    0.0946301566673508    0.00000e+00    0.00000e+00    7.00670666E+10
    -1.50027557114754e-03    -1.72475773484023e-04    -1.57062930848175e-04    1.2740364E+04    183.30    183.30    0.0925863524519553    0.00000e+00    0.00000e+00    7.01172939E+10
    -1.51397698755212e-03    -1.74130447425786e-04    -1.58566415643485e-04    1.2415387E+04    181.33    181.33    0.0912689679089997    0.00000e+00    0.00000e+00    7.01675212E+10
    -1.52766114458964e-03    -1.75782944554122e-04    -1.60070438581981e-04    1.2104679E+04    179.43    179.43    0.0903369458768141    0.00000e+00    0.00000e+00    7.02177485E+10
    -1.54132818770422e-03    -1.77433531516554e-04    -1.61575140259630e-04    1.1807591E+04    177.60    177.60    0.0894375795265444    0.00000e+00    0.00000e+00    7.02679758E+10
    -1.55497816537723e-03    -1.79082445871786e-04    -1.63080637031716e-04    1.1523503E+04    175.83    175.83    0.0886704792061278    0.00000e+00    0.00000e+00    7.03182031E+10
    -1.56861127153414e-03    -1.80729959115479e-04    -1.64587030709113e-04    1.1251815E+04    174.12    174.12    0.0887053959217722    0.00000e+00    0.00000e+00    7.03684303E+10
    -1.58222784554451e-03    -1.82376313654475e-04    -1.66094408558282e-04    1.0991977E+04    172.48    172.48    0.0891768123248878    0.00000e+00    0.00000e+00    7.04186576E+10
    -1.59582827525931e-03    -1.84021751895614e-04    -1.67602848149412e-04    1.0743463E+04    170.89    170.89    0.0885097794342444    0.00000e+00    0.00000e+00    7.04688849E+10
    -1.60941323941768e-03    -1.85666477460641e-04    -1.69112397963872e-04    1.0505775E+04    169.36    169.36    0.0880592594542217    0.00000e+00    0.00000e+00    7.05191122E+10
    -1.62298322283331e-03    -1.87310655186209e-04    -1.70623106483031e-04    1.0278427E+04    167.89    167.89    0.0868083908296252    0.00000e+00    0.00000e+00    7.05693395E+10
    -1.63653895272671e-03    -1.88954435364558e-04    -1.72134983403160e-04    1.0060965E+04    166.47    166.47    0.0856902885304917    0.00000e+00    0.00000e+00    7.06195668E+10
    -1.65008110783703e-03    -1.90597934350972e-04    -1.73648019027988e-04    9.8529489E+03    165.10    165.10    0.0844844965258987    0.00000e+00    0.00000e+00    7.06697941E+10
    -1.66361031842208e-03    -1.92241273348871e-04    -1.75162184268692e-04    9.6539569E+03    163.78    163.78    0.0830104840973005    0.00000e+00    0.00000e+00    7.07200214E+10
    -1.67712726322099e-03    -1.93884573561676e-04    -1.76677425795769e-04    9.4635911E+03    162.51    162.51    0.0819823172914442    0.00000e+00    0.00000e+00    7.07702487E+10
    -1.69063262097292e-03    -1.95527965889080e-04    -1.78193670887165e-04    9.2814630E+03    161.29    161.29    0.0812782461320638    0.00000e+00    0.00000e+00    7.08204759E+10
    -1.70412721586113e-03    -1.97171600623325e-04    -1.79710837124556e-04    9.1072014E+03    160.11    160.11    0.0806097981376140    0.00000e+00    0.00000e+00    7.08707032E+10
    -1.71761177510614e-03    -1.98815647449199e-04    -1.81228837241478e-04    8.9404426E+03    158.98    158.98    0.0802928041129716    0.00000e+00    0.00000e+00    7.09209305E+10
    -1.73108712289122e-03    -2.00460261507079e-04    -1.82747574275195e-04    8.7808289E+03    157.88    157.88    0.0803858336206368    0.00000e+00    0.00000e+00    7.09711578E+10
    -1.74455422884371e-03    -2.02105612481755e-04    -1.84266951262972e-04    8.6280209E+03    156.83    156.83    0.0799459167234535    0.00000e+00    0.00000e+00    7.10213851E+10
    -1.75801396562825e-03    -2.03751836121057e-04    -1.85786847001387e-04    8.4816869E+03    155.82    155.82    0.0794214926293609    0.00000e+00    0.00000e+00    7.10716124E+10
    -1.77146725439083e-03    -2.05399058476542e-04    -1.87307145135157e-04    8.3415102E+03    154.85    154.85    0.0788036555429043    0.00000e+00    0.00000e+00    7.11218397E+10
    -1.78491506475881e-03    -2.07047391055357e-04    -1.88827705068316e-04    8.2071770E+03    153.91    153.91    0.0780923840603341    0.00000e+00    0.00000e+00    7.11720670E+10
    -1.79835822091546e-03    -2.08696935668375e-04    -1.90348391053031e-04    8.0783823E+03    153.01    153.01    0.0772271307018902    0.00000e+00    0.00000e+00    7.12222942E+10
    -1.81179759552539e-03    -2.10347784430194e-04    -1.91869052797063e-04    7.9548297E+03    152.14    152.14    0.0762970764962712    0.00000e+00    0.00000e+00    7.12725215E+10
    -1.82523396429050e-03    -2.12000043999826e-04    -1.93389544856305e-04    7.8362288E+03    151.30    151.30    0.0752680530947346    0.00000e+00    0.00000e+00    7.13227488E+10
    -1.83866810291268e-03    -2.13653830732553e-04    -1.94909716938519e-04    7.7222989E+03    150.49    150.49    0.0743956474993875    0.00000e+00    0.00000e+00    7.13729761E+10
    -1.85210078709381e-03    -2.15309270679933e-04    -1.96429423599599e-04    7.6127733E+03    149.70    149.70    0.0740226153773635    0.00000e+00    0.00000e+00    7.14232034E+10
    -1.86553274405443e-03    -2.16966485045386e-04    -1.97948533939850e-04    7.5073832E+03    148.94    148.94    0.0734541326778869    0.00000e+00    0.00000e+00    7.14734307E+10
    -1.87896474949641e-03    -2.18625604728605e-04    -1.99466926755854e-04    7.4058776E+03    148.21    148.21    0.0730026618700312    0.00000e+00    0.00000e+00    7.15236580E+10
    -1.89239753064028e-03    -2.20286736388601e-04    -2.00984475996053e-04    7.3080112E+03    147.50    147.50    0.0727977225969290    0.00000e+00    0.00000e+00    7.15738853E+10
    -1.90583181470656e-03    -2.21949967291836e-04    -2.02501075001436e-04    7.2135481E+03    146.80    146.80    0.0724417010446565    0.00000e+00    0.00000e+00    7.16241125E+10
    -1.91926823195304e-03    -2.23615365312226e-04    -2.04016617112995e-04    7.1222661E+03    146.13    146.13    0.0721063761520059    0.00000e+00    0.00000e+00    7.16743398E+10
    -1.93270746111886e-03    -2.25282974083002e-04    -2.05530990823583e-04    7.0339512E+03    145.47    145.47    0.0715738449081850    0.00000e+00    0.00000e+00    7.17245671E+10
    -1.94614998701772e-03    -2.26952842085531e-04    -2.07044074929778e-04    6.9484029E+03    144.83    144.83    0.0709207268622419    0.00000e+00    0.00000e+00    7.17747944E+10
    -1.95959639142603e-03    -2.28624998408636e-04    -2.08555762772572e-04    6.8654270E+03    144.21    144.21    0.0703403628488236    0.00000e+00    0.00000e+00    7.18250217E+10
    -1.97304706219474e-03    -2.30299472141136e-04    -2.10065933148544e-04    6.7848403E+03    143.59    143.59    0.0696387342125356    0.00000e+00    0.00000e+00    7.18752490E+10
    -1.98650248413751e-03    -2.31976306916263e-04    -2.11574489094958e-04    6.7064688E+03    142.98    142.98    0.0686910119371618    0.00000e+00    0.00000e+00    7.19254763E+10
    -1.99996299662394e-03    -2.33655531822838e-04    -2.13081328800941e-04    6.6301538E+03    142.39    142.39    0.0680742487936552    0.00000e+00    0.00000e+00    7.19757036E+10
    -2.01342898750497e-03    -2.35337195342229e-04    -2.14586365000031e-04    6.5557402E+03    141.79    141.79    0.0675494348202390    0.00000e+00    0.00000e+00    7.20259308E+10
    -2.02690084463154e-03    -2.37021316866984e-04    -2.16089524970174e-04    6.4830892E+03    141.21    141.21    0.0671684283966950    0.00000e+00    0.00000e+00    7.20761581E+10
    -2.04037876192912e-03    -2.38707915789648e-04    -2.17590731141182e-04    6.4120690E+03    140.63    140.63    0.0666602460519135    0.00000e+00    0.00000e+00    7.21263854E+10
    -2.05386317573003e-03    -2.40396982413950e-04    -2.19089925335414e-04    6.3425581E+03    140.05    140.05    0.0665037536175805    0.00000e+00    0.00000e+00    7.21766127E+10
    -2.06735427995973e-03    -2.42088492499204e-04    -2.20587049375228e-04    6.2744425E+03    139.48    139.48    0.0662307147306062    0.00000e+00    0.00000e+00    7.22268400E+10
    -2.08085231702508e-03    -2.43782421804727e-04    -2.22082049931118e-04    6.2076186E+03    138.90    138.90    0.0659948302662707    0.00000e+00    0.00000e+00    7.22770673E+10
    -2.09435733540744e-03    -2.45478717001014e-04    -2.23574878521717e-04    6.1419893E+03    138.33    138.33    0.0655068988433988    0.00000e+00    0.00000e+00    7.23272946E+10
    -2.10786952903227e-03    -2.47177344151107e-04    -2.25065491513793e-04    6.0774670E+03    137.76    137.76    0.0650597173464536    0.00000e+00    0.00000e+00    7.23775219E+10
    -2.12138894638096e-03    -2.48878274166186e-04    -2.26553845274115e-04    6.0139694E+03    137.19    137.19    0.0646557165648138    0.00000e+00    0.00000e+00    7.24277492E+10
    -2.13491563593486e-03    -2.50581482805565e-04    -2.28039920410136e-04    5.9514244E+03    136.62    136.62    0.0638437245830814    0.00000e+00    0.00000e+00    7.24779764E+10
    -2.14844959769398e-03    -2.52286940980425e-04    -2.29523687833035e-04    5.8897654E+03    136.04    136.04    0.0631603867659884    0.00000e+00    0.00000e+00    7.25282037E+10
    -2.16199088013968e-03    -2.53994634146355e-04    -2.31005137846538e-04    5.8289349E+03    135.47    135.47    0.0625336967153680    0.00000e+00    0.00000e+00    7.25784310E+10
    -2.17553948327197e-03    -2.55704538062670e-04    -2.32484275298783e-04    5.7688805E+03    134.90    134.90    0.0621477022122936    0.00000e+00    0.00000e+00    7.26286583E+10
    -2.18909545557220e-03    -2.57416618792414e-04    -2.33961095341631e-04    5.7095545E+03    134.32    134.32    0.0617140255467475    0.00000e+00    0.00000e+00    7.26788856E+10
    -2.20265870007766e-03    -2.59130832702355e-04    -2.35435617367631e-04    5.6509168E+03    133.75    133.75    0.0614200470158874    0.00000e+00    0.00000e+00    7.27291129E+10
    -2.21622926526970e-03    -2.60847126462988e-04    -2.36907851073057e-04    5.5929306E+03    133.17    133.17    0.0612161456746177    0.00000e+00    0.00000e+00    7.27793402E+10
    -2.22980700570422e-03    -2.62565446744807e-04    -2.38377815850454e-04    5.5355660E+03    132.59    132.59    0.0611121888010698    0.00000e+00    0.00000e+00    7.28295675E+10
    -2.24339187289986e-03    -2.64285740218309e-04    -2.39845516547961e-04    5.4787947E+03    132.01    132.01    0.0607093584335503    0.00000e+00    0.00000e+00    7.28797947E+10
    -2.25698372141250e-03    -2.66007968098399e-04    -2.41310977406262e-04    5.4225905E+03    131.43    131.43    0.0603500039743691    0.00000e+00    0.00000e+00    7.29300220E+10
    -2.27058240579805e-03    -2.67732091599981e-04    -2.42774217817902e-04    5.3669337E+03    130.85    130.85    0.0599439111294825    0.00000e+00    0.00000e+00    7.29802493E+10
    -2.28418782909376e-03    -2.69458076786099e-04    -2.44235266871704e-04    5.3118076E+03    130.27    130.27    0.0596110870743580    0.00000e+00    0.00000e+00    7.30304766E+10
    -2.29779979737417e-03    -2.71185904264206e-04    -2.45694148808352e-04    5.2571952E+03    129.69    129.69    0.0589141347583289    0.00000e+00    0.00000e+00    7.30807039E+10
    -2.31141821367653e-03    -2.72915549793616e-04    -2.47150907261076e-04    5.2030854E+03    129.10    129.10    0.0584165532655560    0.00000e+00    0.00000e+00    7.31309312E+10
    -2.32504293255676e-03    -2.74646989133647e-04    -2.48605585863109e-04    5.1494672E+03    128.52    128.52    0.0581660070556128    0.00000e+00    0.00000e+00    7.31811585E+10
    -2.33867380857073e-03    -2.76380183499203e-04    -2.50058242792091e-04    5.0963322E+03    127.94    127.94    0.0575863699592021    0.00000e+00    0.00000e+00    7.32313858E+10
    -2.35231069627434e-03    -2.78115094105190e-04    -2.51508926529391e-04    5.0436735E+03    127.35    127.35    0.0570538112808937    0.00000e+00    0.00000e+00    7.32816130E+10
    -2.36595340174213e-03    -2.79851672470240e-04    -2.52957685556377e-04    4.9914859E+03    126.77    126.77    0.0568920883664972    0.00000e+00    0.00000e+00    7.33318403E+10
    -2.37960177952999e-03    -2.81589870112986e-04    -2.54404573202554e-04    4.9397656E+03    126.19    126.19    0.0567699285092237    0.00000e+00    0.00000e+00    7.33820676E+10
    -2.39325563571245e-03    -2.83329638552058e-04    -2.55849623404879e-04    4.8885087E+03    125.61    125.61    0.0565006086032140    0.00000e+00    0.00000e+00    7.34322949E+10
    -2.40691472788266e-03    -2.85070939002362e-04    -2.57292894340995e-04    4.8377142E+03    125.03    125.03    0.0562656394041753    0.00000e+00    0.00000e+00    7.34825222E+10
    -2.42057881363379e-03    -2.86813737526941e-04    -2.58734424795996e-04    4.7873810E+03    124.45    124.45    0.0560780783807742    0.00000e+00    0.00000e+00    7.35327495E+10
    -2.43424779600310e-03    -2.88557995340700e-04    -2.60174268099386e-04    4.7375078E+03    123.87    123.87    0.0556351173063849    0.00000e+00    0.00000e+00    7.35829768E+10
    -2.44792148106511e-03    -2.90303688202955e-04    -2.61612463036261e-04    4.6880952E+03    123.30    123.30    0.0552205125173500    0.00000e+00    0.00000e+00    7.36332041E+10
    -2.46159972337573e-03    -2.92050791873022e-04    -2.63049062936125e-04    4.6391425E+03    122.72    122.72    0.0545854271955861    0.00000e+00    0.00000e+00    7.36834314E+10
    -2.47528237749084e-03    -2.93799277262081e-04    -2.64484121128482e-04    4.5906507E+03    122.15    122.15    0.0543651773179275    0.00000e+00    0.00000e+00    7.37336586E+10
    -2.48896929796635e-03    -2.95549110433172e-04    -2.65917690942839e-04    4.5426206E+03    121.58    121.58    0.0539894308238153    0.00000e+00    0.00000e+00    7.37838859E+10
    -2.50266038783951e-03    -2.97300267145614e-04    -2.67349816012426e-04    4.4950543E+03    121.01    121.01    0.0535694854411401    0.00000e+00    0.00000e+00    7.38341132E+10
    -2.51635545318486e-03    -2.99052698918036e-04    -2.68780549666749e-04    4.4479514E+03    120.44    120.44    0.0532501128017369    0.00000e+00    0.00000e+00    7.38843405E+10
    -2.53005434855829e-03    -3.00806371813483e-04    -2.70209940387174e-04    4.4013159E+03    119.88    119.88    0.0529548968104711    0.00000e+00    0.00000e+00    7.39345678E+10
    -2.54375692851570e-03    -3.02561256743131e-04    -2.71638022110661e-04    4.3551476E+03    119.32    119.32    0.0527985077201479    0.00000e+00    0.00000e+00    7.39847951E+10
    -2.55746295065024e-03    -3.04317319770026e-04    -2.73064848166714e-04    4.3094508E+03    118.76    118.76    0.0526740727576289    0.00000e+00    0.00000e+00    7.40350224E+10
    -2.57117236648056e-03    -3.06074536653481e-04    -2.74490447644153e-04    4.2642262E+03    118.20    118.20    0.0524458847455368    0.00000e+00    0.00000e+00    7.40852497E+10
    -2.58488493359979e-03    -3.07832907393497e-04    -2.75914873872484e-04    4.2194759E+03    117.65    117.65    0.0521301622850515    0.00000e+00    0.00000e+00    7.41354769E+10
    -2.59860050656386e-03    -3.09592407749390e-04    -2.77338155940528e-04    4.1752038E+03    117.10    117.10    0.0517570959729390    0.00000e+00    0.00000e+00    7.41857042E+10
    -2.61231903689137e-03    -3.11353042569297e-04    -2.78760342329652e-04    4.1314096E+03    116.55    116.55    0.0512915499602704    0.00000e+00    0.00000e+00    7.42359315E+10
    -2.62604028217550e-03    -3.13114792460671e-04    -2.80181481521226e-04    4.0880973E+03    116.01    116.01    0.0508897520042513    0.00000e+00    0.00000e+00    7.42861588E+10
    -2.63976419393488e-03    -3.14877642879100e-04    -2.81601607452205e-04    4.0452670E+03    115.47    115.47    0.0505756872712137    0.00000e+00    0.00000e+00    7.43363861E+10
    -2.65349057824403e-03    -3.16641579280176e-04    -2.83020773452096e-04    4.0029217E+03    114.93    114.93    0.0503165080990685    0.00000e+00    0.00000e+00    7.43866134E+10
    -2.66721938662158e-03    -3.18406567726939e-04    -2.84439013457857e-04    3.9610622E+03    114.39    114.39    0.0499923119333938    0.00000e+00    0.00000e+00    7.44368407E+10
    -2.68095047362344e-03    -3.20172588826843e-04    -2.85856371102717e-04    3.9196896E+03    113.86    113.86    0.0496528162865690    0.00000e+00    0.00000e+00    7.44870680E+10
    -2.69468359684276e-03    -3.21939628035477e-04    -2.87272885171772e-04    3.8788061E+03    113.33    113.33    0.0494883127678255    0.00000e+00    0.00000e+00    7.45372952E+10
    -2.70841875627954e-03    -3.23707665960295e-04    -2.88688579905707e-04    3.8384107E+03    112.80    112.80    0.0495182228999601    0.00000e+00    0.00000e+00    7.45875225E+10
    -2.72215570952693e-03    -3.25476692905022e-04    -2.90103503785888e-04    3.7985057E+03    112.28    112.28    0.0493363199091900    0.00000e+00    0.00000e+00    7.46377498E+10
    -2.73589435962222e-03    -3.27246708869658e-04    -2.91517681053001e-04    3.7590895E+03    111.77    111.77    0.0490360926785998    0.00000e+00    0.00000e+00    7.46879771E+10
    -2.74963460960264e-03    -3.29017709006067e-04    -2.92931155340275e-04    3.7201658E+03    111.25    111.25    0.0488756988968506    0.00000e+00    0.00000e+00    7.47382044E+10
    -2.76337636250549e-03    -3.30789693314249e-04    -2.94343950888397e-04    3.6817298E+03    110.74    110.74    0.0483346893489427    0.00000e+00    0.00000e+00    7.47884317E+10
    -2.77711947288663e-03    -3.32562652097930e-04    -2.95756116178733e-04    3.6437846E+03    110.23    110.23    0.0478954587380373    0.00000e+00    0.00000e+00    7.48386590E+10
    -2.79086389226472e-03    -3.34336585357110e-04    -2.97167675451967e-04    3.6063276E+03    109.73    109.73    0.0476019010501599    0.00000e+00    0.00000e+00    7.48888863E+10
    -2.80460957215838e-03    -3.36111473699241e-04    -2.98578667493195e-04    3.5693550E+03    109.23    109.23    0.0473937978493710    0.00000e+00    0.00000e+00    7.49391135E+10
    -2.81835631864214e-03    -3.37887302579914e-04    -2.99989121391236e-04    3.5328690E+03    108.74    108.74    0.0470727363834883    0.00000e+00    0.00000e+00    7.49893408E+10
    -2.83210408323462e-03    -3.39664057454718e-04    -3.01399066234913e-04    3.4968642E+03    108.25    108.25    0.0468123400555319    0.00000e+00    0.00000e+00    7.50395681E+10
    -2.84585276897310e-03    -3.41441718931105e-04    -3.02808521416771e-04    3.4613386E+03    107.76    107.76    0.0467237523609648    0.00000e+00    0.00000e+00    7.50897954E+10
    -2.85960223041347e-03    -3.43220287009077e-04    -3.04217520873769e-04    3.4262902E+03    107.28    107.28    0.0467881736198600    0.00000e+00    0.00000e+00    7.51400227E+10
    -2.87335246755574e-03    -3.44999747144221e-04    -3.05626083998454e-04    3.3917158E+03    106.80    106.80    0.0464689766575236    0.00000e+00    0.00000e+00    7.51902500E+10
    -2.88710328647441e-03    -3.46780104184676e-04    -3.07034235031511e-04    3.3576107E+03    106.32    106.32    0.0461841599502407    0.00000e+00    0.00000e+00    7.52404773E+10
    -2.90085468716951e-03    -3.48561358130440e-04    -3.08442007909896e-04    3.3239737E+03    105.85    105.85    0.0460973367086751    0.00000e+00    0.00000e+00    7.52907046E+10
    -2.91460657267828e-03    -3.50343499285241e-04    -3.09849417178020e-04    3.2908000E+03    105.38    105.38    0.0457482338357108    0.00000e+00    0.00000e+00    7.53409319E+10
    -2.92835889451937e-03    -3.52126522800942e-04    -3.11256496772841e-04    3.2580850E+03    104.92    104.92    0.0453269114599315    0.00000e+00    0.00000e+00    7.53911591E+10
    -2.94211155573004e-03    -3.53910418981268e-04    -3.12663266086906e-04    3.2258249E+03    104.46    104.46    0.0450155863125931    0.00000e+00    0.00000e+00    7.54413864E+10
    -2.95586460479165e-03    -3.55695178129947e-04    -3.14069744512762e-04    3.1940150E+03    104.01    104.01    0.0447970066088945    0.00000e+00    0.00000e+00    7.54916137E+10
    -2.96961789626010e-03    -3.57480780854431e-04    -3.15475956291094e-04    3.1626525E+03    103.56    103.56    0.0443687961496080    0.00000e+00    0.00000e+00    7.55418410E+10
    -2.98337143013539e-03    -3.59267212610310e-04    -3.16881920814449e-04    3.1317325E+03    103.11    103.11    0.0441513503204039    0.00000e+00    0.00000e+00    7.55920683E+10
    -2.99712506097342e-03    -3.61054463701310e-04    -3.18287652627236e-04    3.1012492E+03    102.67    102.67    0.0440623995800808    0.00000e+00    0.00000e+00    7.56422956E+10
    -3.01087878877419e-03    -3.62842524431157e-04    -3.19693171122004e-04    3.0711988E+03    102.23    102.23    0.0442168248783686    0.00000e+00    0.00000e+00    7.56925229E+10
    -3.02463256505632e-03    -3.64631385103579e-04    -3.21098490843163e-04    3.0415764E+03    101.80    101.80    0.0440558700644348    0.00000e+00    0.00000e+00    7.57427502E+10
    -3.03838629285709e-03    -3.66421040870437e-04    -3.22503626335122e-04    3.0123771E+03    101.37    101.37    0.0438178281058966    0.00000e+00    0.00000e+00    7.57929774E+10
    -3.05213997217648e-03    -3.68211491731732e-04    -3.23908601838568e-04    2.9835953E+03    100.94    100.94    0.0435156298668610    0.00000e+00    0.00000e+00    7.58432047E+10
    -3.06589355453314e-03    -3.70002732839327e-04    -3.25313427049771e-04    2.9552271E+03    100.52    100.52    0.0432693342272918    0.00000e+00    0.00000e+00    7.58934320E+10
    -3.07964703992707e-03    -3.71794749648812e-04    -3.26718121361281e-04    2.9272650E+03    100.10    100.10    0.0430431452179534    0.00000e+00    0.00000e+00    7.59436593E+10
    -3.09340037987689e-03    -3.73587527615777e-04    -3.28122709013781e-04    2.8997052E+03    99.69    99.69    0.0426331430882318    0.00000e+00    0.00000e+00    7.59938866E+10
    -3.10715352590123e-03    -3.75381057043947e-04    -3.29527190007272e-04    2.8725422E+03    99.28    99.28    0.0424625731011502    0.00000e+00    0.00000e+00    7.60441139E+10
    -3.12090647800011e-03    -3.77175318540776e-04    -3.30931593430573e-04    2.8457706E+03    98.87    98.87    0.0421815692232646    0.00000e+00    0.00000e+00    7.60943412E+10
    -3.13465923617351e-03    -3.78970297561853e-04    -3.32335919283685e-04    2.8193848E+03    98.47    98.47    0.0419469276820897    0.00000e+00    0.00000e+00    7.61445685E+10
    -3.14841170345870e-03    -3.80765974714630e-04    -3.33740186959156e-04    2.7933778E+03    98.07    98.07    0.0419847904498081    0.00000e+00    0.00000e+00    7.61947957E+10
    -3.16216383137432e-03    -3.82562349999109e-04    -3.35144406153258e-04    2.7677471E+03    97.67    97.67    0.0418463384667547    0.00000e+00    0.00000e+00    7.62450230E+10
    -3.17591566840173e-03    -3.84359404022741e-04    -3.36548586562266e-04    2.7424839E+03    97.28    97.28    0.0417207581364718    0.00000e+00    0.00000e+00    7.62952503E+10
    -3.18966711757819e-03    -3.86157136785526e-04    -3.37952742730590e-04    2.7175849E+03    96.90    96.90    0.0414590162059481    0.00000e+00    0.00000e+00    7.63454776E+10
    -3.20341817890371e-03    -3.87955543439328e-04    -3.39356884354504e-04    2.6930425E+03    96.51    96.51    0.0412079106226840    0.00000e+00    0.00000e+00    7.63957049E+10
    -3.21716890085965e-03    -3.89754609439737e-04    -3.40761025978417e-04    2.6688528E+03    96.13    96.13    0.0409272047992579    0.00000e+00    0.00000e+00    7.64459322E+10
    -3.23091918648328e-03    -3.91554320242341e-04    -3.42165172450468e-04    2.6450092E+03    95.76    95.76    0.0407572322240496    0.00000e+00    0.00000e+00    7.64961595E+10
    -3.24466913273733e-03    -3.93354670999005e-04    -3.43569338315065e-04    2.6215055E+03    95.39    95.39    0.0405774084741451    0.00000e+00    0.00000e+00    7.65463868E+10
    -3.25841864265907e-03    -3.95155632620906e-04    -3.44973528420347e-04    2.5983369E+03    95.02    95.02    0.0403654456348690    0.00000e+00    0.00000e+00    7.65966140E+10
    -3.27216766776713e-03    -3.96957195411772e-04    -3.46377747614449e-04    2.5754975E+03    94.65    94.65    0.0401550686716496    0.00000e+00    0.00000e+00    7.66468413E+10
    -3.28591630502424e-03    -3.98759344827193e-04    -3.47781995897373e-04    2.5529820E+03    94.29    94.29    0.0398325783432466    0.00000e+00    0.00000e+00    7.66970686E+10
    -3.29966440898631e-03    -4.00562061474620e-04    -3.49186287813527e-04    2.5307846E+03    93.93    93.93    0.0397646544587152    0.00000e+00    0.00000e+00    7.67472959E+10
    -3.31341202813469e-03    -4.02365330809644e-04    -3.50590623362913e-04    2.5088995E+03    93.58    93.58    0.0397873275263655    0.00000e+00    0.00000e+00    7.67975232E+10
    -3.32715916246939e-03    -4.04169147984127e-04    -3.51995002545530e-04    2.4873219E+03    93.22    93.22    0.0395872702280380    0.00000e+00    0.00000e+00    7.68477505E+10
    -3.34090576350904e-03    -4.05973508149933e-04    -3.53399439905789e-04    2.4660470E+03    92.88    92.88    0.0393604919343758    0.00000e+00    0.00000e+00    7.68979778E+10
    -3.35465183125364e-03    -4.07778391914515e-04    -3.54803940291827e-04    2.4450679E+03    92.53    92.53    0.0391411125632663    0.00000e+00    0.00000e+00    7.69482051E+10
    -3.36839736570320e-03    -4.09583794429736e-04    -3.56208508551780e-04    2.4243808E+03    92.19    92.19    0.0389080197872097    0.00000e+00    0.00000e+00    7.69984324E+10
    -3.38214236685770e-03    -4.11389691454911e-04    -3.57613149533785e-04    2.4039805E+03    91.85    91.85    0.0386910724103686    0.00000e+00    0.00000e+00    7.70486596E+10
    -3.39588688319853e-03    -4.13196078141904e-04    -3.59017872934116e-04    2.3838612E+03    91.51    91.51    0.0385886997888894    0.00000e+00    0.00000e+00    7.70988869E+10
    -3.40963081776293e-03    -4.15002930250032e-04    -3.60422683600909e-04    2.3640180E+03    91.18    91.18    0.0385168236269899    0.00000e+00    0.00000e+00    7.71491142E+10
    -3.42337426751366e-03    -4.16810223538609e-04    -3.61827581534165e-04    2.3444468E+03    90.85    90.85    0.0384153947006756    0.00000e+00    0.00000e+00    7.71993415E+10
    -3.43711713548797e-03    -4.18617948311362e-04    -3.63232581278294e-04    2.3251421E+03    90.53    90.53    0.0380508712494615    0.00000e+00    0.00000e+00    7.72495688E+10
    -3.45085942168586e-03    -4.20426090023880e-04    -3.64637682833296e-04    2.3060992E+03    90.20    90.20    0.0378883888815420    0.00000e+00    0.00000e+00    7.72997961E+10
    -3.46460117458870e-03    -4.22234624435481e-04    -3.66042886199171e-04    2.2873130E+03    89.88    89.88    0.0377699275409485    0.00000e+00    0.00000e+00    7.73500234E+10
    -3.47834239419649e-03    -4.24043551546163e-04    -3.67448201072193e-04    2.2687790E+03    89.57    89.57    0.0376337411228073    0.00000e+00    0.00000e+00    7.74002507E+10
    -3.49208298354650e-03    -4.25852856811517e-04    -3.68853632300498e-04    2.2504922E+03    89.25    89.25    0.0374455881065565    0.00000e+00    0.00000e+00    7.74504779E+10
    -3.50582303960145e-03    -4.27662520838994e-04    -3.70259189580361e-04    2.2324492E+03    88.94    88.94    0.0372323737463743    0.00000e+00    0.00000e+00    7.75007052E+10
    -3.51956256236136e-03    -4.29472538780459e-04    -3.71664877759917e-04    2.2146443E+03    88.63    88.63    0.0370591355388413    0.00000e+00    0.00000e+00    7.75509325E+10
    -3.53330150334485e-03    -4.31282886395227e-04    -3.73070706535441e-04    2.1970738E+03    88.32    88.32    0.0368254446249209    0.00000e+00    0.00000e+00    7.76011598E+10
    -3.54703995951466e-03    -4.33093544290751e-04    -3.74476675906932e-04    2.1797328E+03    88.02    88.02    0.0367230104268194    0.00000e+00    0.00000e+00    7.76513871E+10
    -3.56077783390805e-03    -4.34904493074483e-04    -3.75882795570664e-04    2.1626177E+03    87.72    87.72    0.0365981162731816    0.00000e+00    0.00000e+00    7.77016144E+10
    -3.57451517500640e-03    -4.36715713353877e-04    -3.77289070374775e-04    2.1457234E+03    87.42    87.42    0.0365865945483870    0.00000e+00    0.00000e+00    7.77518417E+10
    -3.58825198280969e-03    -4.38527190584522e-04    -3.78695505167400e-04    2.1290470E+03    87.12    87.12    0.0364849315412062    0.00000e+00    0.00000e+00    7.78020690E+10
    -3.60198825731793e-03    -4.40338905373871e-04    -3.80102104796676e-04    2.1125828E+03    86.83    86.83    0.0362084173342224    0.00000e+00    0.00000e+00    7.78522962E+10
    -3.61572399853113e-03    -4.42150838329376e-04    -3.81508874110742e-04    2.0963289E+03    86.54    86.54    0.0359479625272365    0.00000e+00    0.00000e+00    7.79025235E+10
    -3.62945915796791e-03    -4.43962979754764e-04    -3.82915817957732e-04    2.0802792E+03    86.25    86.25    0.0359313026179582    0.00000e+00    0.00000e+00    7.79527508E+10
    -3.64319383259100e-03    -4.45775319953761e-04    -3.84322946033921e-04    2.0644317E+03    85.96    85.96    0.0357502962090809    0.00000e+00    0.00000e+00    7.80029781E+10
    -3.65692797391905e-03    -4.47587834685684e-04    -3.85730258339309e-04    2.0487808E+03    85.68    85.68    0.0355506688712142    0.00000e+00    0.00000e+00    7.80532054E+10
    -3.67066158195205e-03    -4.49400514254258e-04    -3.87137764570169e-04    2.0333246E+03    85.40    85.40    0.0353510789364654    0.00000e+00    0.00000e+00    7.81034327E+10
    -3.68439475365274e-03    -4.51213339266936e-04    -3.88545474422776e-04    2.0180582E+03    85.12    85.12    0.0351536683449949    0.00000e+00    0.00000e+00    7.81536600E+10
    -3.69812739205837e-03    -4.53026290331172e-04    -3.89953392745265e-04    2.0029787E+03    84.84    84.84    0.0349924256790861    0.00000e+00    0.00000e+00    7.82038873E+10
    -3.71185954565033e-03    -4.54839348054417e-04    -3.91361529233911e-04    1.9880819E+03    84.56    84.56    0.0348918993192187    0.00000e+00    0.00000e+00    7.82541145E+10
    -3.72559121442860e-03    -4.56652493044125e-04    -3.92769888736850e-04    1.9733651E+03    84.29    84.29    0.0347881618441278    0.00000e+00    0.00000e+00    7.83043418E+10
    -3.73932239839319e-03    -4.58465705907749e-04    -3.94178471254083e-04    1.9588244E+03    84.02    84.02    0.0347748714544131    0.00000e+00    0.00000e+00    7.83545691E+10
    -3.75305304906274e-03    -4.60278972100877e-04    -3.95587291330019e-04    1.9444564E+03    83.75    83.75    0.0346648968598985    0.00000e+00    0.00000e+00    7.84047964E+10
    -3.76678326339997e-03    -4.62092272230963e-04    -3.96996344116522e-04    1.9302581E+03    83.49    83.49    0.0345406697816334    0.00000e+00    0.00000e+00    7.84550237E+10
    -3.78051299292352e-03    -4.63905596601733e-04    -3.98405644158002e-04    1.9162269E+03    83.22    83.22    0.0343566975467669    0.00000e+00    0.00000e+00    7.85052510E+10
    -3.79424228611476e-03    -4.65718935516913e-04    -3.99815191454460e-04    1.9023587E+03    82.96    82.96    0.0342297298954446    0.00000e+00    0.00000e+00    7.85554783E+10
    -3.80797104601094e-03    -4.67532264735820e-04    -4.01224995702169e-04    1.8886509E+03    82.70    82.70    0.0340622983013697    0.00000e+00    0.00000e+00    7.86057056E+10
    -3.82169941805619e-03    -4.69345569714042e-04    -4.02635066597403e-04    1.8751003E+03    82.44    82.44    0.0338521456466991    0.00000e+00    0.00000e+00    7.86559329E+10
    -3.83542730528775e-03    -4.71158831059034e-04    -4.04045399292024e-04    1.8617045E+03    82.18    82.18    0.0336685046921672    0.00000e+00    0.00000e+00    7.87061601E+10
    -3.84915480466836e-03    -4.72972034226383e-04    -4.05456013178580e-04    1.8484602E+03    81.93    81.93    0.0334590189420719    0.00000e+00    0.00000e+00    7.87563874E+10
    -3.86288186771667e-03    -4.74785154975407e-04    -4.06866898560798e-04    1.8353647E+03    81.67    81.67    0.0333511499042724    0.00000e+00    0.00000e+00    7.88066147E+10
    -3.87660849443266e-03    -4.76598173913558e-04    -4.08278069983088e-04    1.8224159E+03    81.42    81.42    0.0332257263666165    0.00000e+00    0.00000e+00    7.88568420E+10
    -3.89033473329770e-03    -4.78411076496425e-04    -4.09689527445449e-04    1.8096106E+03    81.17    81.17    0.0331758291768790    0.00000e+00    0.00000e+00    7.89070693E+10
    -3.90406053583044e-03    -4.80223838483325e-04    -4.11101275796019e-04    1.7969463E+03    80.93    80.93    0.0331486802005203    0.00000e+00    0.00000e+00    7.89572966E+10
    -3.91778590203086e-03    -4.82036455026121e-04    -4.12513315034798e-04    1.7844205E+03    80.68    80.68    0.0330977697042376    0.00000e+00    0.00000e+00    7.90075239E+10
    -3.93151088038033e-03    -4.83848901884128e-04    -4.13925650009922e-04    1.7720314E+03    80.43    80.43    0.0326954804752508    0.00000e+00    0.00000e+00    7.90577512E+10
    -3.94523547087886e-03    -4.85661183905484e-04    -4.15338290417665e-04    1.7597765E+03    80.19    80.19    0.0325300797524090    0.00000e+00    0.00000e+00    7.91079784E+10
    -3.95895967352645e-03    -4.87473223519999e-04    -4.16751231409891e-04    1.7476524E+03    79.95    79.95    0.0323856627837393    0.00000e+00    0.00000e+00    7.91582057E+10
    -3.97268348832309e-03    -4.89285117690409e-04    -4.18164487531009e-04    1.7356584E+03    79.71    79.71    0.0322429499841940    0.00000e+00    0.00000e+00    7.92084330E+10
    -3.98640696375015e-03    -4.91096720972611e-04    -4.19578053932884e-04    1.7237913E+03    79.47    79.47    0.0321002438019861    0.00000e+00    0.00000e+00    7.92586603E+10
    -4.00013005132627e-03    -4.92908081847973e-04    -4.20991930615514e-04    1.7120494E+03    79.24    79.24    0.0319588944595007    0.00000e+00    0.00000e+00    7.93088876E+10
    -4.01385284801418e-03    -4.94719200316494e-04    -4.22406132123310e-04    1.7004299E+03    79.00    79.00    0.0318339897945605    0.00000e+00    0.00000e+00    7.93591149E+10
    -4.02757525685114e-03    -4.96529979415438e-04    -4.23820643911863e-04    1.6889318E+03    78.77    78.77    0.0317184962135508    0.00000e+00    0.00000e+00    7.94093422E+10
    -4.04129732631853e-03    -4.98340467626173e-04    -4.25235480525582e-04    1.6775521E+03    78.53    78.53    0.0316127605732033    0.00000e+00    0.00000e+00    7.94595695E+10
    -4.05501905641634e-03    -5.00150664948700e-04    -4.26650637116330e-04    1.6662892E+03    78.30    78.30    0.0315339335741541    0.00000e+00    0.00000e+00    7.95097967E+10
    -4.06874044714458e-03    -5.01960474420282e-04    -4.28066113684108e-04    1.6551411E+03    78.07    78.07    0.0314601197305431    0.00000e+00    0.00000e+00    7.95600240E+10
    -4.08246154698460e-03    -5.03769944522287e-04    -4.29481910228915e-04    1.6441063E+03    77.85    77.85    0.0313347553843197    0.00000e+00    0.00000e+00    7.96102513E+10
    -4.09618235593642e-03    -5.05579026773347e-04    -4.30898031598889e-04    1.6331825E+03    77.62    77.62    0.0311956786092469    0.00000e+00    0.00000e+00    7.96604786E+10
    -4.10990282551866e-03    -5.07387721173463e-04    -4.32314482642166e-04    1.6223679E+03    77.40    77.40    0.0310399336153036    0.00000e+00    0.00000e+00    7.97107059E+10
    -4.12362305269406e-03    -5.09196027722633e-04    -4.33731253662472e-04    1.6116609E+03    77.17    77.17    0.0308991478206474    0.00000e+00    0.00000e+00    7.97609332E+10
    -4.13734298898125e-03    -5.11003897939490e-04    -4.35148354356082e-04    1.6010594E+03    76.95    76.95    0.0307726051508250    0.00000e+00    0.00000e+00    7.98111605E+10
    -4.15106263438023e-03    -5.12811331824035e-04    -4.36565779874858e-04    1.5905625E+03    76.73    76.73    0.0306349919829182    0.00000e+00    0.00000e+00    7.98613878E+10
    -4.16478203737237e-03    -5.14618329376266e-04    -4.37983530218800e-04    1.5801676E+03    76.51    76.51    0.0305160058640988    0.00000e+00    0.00000e+00    7.99116151E+10
    -4.17850119795768e-03    -5.16424793633449e-04    -4.39401600539772e-04    1.5698739E+03    76.29    76.29    0.0304208591301404    0.00000e+00    0.00000e+00    7.99618423E+10
    -4.19222011613614e-03    -5.18230773076950e-04    -4.40819995685910e-04    1.5596792E+03    76.07    76.07    0.0303021401761606    0.00000e+00    0.00000e+00    8.00120696E+10
    -4.20593879190776e-03    -5.20036219225402e-04    -4.42238705960940e-04    1.5495820E+03    75.86    75.86    0.0302051750399014    0.00000e+00    0.00000e+00    8.00622969E+10
    -4.21965722527254e-03    -5.21841180560172e-04    -4.43657741061138e-04    1.5395811E+03    75.64    75.64    0.0301316614838661    0.00000e+00    0.00000e+00    8.01125242E+10
    -4.23337541623048e-03    -5.23645560118526e-04    -4.45077086442091e-04    1.5296752E+03    75.43    75.43    0.0300875784843765    0.00000e+00    0.00000e+00    8.01627515E+10
    -4.24709341326294e-03    -5.25449406381830e-04    -4.46496746951937e-04    1.5198620E+03    75.22    75.22    0.0299747283207187    0.00000e+00    0.00000e+00    8.02129788E+10
    -4.26081116788857e-03    -5.27252670868717e-04    -4.47916722590675e-04    1.5101409E+03    75.01    75.01    0.0297869233804175    0.00000e+00    0.00000e+00    8.02632061E+10
    -4.27452877707009e-03    -5.29055353579187e-04    -4.49337008510170e-04    1.5005099E+03    74.80    74.80    0.0296716692093135    0.00000e+00    0.00000e+00    8.03134334E+10
    -4.28824619232614e-03    -5.30857454513239e-04    -4.50757604710420e-04    1.4909680E+03    74.59    74.59    0.0295547459154554    0.00000e+00    0.00000e+00    8.03636606E+10
