    -1.35288741243480e-05    2.82586986410924e-05    -1.25843465360274e-05    6.8114243E+06    540.67    540.67    1.5094976686583883    0.00000e+00    0.00000e+00    6.96150210E+10
    1.15531143841634e-06    3.40793236999390e-05    -9.43301736927984e-06    1.6147247E+07    13587.21    13587.21    0.8732569134593340    0.00000e+00    0.00000e+00    6.96652483E+10
    -4.58123330486149e-06    3.74938485178873e-05    -5.33402338488119e-06    1.5332260E+07    12457.79    12457.79    0.8113593605187260    0.00000e+00    0.00000e+00    6.97154756E+10
    -1.58110191425151e-05    4.26232359264816e-05    -3.42452807559333e-06    8.2710465E+06    7847.13    7847.13    0.7528156311804680    0.00000e+00    0.00000e+00    6.97657029E+10
    -3.08279217172053e-05    5.32058871296396e-05    -3.24018126097267e-06    4.0116842E+06    4825.23    4825.23    0.6378566579215280    0.00000e+00    0.00000e+00    6.98159302E+10
    -4.82570036115413e-05    6.59613253833579e-05    -4.57103389160104e-06    1.7567351E+06    2964.06    2964.06    0.5337697601240845    0.00000e+00    0.00000e+00    6.98661575E+10
    -6.57858567677539e-05    7.91204292042416e-05    -5.49824868640655e-06    1.2792601E+06    2674.54    2674.54    0.4883756217125352    0.00000e+00    0.00000e+00    6.99163848E+10
    -8.31617390872345e-05    9.12908330926914e-05    -4.64299958594357e-06    1.2965896E+06    2973.60    2973.60    0.4528959086474837    0.00000e+00    0.00000e+00    6.99666120E+10
    -1.00060458085493e-04    1.02318051169222e-04    -3.69466364071369e-06    1.3694674E+06    3171.12    3171.12    0.4244011373939814    0.00000e+00    0.00000e+00    7.00168393E+10
    -1.16384808619468e-04    1.12767807670182e-04    -3.67888237361715e-06    1.3129388E+06    3065.11    3065.11    0.3948474546572598    0.00000e+00    0.00000e+00    7.00670666E+10
    -1.32281897704418e-04    1.23197866191280e-04    -3.68854926753027e-06    1.2009844E+06    2815.10    2815.10    0.3817168824381049    0.00000e+00    0.00000e+00    7.01172939E+10
    -1.47632708429767e-04    1.33460940336192e-04    -3.47362253908542e-06    1.1043663E+06    2535.22    2535.22    0.3699378053379113    0.00000e+00    0.00000e+00    7.01675212E+10
    -1.62387789800043e-04    1.43338388831014e-04    -3.35062220538037e-06    1.0068448E+06    2234.81    2234.81    0.3576723258700829    0.00000e+00    0.00000e+00    7.02177485E+10
    -1.76591570140981e-04    1.52724924688617e-04    -3.37913089819612e-06    9.0473617E+05    1956.94    1956.94    0.3436775718638683    0.00000e+00    0.00000e+00    7.02679758E+10
    -1.90414708716470e-04    1.61662513381240e-04    -3.49023545557052e-06    8.2302665E+05    1739.55    1739.55    0.3380151159772781    0.00000e+00    0.00000e+00    7.03182031E+10
    -2.04015982007073e-04    1.70210321570524e-04    -3.70589677370499e-06    7.6889448E+05    1581.09    1581.09    0.3296371119428766    0.00000e+00    0.00000e+00    7.03684303E+10
    -2.17370698452011e-04    1.78389705299122e-04    -4.14765119443174e-06    7.2968650E+05    1457.00    1457.00    0.3224764191744463    0.00000e+00    0.00000e+00    7.04186576E+10
    -2.30367738755573e-04    1.86272087318536e-04    -4.89521658285423e-06    6.9160080E+05    1348.80    1348.80    0.3173278271146373    0.00000e+00    0.00000e+00    7.04688849E+10
    -2.42967372436593e-04    1.93970594053115e-04    -5.88344527639011e-06    6.4749196E+05    1251.25    1251.25    0.3162008939279339    0.00000e+00    0.00000e+00    7.05191122E+10
    -2.55196802390718e-04    2.01597072019092e-04    -6.96127093189080e-06    5.9910665E+05    1163.72    1163.72    0.3169988880719670    0.00000e+00    0.00000e+00    7.05693395E+10
    -2.67119660413593e-04    2.09238777982793e-04    -7.99928805122191e-06    5.4847551E+05    1083.40    1083.40    0.3141793926050407    0.00000e+00    0.00000e+00    7.06195668E+10
    -2.78820687088540e-04    2.16941856510385e-04    -8.95009397671295e-06    4.9722770E+05    1008.34    1008.34    0.3120952273169343    0.00000e+00    0.00000e+00    7.06697941E+10
    -2.90362113099666e-04    2.24709323142966e-04    -9.83076578546731e-06    4.4763630E+05    938.99    938.99    0.3140485451028788    0.00000e+00    0.00000e+00    7.07200214E+10
    -3.01788992182355e-04    2.32516675397091e-04    -1.06949597468281e-05    4.0165430E+05    876.12    876.12    0.3162266926810543    0.00000e+00    0.00000e+00    7.07702487E+10
    -3.13141258439522e-04    2.40327178940144e-04    -1.16061607578957e-05    3.5992220E+05    819.48    819.48    0.3188159357298014    0.00000e+00    0.00000e+00    7.08204759E+10
    -3.24447583752267e-04    2.48103503118678e-04    -1.26083089370299e-05    3.2220921E+05    768.32    768.32    0.3139024592900939    0.00000e+00    0.00000e+00    7.08707032E+10
    -3.35726444369978e-04    2.55816302160577e-04    -1.37184459699355e-05    2.8818744E+05    721.87    721.87    0.3090132467411427    0.00000e+00    0.00000e+00    7.09209305E+10
    -3.46988593460100e-04    2.63448384572707e-04    -1.49328227924164e-05    2.5763450E+05    679.65    679.65    0.3009457265032391    0.00000e+00    0.00000e+00    7.09711578E+10
    -3.58238127698240e-04    2.70991440648576e-04    -1.62333597326768e-05    2.3041708E+05    641.34    641.34    0.2946487031988243    0.00000e+00    0.00000e+00    7.10213851E+10
    -3.69474605903947e-04    2.78444166239380e-04    -1.75942617939995e-05    2.0638313E+05    606.68    606.68    0.2860810579315076    0.00000e+00    0.00000e+00    7.10716124E+10
    -3.80694256226784e-04    2.85809256909187e-04    -1.89879964074343e-05    1.8529721E+05    575.38    575.38    0.2813624479694767    0.00000e+00    0.00000e+00    7.11218397E+10
    -3.91891711779299e-04    2.93091924405068e-04    -2.03894279228704e-05    1.6686351E+05    547.13    547.13    0.2745616125776004    0.00000e+00    0.00000e+00    7.11720670E+10
    -4.03061334178381e-04    3.00299111258938e-04    -2.17779178219030e-05    1.5076901E+05    521.59    521.59    0.2684515784654509    0.00000e+00    0.00000e+00    7.12222942E+10
    -4.14198037728517e-04    3.07438986581322e-04    -2.31377557171956e-05    1.3671526E+05    498.43    498.43    0.2672354088212552    0.00000e+00    0.00000e+00    7.12725215E+10
    -4.25297798476151e-04    3.14520858794898e-04    -2.44579048252979e-05    1.2442959E+05    477.37    477.37    0.2629193704166854    0.00000e+00    0.00000e+00    7.13227488E+10
    -4.36358323252574e-04    3.21554647187582e-04    -2.57314284320606e-05    1.1366907E+05    458.19    458.19    0.2558848015110726    0.00000e+00    0.00000e+00    7.13729761E+10
    -4.47379146636650e-04    3.28550707379602e-04    -2.69547258262739e-05    1.0422198E+05    440.62    440.62    0.2515946064768697    0.00000e+00    0.00000e+00    7.14232034E+10
    -4.58360981304492e-04    3.35519569524111e-04    -2.81266693313158e-05    9.5905187E+04    424.52    424.52    0.2450791149213817    0.00000e+00    0.00000e+00    7.14734307E+10
    -4.69304952023839e-04    3.42471288656857e-04    -2.92478819327663e-05    8.8562861E+04    409.70    409.70    0.2404070868660398    0.00000e+00    0.00000e+00    7.15236580E+10
    -4.80212057510874e-04    3.49414654449877e-04    -3.03202776750386e-05    8.2065544E+04    396.06    396.06    0.2365513053446307    0.00000e+00    0.00000e+00    7.15738853E+10
    -4.91083097708172e-04    3.56356939108388e-04    -3.13468236178610e-05    7.6308951E+04    383.52    383.52    0.2326467285533617    0.00000e+00    0.00000e+00    7.16241125E+10
    -5.01918974369179e-04    3.63303911915196e-04    -3.23314995967417e-05    7.1211885E+04    371.96    371.96    0.2300202463189514    0.00000e+00    0.00000e+00    7.16743398E+10
    -5.12721107997980e-04    3.70259931345293e-04    -3.32787372935398e-05    6.6713755E+04    361.41    361.41    0.2255236048523022    0.00000e+00    0.00000e+00    7.17245671E+10
    -5.23491243923829e-04    3.77228570475509e-04    -3.41931211064238e-05    6.2769074E+04    351.97    351.97    0.2213992337040917    0.00000e+00    0.00000e+00    7.17747944E+10
    -5.34232581917019e-04    3.84213174520244e-04    -3.50792102232509e-05    5.9341925E+04    343.76    343.76    0.2160219567867012    0.00000e+00    0.00000e+00    7.18250217E+10
    -5.44950551890780e-04    3.91217219593592e-04    -3.59415497722814e-05    5.6401506E+04    336.88    336.88    0.2105472931345221    0.00000e+00    0.00000e+00    7.18752490E+10
    -5.55654025935476e-04    3.98245418084533e-04    -3.67847193035473e-05    5.3922054E+04    331.37    331.37    0.2082826369368706    0.00000e+00    0.00000e+00    7.19254763E+10
    -5.66355415281343e-04    4.05304091963468e-04    -3.76131708610820e-05    5.1876650E+04    327.30    327.30    0.2041614355590599    0.00000e+00    0.00000e+00    7.19757036E+10
    -5.77069312820183e-04    4.12401201871041e-04    -3.84312110448148e-05    5.0230671E+04    324.64    324.64    0.2013426867406409    0.00000e+00    0.00000e+00    7.20259308E+10
    -5.87811426515263e-04    4.19545770189859e-04    -3.92429171378040e-05    4.8940112E+04    323.21    323.21    0.1982819077156368    0.00000e+00    0.00000e+00    7.20761581E+10
    -5.98597270404379e-04    4.26747003531724e-04    -4.00521070477882e-05    4.7956375E+04    322.74    322.74    0.1970374443260887    0.00000e+00    0.00000e+00    7.21263854E+10
    -6.09441485860701e-04    4.34013420073015e-04    -4.08622937347008e-05    4.7223566E+04    322.94    322.94    0.1933082418240262    0.00000e+00    0.00000e+00    7.21766127E+10
    -6.20357017409514e-04    4.41351773268308e-04    -4.16765892175608e-05    4.6681095E+04    323.44    323.44    0.1918175801696889    0.00000e+00    0.00000e+00    7.22268400E+10
    -6.31353270436232e-04    4.48766048286064e-04    -4.24977719635746e-05    4.6270334E+04    323.92    323.92    0.1884938817324428    0.00000e+00    0.00000e+00    7.22770673E+10
    -6.42436305111868e-04    4.56257447464210e-04    -4.33285802004132e-05    4.5938058E+04    324.16    324.16    0.1858365542482945    0.00000e+00    0.00000e+00    7.23272946E+10
    -6.53608012209780e-04    4.63824322436231e-04    -4.41715019918880e-05    4.5639143E+04    324.00    324.00    0.1827919559101623    0.00000e+00    0.00000e+00    7.23775219E+10
    -6.64866840326187e-04    4.71462411689871e-04    -4.50284508975983e-05    4.5339190E+04    323.37    323.37    0.1785935093679457    0.00000e+00    0.00000e+00    7.24277492E+10
    -6.76208862470272e-04    4.79165722928030e-04    -4.59005909551925e-05    4.5014171E+04    322.26    322.26    0.1765164221733814    0.00000e+00    0.00000e+00    7.24779764E+10
    -6.87628939617015e-04    4.86927226352333e-04    -4.67884462482598e-05    4.4648635E+04    320.69    320.69    0.1725461924432059    0.00000e+00    0.00000e+00    7.25282037E+10
    -6.99121157039508e-04    4.94739417046996e-04    -4.76920458656212e-05    4.4233821E+04    318.72    318.72    0.1691931829904291    0.00000e+00    0.00000e+00    7.25784310E+10
    -7.10679260641264e-04    5.02594756159277e-04    -4.86108327563571e-05    4.3765596E+04    316.39    316.39    0.1651743522003909    0.00000e+00    0.00000e+00    7.26286583E+10
    -7.22296705437587e-04    5.10485486670280e-04    -4.95436870008640e-05    4.3242642E+04    313.75    313.75    0.1634057823503634    0.00000e+00    0.00000e+00    7.26788856E+10
    -7.33967382776097e-04    5.18403997005210e-04    -5.04890155013859e-05    4.2665395E+04    310.85    310.85    0.1601209836293435    0.00000e+00    0.00000e+00    7.27291129E+10
    -7.45685523373987e-04    5.26342821033379e-04    -5.14447917367356e-05    4.2035054E+04    307.72    307.72    0.1592138023463621    0.00000e+00    0.00000e+00    7.27793402E+10
    -7.57446569982655e-04    5.34295219844619e-04    -5.24088534378956e-05    4.1352975E+04    304.39    304.39    0.1586457180011672    0.00000e+00    0.00000e+00    7.28295675E+10
    -7.69246498648548e-04    5.42255181749284e-04    -5.33790819690792e-05    4.0620652E+04    300.90    300.90    0.1568029183145990    0.00000e+00    0.00000e+00    7.28797947E+10
    -7.81082303526843e-04    5.50217907091931e-04    -5.43533102131320e-05    3.9840537E+04    297.25    297.25    0.1542970603902734    0.00000e+00    0.00000e+00    7.29300220E+10
    -7.92951318142294e-04    5.58179662807216e-04    -5.53294534712252e-05    3.9016563E+04    293.48    293.48    0.1510968136766545    0.00000e+00    0.00000e+00    7.29802493E+10
    -8.04851457796073e-04    5.66137200643476e-04    -5.63056306662761e-05    3.8154123E+04    289.59    289.59    0.1501178418233980    0.00000e+00    0.00000e+00    7.30304766E+10
    -8.16780589307982e-04    5.74088096532304e-04    -5.72801934317688e-05    3.7259955E+04    285.63    285.63    0.1476412633828061    0.00000e+00    0.00000e+00    7.30807039E+10
    -8.28736773423296e-04    5.82030508181713e-04    -5.82517455043019e-05    3.6341655E+04    281.60    281.60    0.1440366128134709    0.00000e+00    0.00000e+00    7.31309312E+10
    -8.40717828480452e-04    5.89962884187923e-04    -5.92189875832099e-05    3.5407238E+04    277.52    277.52    0.1419951747222679    0.00000e+00    0.00000e+00    7.31811585E+10
    -8.52721330411043e-04    5.97884109479467e-04    -6.01806979380165e-05    3.4464488E+04    273.41    273.41    0.1390081518557249    0.00000e+00    0.00000e+00    7.32313858E+10
    -8.64744564258455e-04    6.05793262910352e-04    -6.11358487637176e-05    3.3520588E+04    269.31    269.31    0.1363762793546290    0.00000e+00    0.00000e+00    7.32816130E+10
    -8.76784475696497e-04    6.13689762704160e-04    -6.20837516248862e-05    3.2581794E+04    265.23    265.23    0.1356317656035022    0.00000e+00    0.00000e+00    7.33318403E+10
    -8.88838107361715e-04    6.21573124047209e-04    -6.30240138224404e-05    3.1653415E+04    261.21    261.21    0.1343381990734121    0.00000e+00    0.00000e+00    7.33820676E+10
    -9.00902453409285e-04    6.29443153014028e-04    -6.39564899122761e-05    3.0739796E+04    257.24    257.24    0.1336505107103247    0.00000e+00    0.00000e+00    7.34322949E+10
    -9.12974604957121e-04    6.37299607197777e-04    -6.48812623127189e-05    2.9844281E+04    253.34    253.34    0.1319691934548674    0.00000e+00    0.00000e+00    7.34825222E+10
    -9.25051750085873e-04    6.45142583561190e-04    -6.57985734306094e-05    2.8969402E+04    249.53    249.53    0.1281371911936042    0.00000e+00    0.00000e+00    7.35327495E+10
    -9.37131416245766e-04    6.52971839697428e-04    -6.67088159650294e-05    2.8116980E+04    245.80    245.80    0.1280871492354743    0.00000e+00    0.00000e+00    7.35829768E+10
    -9.49211227849764e-04    6.60787424087858e-04    -6.76125619961225e-05    2.7288301E+04    242.16    242.16    0.1265043238235417    0.00000e+00    0.00000e+00    7.36332041E+10
    -9.61289003236301e-04    6.68589579139322e-04    -6.85104466298110e-05    2.6484132E+04    238.60    238.60    0.1243131905579377    0.00000e+00    0.00000e+00    7.36834314E+10
    -9.73362560743812e-04    6.76378692702764e-04    -6.94031776940693e-05    2.5705009E+04    235.14    235.14    0.1230319095901139    0.00000e+00    0.00000e+00    7.37336586E+10
    -9.85429912636205e-04    6.84155298073234e-04    -7.02914630168718e-05    2.4951331E+04    231.77    231.77    0.1205218762864031    0.00000e+00    0.00000e+00    7.37838859E+10
    -9.97488877251915e-04    6.91919783101675e-04    -7.11760104261929e-05    2.4223362E+04    228.50    228.50    0.1183873923683993    0.00000e+00    0.00000e+00    7.38341132E+10
    -1.00953741837348e-03    6.99672535639034e-04    -7.20574598760918e-05    2.3521104E+04    225.32    225.32    0.1171183456147341    0.00000e+00    0.00000e+00    7.38843405E+10
    -1.02157340282071e-03    7.07413943536255e-04    -7.29364076873962e-05    2.2844290E+04    222.23    222.23    0.1164682825108880    0.00000e+00    0.00000e+00    7.39345678E+10
    -1.03359493982024e-03    7.15144152237442e-04    -7.38134307883865e-05    2.2192501E+04    219.23    219.23    0.1151639624445416    0.00000e+00    0.00000e+00    7.39847951E+10
    -1.04560023556145e-03    7.22863501112173e-04    -7.46890576259752e-05    2.1565138E+04    216.33    216.33    0.1136897058512685    0.00000e+00    0.00000e+00    7.40350224E+10
    -1.05758778712193e-03    7.30572087123182e-04    -7.55637972545276e-05    2.0961365E+04    213.51    213.51    0.1121221239092318    0.00000e+00    0.00000e+00    7.40852497E+10
    -1.06955623702338e-03    7.38270298121416e-04    -7.64381344877245e-05    2.0380231E+04    210.77    210.77    0.1125844687701773    0.00000e+00    0.00000e+00    7.41354769E+10
    -1.08150451867569e-03    7.45958424995083e-04    -7.73125202022897e-05    1.9820736E+04    208.10    208.10    0.1109278162530217    0.00000e+00    0.00000e+00    7.41857042E+10
    -1.09343156548877e-03    7.53636807113760e-04    -7.81873761861254e-05    1.9281857E+04    205.52    205.52    0.1098312557680540    0.00000e+00    0.00000e+00    7.42359315E+10
    -1.10533655327936e-03    7.61305735365655e-04    -7.90631096827240e-05    1.8762580E+04    203.00    203.00    0.1085581161230647    0.00000e+00    0.00000e+00    7.42861588E+10
    -1.11721846393873e-03    7.68965403676241e-04    -7.99401036948935e-05    1.8261958E+04    200.55    200.55    0.1059007672737873    0.00000e+00    0.00000e+00    7.43363861E+10
    -1.12907657024635e-03    7.76615860526885e-04    -8.08186878959370e-05    1.7779083E+04    198.16    198.16    0.1045289654786455    0.00000e+00    0.00000e+00    7.43866134E+10
    -1.14091009650035e-03    7.84257154398957e-04    -8.16991434777896e-05    1.7313190E+04    195.83    195.83    0.1031582862043797    0.00000e+00    0.00000e+00    7.44368407E+10
    -1.15271846092429e-03    7.91889333773824e-04    -8.25817176954287e-05    1.6863537E+04    193.56    193.56    0.1020262273468451    0.00000e+00    0.00000e+00    7.44870680E+10
    -1.16450117870450e-03    7.99512301688750e-04    -8.34666093224634e-05    1.6429417E+04    191.35    191.35    0.1015494925481807    0.00000e+00    0.00000e+00    7.45372952E+10
    -1.17625786199004e-03    8.07125912699630e-04    -8.43539734992718e-05    1.6010166E+04    189.19    189.19    0.1001397627211044    0.00000e+00    0.00000e+00    7.45875225E+10
    -1.18798821989270e-03    8.14730215287833e-04    -8.52439168848637e-05    1.5605170E+04    187.09    187.09    0.1014464374687675    0.00000e+00    0.00000e+00    7.46377498E+10
    -1.19969220393110e-03    8.22325160971991e-04    -8.61365364419754e-05    1.5213870E+04    185.03    185.03    0.1001183159760563    0.00000e+00    0.00000e+00    7.46879771E+10
    -1.21136981410525e-03    8.29910798233471e-04    -8.70319436777534e-05    1.4835746E+04    183.02    183.02    0.0989477551219821    0.00000e+00    0.00000e+00    7.47382044E+10
    -1.22302109889651e-03    8.37487175553642e-04    -8.79302646437548e-05    1.4470333E+04    181.07    181.07    0.0977254078556514    0.00000e+00    0.00000e+00    7.47884317E+10
    -1.23464605830489e-03    8.45054341413872e-04    -8.88316059989896e-05    1.4117219E+04    179.15    179.15    0.0963843207947142    0.00000e+00    0.00000e+00    7.48386590E+10
    -1.24624474081176e-03    8.52612489739634e-04    -8.97360744024676e-05    1.3776037E+04    177.29    177.29    0.0948662232472891    0.00000e+00    0.00000e+00    7.48888863E+10
    -1.25781738882395e-03    8.60161620530927e-04    -9.06437377281040e-05    1.3446483E+04    175.47    175.47    0.0938586166522773    0.00000e+00    0.00000e+00    7.49391135E+10
    -1.26936419626693e-03    8.67701927713223e-04    -9.15546590016776e-05    1.3128310E+04    173.70    173.70    0.0923663684083828    0.00000e+00    0.00000e+00    7.49893408E+10
    -1.28088540554756e-03    8.75233459767892e-04    -9.24688576157354e-05    1.2821300E+04    171.96    171.96    0.0919997353274639    0.00000e+00    0.00000e+00    7.50395681E+10
    -1.29238145299813e-03    8.82756313657668e-04    -9.33863675072352e-05    1.2525264E+04    170.28    170.28    0.0912541393261563    0.00000e+00    0.00000e+00    7.50897954E+10
    -1.30385292039507e-03    8.90270683308026e-04    -9.43071838280401e-05    1.2240027E+04    168.64    168.64    0.0904969137465867    0.00000e+00    0.00000e+00    7.51400227E+10
    -1.31530053495890e-03    8.97776811125804e-04    -9.52312774893294e-05    1.1965426E+04    167.05    167.05    0.0910682673812127    0.00000e+00    0.00000e+00    7.51902500E+10
    -1.32672521783562e-03    9.05275133443317e-04    -9.61585854653244e-05    1.1701313E+04    165.51    165.51    0.0901941564832508    0.00000e+00    0.00000e+00    7.52404773E+10
    -1.33812784168984e-03    9.12766135074244e-04    -9.70890447302467e-05    1.1447528E+04    164.02    164.02    0.0892417394166203    0.00000e+00    0.00000e+00    7.52907046E+10
    -1.34950961855578e-03    9.20250349313637e-04    -9.80225777139071e-05    1.1203909E+04    162.58    162.58    0.0881579301902902    0.00000e+00    0.00000e+00    7.53409319E+10
    -1.36087151806079e-03    9.27728406419279e-04    -9.89591068461169e-05    1.0970275E+04    161.19    161.19    0.0876645052165505    0.00000e+00    0.00000e+00    7.53911591E+10
    -1.37221480072044e-03    9.35200936648956e-04    -9.98985351641396e-05    1.0746429E+04    159.85    159.85    0.0856993303617887    0.00000e+00    0.00000e+00    7.54413864E+10
    -1.38354072705031e-03    9.42668618741823e-04    -1.00840785097786e-04    1.0532168E+04    158.56    158.56    0.0849180912008480    0.00000e+00    0.00000e+00    7.54916137E+10
    -1.39485046060324e-03    9.50132034474295e-04    -1.01785754836184e-04    1.0327286E+04    157.33    157.33    0.0842595700446872    0.00000e+00    0.00000e+00    7.55418410E+10
    -1.40614535885752e-03    9.57591814104160e-04    -1.02733347416597e-04    1.0131563E+04    156.14    156.14    0.0834090079175293    0.00000e+00    0.00000e+00    7.55920683E+10
    -1.41742673081010e-03    9.65048684851937e-04    -1.03683480420699e-04    9.9447548E+03    155.01    155.01    0.0824349298052249    0.00000e+00    0.00000e+00    7.56422956E+10
    -1.42869593393928e-03    9.72503325456782e-04    -1.04636061733890e-04    9.7666006E+03    153.93    153.93    0.0831035013903606    0.00000e+00    0.00000e+00    7.56925229E+10
    -1.43995447116748e-03    9.79956366176479e-04    -1.05591004089708e-04    9.5968104E+03    152.90    152.90    0.0822317752295792    0.00000e+00    0.00000e+00    7.57427502E+10
    -1.45120379693574e-03    9.87408534231550e-04    -1.06548249310512e-04    9.4350717E+03    151.92    151.92    0.0818461934366731    0.00000e+00    0.00000e+00    7.57929774E+10
    -1.46244531720373e-03    9.94860605323884e-04    -1.07507724674248e-04    9.2810578E+03    150.99    150.99    0.0812572770913210    0.00000e+00    0.00000e+00    7.58432047E+10
    -1.47368048641249e-03    1.00231325819264e-03    -1.08469386547687e-04    9.1344130E+03    150.10    150.10    0.0803381173988352    0.00000e+00    0.00000e+00    7.58934320E+10
    -1.48491075900308e-03    1.00976726853970e-03    -1.09433186449459e-04    8.9947795E+03    149.26    149.26    0.0800956629382767    0.00000e+00    0.00000e+00    7.59436593E+10
    -1.49613734700970e-03    1.01722326662285e-03    -1.10399085594470e-04    8.8617823E+03    148.45    148.45    0.0783972061838093    0.00000e+00    0.00000e+00    7.59938866E+10
    -1.50736151094790e-03    1.02468183421851e-03    -1.11367050045763e-04    8.7350509E+03    147.68    147.68    0.0775197825134343    0.00000e+00    0.00000e+00    7.60441139E+10
    -1.51858446285191e-03    1.03214360158447e-03    -1.12337055562653e-04    8.6142078E+03    146.95    146.95    0.0771188377853040    0.00000e+00    0.00000e+00    7.60943412E+10
    -1.52980731779318e-03    1.03960905353440e-03    -1.13309087600731e-04    8.4988826E+03    146.24    146.24    0.0764169917003535    0.00000e+00    0.00000e+00    7.61445685E+10
    -1.54103114236181e-03    1.04707862640062e-03    -1.14283131615585e-04    8.3887100E+03    145.57    145.57    0.0757454152820615    0.00000e+00    0.00000e+00    7.61947957E+10
    -1.55225700314790e-03    1.05455275651545e-03    -1.15259197303489e-04    8.2833230E+03    144.92    144.92    0.0760691353637638    0.00000e+00    0.00000e+00    7.62450230E+10
    -1.56348591826018e-03    1.06203188021119e-03    -1.16237289512580e-04    8.1823606E+03    144.29    144.29    0.0752645835087610    0.00000e+00    0.00000e+00    7.62952503E+10
    -1.57471876036328e-03    1.06951633685742e-03    -1.17217447027953e-04    8.0854767E+03    143.69    143.69    0.0746564761027676    0.00000e+00    0.00000e+00    7.63454776E+10
    -1.58595649908456e-03    1.07700641734235e-03    -1.18199689242155e-04    7.9923237E+03    143.10    143.10    0.0741052562834997    0.00000e+00    0.00000e+00    7.63957049E+10
    -1.59719986164454e-03    1.08450246103557e-03    -1.19184059788416e-04    7.9025776E+03    142.53    142.53    0.0734190909071455    0.00000e+00    0.00000e+00    7.64459322E+10
    -1.60844957526374e-03    1.09200475882526e-03    -1.20170607148106e-04    7.8159186E+03    141.97    141.97    0.0731348291988517    0.00000e+00    0.00000e+00    7.64961595E+10
    -1.61970627019995e-03    1.09951345615555e-03    -1.21159374954455e-04    7.7320457E+03    141.42    141.42    0.0721436197027623    0.00000e+00    0.00000e+00    7.65463868E+10
    -1.63097043126685e-03    1.10702869847053e-03    -1.22150421385106e-04    7.6506795E+03    140.87    140.87    0.0713597788537294    0.00000e+00    0.00000e+00    7.65966140E+10
    -1.64224254327812e-03    1.11455058273295e-03    -1.23143809465836e-04    7.5715496E+03    140.33    140.33    0.0710980991877110    0.00000e+00    0.00000e+00    7.66468413E+10
    -1.65352294560334e-03    1.12207910894279e-03    -1.24139587678014e-04    7.4944079E+03    139.78    139.78    0.0704241719718268    0.00000e+00    0.00000e+00    7.66970686E+10
    -1.66481197761208e-03    1.12961432558144e-03    -1.25137823895555e-04    7.4190251E+03    139.24    139.24    0.0710199137954116    0.00000e+00    0.00000e+00    7.67472959E+10
    -1.67611002715528e-03    1.13715613568615e-03    -1.26138571447965e-04    7.3451880E+03    138.70    138.70    0.0702475653771989    0.00000e+00    0.00000e+00    7.67975232E+10
    -1.68741728815843e-03    1.14470453925692e-03    -1.27141888512884e-04    7.2727002E+03    138.15    138.15    0.0695602088785271    0.00000e+00    0.00000e+00    7.68477505E+10
    -1.69873395454700e-03    1.15225939084965e-03    -1.28147842964229e-04    7.2013873E+03    137.60    137.60    0.0689826923849751    0.00000e+00    0.00000e+00    7.68979778E+10
    -1.71006031720918e-03    1.15982069046434e-03    -1.29156488131504e-04    7.1310848E+03    137.05    137.05    0.0683063214909018    0.00000e+00    0.00000e+00    7.69482051E+10
    -1.72139637614499e-03    1.16738834113825e-03    -1.30167891888624e-04    7.0616497E+03    136.49    136.49    0.0677509530488219    0.00000e+00    0.00000e+00    7.69984324E+10
    -1.73274227679852e-03    1.17496214894591e-03    -1.31182107565095e-04    6.9929553E+03    135.92    135.92    0.0674354777036140    0.00000e+00    0.00000e+00    7.70486596E+10
    -1.74409801916978e-03    1.18254206540595e-03    -1.32199188490421e-04    6.9248897E+03    135.35    135.35    0.0667635017922311    0.00000e+00    0.00000e+00    7.70988869E+10
    -1.75546350629603e-03    1.19012779963017e-03    -1.33219178297833e-04    6.8573571E+03    134.78    134.78    0.0660278083550676    0.00000e+00    0.00000e+00    7.71491142E+10
    -1.76683873817728e-03    1.19771915769309e-03    -1.34242130316838e-04    6.7902706E+03    134.20    134.20    0.0657369740895234    0.00000e+00    0.00000e+00    7.71993415E+10
    -1.77822352088803e-03    1.20531594566923e-03    -1.35268083332528e-04    6.7235621E+03    133.61    133.61    0.0652065629410146    0.00000e+00    0.00000e+00    7.72495688E+10
    -1.78961785442831e-03    1.21291787267040e-03    -1.36297080978136e-04    6.6571715E+03    133.02    133.02    0.0656297586846114    0.00000e+00    0.00000e+00    7.72997961E+10
    -1.80102154487263e-03    1.22052469628974e-03    -1.37329171735029e-04    6.5910502E+03    132.42    132.42    0.0650359767218275    0.00000e+00    0.00000e+00    7.73500234E+10
    -1.81243454373963e-03    1.22813622260179e-03    -1.38364413780850e-04    6.5251593E+03    131.82    131.82    0.0645894004843540    0.00000e+00    0.00000e+00    7.74002507E+10
    -1.82385680254794e-03    1.23575220919971e-03    -1.39402870141376e-04    6.4594650E+03    131.21    131.21    0.0638768459382472    0.00000e+00    0.00000e+00    7.74504779E+10
    -1.83528827281619e-03    1.24337236519529e-03    -1.40444613538660e-04    6.3939449E+03    130.59    130.59    0.0633173303517440    0.00000e+00    0.00000e+00    7.75007052E+10
    -1.84672885758165e-03    1.25099654514442e-03    -1.41489692454070e-04    6.3285797E+03    129.98    129.98    0.0628851992897567    0.00000e+00    0.00000e+00    7.75509325E+10
    -1.85817845988157e-03    1.25862450664026e-03    -1.42538169913385e-04    6.2633591E+03    129.36    129.36    0.0624853392463907    0.00000e+00    0.00000e+00    7.76011598E+10
    -1.86963688579049e-03    1.26625595879460e-03    -1.43590094397972e-04    6.1982742E+03    128.73    128.73    0.0619696652741787    0.00000e+00    0.00000e+00    7.76513871E+10
    -1.88110394138293e-03    1.27389065920061e-03    -1.44645499844790e-04    6.1333295E+03    128.10    128.10    0.0613719032842197    0.00000e+00    0.00000e+00    7.77016144E+10
    -1.89257948121480e-03    1.28152836545144e-03    -1.45704425038933e-04    6.0685273E+03    127.47    127.47    0.0610658103262268    0.00000e+00    0.00000e+00    7.77518417E+10
    -1.90406331136061e-03    1.28916873817752e-03    -1.46766903917358e-04    6.0038779E+03    126.83    126.83    0.0607610021967751    0.00000e+00    0.00000e+00    7.78020690E+10
    -1.91555518941352e-03    1.29681153497200e-03    -1.47832955872613e-04    5.9393974E+03    126.20    126.20    0.0610987632608860    0.00000e+00    0.00000e+00    7.78522962E+10
    -1.92705492144807e-03    1.30445651342805e-03    -1.48902609993518e-04    5.8751015E+03    125.56    125.56    0.0605199179606533    0.00000e+00    0.00000e+00    7.79025235E+10
    -1.93856231353878e-03    1.31210343113882e-03    -1.49975880824485e-04    5.8110103E+03    124.92    124.92    0.0600890409412588    0.00000e+00    0.00000e+00    7.79527508E+10
    -1.95007717176018e-03    1.31975204569748e-03    -1.51052778061786e-04    5.7471466E+03    124.28    124.28    0.0594099604008215    0.00000e+00    0.00000e+00    7.80029781E+10
    -1.96159925370543e-03    1.32740216317855e-03    -1.52133311401696e-04    5.6835325E+03    123.63    123.63    0.0588728029023339    0.00000e+00    0.00000e+00    7.80532054E+10
    -1.97312836544906e-03    1.33505349269382e-03    -1.53217475996077e-04    5.6201958E+03    122.99    122.99    0.0584476644115407    0.00000e+00    0.00000e+00    7.81034327E+10
    -1.98466421610285e-03    1.34270584031782e-03    -1.54305266996793e-04    5.5571631E+03    122.35    122.35    0.0579180524508849    0.00000e+00    0.00000e+00    7.81536600E+10
    -1.99620651477860e-03    1.35035906060645e-03    -1.55396674707570e-04    5.4944596E+03    121.71    121.71    0.0575684486699771    0.00000e+00    0.00000e+00    7.82038873E+10
    -2.00775506755084e-03    1.35801286267149e-03    -1.56491660343314e-04    5.4321126E+03    121.07    121.07    0.0571263650956790    0.00000e+00    0.00000e+00    7.82541145E+10
    -2.01930958353136e-03    1.36566705258748e-03    -1.57590194815203e-04    5.3701501E+03    120.42    120.42    0.0568564150765827    0.00000e+00    0.00000e+00    7.83043418E+10
    -2.03086982031331e-03    1.37332138794757e-03    -1.58692239338143e-04    5.3085977E+03    119.79    119.79    0.0572629741063621    0.00000e+00    0.00000e+00    7.83545691E+10
    -2.04243553548986e-03    1.38097577178904e-03    -1.59797750278904e-04    5.2474822E+03    119.15    119.15    0.0569399811334881    0.00000e+00    0.00000e+00    7.84047964E+10
    -2.05400648665416e-03    1.38862986474229e-03    -1.60906684004253e-04    5.1868294E+03    118.51    118.51    0.0564909387162019    0.00000e+00    0.00000e+00    7.84550237E+10
    -2.06558243139938e-03    1.39628361832597e-03    -1.62018996880959e-04    5.1266661E+03    117.88    117.88    0.0561651127333707    0.00000e+00    0.00000e+00    7.85052510E+10
    -2.07716312731868e-03    1.40393688709596e-03    -1.63134645275792e-04    5.0670137E+03    117.25    117.25    0.0554349158184032    0.00000e+00    0.00000e+00    7.85554783E+10
    -2.08874838048658e-03    1.41158942864543e-03    -1.64253575859245e-04    5.0078970E+03    116.62    116.62    0.0549069738672363    0.00000e+00    0.00000e+00    7.86057056E+10
    -2.10033794849624e-03    1.41924124297439e-03    -1.65375725605542e-04    4.9493373E+03    116.00    116.00    0.0544009867887645    0.00000e+00    0.00000e+00    7.86559329E+10
    -2.11193158894082e-03    1.42689213615734e-03    -1.66501041185175e-04    4.8913552E+03    115.38    115.38    0.0539273079110141    0.00000e+00    0.00000e+00    7.87061601E+10
    -2.12352905941348e-03    1.43454201123157e-03    -1.67629449876095e-04    4.8339710E+03    114.77    114.77    0.0536580893860407    0.00000e+00    0.00000e+00    7.87563874E+10
    -2.13513002054464e-03    1.44219077123433e-03    -1.68760883804384e-04    4.7772031E+03    114.16    114.16    0.0532992711163271    0.00000e+00    0.00000e+00    7.88066147E+10
    -2.14673432689021e-03    1.44983836768426e-03    -1.69895270247991e-04    4.7210671E+03    113.55    113.55    0.0530947475589109    0.00000e+00    0.00000e+00    7.88568420E+10
    -2.15834163908060e-03    1.45748460665588e-03    -1.71032546181138e-04    4.6655807E+03    112.95    112.95    0.0536983538584051    0.00000e+00    0.00000e+00    7.89070693E+10
    -2.16995181167171e-03    1.46512939118645e-03    -1.72172629185498e-04    4.6107573E+03    112.35    112.35    0.0533043203420179    0.00000e+00    0.00000e+00    7.89572966E+10
    -2.18156460225669e-03    1.47277272127599e-03    -1.73315461083431e-04    4.5566111E+03    111.76    111.76    0.0528830340238151    0.00000e+00    0.00000e+00    7.90075239E+10
    -2.19317976842871e-03    1.48041449996174e-03    -1.74460959456609e-04    4.5031524E+03    111.17    111.17    0.0526461205354767    0.00000e+00    0.00000e+00    7.90577512E+10
    -2.20479716474367e-03    1.48805467876234e-03    -1.75609056431118e-04    4.4503921E+03    110.58    110.58    0.0520457698935915    0.00000e+00    0.00000e+00    7.91079784E+10
    -2.21641650031335e-03    1.49569320919643e-03    -1.76759679284906e-04    4.3983399E+03    110.01    110.01    0.0515265061826305    0.00000e+00    0.00000e+00    7.91582057E+10
    -2.22803767817502e-03    1.50333004278264e-03    -1.77912750447783e-04    4.3470028E+03    109.43    109.43    0.0509429737988791    0.00000e+00    0.00000e+00    7.92084330E+10
    -2.23966040744046e-03    1.51096517952096e-03    -1.79068202045835e-04    4.2963870E+03    108.87    108.87    0.0503782415013758    0.00000e+00    0.00000e+00    7.92586603E+10
    -2.25128449418422e-03    1.51859852244866e-03    -1.80225946812598e-04    4.2464986E+03    108.31    108.31    0.0501972799430180    0.00000e+00    0.00000e+00    7.93088876E+10
    -2.26290974448081e-03    1.52623012004711e-03    -1.81385907177884e-04    4.1973404E+03    107.75    107.75    0.0499604911613991    0.00000e+00    0.00000e+00    7.93591149E+10
    -2.27453596440476e-03    1.53385987535357e-03    -1.82548005571503e-04    4.1489146E+03    107.20    107.20    0.0500022585319178    0.00000e+00    0.00000e+00    7.94093422E+10
    -2.28616296003060e-03    1.54148783684941e-03    -1.83712159575131e-04    4.1012241E+03    106.66    106.66    0.0500675286606466    0.00000e+00    0.00000e+00    7.94595695E+10
    -2.29779053743286e-03    1.54911390757190e-03    -1.84878296466714e-04    4.0542691E+03    106.12    106.12    0.0498976152815290    0.00000e+00    0.00000e+00    7.95097967E+10
    -2.30941850268606e-03    1.55673808752103e-03    -1.86046328979790e-04    4.0080476E+03    105.59    105.59    0.0498489773732327    0.00000e+00    0.00000e+00    7.95600240E+10
    -2.32104680730884e-03    1.56436042517817e-03    -1.87216184392308e-04    3.9625596E+03    105.06    105.06    0.0496419363691136    0.00000e+00    0.00000e+00    7.96102513E+10
    -2.33267516041299e-03    1.57198087206195e-03    -1.88387789982214e-04    3.9178022E+03    104.54    104.54    0.0490400517855977    0.00000e+00    0.00000e+00    7.96604786E+10
    -2.34430356199851e-03    1.57959947665375e-03    -1.89561058483046e-04    3.8737708E+03    104.02    104.02    0.0483744204850771    0.00000e+00    0.00000e+00    7.97107059E+10
    -2.35593176965855e-03    1.58721628743492e-03    -1.90735917172752e-04    3.8304622E+03    103.51    103.51    0.0478346430334624    0.00000e+00    0.00000e+00    7.97609332E+10
    -2.36755963794902e-03    1.59483130440548e-03    -1.91912288481144e-04    3.7878718E+03    103.01    103.01    0.0472570518524848    0.00000e+00    0.00000e+00    7.98111605E+10
    -2.37918702142581e-03    1.60244447908405e-03    -1.93090089989895e-04    3.7459923E+03    102.51    102.51    0.0470948525661488    0.00000e+00    0.00000e+00    7.98613878E+10
    -2.39081377464481e-03    1.61005590843336e-03    -1.94269244128816e-04    3.7048191E+03    102.02    102.02    0.0469363795690676    0.00000e+00    0.00000e+00    7.99116151E+10
    -2.40243975216192e-03    1.61766554397206e-03    -1.95449673327718e-04    3.6643446E+03    101.53    101.53    0.0468719010354608    0.00000e+00    0.00000e+00    7.99618423E+10
    -2.41406485701440e-03    1.62527348266287e-03    -1.96631300016413e-04    3.6245611E+03    101.06    101.06    0.0470561983334398    0.00000e+00    0.00000e+00    8.00120696E+10
    -2.42568894375816e-03    1.63287962754306e-03    -1.97814051472847e-04    3.5854611E+03    100.58    100.58    0.0470318956573669    0.00000e+00    0.00000e+00    8.00622969E+10
    -2.43731196391181e-03    1.64048412405673e-03    -1.98997850126833e-04    3.5470345E+03    100.11    100.11    0.0469658512234995    0.00000e+00    0.00000e+00    8.01125242E+10
    -2.44893377203127e-03    1.64808692372253e-03    -2.00182623256318e-04    3.5092737E+03    99.65    99.65    0.0468269905854302    0.00000e+00    0.00000e+00    8.01627515E+10
    -2.46055427115378e-03    1.65568812350317e-03    -2.01368302987387e-04    3.4721699E+03    99.19    99.19    0.0462639821541266    0.00000e+00    0.00000e+00    8.02129788E+10
    -2.47217336431662e-03    1.66328772339867e-03    -2.02554816597987e-04    3.4357110E+03    98.74    98.74    0.0456223352357078    0.00000e+00    0.00000e+00    8.02632061E+10
    -2.48379100303842e-03    1.67088582037175e-03    -2.03742091366067e-04    3.3998896E+03    98.30    98.30    0.0453440465919780    0.00000e+00    0.00000e+00    8.03134334E+10
    -2.49540709035643e-03    1.67848241442243e-03    -2.04930049721437e-04    3.3646938E+03    97.86    97.86    0.0450359918641786    0.00000e+00    0.00000e+00    8.03636606E+10
