    -3.80338543580817e-06    -2.72191412686964e-05    -2.31967652992055e-05    1.1526210E+07    783.28    783.28    1.5161268414135762    0.00000e+00    0.00000e+00    7.00670666E+10
    6.99430710574897e-07    -4.13601813863488e-05    -2.94886074394750e-05    1.8675908E+07    2928.26    2928.26    1.0982327580860785    0.00000e+00    0.00000e+00    7.01172939E+10
    5.27031547348763e-06    -5.27912938621020e-05    -3.50372714157665e-05    1.4606329E+07    2515.21    2515.21    0.8466181541877711    0.00000e+00    0.00000e+00    7.01675212E+10
    1.02973034452401e-05    -6.52758473196371e-05    -3.98801378173345e-05    1.0112951E+07    1905.68    1905.68    0.6971818621996179    0.00000e+00    0.00000e+00    7.02177485E+10
    1.48877981458518e-05    -7.78686499758904e-05    -4.31223302793819e-05    6.6786808E+06    1521.24    1521.24    0.5862427227355289    0.00000e+00    0.00000e+00    7.02679758E+10
    1.94882213458390e-05    -8.94085779127413e-05    -4.55806129560328e-05    5.0465814E+06    1326.73    1326.73    0.5552510855501864    0.00000e+00    0.00000e+00    7.03182031E+10
    2.40239321004853e-05    -1.00430404861138e-04    -4.73926496616657e-05    3.7572660E+06    1162.84    1162.84    0.5426206927180081    0.00000e+00    0.00000e+00    7.03684303E+10
    2.81135691808385e-05    -1.11269849750837e-04    -4.84973669624302e-05    2.7469275E+06    1022.74    1022.74    0.5287719410950917    0.00000e+00    0.00000e+00    7.04186576E+10
    3.16461655226842e-05    -1.21689955047061e-04    -4.89582502402402e-05    2.0465798E+06    909.73    909.73    0.5139821022532032    0.00000e+00    0.00000e+00    7.04688849E+10
    3.47625275026817e-05    -1.31415540504412e-04    -4.89024675780917e-05    1.5717513E+06    820.23    820.23    0.5090090872054962    0.00000e+00    0.00000e+00    7.05191122E+10
    3.76666933218491e-05    -1.40382344069458e-04    -4.84523437703066e-05    1.2340944E+06    747.39    747.39    0.4961128242756195    0.00000e+00    0.00000e+00    7.05693395E+10
    4.04870174022601e-05    -1.48686072810988e-04    -4.76979169592995e-05    9.8581780E+05    686.36    686.36    0.4824573085332814    0.00000e+00    0.00000e+00    7.06195668E+10
    4.32687522529095e-05    -1.56460094124537e-04    -4.66868574198928e-05    8.0140095E+05    635.17    635.17    0.4620135016220001    0.00000e+00    0.00000e+00    7.06697941E+10
    4.60143427891912e-05    -1.63820322113122e-04    -4.54427649124556e-05    6.6529231E+05    593.21    593.21    0.4484951794181736    0.00000e+00    0.00000e+00    7.07200214E+10
    4.87161197434836e-05    -1.70863763146197e-04    -4.39942831988952e-05    5.7547334E+05    569.01    569.01    0.4304962417107168    0.00000e+00    0.00000e+00    7.07702487E+10
    5.14390418464777e-05    -1.77792938442771e-04    -4.25271041609091e-05    5.6349430E+05    663.46    663.46    0.4088268060046993    0.00000e+00    0.00000e+00    7.08204759E+10
    5.46036001241416e-05    -1.85413133223440e-04    -4.20178379321654e-05    6.7017862E+05    1039.45    1039.45    0.3811457406356002    0.00000e+00    0.00000e+00    7.08707032E+10
    5.86735043180463e-05    -1.94602965626207e-04    -4.36197815987169e-05    7.8949085E+05    1330.45    1330.45    0.3636230175475314    0.00000e+00    0.00000e+00    7.09209305E+10
    6.34451278339890e-05    -2.05148254663031e-04    -4.71306267747596e-05    7.8792853E+05    1387.27    1387.27    0.3474008159473201    0.00000e+00    0.00000e+00    7.09711578E+10
    6.85204580323259e-05    -2.16417583843770e-04    -5.17011612113064e-05    7.1756938E+05    1357.77    1357.77    0.3375215261538282    0.00000e+00    0.00000e+00    7.10213851E+10
    7.36923485715294e-05    -2.27874948010728e-04    -5.65343318240659e-05    6.4300075E+05    1317.23    1317.23    0.3295337376746507    0.00000e+00    0.00000e+00    7.10716124E+10
    7.88732033156966e-05    -2.39283724150565e-04    -6.11925962050915e-05    5.7000911E+05    1256.28    1256.28    0.3231966703680441    0.00000e+00    0.00000e+00    7.11218397E+10
    8.40438721244237e-05    -2.50612922972785e-04    -6.55314992699598e-05    4.9888928E+05    1189.73    1189.73    0.3168928166462915    0.00000e+00    0.00000e+00    7.11720670E+10
    8.91742868532083e-05    -2.61868604648401e-04    -6.94941820701503e-05    4.3693016E+05    1131.90    1131.90    0.3099237279391511    0.00000e+00    0.00000e+00    7.12222942E+10
    9.42283434272181e-05    -2.73053721692732e-04    -7.31115805666547e-05    3.8563510E+05    1082.16    1082.16    0.3046358829843636    0.00000e+00    0.00000e+00    7.12725215E+10
    9.91848457923151e-05    -2.84154912640726e-04    -7.65103959668939e-05    3.4306667E+05    1037.91    1037.91    0.3024715130986851    0.00000e+00    0.00000e+00    7.13227488E+10
    1.04027203624332e-04    -2.95137857531898e-04    -7.98225897067294e-05    3.0830298E+05    998.83    998.83    0.2989636173772089    0.00000e+00    0.00000e+00    7.13729761E+10
    1.08747209027647e-04    -3.05957812911617e-04    -8.31388558814861e-05    2.8005965E+05    965.02    965.02    0.2963620599652810    0.00000e+00    0.00000e+00    7.14232034E+10
    1.13340993189085e-04    -3.16574747714235e-04    -8.65094793661689e-05    2.5665017E+05    934.56    934.56    0.2925969988142015    0.00000e+00    0.00000e+00    7.14734307E+10
    1.17803276487658e-04    -3.26961202092853e-04    -8.99459066117886e-05    2.3661138E+05    906.03    906.03    0.2951280124155842    0.00000e+00    0.00000e+00    7.15236580E+10
    1.22130519783496e-04    -3.37104488473437e-04    -9.34341168066877e-05    2.1896838E+05    878.53    878.53    0.2944102258537621    0.00000e+00    0.00000e+00    7.15738853E+10
    1.26324410228208e-04    -3.47005576483349e-04    -9.69486184475133e-05    2.0307257E+05    851.74    851.74    0.2954253280221137    0.00000e+00    0.00000e+00    7.16241125E+10
    1.30391424932573e-04    -3.56678060298208e-04    -1.00462518919374e-04    1.8849919E+05    825.43    825.43    0.2921816779372383    0.00000e+00    0.00000e+00    7.16743398E+10
    1.34340697786344e-04    -3.66141899697264e-04    -1.03954951841436e-04    1.7497432E+05    799.41    799.41    0.2911837166114140    0.00000e+00    0.00000e+00    7.17245671E+10
    1.38183626759164e-04    -3.75420894184124e-04    -1.07409724436749e-04    1.6235622E+05    773.72    773.72    0.2891455022714212    0.00000e+00    0.00000e+00    7.17747944E+10
    1.41934155092501e-04    -3.84541863651626e-04    -1.10812709234646e-04    1.5058809E+05    748.52    748.52    0.2854506499303662    0.00000e+00    0.00000e+00    7.18250217E+10
    1.45607215047733e-04    -3.93532583075561e-04    -1.14151441675385e-04    1.3963802E+05    724.00    724.00    0.2799697166616448    0.00000e+00    0.00000e+00    7.18752490E+10
    1.49216963184350e-04    -4.02419789930443e-04    -1.17415086173194e-04    1.2947997E+05    700.33    700.33    0.2768520050475830    0.00000e+00    0.00000e+00    7.19254763E+10
    1.52775539236925e-04    -4.11227060705583e-04    -1.20595396047357e-04    1.2009843E+05    677.73    677.73    0.2726864565477692    0.00000e+00    0.00000e+00    7.19757036E+10
    1.56292610390260e-04    -4.19973928544194e-04    -1.23687658908894e-04    1.1151433E+05    656.52    656.52    0.2683336226720828    0.00000e+00    0.00000e+00    7.20259308E+10
    1.59776248792147e-04    -4.28676610463908e-04    -1.26692107468372e-04    1.0380808E+05    637.11    637.11    0.2606228248399304    0.00000e+00    0.00000e+00    7.20761581E+10
    1.63234502349690e-04    -4.37350465362144e-04    -1.29615820005534e-04    9.7119959E+04    620.72    620.72    0.2591423340669740    0.00000e+00    0.00000e+00    7.21263854E+10
    1.66678546018240e-04    -4.46015128192986e-04    -1.32478518740929e-04    9.1599792E+04    608.69    608.69    0.2575087133911091    0.00000e+00    0.00000e+00    7.21766127E+10
    1.70124970121964e-04    -4.54700788304356e-04    -1.35317257984203e-04    8.7400240E+04    602.85    602.85    0.2546890135662129    0.00000e+00    0.00000e+00    7.22268400E+10
    1.73595256755073e-04    -4.63448858480896e-04    -1.38185183011080e-04    8.4531833E+04    604.05    604.05    0.2503651237199646    0.00000e+00    0.00000e+00    7.22770673E+10
    1.77110616516114e-04    -4.72300300630522e-04    -1.41141727130727e-04    8.2808144E+04    610.86    610.86    0.2501774970124575    0.00000e+00    0.00000e+00    7.23272946E+10
    1.80687009471470e-04    -4.81285958599627e-04    -1.44241223412386e-04    8.1872906E+04    620.19    620.19    0.2474166091404598    0.00000e+00    0.00000e+00    7.23775219E+10
    1.84330970909562e-04    -4.90419145371893e-04    -1.47519208698883e-04    8.1322975E+04    628.99    628.99    0.2458427794739179    0.00000e+00    0.00000e+00    7.24277492E+10
    1.88040755501139e-04    -4.99695667308979e-04    -1.50988865074206e-04    8.0833898E+04    635.49    635.49    0.2406731271422290    0.00000e+00    0.00000e+00    7.24779764E+10
    1.91809406169876e-04    -5.09098531691362e-04    -1.54644428103687e-04    8.0204747E+04    639.09    639.09    0.2368148713306871    0.00000e+00    0.00000e+00    7.25282037E+10
    1.95628104154913e-04    -5.18603255428146e-04    -1.58468405709712e-04    7.9343898E+04    639.88    639.88    0.2325502134393699    0.00000e+00    0.00000e+00    7.25784310E+10
    1.99487802832963e-04    -5.28184434282442e-04    -1.62436595993320e-04    7.8236553E+04    638.25    638.25    0.2275617327363854    0.00000e+00    0.00000e+00    7.26286583E+10
    2.03380939110598e-04    -5.37819863787653e-04    -1.66523948631608e-04    7.6905788E+04    634.65    634.65    0.2227898404177306    0.00000e+00    0.00000e+00    7.26788856E+10
    2.07301971567444e-04    -5.47492187613997e-04    -1.70706145370331e-04    7.5384453E+04    629.46    629.46    0.2204108285666127    0.00000e+00    0.00000e+00    7.27291129E+10
    2.11247375608040e-04    -5.57188606680292e-04    -1.74959561238809e-04    7.3706269E+04    623.01    623.01    0.2197615616344138    0.00000e+00    0.00000e+00    7.27793402E+10
    2.15215328332944e-04    -5.66900491303014e-04    -1.79262685054012e-04    7.1898043E+04    615.57    615.57    0.2163489167145897    0.00000e+00    0.00000e+00    7.28295675E+10
    2.19205141306730e-04    -5.76622605494408e-04    -1.83596788463437e-04    6.9981115E+04    607.36    607.36    0.2119045489820738    0.00000e+00    0.00000e+00    7.28797947E+10
    2.23216630300198e-04    -5.86352234297859e-04    -1.87946910116886e-04    6.7968950E+04    598.55    598.55    0.2075554121486377    0.00000e+00    0.00000e+00    7.29300220E+10
    2.27249591691602e-04    -5.96087099089066e-04    -1.92300978153700e-04    6.5867787E+04    589.21    589.21    0.2047727588413540    0.00000e+00    0.00000e+00    7.29802493E+10
    2.31303753985281e-04    -6.05824533392783e-04    -1.96649393262992e-04    6.3684204E+04    579.37    579.37    0.2031230818768638    0.00000e+00    0.00000e+00    7.30304766E+10
    2.35378690545195e-04    -6.15561482882819e-04    -2.00984519629284e-04    6.1426937E+04    569.09    569.09    0.1991367236991506    0.00000e+00    0.00000e+00    7.30807039E+10
    2.39473203881553e-04    -6.25293826642884e-04    -2.05300122548638e-04    5.9107456E+04    558.42    558.42    0.1961673240754988    0.00000e+00    0.00000e+00    7.31309312E+10
    2.43585204447389e-04    -6.35016765017536e-04    -2.09591203592002e-04    5.6741154E+04    547.44    547.44    0.1942895558726643    0.00000e+00    0.00000e+00    7.31811585E+10
    2.47712229389202e-04    -6.44725789239540e-04    -2.13854252708324e-04    5.4348823E+04    536.24    536.24    0.1907863943432189    0.00000e+00    0.00000e+00    7.32313858E+10
    2.51851132266202e-04    -6.54416535985766e-04    -2.18086293141602e-04    5.1953459E+04    524.94    524.94    0.1862541911462257    0.00000e+00    0.00000e+00    7.32816130E+10
    2.55998456356843e-04    -6.64085078265397e-04    -2.22284799012558e-04    4.9577633E+04    513.62    513.62    0.1849951932289512    0.00000e+00    0.00000e+00    7.33318403E+10
    2.60150798269084e-04    -6.73728313270875e-04    -2.26447258986323e-04    4.7242746E+04    502.38    502.38    0.1824691743757644    0.00000e+00    0.00000e+00    7.33820676E+10
    2.64304822484798e-04    -6.83343623008320e-04    -2.30571486553196e-04    4.4969254E+04    491.29    491.29    0.1812736223636850    0.00000e+00    0.00000e+00    7.34322949E+10
    2.68457149852628e-04    -6.92928971260273e-04    -2.34655906068713e-04    4.2774952E+04    480.42    480.42    0.1786021692587781    0.00000e+00    0.00000e+00    7.34825222E+10
    2.72604483639543e-04    -7.02482661178849e-04    -2.38699402461408e-04    4.0673597E+04    469.87    469.87    0.1760076979392748    0.00000e+00    0.00000e+00    7.35327495E+10
    2.76743939204139e-04    -7.12003480729846e-04    -2.42701393954863e-04    3.8675903E+04    459.67    459.67    0.1738552061060420    0.00000e+00    0.00000e+00    7.35829768E+10
    2.80873189440749e-04    -7.21490799655479e-04    -2.46661672079195e-04    3.6790175E+04    449.91    449.91    0.1722073889609701    0.00000e+00    0.00000e+00    7.36332041E+10
    2.84990571438444e-04    -7.30944327067538e-04    -2.50580353189688e-04    3.5022301E+04    440.63    440.63    0.1705121343965597    0.00000e+00    0.00000e+00    7.36834314E+10
    2.89095231925148e-04    -7.40364790186546e-04    -2.54458164506864e-04    3.3376193E+04    431.86    431.86    0.1695203863954877    0.00000e+00    0.00000e+00    7.37336586E+10
    2.93187141812038e-04    -7.49753788897649e-04    -2.58296589560586e-04    3.1854458E+04    423.65    423.65    0.1666851049199383    0.00000e+00    0.00000e+00    7.37838859E+10
    2.97266902268080e-04    -7.59114280564304e-04    -2.62097882734472e-04    3.0457945E+04    416.04    416.04    0.1629026411626401    0.00000e+00    0.00000e+00    7.38341132E+10
    3.01335589579645e-04    -7.68450143695957e-04    -2.65865209861859e-04    2.9186259E+04    409.09    409.09    0.1602160197306141    0.00000e+00    0.00000e+00    7.38843405E+10
    3.05394624250819e-04    -7.77766468836263e-04    -2.69602590048164e-04    2.8037664E+04    402.83    402.83    0.1576667696526703    0.00000e+00    0.00000e+00    7.39345678E+10
    3.09445669192529e-04    -7.87068976786656e-04    -2.73314624175221e-04    2.7008411E+04    397.29    397.29    0.1550803025716636    0.00000e+00    0.00000e+00    7.39847951E+10
    3.13490406708247e-04    -7.96364454938673e-04    -2.77006582167744e-04    2.6092661E+04    392.46    392.46    0.1536374942942467    0.00000e+00    0.00000e+00    7.40350224E+10
    3.17530703330646e-04    -8.05660030053427e-04    -2.80684291486178e-04    2.5283983E+04    388.33    388.33    0.1527533903093865    0.00000e+00    0.00000e+00    7.40852497E+10
    3.21568764961976e-04    -8.14962925854766e-04    -2.84354141974841e-04    2.4575113E+04    384.86    384.86    0.1521617118130635    0.00000e+00    0.00000e+00    7.41354769E+10
    3.25606952644862e-04    -8.24280026696961e-04    -2.88022746492345e-04    2.3956562E+04    381.99    381.99    0.1528092617242060    0.00000e+00    0.00000e+00    7.41857042E+10
    3.29647753473490e-04    -8.33617829083339e-04    -2.91696625782698e-04    2.3417458E+04    379.63    379.63    0.1513796583651633    0.00000e+00    0.00000e+00    7.42359315E+10
    3.33693770897326e-04    -8.42982005333970e-04    -2.95382029094252e-04    2.2946238E+04    377.67    377.67    0.1490627313048229    0.00000e+00    0.00000e+00    7.42861588E+10
    3.37747608365839e-04    -8.52377645992504e-04    -2.99084880850188e-04    2.2531185E+04    375.99    375.99    0.1466473315042113    0.00000e+00    0.00000e+00    7.43363861E+10
    3.41811762669486e-04    -8.61808968937969e-04    -3.02810703078336e-04    2.2161025E+04    374.47    374.47    0.1452840446074851    0.00000e+00    0.00000e+00    7.43866134E+10
    3.45888425166105e-04    -8.71279173940658e-04    -3.06564348763643e-04    2.1825165E+04    373.02    373.02    0.1438092569510674    0.00000e+00    0.00000e+00    7.44368407E+10
    3.49979394514454e-04    -8.80790248736665e-04    -3.10349793378293e-04    2.1513886E+04    371.54    371.54    0.1416064247716526    0.00000e+00    0.00000e+00    7.44870680E+10
    3.54086003952156e-04    -8.90343065990615e-04    -3.14170028222700e-04    2.1218592E+04    369.96    369.96    0.1372667573436049    0.00000e+00    0.00000e+00    7.45372952E+10
    3.58209169777067e-04    -8.99937577221141e-04    -3.18026997399725e-04    2.0931998E+04    368.25    368.25    0.1349553814304724    0.00000e+00    0.00000e+00    7.45875225E+10
    3.62349468917469e-04    -9.09572521912671e-04    -3.21921612359087e-04    2.0648213E+04    366.36    366.36    0.1340485128792165    0.00000e+00    0.00000e+00    7.46377498E+10
    3.66507260135485e-04    -9.19245572959537e-04    -3.25853790682462e-04    2.0362704E+04    364.28    364.28    0.1341533950243898    0.00000e+00    0.00000e+00    7.46879771E+10
    3.70682732508452e-04    -9.28953869961019e-04    -3.29822664553361e-04    2.0072119E+04    362.02    362.02    0.1338503824566583    0.00000e+00    0.00000e+00    7.47382044E+10
    3.74875813314316e-04    -9.38694116184087e-04    -3.33826900734159e-04    1.9774168E+04    359.57    359.57    0.1327416791472884    0.00000e+00    0.00000e+00    7.47884317E+10
    3.79086197120459e-04    -9.48462917932971e-04    -3.37864942972941e-04    1.9467471E+04    356.96    356.96    0.1319872158435723    0.00000e+00    0.00000e+00    7.48386590E+10
    3.83313486379662e-04    -9.58256978474642e-04    -3.41935220473380e-04    1.9151461E+04    354.20    354.20    0.1323682717079019    0.00000e+00    0.00000e+00    7.48888863E+10
    3.87557133252466e-04    -9.68073001076067e-04    -3.46036070324550e-04    1.8826172E+04    351.32    351.32    0.1296592595341422    0.00000e+00    0.00000e+00    7.49391135E+10
    3.91816633532642e-04    -9.77907785966950e-04    -3.50165727804652e-04    1.8492177E+04    348.31    348.31    0.1286419834762731    0.00000e+00    0.00000e+00    7.49893408E+10
    3.96091327873584e-04    -9.87758230339734e-04    -3.54322243962687e-04    1.8150486E+04    345.21    345.21    0.1275757346719547    0.00000e+00    0.00000e+00    7.50395681E+10
    4.00380314521846e-04    -9.97621328349594e-04    -3.58503519555416e-04    1.7802398E+04    342.02    342.02    0.1244152965929002    0.00000e+00    0.00000e+00    7.50897954E+10
    4.04682497798507e-04    -1.00749417111445e-03    -3.62707484428421e-04    1.7449398E+04    338.77    338.77    0.1225341433897496    0.00000e+00    0.00000e+00    7.51400227E+10
    4.08996660821228e-04    -1.01737409215904e-03    -3.66932107212378e-04    1.7093101E+04    335.49    335.49    0.1201246912463368    0.00000e+00    0.00000e+00    7.51902500E+10
    4.13321640037175e-04    -1.02725847348950e-03    -3.71175322601006e-04    1.6735140E+04    332.17    332.17    0.1194691120803070    0.00000e+00    0.00000e+00    7.52404773E+10
    4.17656465818985e-04    -1.03714479407469e-03    -3.75435138010075e-04    1.6377119E+04    328.83    328.83    0.1182804305658906    0.00000e+00    0.00000e+00    7.52907046E+10
    4.22000318831538e-04    -1.04703077529030e-03    -3.79709512373988e-04    1.6020597E+04    325.49    325.49    0.1205105484536660    0.00000e+00    0.00000e+00    7.53409319E+10
    4.26352423372943e-04    -1.05691447788160e-03    -3.83996433715967e-04    1.5667052E+04    322.17    322.17    0.1201495953281971    0.00000e+00    0.00000e+00    7.53911591E+10
    4.30712032830131e-04    -1.06679415651936e-03    -3.88293977325700e-04    1.5317829E+04    318.85    318.85    0.1181726832486380    0.00000e+00    0.00000e+00    7.54413864E+10
    4.35078419982582e-04    -1.07666859916936e-03    -3.92600310607472e-04    1.4974139E+04    315.56    315.56    0.1157484274542170    0.00000e+00    0.00000e+00    7.54916137E+10
    4.39450813976541e-04    -1.08653669076013e-03    -3.96913678535756e-04    1.4637045E+04    312.31    312.31    0.1131410521497393    0.00000e+00    0.00000e+00    7.55418410E+10
    4.43828424565709e-04    -1.09639770407116e-03    -4.01232379414533e-04    1.4307489E+04    309.09    309.09    0.1123609186557544    0.00000e+00    0.00000e+00    7.55920683E+10
    4.48210422718691e-04    -1.10625091188193e-03    -4.05554760029149e-04    1.3986260E+04    305.94    305.94    0.1110421063045497    0.00000e+00    0.00000e+00    7.56422956E+10
    4.52595979404093e-04    -1.11609573241601e-03    -4.09879220494457e-04    1.3673994E+04    302.84    302.84    0.1115752935848701    0.00000e+00    0.00000e+00    7.56925229E+10
    4.56984314071887e-04    -1.12593182630384e-03    -4.14204219102951e-04    1.3371196E+04    299.81    299.81    0.1087095431987311    0.00000e+00    0.00000e+00    7.57427502E+10
    4.61374694653416e-04    -1.13575875721309e-03    -4.18528291717314e-04    1.3078203E+04    296.86    296.86    0.1107738412809585    0.00000e+00    0.00000e+00    7.57929774E+10
    4.65766447257662e-04    -1.14557628273692e-03    -4.22849998440913e-04    1.2795246E+04    293.98    293.98    0.1102526665776829    0.00000e+00    0.00000e+00    7.58432047E+10
    4.70158985260071e-04    -1.15538440287534e-03    -4.27168039973084e-04    1.2522441E+04    291.18    291.18    0.1090956266625183    0.00000e+00    0.00000e+00    7.58934320E+10
    4.74551828695100e-04    -1.16518306914699e-03    -4.31481272153537e-04    1.2259791E+04    288.47    288.47    0.1076598156206526    0.00000e+00    0.00000e+00    7.59436593E+10
    4.78944550926708e-04    -1.17497262092142e-03    -4.35788744747459e-04    1.2007194E+04    285.83    285.83    0.1059225908855157    0.00000e+00    0.00000e+00    7.59938866E+10
    4.83336773800225e-04    -1.18475339756823e-03    -4.40089652964139e-04    1.1764468E+04    283.29    283.29    0.1035117986522453    0.00000e+00    0.00000e+00    7.60441139E+10
    4.87728138553526e-04    -1.19452578693835e-03    -4.44383371393928e-04    1.1531381E+04    280.82    280.82    0.1031761973517082    0.00000e+00    0.00000e+00    7.60943412E+10
    4.92118271880077e-04    -1.20429032232685e-03    -4.48669415223145e-04    1.1307632E+04    278.44    278.44    0.1039166284318817    0.00000e+00    0.00000e+00    7.61445685E+10
    4.96506999246953e-04    -1.21404753702875e-03    -4.52947474171034e-04    1.1092880E+04    276.13    276.13    0.1006281056774167    0.00000e+00    0.00000e+00    7.61947957E+10
    5.00893932803209e-04    -1.22379791585775e-03    -4.57217393097217e-04    1.0886734E+04    273.90    273.90    0.1002966551691236    0.00000e+00    0.00000e+00    7.62450230E+10
    5.05278927104740e-04    -1.23354204059027e-03    -4.61479108975916e-04    1.0688777E+04    271.74    271.74    0.0995325120666938    0.00000e+00    0.00000e+00    7.62952503E+10
    5.09661788226075e-04    -1.24328044452135e-03    -4.65732660592225e-04    1.0498571E+04    269.65    269.65    0.0994115192484522    0.00000e+00    0.00000e+00    7.63454776E+10
    5.14042370723108e-04    -1.25301356398330e-03    -4.69978178845838e-04    1.0315655E+04    267.62    267.62    0.0987772200256202    0.00000e+00    0.00000e+00    7.63957049E+10
    5.18420626114472e-04    -1.26274202923392e-03    -4.74215910991733e-04    1.0139576E+04    265.66    265.66    0.0998223687179604    0.00000e+00    0.00000e+00    7.64459322E+10
    5.22796602881535e-04    -1.27246637356825e-03    -4.78446191551348e-04    9.9698987E+03    263.75    263.75    0.0975999352395586    0.00000e+00    0.00000e+00    7.64961595E+10
    5.27170252542929e-04    -1.28218737268818e-03    -4.82669510186503e-04    9.8061874E+03    261.89    261.89    0.0958018732519830    0.00000e+00    0.00000e+00    7.65463868E+10
    5.31541526617285e-04    -1.29190560837012e-03    -4.86886453521752e-04    9.6480179E+03    260.09    260.09    0.0943412033555389    0.00000e+00    0.00000e+00    7.65966140E+10
    5.35910522067339e-04    -1.30162190479734e-03    -4.91097545155869e-04    9.4949846E+03    258.33    258.33    0.0931911094729227    0.00000e+00    0.00000e+00    7.66468413E+10
    5.40277044967620e-04    -1.31133689222762e-03    -4.95303449283599e-04    9.3467083E+03    256.61    256.61    0.0919350352049627    0.00000e+00    0.00000e+00    7.66970686E+10
    5.44641095318128e-04    -1.32105120091875e-03    -4.99504699199990e-04    9.2028235E+03    254.92    254.92    0.0914092830148392    0.00000e+00    0.00000e+00    7.67472959E+10
    5.49002576156126e-04    -1.33076536416577e-03    -5.03701828200091e-04    9.0629774E+03    253.28    253.28    0.0911167291650291    0.00000e+00    0.00000e+00    7.67975232E+10
    5.53361390518877e-04    -1.34047986678237e-03    -5.07895321097584e-04    8.9268269E+03    251.66    251.66    0.0909744015956268    0.00000e+00    0.00000e+00    7.68477505E+10
    5.57717489925014e-04    -1.35019509661950e-03    -5.12085614224782e-04    8.7940556E+03    250.07    250.07    0.0905229097306163    0.00000e+00    0.00000e+00    7.68979778E+10
    5.62070825893169e-04    -1.35991144152809e-03    -5.16273143913998e-04    8.6643609E+03    248.50    248.50    0.0900712991472090    0.00000e+00    0.00000e+00    7.69482051E+10
    5.66421398423342e-04    -1.36962924087772e-03    -5.20458249534808e-04    8.5374773E+03    246.95    246.95    0.0904758162776415    0.00000e+00    0.00000e+00    7.69984324E+10
    5.70769255996900e-04    -1.37934878555660e-03    -5.24641318938157e-04    8.4131641E+03    245.43    245.43    0.0886722350660296    0.00000e+00    0.00000e+00    7.70486596E+10
    5.75114398613845e-04    -1.38907046341568e-03    -5.28822691493622e-04    8.2911975E+03    243.92    243.92    0.0878362793742424    0.00000e+00    0.00000e+00    7.70988869E+10
    5.79456777792807e-04    -1.39879461382454e-03    -5.33002803533517e-04    8.1713865E+03    242.42    242.42    0.0864295836521679    0.00000e+00    0.00000e+00    7.71491142E+10
    5.83796490496522e-04    -1.40852152767137e-03    -5.37181994427417e-04    8.0535503E+03    240.93    240.93    0.0853993927788601    0.00000e+00    0.00000e+00    7.71993415E+10
    5.88133391280888e-04    -1.41825139888167e-03    -5.41360652026268e-04    7.9375338E+03    239.45    239.45    0.0847547326253410    0.00000e+00    0.00000e+00    7.72495688E+10
    5.92467480145903e-04    -1.42798446986225e-03    -5.45539067218279e-04    7.8232045E+03    237.98    237.98    0.0854159321033278    0.00000e+00    0.00000e+00    7.72997961E+10
    5.96798660128831e-04    -1.43772074061313e-03    -5.49717385447553e-04    7.7104515E+03    236.52    236.52    0.0830768199633299    0.00000e+00    0.00000e+00    7.73500234E+10
    6.01126882748304e-04    -1.44746035657842e-03    -5.53895752158196e-04    7.5991900E+03    235.06    235.06    0.0827262684377559    0.00000e+00    0.00000e+00    7.74002507E+10
    6.05452002560219e-04    -1.45720317231399e-03    -5.58074312794311e-04    7.4893502E+03    233.61    233.61    0.0845432371339036    0.00000e+00    0.00000e+00    7.74504779E+10
    6.09774116527310e-04    -1.46694923630123e-03    -5.62253164318635e-04    7.3808813E+03    232.17    232.17    0.0830196484501516    0.00000e+00    0.00000e+00    7.75007052E+10
    6.14093079205475e-04    -1.47669850005877e-03    -5.66432258249799e-04    7.2737465E+03    230.73    230.73    0.0818802591677418    0.00000e+00    0.00000e+00    7.75509325E+10
    6.18409036038816e-04    -1.48645091510523e-03    -5.70611740031908e-04    7.1679189E+03    229.30    229.30    0.0808583033198199    0.00000e+00    0.00000e+00    7.76011598E+10
    6.22721938545966e-04    -1.49620648144062e-03    -5.74791561183594e-04    7.0633788E+03    227.88    227.88    0.0821437619355757    0.00000e+00    0.00000e+00    7.76513871E+10
    6.27031738245558e-04    -1.50596510210220e-03    -5.78971867148961e-04    6.9601149E+03    226.46    226.46    0.0818938815871390    0.00000e+00    0.00000e+00    7.77016144E+10
    6.31338386656222e-04    -1.51572687405271e-03    -5.83152560965273e-04    6.8581248E+03    225.06    225.06    0.0803934960949699    0.00000e+00    0.00000e+00    7.77518417E+10
    6.35641883777959e-04    -1.52549165184805e-03    -5.87333642632529e-04    6.7574142E+03    223.65    223.65    0.0783184845772251    0.00000e+00    0.00000e+00    7.78020690E+10
    6.39942132648032e-04    -1.53525938700683e-03    -5.91515112150731e-04    6.6579962E+03    222.26    222.26    0.0783372886821977    0.00000e+00    0.00000e+00    7.78522962E+10
    6.44239036303706e-04    -1.54502988560360e-03    -5.95696775594405e-04    6.5598872E+03    220.87    220.87    0.0769842986926590    0.00000e+00    0.00000e+00    7.79025235E+10
    6.48532643226348e-04    -1.55480309915698e-03    -5.99878536000815e-04    6.4631074E+03    219.50    219.50    0.0756001587225640    0.00000e+00    0.00000e+00    7.79527508E+10
    6.52822807971855e-04    -1.56457883374151e-03    -6.04060296407226e-04    6.3676913E+03    218.13    218.13    0.0752192837432246    0.00000e+00    0.00000e+00    7.80029781E+10
    6.57109579021593e-04    -1.57435694391307e-03    -6.08241911369532e-04    6.2736687E+03    216.78    216.78    0.0747858299002354    0.00000e+00    0.00000e+00    7.80532054E+10
    6.61393004856932e-04    -1.58413723574620e-03    -6.12423186962261e-04    6.1810760E+03    215.43    215.43    0.0738569362904709    0.00000e+00    0.00000e+00    7.81034327E+10
    6.65673085477872e-04    -1.59391966075952e-03    -6.16604074704045e-04    6.0899454E+03    214.10    214.10    0.0732927424200784    0.00000e+00    0.00000e+00    7.81536600E+10
    6.69949917847148e-04    -1.60370417047167e-03    -6.20784429150780e-04    6.0003091E+03    212.79    212.79    0.0727088167855486    0.00000e+00    0.00000e+00    7.82038873E+10
    6.74223453483392e-04    -1.61349061943855e-03    -6.24964153339730e-04    5.9121951E+03    211.49    211.49    0.0723751854914262    0.00000e+00    0.00000e+00    7.82541145E+10
    6.78493789349341e-04    -1.62327900766015e-03    -6.29143198789526e-04    5.8256290E+03    210.20    210.20    0.0720803794354033    0.00000e+00    0.00000e+00    7.83043418E+10
    6.82760973926363e-04    -1.63306928665511e-03    -6.33321468537432e-04    5.7406338E+03    208.92    208.92    0.0718781360624395    0.00000e+00    0.00000e+00    7.83545691E+10
    6.87024958733089e-04    -1.64286131097932e-03    -6.37498817139344e-04    5.6572268E+03    207.66    207.66    0.0714125588064272    0.00000e+00    0.00000e+00    7.84047964E+10
    6.91285792250888e-04    -1.65265508063278e-03    -6.41675196113894e-04    5.5754222E+03    206.42    206.42    0.0710501220259874    0.00000e+00    0.00000e+00    7.84550237E+10
    6.95543522961129e-04    -1.66245045017139e-03    -6.45850508498346e-04    5.4952323E+03    205.20    205.20    0.0706080263059745    0.00000e+00    0.00000e+00    7.85052510E+10
    6.99798199345178e-04    -1.67224737111378e-03    -6.50024657329963e-04    5.4166626E+03    203.99    203.99    0.0701323127601440    0.00000e+00    0.00000e+00    7.85554783E+10
    7.04049918365772e-04    -1.68204574649721e-03    -6.54197642608745e-04    5.3397170E+03    202.79    202.79    0.0697891105820402    0.00000e+00    0.00000e+00    7.86057056E+10
    7.08298776985648e-04    -1.69184557632169e-03    -6.58369367371956e-04    5.2643936E+03    201.62    201.62    0.0694568582731717    0.00000e+00    0.00000e+00    7.86559329E+10
    7.12544823686173e-04    -1.70164681210584e-03    -6.62539880100965e-04    5.1906893E+03    200.46    200.46    0.0688367835102249    0.00000e+00    0.00000e+00    7.87061601E+10
    7.16788203911453e-04    -1.71144945384966e-03    -6.66709229277139e-04    5.1185979E+03    199.32    199.32    0.0680002080791374    0.00000e+00    0.00000e+00    7.87563874E+10
    7.21028966142854e-04    -1.72125355003453e-03    -6.70877366419110e-04    5.0481096E+03    198.20    198.20    0.0676007190131771    0.00000e+00    0.00000e+00    7.88066147E+10
    7.25267255824482e-04    -1.73105914914182e-03    -6.75044340008246e-04    4.9792147E+03    197.10    197.10    0.0672237119998226    0.00000e+00    0.00000e+00    7.88568420E+10
    7.29503121437704e-04    -1.74086620269014e-03    -6.79210150044548e-04    4.9118957E+03    196.02    196.02    0.0670968048557486    0.00000e+00    0.00000e+00    7.89070693E+10
    7.33736562982521e-04    -1.75067471067951e-03    -6.83374893490752e-04    4.8461348E+03    194.95    194.95    0.0667093308847564    0.00000e+00    0.00000e+00    7.89572966E+10
    7.37967725903036e-04    -1.76048462462855e-03    -6.87538521865488e-04    4.7819148E+03    193.91    193.91    0.0663651175490535    0.00000e+00    0.00000e+00    7.90075239E+10
    7.42196610199250e-04    -1.77029599301864e-03    -6.91701083650127e-04    4.7192136E+03    192.88    192.88    0.0660777191317960    0.00000e+00    0.00000e+00    7.90577512E+10
    7.46423361315267e-04    -1.78010876736840e-03    -6.95862578844667e-04    4.6580128E+03    191.87    191.87    0.0656006863862648    0.00000e+00    0.00000e+00    7.91079784E+10
    7.50648076213824e-04    -1.78992285071510e-03    -7.00023104411844e-04    4.5982883E+03    190.87    190.87    0.0650836002119691    0.00000e+00    0.00000e+00    7.91582057E+10
    7.54870851857656e-04    -1.79973829154011e-03    -7.04182660351660e-04    4.5400140E+03    189.90    189.90    0.0646947050210127    0.00000e+00    0.00000e+00    7.92084330E+10
    7.59091833690868e-04    -1.80955513832479e-03    -7.08341392108217e-04    4.4831642E+03    188.94    188.94    0.0642338634428155    0.00000e+00    0.00000e+00    7.92586603E+10
    7.63311118676196e-04    -1.81937334258778e-03    -7.12499299681517e-04    4.4277086E+03    188.00    188.00    0.0637649844913729    0.00000e+00    0.00000e+00    7.93088876E+10
    7.67528755295009e-04    -1.82919300129181e-03    -7.16656528515663e-04    4.3736186E+03    187.08    187.08    0.0635033441767103    0.00000e+00    0.00000e+00    7.93591149E+10
    7.71744937472778e-04    -1.83901406595552e-03    -7.20813127092024e-04    4.3208638E+03    186.17    186.17    0.0631827546320502    0.00000e+00    0.00000e+00    7.94093422E+10
    7.75959713690872e-04    -1.84883658506027e-03    -7.24969192373336e-04    4.2694108E+03    185.28    185.28    0.0629107303894107    0.00000e+00    0.00000e+00    7.94595695E+10
    7.80173180912026e-04    -1.85866055860607e-03    -7.29124724359598e-04    4.2192267E+03    184.40    184.40    0.0624906474818817    0.00000e+00    0.00000e+00    7.95097967E+10
    7.84385436098979e-04    -1.86848593811154e-03    -7.33279868494915e-04    4.1702793E+03    183.55    183.55    0.0622019670251899    0.00000e+00    0.00000e+00    7.95600240E+10
    7.88596527733096e-04    -1.87831262661395e-03    -7.37434576297920e-04    4.1225341E+03    182.70    182.70    0.0619080769187755    0.00000e+00    0.00000e+00    7.96102513E+10
    7.92806649739851e-04    -1.88814067259466e-03    -7.41588944731347e-04    4.0759592E+03    181.87    181.87    0.0616090702091190    0.00000e+00    0.00000e+00    7.96604786E+10
    7.97015850600612e-04    -1.89797002757232e-03    -7.45743070757934e-04    4.0305195E+03    181.06    181.06    0.0613803603818467    0.00000e+00    0.00000e+00    7.97107059E+10
    8.01224324240852e-04    -1.90780064306554e-03    -7.49896954377681e-04    3.9861809E+03    180.26    180.26    0.0609414777597228    0.00000e+00    0.00000e+00    7.97609332E+10
    8.05432216104674e-04    -1.91763251907434e-03    -7.54050741034691e-04    3.9429111E+03    179.48    179.48    0.0604181368019868    0.00000e+00    0.00000e+00    7.98111605E+10
    8.09639623154815e-04    -1.92746565559871e-03    -7.58204479210333e-04    3.9006765E+03    178.70    178.70    0.0599662774710798    0.00000e+00    0.00000e+00    7.98613878E+10
    8.13846690835379e-04    -1.93730010112001e-03    -7.62358265867344e-04    3.8594402E+03    177.94    177.94    0.0596864785783965    0.00000e+00    0.00000e+00    7.99116151E+10
    8.18053516109103e-04    -1.94713585563826e-03    -7.66512149487090e-04    3.8191720E+03    177.20    177.20    0.0595137122968593    0.00000e+00    0.00000e+00    7.99618423E+10
    8.22260244420090e-04    -1.95697282219071e-03    -7.70666178550941e-04    3.7798365E+03    176.46    176.46    0.0592349652253190    0.00000e+00    0.00000e+00    8.00120696E+10
    8.26466972731078e-04    -1.96681104925873e-03    -7.74820450021632e-04    3.7414032E+03    175.74    175.74    0.0587314839221534    0.00000e+00    0.00000e+00    8.00622969E+10
    8.30673798004801e-04    -1.97665048836095e-03    -7.78975012380532e-04    3.7038405E+03    175.03    175.03    0.0584506143519756    0.00000e+00    0.00000e+00    8.01125242E+10
    8.34880865685365e-04    -1.98649104253464e-03    -7.83129914109009e-04    3.6671166E+03    174.33    174.33    0.0583127231398366    0.00000e+00    0.00000e+00    8.01627515E+10
    8.39088321216875e-04    -1.99633271177980e-03    -7.87285155207063e-04    3.6312023E+03    173.64    173.64    0.0579316431389327    0.00000e+00    0.00000e+00    8.02129788E+10
    8.43296213080697e-04    -2.00617544761505e-03    -7.91440832637429e-04    3.5960693E+03    172.96    172.96    0.0578107004511202    0.00000e+00    0.00000e+00    8.02632061E+10
    8.47504783683672e-04    -2.01601925004040e-03    -7.95597043362845e-04    3.5616883E+03    172.28    172.28    0.0575113934522532    0.00000e+00    0.00000e+00    8.03134334E+10
    8.51714081507170e-04    -2.02586402209312e-03    -7.99753787383310e-04    3.5280331E+03    171.62    171.62    0.0570767745172937    0.00000e+00    0.00000e+00    8.03636606E+10
