    7.71561338531742e-06    -2.30696636356838e-05    1.24039153675835e-05    1.7488679E+07    5160.91    5160.91    1.4917659887724091    0.00000e+00    0.00000e+00    7.05693395E+10
    1.29066424293964e-05    -2.93590274084154e-05    1.34789843724934e-05    1.7245798E+07    5058.39    5058.39    1.4450224403137273    0.00000e+00    0.00000e+00    7.06195668E+10
    2.49718752011894e-05    -3.68724284010378e-05    1.57172261181402e-05    1.4130950E+07    3703.44    3703.44    0.9808380565992312    0.00000e+00    0.00000e+00    7.06697941E+10
    4.10359370267954e-05    -4.41035626266857e-05    1.61490549968550e-05    9.0132115E+06    2770.59    2770.59    0.7655906659888300    0.00000e+00    0.00000e+00    7.07200214E+10
    5.83638586680585e-05    -5.28071036362430e-05    1.52766599272645e-05    5.9263756E+06    2169.35    2169.35    0.6339937374187211    0.00000e+00    0.00000e+00    7.07702487E+10
    7.65192535128478e-05    -6.09225065033454e-05    1.48008880213077e-05    3.9472412E+06    1664.98    1664.98    0.5363655235727046    0.00000e+00    0.00000e+00    7.08204759E+10
    9.52765251501874e-05    -6.85710725806337e-05    1.38306866396902e-05    2.7500220E+06    1386.40    1386.40    0.4709265556266699    0.00000e+00    0.00000e+00    7.08707032E+10
    1.13769282443114e-04    -7.65013978249725e-05    1.21909265363848e-05    2.2768397E+06    1311.29    1311.29    0.4478439185104333    0.00000e+00    0.00000e+00    7.09209305E+10
    1.31504324433834e-04    -8.45195858527388e-05    1.03623431398156e-05    2.0940294E+06    1301.56    1301.56    0.4334308076372090    0.00000e+00    0.00000e+00    7.09711578E+10
    1.48349326076226e-04    -9.20683869707285e-05    8.86723059196507e-06    1.9222125E+06    1255.09    1255.09    0.4180002057936724    0.00000e+00    0.00000e+00    7.10213851E+10
    1.64455345617050e-04    -9.90321488753128e-05    7.85672180090011e-06    1.7056019E+06    1180.89    1180.89    0.3971159867552165    0.00000e+00    0.00000e+00    7.10716124E+10
    1.80005375980240e-04    -1.05687060224346e-04    7.27328635115191e-06    1.4868143E+06    1107.91    1107.91    0.3859396675048633    0.00000e+00    0.00000e+00    7.11218397E+10
    1.95193318397558e-04    -1.12280269336185e-04    7.04470300308662e-06    1.2664746E+06    1036.50    1036.50    0.3756903276596765    0.00000e+00    0.00000e+00    7.11720670E+10
    2.10200706503756e-04    -1.18879499833943e-04    7.08591022672621e-06    1.0515227E+06    962.07    962.07    0.3657909858529934    0.00000e+00    0.00000e+00    7.12222942E+10
    2.25137239090460e-04    -1.25467060866397e-04    7.28693724997092e-06    8.5997418E+05    887.79    887.79    0.3576809852266283    0.00000e+00    0.00000e+00    7.12725215E+10
    2.40041638226381e-04    -1.32018522672155e-04    7.54871288189969e-06    7.0244111E+05    820.80    820.80    0.3483122646670840    0.00000e+00    0.00000e+00    7.13227488E+10
    2.54893745358656e-04    -1.38524664095003e-04    7.80726741173117e-06    5.8047175E+05    766.47    766.47    0.3475508628714475    0.00000e+00    0.00000e+00    7.13729761E+10
    2.69635794937184e-04    -1.44984631862863e-04    8.03484719547657e-06    4.8941551E+05    726.54    726.54    0.3353460394263645    0.00000e+00    0.00000e+00    7.14232034E+10
    2.84198225894997e-04    -1.51395778893034e-04    8.23179111789897e-06    4.2271025E+05    697.84    697.84    0.3261257440171099    0.00000e+00    0.00000e+00    7.14734307E+10
    2.98507065360632e-04    -1.57743749852421e-04    8.40956211367453e-06    3.7406914E+05    678.05    678.05    0.3215036257920008    0.00000e+00    0.00000e+00    7.15236580E+10
    3.12500373538190e-04    -1.64008599506181e-04    8.57544208429352e-06    3.3794697E+05    663.11    663.11    0.3220032652920473    0.00000e+00    0.00000e+00    7.15738853E+10
    3.26146031521298e-04    -1.70174343547248e-04    8.72738850971743e-06    3.0967602E+05    649.34    649.34    0.3220944123419587    0.00000e+00    0.00000e+00    7.16241125E+10
    3.39444199298472e-04    -1.76233879455195e-04    8.85507388891124e-06    2.8597586E+05    634.47    634.47    0.3169979640650513    0.00000e+00    0.00000e+00    7.16743398E+10
    3.52418501840390e-04    -1.82190455481685e-04    8.94527541353640e-06    2.6489328E+05    617.65    617.65    0.3112167400018502    0.00000e+00    0.00000e+00    7.17245671E+10
    3.65107118224441e-04    -1.88056502249501e-04    8.98836468388605e-06    2.4544575E+05    599.00    599.00    0.3046662939788474    0.00000e+00    0.00000e+00    7.17747944E+10
    3.77556033028278e-04    -1.93850137245907e-04    8.98268751568026e-06    2.2728532E+05    579.03    579.03    0.2975504787900375    0.00000e+00    0.00000e+00    7.18250217E+10
    3.89811458691984e-04    -1.99590224571234e-04    8.93624236502997e-06    2.1035748E+05    558.48    558.48    0.2916581867431126    0.00000e+00    0.00000e+00    7.18752490E+10
    4.01915045558903e-04    -2.05293073357715e-04    8.86354019022446e-06    1.9466729E+05    537.89    537.89    0.2843049705321740    0.00000e+00    0.00000e+00    7.19254763E+10
    4.13901423870277e-04    -2.10970731225325e-04    8.78237995593832e-06    1.8018181E+05    517.65    517.65    0.2804821342061251    0.00000e+00    0.00000e+00    7.19757036E+10
    4.25797423215219e-04    -2.16630227972442e-04    8.71089660272712e-06    1.6680252E+05    497.92    497.92    0.2733283984649280    0.00000e+00    0.00000e+00    7.20259308E+10
    4.37622979132295e-04    -2.22275010624336e-04    8.66557525018964e-06    1.5439187E+05    478.84    478.84    0.2658998301302254    0.00000e+00    0.00000e+00    7.20761581E+10
    4.49392907527601e-04    -2.27907382045994e-04    8.66021418050393e-06    1.4281825E+05    460.55    460.55    0.2603905616502869    0.00000e+00    0.00000e+00    7.21263854E+10
    4.61119226932292e-04    -2.33528277927821e-04    8.70461632630203e-06    1.3198747E+05    443.12    443.12    0.2562781332244523    0.00000e+00    0.00000e+00    7.21766127E+10
    4.72812065104164e-04    -2.39137950372929e-04    8.80441570737211e-06    1.2185017E+05    426.51    426.51    0.2515583781868376    0.00000e+00    0.00000e+00    7.22268400E+10
    4.84479552368652e-04    -2.44736753295307e-04    8.96139595324697e-06    1.1240521E+05    410.77    410.77    0.2472620886087819    0.00000e+00    0.00000e+00    7.22770673E+10
    4.96127923429694e-04    -2.50325350889698e-04    9.17436636152581e-06    1.0369020E+05    396.05    396.05    0.2435452628623816    0.00000e+00    0.00000e+00    7.23272946E+10
    5.07761609484334e-04    -2.55904591580044e-04    9.43999189889628e-06    9.5763714E+04    382.47    382.47    0.2410263162657768    0.00000e+00    0.00000e+00    7.23775219E+10
    5.19384193305677e-04    -2.61475668007999e-04    9.75350393799098e-06    8.8685972E+04    370.10    370.10    0.2366624891689043    0.00000e+00    0.00000e+00    7.24277492E+10
    5.30999262514964e-04    -2.67040330350953e-04    1.01094134183124e-05    8.2500952E+04    359.06    359.06    0.2304441328199207    0.00000e+00    0.00000e+00    7.24779764E+10
    5.42612053099948e-04    -2.72601458402172e-04    1.05017925229816e-05    7.7227044E+04    349.78    349.78    0.2266487664116808    0.00000e+00    0.00000e+00    7.25282037E+10
    5.54230467523634e-04    -2.78163386395965e-04    1.09244875119442e-05    7.2865972E+04    342.69    342.69    0.2241026837216115    0.00000e+00    0.00000e+00    7.25784310E+10
    5.65865850426159e-04    -2.83731888463274e-04    1.13712161695205e-05    6.9378525E+04    337.99    337.99    0.2189980189540240    0.00000e+00    0.00000e+00    7.26286583E+10
    5.77533958252158e-04    -2.89313936224833e-04    1.18359900771214e-05    6.6676294E+04    335.51    335.51    0.2141075708451764    0.00000e+00    0.00000e+00    7.26788856E+10
    5.89254086586140e-04    -2.94917417599234e-04    1.23133822304005e-05    6.4650192E+04    334.88    334.88    0.2110686016307436    0.00000e+00    0.00000e+00    7.27291129E+10
    6.01046597602713e-04    -3.00551267702619e-04    1.27984334702138e-05    6.3174082E+04    335.54    335.54    0.2079606809845461    0.00000e+00    0.00000e+00    7.27793402E+10
    6.12930786886383e-04    -3.06223990166956e-04    1.32860033171004e-05    6.2112701E+04    336.88    336.88    0.2042689567173849    0.00000e+00    0.00000e+00    7.28295675E+10
    6.24922701769995e-04    -3.11942600246210e-04    1.37702454028799e-05    6.1336638E+04    338.34    338.34    0.2001995176778755    0.00000e+00    0.00000e+00    7.28797947E+10
    6.37033347524111e-04    -3.17712023647381e-04    1.42451460986518e-05    6.0731851E+04    339.51    339.51    0.1975557028315064    0.00000e+00    0.00000e+00    7.29300220E+10
    6.49267814692383e-04    -3.23534941390126e-04    1.47053123370274e-05    6.0204208E+04    340.08    340.08    0.1951532117826966    0.00000e+00    0.00000e+00    7.29802493E+10
    6.61625569979761e-04    -3.29411983732230e-04    1.51463449186644e-05    5.9681389E+04    339.93    339.93    0.1906419948020756    0.00000e+00    0.00000e+00    7.30304766E+10
    6.74101765249433e-04    -3.35341919246942e-04    1.55649277179839e-05    5.9112488E+04    339.02    339.02    0.1865248323841563    0.00000e+00    0.00000e+00    7.30807039E+10
    6.86688207150190e-04    -3.41321868140998e-04    1.59587583548143e-05    5.8464837E+04    337.38    337.38    0.1850297844066832    0.00000e+00    0.00000e+00    7.31309312E+10
    6.99374811557465e-04    -3.47347728890655e-04    1.63267489072553e-05    5.7720652E+04    335.12    335.12    0.1818013151067015    0.00000e+00    0.00000e+00    7.31811585E+10
    7.12150476237959e-04    -3.53414726081155e-04    1.66688901638468e-05    5.6875030E+04    332.33    332.33    0.1792909638668113    0.00000e+00    0.00000e+00    7.32313858E+10
    7.25004001995639e-04    -3.59517657661698e-04    1.69859408580000e-05    5.5933612E+04    329.15    329.15    0.1769867547455491    0.00000e+00    0.00000e+00    7.32816130E+10
    7.37924529004049e-04    -3.65651452481180e-04    1.72793282811918e-05    5.4908842E+04    325.69    325.69    0.1734408732605925    0.00000e+00    0.00000e+00    7.33318403E+10
    7.50901730731780e-04    -3.71811616316778e-04    1.75508952102243e-05    5.3817090E+04    322.06    322.06    0.1706057641402880    0.00000e+00    0.00000e+00    7.33820676E+10
    7.63925135203322e-04    -3.77994290051590e-04    1.78025959290459e-05    5.2676202E+04    318.37    318.37    0.1683195836965377    0.00000e+00    0.00000e+00    7.34322949E+10
    7.76984367405897e-04    -3.84195536998525e-04    1.80364908958014e-05    5.1503054E+04    314.71    314.71    0.1649958293322545    0.00000e+00    0.00000e+00    7.34825222E+10
    7.90069197770834e-04    -3.90411299267073e-04    1.82545639680740e-05    5.0311743E+04    311.05    311.05    0.1621697530221370    0.00000e+00    0.00000e+00    7.35327495E+10
    8.03170123949985e-04    -3.96637509270449e-04    1.84586327123539e-05    4.9112814E+04    307.32    307.32    0.1588084402398664    0.00000e+00    0.00000e+00    7.35829768E+10
    8.16278128408880e-04    -4.02870089725594e-04    1.86500342447739e-05    4.7912975E+04    303.49    303.49    0.1567240368417083    0.00000e+00    0.00000e+00    7.36332041E+10
    8.29385260203148e-04    -4.09105191211881e-04    1.88297818259273e-05    4.6715688E+04    299.55    299.55    0.1543381638255330    0.00000e+00    0.00000e+00    7.36834314E+10
    8.42484489534415e-04    -4.15339298830122e-04    1.89988053284546e-05    4.5522008E+04    295.50    295.50    0.1513975847321704    0.00000e+00    0.00000e+00    7.37336586E+10
    8.55570241045347e-04    -4.21569270987663e-04    1.91578814238729e-05    4.4331706E+04    291.34    291.34    0.1508608491449105    0.00000e+00    0.00000e+00    7.37838859E+10
    8.68638102931446e-04    -4.27792426664848e-04    1.93076209774204e-05    4.3144667E+04    287.09    287.09    0.1481169902644968    0.00000e+00    0.00000e+00    7.38341132E+10
    8.81685020866521e-04    -4.34006555111290e-04    1.94485325586486e-05    4.1960617E+04    282.76    282.76    0.1461249221280916    0.00000e+00    0.00000e+00    7.38843405E+10
    8.94708667744902e-04    -4.40209930390285e-04    1.95811232826679e-05    4.0778640E+04    278.36    278.36    0.1444685236020601    0.00000e+00    0.00000e+00    7.39345678E+10
    9.07707492162811e-04    -4.46401243504895e-04    1.97058362691828e-05    3.9599195E+04    273.91    273.91    0.1423596979707470    0.00000e+00    0.00000e+00    7.39847951E+10
    9.20680524492885e-04    -4.52579471498251e-04    1.98230559754425e-05    3.8424211E+04    269.43    269.43    0.1399025297774289    0.00000e+00    0.00000e+00    7.40350224E+10
    9.33626892070498e-04    -4.58743741705728e-04    1.99331198317691e-05    3.7256536E+04    264.94    264.94    0.1376303040835836    0.00000e+00    0.00000e+00    7.40852497E+10
    9.46545867675128e-04    -4.64893268729162e-04    2.00363269682037e-05    3.6099531E+04    260.48    260.48    0.1342716380950913    0.00000e+00    0.00000e+00    7.41354769E+10
    9.59436772567622e-04    -4.71027296259212e-04    2.01329474259667e-05    3.4956366E+04    256.06    256.06    0.1344477558338875    0.00000e+00    0.00000e+00    7.41857042E+10
    9.72298831046090e-04    -4.77145150404860e-04    2.02232425196323e-05    3.3829978E+04    251.69    251.69    0.1319659662015445    0.00000e+00    0.00000e+00    7.42359315E+10
    9.85131509815483e-04    -4.83246229997141e-04    2.03074730789609e-05    3.2722922E+04    247.38    247.38    0.1303146697960706    0.00000e+00    0.00000e+00    7.42861588E+10
    9.97934130136646e-04    -4.89330011437280e-04    2.03858984792719e-05    3.1637341E+04    243.16    243.16    0.1289075579138442    0.00000e+00    0.00000e+00    7.43363861E+10
    1.01070591630769e-03    -4.95396000215322e-04    2.04587999125004e-05    3.0574944E+04    239.02    239.02    0.1271282541098000    0.00000e+00    0.00000e+00    7.43866134E+10
    1.02344628655220e-03    -5.01443953924428e-04    2.05264605098360e-05    2.9537123E+04    234.97    234.97    0.1258527239846303    0.00000e+00    0.00000e+00    7.44368407E+10
    1.03615485301923e-03    -5.07473630157755e-04    2.05890955285533e-05    2.8525195E+04    231.01    231.01    0.1244156252906954    0.00000e+00    0.00000e+00    7.44870680E+10
    1.04883132482057e-03    -5.13484786508464e-04    2.06468935611741e-05    2.7540312E+04    227.14    227.14    0.1226760437648281    0.00000e+00    0.00000e+00    7.45372952E+10
    1.06147550803075e-03    -5.19477519939291e-04    2.07000645320224e-05    2.6583564E+04    223.36    223.36    0.1213688955235967    0.00000e+00    0.00000e+00    7.45875225E+10
    1.07408725720566e-03    -5.25451927412972e-04    2.07488556960756e-05    2.5655946E+04    219.68    219.68    0.1196541942631712    0.00000e+00    0.00000e+00    7.46377498E+10
    1.08666647538257e-03    -5.31408299817716e-04    2.07935307919762e-05    2.4758386E+04    216.10    216.10    0.1185217664209720    0.00000e+00    0.00000e+00    7.46879771E+10
    1.09921306559874e-03    -5.37346879560363e-04    2.08343545279940e-05    2.3891754E+04    212.61    212.61    0.1166899935191939    0.00000e+00    0.00000e+00    7.47382044E+10
    1.11172702785417e-03    -5.43267812085017e-04    2.08716066416231e-05    2.3056793E+04    209.23    209.23    0.1155915014386705    0.00000e+00    0.00000e+00    7.47884317E+10
    1.12420850759296e-03    -5.49171339798520e-04    2.09055843236500e-05    2.2254049E+04    205.95    205.95    0.1140279871313645    0.00000e+00    0.00000e+00    7.48386590E+10
    1.13665779570333e-03    -5.55057850551816e-04    2.09365959155758e-05    2.1483801E+04    202.76    202.76    0.1125938781996506    0.00000e+00    0.00000e+00    7.48888863E+10
    1.14907552244307e-03    -5.60927635233113e-04    2.09649580007344e-05    2.0746117E+04    199.69    199.69    0.1117415442965461    0.00000e+00    0.00000e+00    7.49391135E+10
    1.16146241503268e-03    -5.66781227137461e-04    2.09909939498511e-05    2.0040865E+04    196.71    196.71    0.1108397589848982    0.00000e+00    0.00000e+00    7.49893408E+10
    1.17381934613680e-03    -5.72619305004014e-04    2.10150266488373e-05    1.9367752E+04    193.84    193.84    0.1098648200934399    0.00000e+00    0.00000e+00    7.50395681E+10
    1.18614723690142e-03    -5.78442450609189e-04    2.10373746202818e-05    1.8726340E+04    191.07    191.07    0.1086052812293361    0.00000e+00    0.00000e+00    7.50897954E+10
    1.19844715391664e-03    -5.84251439654875e-04    2.10583423271761e-05    1.8116073E+04    188.40    188.40    0.1072309578305928    0.00000e+00    0.00000e+00    7.51400227E+10
    1.21072006680982e-03    -5.90047096324331e-04    2.10782138703374e-05    1.7536304E+04    185.83    185.83    0.1056694750545095    0.00000e+00    0.00000e+00    7.51902500E+10
    1.22296699368970e-03    -5.95830050875342e-04    2.10972525035946e-05    1.6986281E+04    183.36    183.36    0.1042160355327680    0.00000e+00    0.00000e+00    7.52404773E+10
    1.23518895266500e-03    -6.01601079009798e-04    2.11156986945334e-05    1.6465201E+04    180.99    180.99    0.1036641333259269    0.00000e+00    0.00000e+00    7.52907046E+10
    1.24738710728856e-03    -6.07360907948219e-04    2.11337686700557e-05    1.5972213E+04    178.72    178.72    0.1018697457381815    0.00000e+00    0.00000e+00    7.53409319E+10
    1.25956262111320e-03    -6.13110167948393e-04    2.11516684759760e-05    1.5506417E+04    176.56    176.56    0.1014221738168756    0.00000e+00    0.00000e+00    7.53911591E+10
    1.27171690009862e-03    -6.18849537749472e-04    2.11695881592571e-05    1.5066898E+04    174.50    174.50    0.1004170062662500    0.00000e+00    0.00000e+00    7.54413864E+10
    1.28385135020448e-03    -6.24579841534714e-04    2.11877022528244e-05    1.4652766E+04    172.54    172.54    0.0999368550782194    0.00000e+00    0.00000e+00    7.54916137E+10
    1.29596757131593e-03    -6.30301806524642e-04    2.12061673514969e-05    1.4263149E+04    170.68    170.68    0.0988914389985963    0.00000e+00    0.00000e+00    7.55418410E+10
    1.30806726028085e-03    -6.36016353865248e-04    2.12251279297514e-05    1.3897239E+04    168.93    168.93    0.0981427351668516    0.00000e+00    0.00000e+00    7.55920683E+10
    1.32015206546576e-03    -6.41724356221159e-04    2.12447100391451e-05    1.3554213E+04    167.28    167.28    0.0974029166473705    0.00000e+00    0.00000e+00    7.56422956E+10
    1.33222378068129e-03    -6.47426734738369e-04    2.12650179146194e-05    1.3233194E+04    165.73    165.73    0.0963458163285479    0.00000e+00    0.00000e+00    7.56925229E+10
    1.34428429670078e-03    -6.53124507525609e-04    2.12861480340969e-05    1.2933266E+04    164.28    164.28    0.0948452332044239    0.00000e+00    0.00000e+00    7.57427502E+10
    1.35633540733485e-03    -6.58818595728873e-04    2.13081857247854e-05    1.2653464E+04    162.93    162.93    0.0939244854286020    0.00000e+00    0.00000e+00    7.57929774E+10
    1.36837890639414e-03    -6.64509920494154e-04    2.13312017694824e-05    1.2392788E+04    161.68    161.68    0.0931035555329850    0.00000e+00    0.00000e+00    7.58432047E+10
    1.38041663617061e-03    -6.70199402967446e-04    2.13552606484074e-05    1.2150216E+04    160.51    160.51    0.0923644765804812    0.00000e+00    0.00000e+00    7.58934320E+10
    1.39245048743764e-03    -6.75887915813377e-04    2.13804278114075e-05    1.1924722E+04    159.44    159.44    0.0915960225587983    0.00000e+00    0.00000e+00    7.59436593E+10
    1.40448225400584e-03    -6.81576234733835e-04    2.14067594968696e-05    1.1715263E+04    158.45    158.45    0.0907743250737926    0.00000e+00    0.00000e+00    7.59938866E+10
    1.41651382664857e-03    -6.87265232393447e-04    2.14343017620934e-05    1.1520811E+04    157.54    157.54    0.0905003633201025    0.00000e+00    0.00000e+00    7.60441139E+10
    1.42854714462055e-03    -6.92955829938206e-04    2.14630904832914e-05    1.1340372E+04    156.70    156.70    0.0897256940781874    0.00000e+00    0.00000e+00    7.60943412E+10
    1.44058405021377e-03    -6.98648900032739e-04    2.14931523252160e-05    1.1172963E+04    155.94    155.94    0.0889136089437115    0.00000e+00    0.00000e+00    7.61445685E+10
    1.45262628875748e-03    -7.04345266860304e-04    2.15245061956007e-05    1.1017612E+04    155.24    155.24    0.0882297476374307    0.00000e+00    0.00000e+00    7.61947957E+10
    1.46467555709957e-03    -7.10045706122790e-04    2.15571627603465e-05    1.0873350E+04    154.59    154.59    0.0874955974633232    0.00000e+00    0.00000e+00    7.62450230E+10
    1.47673335816244e-03    -7.15750993522087e-04    2.15911234738946e-05    1.0739223E+04    154.00    154.00    0.0866710528934253    0.00000e+00    0.00000e+00    7.62952503E+10
    1.48880109790578e-03    -7.21461807797349e-04    2.16263849425490e-05    1.0614299E+04    153.45    153.45    0.0856153713243147    0.00000e+00    0.00000e+00    7.63454776E+10
    1.50087993988242e-03    -7.27178682243624e-04    2.16629398941047e-05    1.0497676E+04    152.93    152.93    0.0850267929024173    0.00000e+00    0.00000e+00    7.63957049E+10
    1.51297104764518e-03    -7.32902150155963e-04    2.17007791171016e-05    1.0388499E+04    152.44    152.44    0.0843839752719591    0.00000e+00    0.00000e+00    7.64459322E+10
    1.52507529385871e-03    -7.38632647866678e-04    2.17398929152662e-05    1.0285941E+04    151.98    151.98    0.0829242145340034    0.00000e+00    0.00000e+00    7.64961595E+10
    1.53719369663172e-03    -7.44370563226713e-04    2.17802735315795e-05    1.0189223E+04    151.53    151.53    0.0833101944034655    0.00000e+00    0.00000e+00    7.65463868E+10
    1.54932693470338e-03    -7.50116235605647e-04    2.18219132090226e-05    1.0097601E+04    151.10    151.10    0.0822923885141622    0.00000e+00    0.00000e+00    7.65966140E+10
    1.56147573529420e-03    -7.55869955891686e-04    2.18648090387135e-05    1.0010373E+04    150.66    150.66    0.0819046939686999    0.00000e+00    0.00000e+00    7.66468413E+10
    1.57364063169923e-03    -7.61631966491673e-04    2.19089610206521e-05    9.9268805E+03    150.23    150.23    0.0812698480380165    0.00000e+00    0.00000e+00    7.66970686E+10
    1.58582210873216e-03    -7.67402509812448e-04    2.19543798207395e-05    9.8465082E+03    149.80    149.80    0.0806891751989766    0.00000e+00    0.00000e+00    7.67472959E+10
    1.59802026335571e-03    -7.73181682816746e-04    2.20011163444122e-05    9.7686889E+03    149.36    149.36    0.0801355906139975    0.00000e+00    0.00000e+00    7.67975232E+10
    1.61023524101400e-03    -7.78969630948672e-04    2.20492428289085e-05    9.6929005E+03    148.91    148.91    0.0797833835412614    0.00000e+00    0.00000e+00    7.68477505E+10
    1.62246689626292e-03    -7.84766208764122e-04    2.20988606002880e-05    9.6186602E+03    148.45    148.45    0.0790605988171422    0.00000e+00    0.00000e+00    7.68979778E+10
    1.63471508365837e-03    -7.90571319300359e-04    2.21500835897656e-05    9.5455395E+03    147.97    147.97    0.0780687245667036    0.00000e+00    0.00000e+00    7.69482051E+10
    1.64697951231214e-03    -7.96384817113280e-04    2.22030296070659e-05    9.4731557E+03    147.48    147.48    0.0776288506148076    0.00000e+00    0.00000e+00    7.69984324E+10
    1.65925998829874e-03    -8.02206459796043e-04    2.22578120985903e-05    9.4011685E+03    146.98    146.98    0.0763938004868147    0.00000e+00    0.00000e+00    7.70486596E+10
    1.67155626921136e-03    -8.08036101904545e-04    2.23145367537211e-05    9.3292734E+03    146.46    146.46    0.0761170926628950    0.00000e+00    0.00000e+00    7.70988869E+10
    1.68386816112450e-03    -8.13873404069208e-04    2.23733078074000e-05    9.2572092E+03    145.92    145.92    0.0755919615826712    0.00000e+00    0.00000e+00    7.71491142E+10
    1.69619532466860e-03    -8.19718269327297e-04    2.24342294945682e-05    9.1847475E+03    145.37    145.37    0.0752112855919087    0.00000e+00    0.00000e+00    7.71993415E+10
    1.70853751743682e-03    -8.25570503753338e-04    2.24974138071861e-05    9.1116939E+03    144.81    144.81    0.0745137983848190    0.00000e+00    0.00000e+00    7.72495688E+10
    1.72089444854094e-03    -8.31429864940492e-04    2.25629484965301e-05    9.0378890E+03    144.22    144.22    0.0743176606747287    0.00000e+00    0.00000e+00    7.72997961E+10
    1.73326577861139e-03    -8.37296158963285e-04    2.26308912554282e-05    8.9632026E+03    143.62    143.62    0.0739576097186805    0.00000e+00    0.00000e+00    7.73500234E+10
    1.74565107131585e-03    -8.43169094933510e-04    2.27012857171116e-05    8.8875310E+03    143.01    143.01    0.0733627575287632    0.00000e+00    0.00000e+00    7.74002507E+10
    1.75804993880339e-03    -8.49048381962957e-04    2.27741420626677e-05    8.8108078E+03    142.38    142.38    0.0731293975368826    0.00000e+00    0.00000e+00    7.74504779E+10
    1.77046199322305e-03    -8.54933777644786e-04    2.28494559287733e-05    8.7329803E+03    141.74    141.74    0.0724362982958143    0.00000e+00    0.00000e+00    7.75007052E+10
    1.78288670127979e-03    -8.60824894128053e-04    2.29272224672917e-05    8.6540313E+03    141.08    141.08    0.0712344070601366    0.00000e+00    0.00000e+00    7.75509325E+10
    1.79532367512266e-03    -8.66721489005915e-04    2.30074547681922e-05    8.5739548E+03    140.41    140.41    0.0705617305673709    0.00000e+00    0.00000e+00    7.76011598E+10
    1.80777262386345e-03    -8.72623271390166e-04    2.30901741632768e-05    8.4927699E+03    139.73    139.73    0.0700726174678858    0.00000e+00    0.00000e+00    7.76513871E+10
    1.82023311116986e-03    -8.78529901911228e-04    2.31753990754654e-05    8.4105131E+03    139.03    139.03    0.0698755342453247    0.00000e+00    0.00000e+00    7.77016144E+10
    1.83270470070956e-03    -8.84441138162260e-04    2.32631450187957e-05    8.3272339E+03    138.33    138.33    0.0694612179525076    0.00000e+00    0.00000e+00    7.77518417E+10
    1.84518705311298e-03    -8.90356786217791e-04    2.33534245984235e-05    8.2430010E+03    137.62    137.62    0.0690722602535480    0.00000e+00    0.00000e+00    7.78020690E+10
    1.85767963508508e-03    -8.96276458226874e-04    2.34462475106224e-05    8.1578884E+03    136.90    136.90    0.0687047453689072    0.00000e+00    0.00000e+00    7.78522962E+10
    1.87018196181216e-03    -9.02199960264039e-04    2.35416176339019e-05    8.0719892E+03    136.17    136.17    0.0685527198617405    0.00000e+00    0.00000e+00    7.79025235E+10
    1.88269354848055e-03    -9.08127001441075e-04    2.36395369075166e-05    7.9853942E+03    135.43    135.43    0.0678617147387939    0.00000e+00    0.00000e+00    7.79527508E+10
    1.89521381331384e-03    -9.14057290869775e-04    2.37400024225845e-05    7.8982047E+03    134.69    134.69    0.0675056057032096    0.00000e+00    0.00000e+00    7.80029781E+10
    1.90774231997971e-03    -9.19990489180562e-04    2.38430073917141e-05    7.8105256E+03    133.95    133.95    0.0669853382968249    0.00000e+00    0.00000e+00    7.80532054E+10
    1.92027848670173e-03    -9.25926305485227e-04    2.39485440578865e-05    7.7224653E+03    133.20    133.20    0.0654223317642548    0.00000e+00    0.00000e+00    7.81034327E+10
    1.93282182866624e-03    -9.31864497376929e-04    2.40566012703869e-05    7.6341263E+03    132.44    132.44    0.0651997389889872    0.00000e+00    0.00000e+00    7.81536600E+10
    1.94537186105954e-03    -9.37804725486091e-04    2.41671673936870e-05    7.5456155E+03    131.68    131.68    0.0650072825870390    0.00000e+00    0.00000e+00    7.82038873E+10
    1.95792814754934e-03    -9.43746747405874e-04    2.42802288530039e-05    7.4570319E+03    130.92    130.92    0.0648895717186024    0.00000e+00    0.00000e+00    7.82541145E+10
    1.97049025180330e-03    -9.49690369210805e-04    2.43957749824364e-05    7.3684750E+03    130.16    130.16    0.0644713242340652    0.00000e+00    0.00000e+00    7.83043418E+10
    1.98305764052639e-03    -9.55635300012674e-04    2.45138130541898e-05    7.2800412E+03    129.40    129.40    0.0640968524129279    0.00000e+00    0.00000e+00    7.83545691E+10
    1.99562987738629e-03    -9.61581297404642e-04    2.46343561582335e-05    7.1918222E+03    128.64    128.64    0.0637354323979310    0.00000e+00    0.00000e+00    7.84047964E+10
    2.00820652605069e-03    -9.67528118979868e-04    2.47574178693506e-05    7.1039033E+03    127.87    127.87    0.0636934990320721    0.00000e+00    0.00000e+00    7.84550237E+10
    2.02078705322454e-03    -9.73475570812879e-04    2.48830088534420e-05    7.0163670E+03    127.11    127.11    0.0635638479091030    0.00000e+00    0.00000e+00    7.85052510E+10
    2.03337097409415e-03    -9.79423313534099e-04    2.50111402612225e-05    6.9292911E+03    126.35    126.35    0.0628762655860695    0.00000e+00    0.00000e+00    7.85554783E+10
    2.04595790080859e-03    -9.85371201699423e-04    2.51418222737792e-05    6.8427519E+03    125.60    125.60    0.0621327049369394    0.00000e+00    0.00000e+00    7.86057056E+10
    2.05854730007280e-03    -9.91318944420643e-04    2.52750641025722e-05    6.7568167E+03    124.84    124.84    0.0609705781211173    0.00000e+00    0.00000e+00    7.86559329E+10
    2.07113878403584e-03    -9.97266347772286e-04    2.54108744742478e-05    6.6715530E+03    124.09    124.09    0.0605147207114396    0.00000e+00    0.00000e+00    7.87061601E+10
    2.08373196484677e-03    -1.00321321782888e-03    2.55492621154521e-05    6.5870170E+03    123.35    123.35    0.0605455864510527    0.00000e+00    0.00000e+00    7.87563874E+10
    2.09632650313600e-03    -1.00915931218358e-03    2.56902357528314e-05    6.5032637E+03    122.61    122.61    0.0606018621680262    0.00000e+00    0.00000e+00    7.88066147E+10
    2.10892201105259e-03    -1.01510453387366e-03    2.58338026585910e-05    6.4203431E+03    121.87    121.87    0.0604241764050674    0.00000e+00    0.00000e+00    7.88568420E+10
    2.12151810074560e-03    -1.02104868897364e-03    2.59799705897498e-05    6.3383002E+03    121.14    121.14    0.0598426677634308    0.00000e+00    0.00000e+00    7.89070693E+10
    2.13411448132682e-03    -1.02699168052079e-03    2.61287468185129e-05    6.2571767E+03    120.42    120.42    0.0593845905881988    0.00000e+00    0.00000e+00    7.89572966E+10
    2.14671071646394e-03    -1.03293331458962e-03    2.62801526766824e-05    6.1770083E+03    119.70    119.70    0.0593349818162995    0.00000e+00    0.00000e+00    7.90075239E+10
    2.15930646678737e-03    -1.03887344573605e-03    2.64342051327370e-05    6.0978305E+03    118.99    118.99    0.0591498577186419    0.00000e+00    0.00000e+00    7.90577512E+10
    2.17190134444618e-03    -1.04481188003459e-03    2.65909119436957e-05    6.0196682E+03    118.29    118.29    0.0587100744783029    0.00000e+00    0.00000e+00    7.91079784E+10
    2.18449491310805e-03    -1.05074847204115e-03    2.67502798969501e-05    5.9425465E+03    117.59    117.59    0.0581984089593947    0.00000e+00    0.00000e+00    7.91582057E+10
    2.19708693036614e-03    -1.05668307631161e-03    2.69123138406368e-05    5.8664843E+03    116.90    116.90    0.0570681560745457    0.00000e+00    0.00000e+00    7.92084330E+10
    2.20967700836951e-03    -1.06261554740188e-03    2.70770176532654e-05    5.7914963E+03    116.22    116.22    0.0567923553556518    0.00000e+00    0.00000e+00    7.92586603E+10
    2.22226490471131e-03    -1.06854573986784e-03    2.72443937589043e-05    5.7175940E+03    115.54    115.54    0.0569236059092761    0.00000e+00    0.00000e+00    7.93088876E+10
    2.23485032850333e-03    -1.07447355674677e-03    2.74144436119945e-05    5.6447885E+03    114.87    114.87    0.0566056054999693    0.00000e+00    0.00000e+00    7.93591149E+10
    2.24743303733875e-03    -1.08039885259455e-03    2.75871672125361e-05    5.5730827E+03    114.21    114.21    0.0564123046663273    0.00000e+00    0.00000e+00    7.94093422E+10
    2.26001278881071e-03    -1.08632162741119e-03    2.77625631060879e-05    5.5024815E+03    113.56    113.56    0.0560760077025113    0.00000e+00    0.00000e+00    7.94595695E+10
    2.27258934051237e-03    -1.09224168727122e-03    2.79406293533952e-05    5.4329843E+03    112.91    112.91    0.0558441418726662    0.00000e+00    0.00000e+00    7.95097967E+10
    2.28516245003689e-03    -1.09815908065600e-03    2.81213615911350e-05    5.3645875E+03    112.28    112.28    0.0555114199035264    0.00000e+00    0.00000e+00    7.95600240E+10
    2.29773192345881e-03    -1.10407361364007e-03    2.83047569104251e-05    5.2972899E+03    111.65    111.65    0.0553453699483142    0.00000e+00    0.00000e+00    7.96102513E+10
    2.31029746988991e-03    -1.10998523774204e-03    2.84908128871972e-05    5.2310834E+03    111.02    111.02    0.0551062945804021    0.00000e+00    0.00000e+00    7.96604786E+10
    2.32285899236746e-03    -1.11589395296194e-03    2.86795275821964e-05    5.1659635E+03    110.41    110.41    0.0539876047894035    0.00000e+00    0.00000e+00    7.97107059E+10
    2.33541615152188e-03    -1.12179956537427e-03    2.88709009954229e-05    5.1019209E+03    109.80    109.80    0.0538873712749467    0.00000e+00    0.00000e+00    7.97609332E+10
    2.34796889887180e-03    -1.12770212346041e-03    2.90649331268765e-05    5.0389463E+03    109.20    109.20    0.0533348864696789    0.00000e+00    0.00000e+00    7.98111605E+10
    2.36051704049175e-03    -1.13360153025762e-03    2.92616234917437e-05    4.9770290E+03    108.61    108.61    0.0536416634528537    0.00000e+00    0.00000e+00    7.98613878E+10
    2.37306043093762e-03    -1.13949778576591e-03    2.94609716052107e-05    4.9161589E+03    108.02    108.02    0.0533175107653585    0.00000e+00    0.00000e+00    7.99116151E+10
    2.38559897324669e-03    -1.14539084150390e-03    2.96629760128366e-05    4.8563223E+03    107.44    107.44    0.0527925696841040    0.00000e+00    0.00000e+00    7.99618423E+10
    2.39813252197484e-03    -1.15128069747159e-03    2.98676357449938e-05    4.7975079E+03    106.87    106.87    0.0524936836232895    0.00000e+00    0.00000e+00    8.00120696E+10
    2.41066098015933e-03    -1.15716730518762e-03    3.00749474079868e-05    4.7397026E+03    106.31    106.31    0.0524279014948522    0.00000e+00    0.00000e+00    8.00622969E+10
    2.42318425083744e-03    -1.16305066465199e-03    3.02849090625606e-05    4.6828908E+03    105.75    105.75    0.0521575902528337    0.00000e+00    0.00000e+00    8.01125242E+10
    2.43570218856506e-03    -1.16893077586470e-03    3.04975163453923e-05    4.6270613E+03    105.20    105.20    0.0518030053939797    0.00000e+00    0.00000e+00    8.01627515E+10
    2.44821469637944e-03    -1.17480763882574e-03    3.07127634387176e-05    4.5721984E+03    104.66    104.66    0.0517255873794368    0.00000e+00    0.00000e+00    8.02129788E+10
    2.46072172579924e-03    -1.18068120505375e-03    3.09306454943998e-05    4.5182901E+03    104.13    104.13    0.0508743837303908    0.00000e+00    0.00000e+00    8.02632061E+10
    2.47322322834306e-03    -1.18655142606736e-03    3.11511562098609e-05    4.4653212E+03    103.60    103.60    0.0506727797706902    0.00000e+00    0.00000e+00    8.03134334E+10
    2.48571910704819e-03    -1.19241835034794e-03    3.13742892825232e-05    4.4132789E+03    103.07    103.07    0.0502362954227754    0.00000e+00    0.00000e+00    8.03636606E+10
