    -4.11567584138921e-05    -3.11136151472779e-05    -9.52748331504403e-06    6.9558992E+06    534.84    534.84    1.4372347436099406    0.00000e+00    0.00000e+00    7.07200214E+10
    -4.70878240292955e-05    -3.91853203028608e-05    -1.34549851256512e-05    3.0322534E+06    377.12    377.12    1.0820851598034371    0.00000e+00    0.00000e+00    7.07702487E+10
    -5.22422860014768e-05    -4.56347331920688e-05    -1.70712205541345e-05    1.6271303E+06    290.96    290.96    0.8715907061527395    0.00000e+00    0.00000e+00    7.08204759E+10
    -5.64826991670277e-05    -5.01252888852703e-05    -2.01285608317800e-05    1.0028466E+06    240.31    240.31    0.7420734968990743    0.00000e+00    0.00000e+00    7.08707032E+10
    -5.93216953615530e-05    -5.23123318821235e-05    -2.22227067399411e-05    7.0670094E+05    217.64    217.64    0.6844731874473723    0.00000e+00    0.00000e+00    7.09209305E+10
    -6.00462639523816e-05    -5.24052997536130e-05    -2.29942227483937e-05    6.0794526E+05    376.54    376.54    0.6265823720925844    0.00000e+00    0.00000e+00    7.09711578E+10
    -5.98452117188255e-05    -5.49677291356126e-05    -2.41221223849478e-05    1.0137128E+06    4178.72    4178.72    0.5580395197651563    0.00000e+00    0.00000e+00    7.10213851E+10
    -6.20003200385040e-05    -6.72566602728200e-05    -2.68289884284508e-05    1.4358274E+06    5010.52    5010.52    0.5028336064113740    0.00000e+00    0.00000e+00    7.10716124E+10
    -6.40883689298115e-05    -8.06661461193127e-05    -2.67084647169544e-05    1.4457002E+06    3942.18    3942.18    0.4854190992526687    0.00000e+00    0.00000e+00    7.11218397E+10
    -6.68830289131993e-05    -9.40676907177089e-05    -2.57965103054264e-05    1.3780549E+06    3443.73    3443.73    0.4639562328353659    0.00000e+00    0.00000e+00    7.11720670E+10
    -7.08387400926555e-05    -1.07953404195019e-04    -2.51812928948131e-05    1.3086475E+06    3121.12    3121.12    0.4396983178075471    0.00000e+00    0.00000e+00    7.12222942E+10
    -7.53185687983487e-05    -1.22067115850281e-04    -2.53978169873744e-05    1.2745735E+06    2897.56    2897.56    0.4091358528032545    0.00000e+00    0.00000e+00    7.12725215E+10
    -8.00483625898853e-05    -1.36184701166855e-04    -2.64277100838512e-05    1.2085643E+06    2659.49    2659.49    0.3999937857418394    0.00000e+00    0.00000e+00    7.13227488E+10
    -8.51301359620441e-05    -1.49922580408384e-04    -2.80289071373337e-05    1.1231650E+06    2407.80    2407.80    0.3898735731855814    0.00000e+00    0.00000e+00    7.13729761E+10
    -9.02924174940880e-05    -1.63187965084440e-04    -3.00843072209143e-05    9.9360256E+05    2114.90    2114.90    0.3783309807978008    0.00000e+00    0.00000e+00    7.14232034E+10
    -9.54522167800847e-05    -1.76046634715277e-04    -3.24731781532134e-05    8.3803766E+05    1823.24    1823.24    0.3678353476402859    0.00000e+00    0.00000e+00    7.14734307E+10
    -1.00730208793399e-04    -1.88558168054166e-04    -3.49484676089840e-05    6.9671782E+05    1587.45    1587.45    0.3575521453029220    0.00000e+00    0.00000e+00    7.15236580E+10
    -1.06139924683871e-04    -2.00793992700745e-04    -3.73143966730793e-05    5.8705641E+05    1422.18    1422.18    0.3493380701747493    0.00000e+00    0.00000e+00    7.15738853E+10
    -1.11600502377628e-04    -2.12781709097879e-04    -3.95067052313231e-05    5.0592134E+05    1306.56    1306.56    0.3457496246616045    0.00000e+00    0.00000e+00    7.16241125E+10
    -1.17051441975404e-04    -2.24537335489592e-04    -4.15445540900200e-05    4.4418211E+05    1219.71    1219.71    0.3466805148700208    0.00000e+00    0.00000e+00    7.16743398E+10
    -1.22465332111670e-04    -2.36087953568111e-04    -4.34832735801542e-05    3.9438247E+05    1148.54    1148.54    0.3417525082832634    0.00000e+00    0.00000e+00    7.17245671E+10
    -1.27830852386972e-04    -2.47459786905448e-04    -4.53786633323530e-05    3.5193742E+05    1085.46    1085.46    0.3339674540609865    0.00000e+00    0.00000e+00    7.17747944E+10
    -1.33136939353107e-04    -2.58667399304582e-04    -4.72716430757429e-05    3.1454934E+05    1027.34    1027.34    0.3329491826165387    0.00000e+00    0.00000e+00    7.18250217E+10
    -1.38369261917661e-04    -2.69714814719068e-04    -4.91855066532603e-05    2.8119614E+05    973.13    973.13    0.3258755739043091    0.00000e+00    0.00000e+00    7.18752490E+10
    -1.43511438226349e-04    -2.80599041848492e-04    -5.11247565295616e-05    2.5147803E+05    922.55    922.55    0.3215370514511152    0.00000e+00    0.00000e+00    7.19254763E+10
    -1.48548123926165e-04    -2.91315862813828e-04    -5.30787253492214e-05    2.2520364E+05    875.15    875.15    0.3195704824305640    0.00000e+00    0.00000e+00    7.19757036E+10
    -1.53467635007393e-04    -3.01866213305482e-04    -5.50283308457513e-05    2.0217363E+05    831.35    831.35    0.3176088794589677    0.00000e+00    0.00000e+00    7.20259308E+10
    -1.58264527012395e-04    -3.12260565298966e-04    -5.69522169764982e-05    1.8211637E+05    791.30    791.30    0.3150186498871526    0.00000e+00    0.00000e+00    7.20761581E+10
    -1.62941471264554e-04    -3.22518975536266e-04    -5.88311851196904e-05    1.6470714E+05    754.93    754.93    0.3099334017983530    0.00000e+00    0.00000e+00    7.21263854E+10
    -1.67508673091857e-04    -3.32666780380358e-04    -6.06502981658128e-05    1.4961204E+05    722.01    722.01    0.3045999218255480    0.00000e+00    0.00000e+00    7.21766127E+10
    -1.71981108388913e-04    -3.42729723437709e-04    -6.23998792337905e-05    1.3652785E+05    692.24    692.24    0.2998227820304435    0.00000e+00    0.00000e+00    7.22268400E+10
    -1.76375309302249e-04    -3.52730813965624e-04    -6.40754195563891e-05    1.2522849E+05    665.62    665.62    0.2938637540334703    0.00000e+00    0.00000e+00    7.22770673E+10
    -1.80707594660370e-04    -3.62690656545550e-04    -6.56776657466775e-05    1.1563485E+05    642.41    642.41    0.2874216154182822    0.00000e+00    0.00000e+00    7.23272946E+10
    -1.84994811738695e-04    -3.72632129535098e-04    -6.72129834082888e-05    1.0787241E+05    624.04    624.04    0.2878220616694118    0.00000e+00    0.00000e+00    7.23775219E+10
    -1.89259722539552e-04    -3.82592272699507e-04    -6.86958490777409e-05    1.0225205E+05    614.10    614.10    0.2815218845493738    0.00000e+00    0.00000e+00    7.24277492E+10
    -1.93537655435884e-04    -3.92640108962554e-04    -7.01519724245430e-05    9.9192482E+04    617.86    617.86    0.2768182581077970    0.00000e+00    0.00000e+00    7.24779764E+10
    -1.97880373984423e-04    -4.02887261826179e-04    -7.16170987614032e-05    9.8841398E+04    636.78    636.78    0.2742047762816077    0.00000e+00    0.00000e+00    7.25282037E+10
    -2.02344557752627e-04    -4.13461741494742e-04    -7.31300713604522e-05    1.0072008E+05    663.33    663.33    0.2694107626312087    0.00000e+00    0.00000e+00    7.25784310E+10
    -2.06973180625190e-04    -4.24461388217228e-04    -7.47207983776775e-05    1.0386651E+05    687.08    687.08    0.2646915871753250    0.00000e+00    0.00000e+00    7.26286583E+10
    -2.11786289647825e-04    -4.35920337724923e-04    -7.64033345616945e-05    1.0717101E+05    701.83    701.83    0.2613638292781650    0.00000e+00    0.00000e+00    7.26788856E+10
    -2.16784839903484e-04    -4.47813733620397e-04    -7.81802251843291e-05    1.0967846E+05    706.44    706.44    0.2576251250152810    0.00000e+00    0.00000e+00    7.27291129E+10
    -2.21957927932480e-04    -4.60081609299434e-04    -8.00491092029542e-05    1.1077007E+05    702.62    702.62    0.2533987674346813    0.00000e+00    0.00000e+00    7.27793402E+10
    -2.27293035845566e-04    -4.72653244990370e-04    -8.20011727048472e-05    1.1024279E+05    692.83    692.83    0.2504350510202066    0.00000e+00    0.00000e+00    7.28295675E+10
    -2.32772928516378e-04    -4.85460034709191e-04    -8.40209889186754e-05    1.0825495E+05    679.29    679.29    0.2459039994773411    0.00000e+00    0.00000e+00    7.28797947E+10
    -2.38372802876992e-04    -4.98441308871844e-04    -8.60935383165977e-05    1.0517381E+05    663.80    663.80    0.2415369182892172    0.00000e+00    0.00000e+00    7.29300220E+10
    -2.44060268525371e-04    -5.11544125824351e-04    -8.82077089690434e-05    1.0144956E+05    647.66    647.66    0.2360002873166491    0.00000e+00    0.00000e+00    7.29802493E+10
    -2.49799221386684e-04    -5.24724367521731e-04    -9.03552493471598e-05    9.7459294E+04    631.64    631.64    0.2322747816336703    0.00000e+00    0.00000e+00    7.30304766E+10
    -2.55555646933065e-04    -5.37946254714318e-04    -9.25309816408328e-05    9.3439918E+04    616.07    616.07    0.2271349816872486    0.00000e+00    0.00000e+00    7.30807039E+10
    -2.61302681638442e-04    -5.51182928724179e-04    -9.47304746530169e-05    8.9495931E+04    600.84    600.84    0.2224197995502357    0.00000e+00    0.00000e+00    7.31309312E+10
    -2.67020816600289e-04    -5.64417033221531e-04    -9.69491081093312e-05    8.5655795E+04    585.79    585.79    0.2175017705422284    0.00000e+00    0.00000e+00    7.31811585E+10
    -2.72697509688674e-04    -5.77638290156333e-04    -9.91832846922619e-05    8.1934870E+04    570.78    570.78    0.2127485673691098    0.00000e+00    0.00000e+00    7.32313858E+10
    -2.78326196526356e-04    -5.90840203025258e-04    -1.01431152413547e-04    7.8340275E+04    555.88    555.88    0.2083475580360241    0.00000e+00    0.00000e+00    7.32816130E+10
    -2.83904763325684e-04    -6.04017923691497e-04    -1.03692168281864e-04    7.4873049E+04    541.20    541.20    0.2045831444561184    0.00000e+00    0.00000e+00    7.33318403E+10
    -2.89433646418973e-04    -6.17167234276022e-04    -1.05966283815845e-04    7.1529204E+04    526.84    526.84    0.2013793045145474    0.00000e+00    0.00000e+00    7.33820676E+10
    -2.94913030035420e-04    -6.30283965381177e-04    -1.08252054270719e-04    6.8313433E+04    512.94    512.94    0.1980773120343478    0.00000e+00    0.00000e+00    7.34322949E+10
    -3.00343849865430e-04    -6.43363802165199e-04    -1.10546837411925e-04    6.5238474E+04    499.59    499.59    0.1942317286230395    0.00000e+00    0.00000e+00    7.34825222E+10
    -3.05728195455970e-04    -6.56402187379486e-04    -1.12847069858907e-04    6.2310793E+04    486.83    486.83    0.1905392480335937    0.00000e+00    0.00000e+00    7.35327495E+10
    -3.11068423001528e-04    -6.69395194033222e-04    -1.15149479119317e-04    5.9530125E+04    474.65    474.65    0.1872251507836216    0.00000e+00    0.00000e+00    7.35829768E+10
    -3.16367712879854e-04    -6.82340058688423e-04    -1.17451253273805e-04    5.6893981E+04    463.03    463.03    0.1852354337024637    0.00000e+00    0.00000e+00    7.36332041E+10
    -3.21630282969972e-04    -6.95235278422679e-04    -1.19750171875711e-04    5.4398213E+04    451.95    451.95    0.1821050137359229    0.00000e+00    0.00000e+00    7.36834314E+10
    -3.26861146245345e-04    -7.08080562347781e-04    -1.22044809572813e-04    5.2037014E+04    441.40    441.40    0.1787690702099954    0.00000e+00    0.00000e+00    7.37336586E+10
    -3.32065882911444e-04    -7.20876686165618e-04    -1.24334458537136e-04    4.9803817E+04    431.34    431.34    0.1764396786783475    0.00000e+00    0.00000e+00    7.37838859E+10
    -3.37250305884304e-04    -7.33624813429025e-04    -1.26618963628303e-04    4.7692081E+04    421.76    421.76    0.1726982456043613    0.00000e+00    0.00000e+00    7.38341132E+10
    -3.42420009913806e-04    -7.46325671358524e-04    -1.28898465442280e-04    4.5695988E+04    412.62    412.62    0.1693270630310952    0.00000e+00    0.00000e+00    7.38843405E+10
    -3.47580037062233e-04    -7.58979599323691e-04    -1.31173114271310e-04    4.3808733E+04    403.90    403.90    0.1665337113356735    0.00000e+00    0.00000e+00    7.39345678E+10
    -3.52734954274461e-04    -7.71586548843159e-04    -1.33443157370369e-04    4.2022770E+04    395.54    395.54    0.1642750343856259    0.00000e+00    0.00000e+00    7.39847951E+10
    -3.57888741870811e-04    -7.84146229028719e-04    -1.35708672309647e-04    4.0330399E+04    387.53    387.53    0.1608700100166086    0.00000e+00    0.00000e+00    7.40350224E+10
    -3.63044623862265e-04    -7.96658397473530e-04    -1.37969571822680e-04    3.8724171E+04    379.83    379.83    0.1579390113750542    0.00000e+00    0.00000e+00    7.40852497E+10
    -3.68205223090835e-04    -8.09123199621697e-04    -1.40225715313502e-04    3.7197205E+04    372.41    372.41    0.1555163147245080    0.00000e+00    0.00000e+00    7.41354769E+10
    -3.73372721218088e-04    -8.21541168768269e-04    -1.42476967034281e-04    3.5743320E+04    365.26    365.26    0.1534236068605827    0.00000e+00    0.00000e+00    7.41857042E+10
    -3.78548950839737e-04    -8.33913662391552e-04    -1.44723210629735e-04    3.4357170E+04    358.33    358.33    0.1520055621013927    0.00000e+00    0.00000e+00    7.42359315E+10
    -3.83735497296521e-04    -8.46242328858063e-04    -1.46964329744579e-04    3.3034274E+04    351.63    351.63    0.1502553424810640    0.00000e+00    0.00000e+00    7.42861588E+10
    -3.88933771396250e-04    -8.58529301347999e-04    -1.49200188630983e-04    3.1771045E+04    345.14    345.14    0.1489418202614366    0.00000e+00    0.00000e+00    7.43363861E+10
    -3.94145048198907e-04    -8.70776858485661e-04    -1.51430627300433e-04    3.0564657E+04    338.86    338.86    0.1463735892433995    0.00000e+00    0.00000e+00    7.43866134E+10
    -3.99370408839000e-04    -8.82987278895349e-04    -1.53655466371865e-04    2.9412746E+04    332.79    332.79    0.1440380270539123    0.00000e+00    0.00000e+00    7.44368407E+10
    -4.04610711436745e-04    -8.95162695757261e-04    -1.55874497375398e-04    2.8313385E+04    326.92    326.92    0.1421643533956079    0.00000e+00    0.00000e+00    7.44870680E+10
    -4.09866528072285e-04    -9.07305290732963e-04    -1.58087497296738e-04    2.7264978E+04    321.25    321.25    0.1401812893554239    0.00000e+00    0.00000e+00    7.45372952E+10
    -4.15138144785693e-04    -9.19417100039914e-04    -1.60294247969728e-04    2.6266149E+04    315.78    315.78    0.1384791096309872    0.00000e+00    0.00000e+00    7.45875225E+10
    -4.20425576121378e-04    -9.31500014451470e-04    -1.62494545772623e-04    2.5315679E+04    310.53    310.53    0.1359544485215967    0.00000e+00    0.00000e+00    7.46377498E+10
    -4.25728584520638e-04    -9.43556070185094e-04    -1.64688235565044e-04    2.4412432E+04    305.49    305.49    0.1340290256555479    0.00000e+00    0.00000e+00    7.46879771E+10
    -4.31046748195569e-04    -9.55587351939612e-04    -1.66875249473077e-04    2.3555337E+04    300.66    300.66    0.1326315059145451    0.00000e+00    0.00000e+00    7.47382044E+10
    -4.36379553243670e-04    -9.67596138339327e-04    -1.69055597192994e-04    2.2743340E+04    296.02    296.02    0.1307516984827834    0.00000e+00    0.00000e+00    7.47884317E+10
    -4.41726466369891e-04    -9.79584950415381e-04    -1.71229429017037e-04    2.1975513E+04    291.57    291.57    0.1291205855008456    0.00000e+00    0.00000e+00    7.48386590E+10
    -4.47087002760551e-04    -9.91556260717546e-04    -1.73396987352046e-04    2.1250936E+04    287.33    287.33    0.1282458990418911    0.00000e+00    0.00000e+00    7.48888863E+10
    -4.52460740627747e-04    -1.00351278420244e-03    -1.75558655200830e-04    2.0568553E+04    283.30    283.30    0.1263094352242931    0.00000e+00    0.00000e+00    7.49391135E+10
    -4.57847272727988e-04    -1.01545704190120e-03    -1.77714859199428e-04    1.9927135E+04    279.46    279.46    0.1245424952185817    0.00000e+00    0.00000e+00    7.49893408E+10
    -4.63246153032687e-04    -1.02739160332633e-03    -1.79866069617110e-04    1.9325277E+04    275.82    275.82    0.1232691086714294    0.00000e+00    0.00000e+00    7.50395681E+10
    -4.68656867639342e-04    -1.03931874710215e-03    -1.82012790660106e-04    1.8761431E+04    272.36    272.36    0.1216062192287365    0.00000e+00    0.00000e+00    7.50897954E+10
    -4.74078839619672e-04    -1.05124075185295e-03    -1.84155560471600e-04    1.8233864E+04    269.09    269.09    0.1205691342715789    0.00000e+00    0.00000e+00    7.51400227E+10
    -4.79511385386388e-04    -1.06315994468439e-03    -1.86295009309379e-04    1.7740708E+04    265.99    265.99    0.1188235031237369    0.00000e+00    0.00000e+00    7.51902500E+10
    -4.84953646819272e-04    -1.07507865270216e-03    -1.88431762583090e-04    1.7279994E+04    263.07    263.07    0.1175618662129049    0.00000e+00    0.00000e+00    7.52404773E+10
    -4.90404794886932e-04    -1.08699920301191e-03    -1.90566479639341e-04    1.6849740E+04    260.33    260.33    0.1159091566214223    0.00000e+00    0.00000e+00    7.52907046E+10
    -4.95863942380329e-04    -1.09892392271932e-03    -1.92699873154243e-04    1.6448004E+04    257.75    257.75    0.1151420803329818    0.00000e+00    0.00000e+00    7.53409319E+10
    -5.01330313597576e-04    -1.11085518741143e-03    -1.94832694589001e-04    1.6072832E+04    255.32    255.32    0.1141387552755327    0.00000e+00    0.00000e+00    7.53911591E+10
    -5.06803229799517e-04    -1.12279537267527e-03    -1.96965719645505e-04    1.5722319E+04    253.03    253.03    0.1130264528325097    0.00000e+00    0.00000e+00    7.54413864E+10
    -5.12281963765631e-04    -1.13474670865377e-03    -1.99099738570055e-04    1.5394622E+04    250.86    250.86    0.1115901494908120    0.00000e+00    0.00000e+00    7.54916137E+10
    -5.17765982200870e-04    -1.14671123156440e-03    -2.01235522216405e-04    1.5087898E+04    248.82    248.82    0.1100932524883348    0.00000e+00    0.00000e+00    7.55418410E+10
    -5.23254557884711e-04    -1.15869078369914e-03    -2.03373812349486e-04    1.4800310E+04    246.88    246.88    0.1088279476932435    0.00000e+00    0.00000e+00    7.55920683E+10
    -5.28747012078001e-04    -1.17068691646178e-03    -2.05515282860315e-04    1.4530044E+04    245.03    245.03    0.1076332506993361    0.00000e+00    0.00000e+00    7.56422956E+10
    -5.34242569078850e-04    -1.18270093884925e-03    -2.07660573702951e-04    1.4275353E+04    243.25    243.25    0.1063217387809184    0.00000e+00    0.00000e+00    7.56925229E+10
    -5.39740404704000e-04    -1.19473401441439e-03    -2.09810261805674e-04    1.4034558E+04    241.54    241.54    0.1051260769215470    0.00000e+00    0.00000e+00    7.57427502E+10
    -5.45239694770194e-04    -1.20678711278456e-03    -2.11964885311672e-04    1.3806081E+04    239.88    239.88    0.1040737606715889    0.00000e+00    0.00000e+00    7.57929774E+10
    -5.50739566612805e-04    -1.21886096118028e-03    -2.14124953275308e-04    1.3588475E+04    238.26    238.26    0.1027276175466932    0.00000e+00    0.00000e+00    7.58432047E+10
    -5.56239244529943e-04    -1.23095628682207e-03    -2.16290965054675e-04    1.3380413E+04    236.68    236.68    0.1019500349537014    0.00000e+00    0.00000e+00    7.58934320E+10
    -5.61738001301088e-04    -1.24307376844909e-03    -2.18463400615316e-04    1.3180693E+04    235.12    235.12    0.1010461234756515    0.00000e+00    0.00000e+00    7.59436593E+10
    -5.67235109705716e-04    -1.25521369694955e-03    -2.20642696289545e-04    1.2988231E+04    233.58    233.58    0.1003056572521509    0.00000e+00    0.00000e+00    7.59938866E+10
    -5.72729842523307e-04    -1.26737631473028e-03    -2.22829215687623e-04    1.2802064E+04    232.06    232.06    0.0992344689296525    0.00000e+00    0.00000e+00    7.60441139E+10
    -5.78221666458812e-04    -1.27956147634718e-03    -2.25023259394031e-04    1.2621320E+04    230.54    230.54    0.0980060322632284    0.00000e+00    0.00000e+00    7.60943412E+10
    -5.83709902773076e-04    -1.29176889091205e-03    -2.27225074663748e-04    1.2445252E+04    229.03    229.03    0.0971005200333080    0.00000e+00    0.00000e+00    7.61445685E+10
    -5.89194018171051e-04    -1.30399821905530e-03    -2.29434845725972e-04    1.2273199E+04    227.52    227.52    0.0963216432025624    0.00000e+00    0.00000e+00    7.61947957E+10
    -5.94673382394951e-04    -1.31624887900052e-03    -2.31652761658038e-04    1.2104594E+04    226.01    226.01    0.0953570540256694    0.00000e+00    0.00000e+00    7.62450230E+10
    -6.00147559112463e-04    -1.32852024048992e-03    -2.33879001841009e-04    1.1938954E+04    224.50    224.50    0.0945771868296201    0.00000e+00    0.00000e+00    7.62952503E+10
    -6.05615966547170e-04    -1.34081172174709e-03    -2.36113721415262e-04    1.1775875E+04    222.98    222.98    0.0936331478561530    0.00000e+00    0.00000e+00    7.63454776E+10
    -6.11078216848127e-04    -1.35312249858877e-03    -2.38357051280493e-04    1.1615016E+04    221.46    221.46    0.0924771685109454    0.00000e+00    0.00000e+00    7.63957049E+10
    -6.16533922164389e-04    -1.36545189227581e-03    -2.40609112640119e-04    1.1456108E+04    219.93    219.93    0.0917009309342773    0.00000e+00    0.00000e+00    7.64459322E+10
    -6.21982646163642e-04    -1.37779907862493e-03    -2.42870002456879e-04    1.1298935E+04    218.41    218.41    0.0908310270477543    0.00000e+00    0.00000e+00    7.64961595E+10
    -6.27424291883152e-04    -1.39016318497153e-03    -2.45139778908414e-04    1.1143323E+04    216.88    216.88    0.0901362961799428    0.00000e+00    0.00000e+00    7.65463868E+10
    -6.32858471471973e-04    -1.40254324168824e-03    -2.47418446842860e-04    1.0989144E+04    215.35    215.35    0.0893638780356722    0.00000e+00    0.00000e+00    7.65966140E+10
    -6.38285039486000e-04    -1.41493823066633e-03    -2.49705933538165e-04    1.0836294E+04    213.82    213.82    0.0880346190340674    0.00000e+00    0.00000e+00    7.66468413E+10
    -6.43703753518393e-04    -1.42734703683433e-03    -2.52002137183457e-04    1.0684697E+04    212.29    212.29    0.0873074287299853    0.00000e+00    0.00000e+00    7.66970686E+10
    -6.49114274199575e-04    -1.43976849663940e-03    -2.54306907486494e-04    1.0534307E+04    210.77    210.77    0.0866461832372078    0.00000e+00    0.00000e+00    7.67472959E+10
    -6.54516504566811e-04    -1.45220144652872e-03    -2.56620084458762e-04    1.0385098E+04    209.25    209.25    0.0860139948603857    0.00000e+00    0.00000e+00    7.67975232E+10
    -6.59910250694627e-04    -1.46464477143082e-03    -2.58941493567335e-04    1.0237053E+04    207.73    207.73    0.0854063369773166    0.00000e+00    0.00000e+00    7.68477505E+10
    -6.65295270176183e-04    -1.47709750171832e-03    -2.61270960279287e-04    1.0090172E+04    206.22    206.22    0.0846758870281275    0.00000e+00    0.00000e+00    7.68979778E+10
    -6.70671466048743e-04    -1.48955857080115e-03    -2.63608285821011e-04    9.9444634E+03    204.71    204.71    0.0839409161237175    0.00000e+00    0.00000e+00    7.69482051E+10
    -6.76038741349570e-04    -1.50202700905192e-03    -2.65953271418896e-04    9.7999493E+03    203.21    203.21    0.0833829859451272    0.00000e+00    0.00000e+00    7.69984324E+10
    -6.81397096078665e-04    -1.51450184684329e-03    -2.68305708603060e-04    9.6566505E+03    201.71    201.71    0.0826841981051664    0.00000e+00    0.00000e+00    7.70486596E+10
    -6.86746384791924e-04    -1.52698206606651e-03    -2.70665354966661e-04    9.5146074E+03    200.21    200.21    0.0818734528202273    0.00000e+00    0.00000e+00    7.70988869E+10
    -6.92086655970713e-04    -1.53946674557560e-03    -2.73031939014040e-04    9.3738576E+03    198.72    198.72    0.0810183030566003    0.00000e+00    0.00000e+00    7.71491142E+10
    -6.97417909615034e-04    -1.55195496422457e-03    -2.75405155312576e-04    9.2344429E+03    197.24    197.24    0.0801109639108530    0.00000e+00    0.00000e+00    7.71993415E+10
    -7.02740194206255e-04    -1.56444565542331e-03    -2.77784669340830e-04    9.0964036E+03    195.77    195.77    0.0793567630062728    0.00000e+00    0.00000e+00    7.72495688E+10
    -7.08053509744375e-04    -1.57693794650719e-03    -2.80170136881088e-04    8.9597814E+03    194.31    194.31    0.0787593521532128    0.00000e+00    0.00000e+00    7.72997961E+10
    -7.13357953192130e-04    -1.58943091633023e-03    -2.82561194323089e-04    8.8246185E+03    192.85    192.85    0.0783335668175207    0.00000e+00    0.00000e+00    7.73500234E+10
    -7.18653621512258e-04    -1.60192364374643e-03    -2.84957482904709e-04    8.6909496E+03    191.39    191.39    0.0777953250789839    0.00000e+00    0.00000e+00    7.74002507E+10
    -7.23940466223389e-04    -1.61441535305390e-03    -2.87358643863824e-04    8.5588158E+03    189.95    189.95    0.0772310334764683    0.00000e+00    0.00000e+00    7.74504779E+10
    -7.29218729732365e-04    -1.62690526855075e-03    -2.89764323286447e-04    8.4282565E+03    188.51    188.51    0.0766703066822936    0.00000e+00    0.00000e+00    7.75007052E+10
    -7.34488509001921e-04    -1.63939280846056e-03    -2.92174176954865e-04    8.2993052E+03    187.08    187.08    0.0760746261517451    0.00000e+00    0.00000e+00    7.75509325E+10
    -7.39749949476163e-04    -1.65187724556281e-03    -2.94587865499500e-04    8.1719938E+03    185.65    185.65    0.0757868783654004    0.00000e+00    0.00000e+00    7.76011598E+10
    -7.45003390524665e-04    -1.66435809504382e-03    -2.97005049550776e-04    8.0463504E+03    184.24    184.24    0.0749958621947675    0.00000e+00    0.00000e+00    7.76513871E+10
    -7.50249026072903e-04    -1.67683472664581e-03    -2.99425389739116e-04    7.9224017E+03    182.84    182.84    0.0742973834624290    0.00000e+00    0.00000e+00    7.77016144E+10
    -7.55487098527714e-04    -1.68930655859235e-03    -3.01848541846806e-04    7.8001708E+03    181.46    181.46    0.0735445477587634    0.00000e+00    0.00000e+00    7.77518417E+10
    -7.60717995740046e-04    -1.70177305758840e-03    -3.04274166504270e-04    7.6796794E+03    180.08    180.08    0.0727684863558159    0.00000e+00    0.00000e+00    7.78020690E+10
    -7.65941960116737e-04    -1.71423369033891e-03    -3.06701914645657e-04    7.5609461E+03    178.72    178.72    0.0722530322487418    0.00000e+00    0.00000e+00    7.78522962E+10
    -7.71159185583261e-04    -1.72668797203020e-03    -3.09131461445802e-04    7.4439876E+03    177.38    177.38    0.0718277029772075    0.00000e+00    0.00000e+00    7.79025235E+10
    -7.76370011509195e-04    -1.73913551481131e-03    -3.11562467535126e-04    7.3288166E+03    176.04    176.04    0.0715484227942843    0.00000e+00    0.00000e+00    7.79527508E+10
    -7.81574728782746e-04    -1.75157588234995e-03    -3.13994632329148e-04    7.2154472E+03    174.73    174.73    0.0708866244709299    0.00000e+00    0.00000e+00    7.80029781E+10
    -7.86773531329388e-04    -1.76400873527654e-03    -3.16427664939660e-04    7.1038847E+03    173.43    173.43    0.0703570974298800    0.00000e+00    0.00000e+00    7.80532054E+10
    -7.91966758518697e-04    -1.77643373422148e-03    -3.18861274478451e-04    6.9941381E+03    172.14    172.14    0.0700249633641496    0.00000e+00    0.00000e+00    7.81034327E+10
    -7.97154749720250e-04    -1.78885073374069e-03    -3.21295208842410e-04    6.8862106E+03    170.87    170.87    0.0696809729959495    0.00000e+00    0.00000e+00    7.81536600E+10
    -8.02337795822256e-04    -1.80125949142732e-03    -3.23729206232147e-04    6.7801077E+03    169.62    169.62    0.0691543221838975    0.00000e+00    0.00000e+00    7.82038873E+10
    -8.07516284675659e-04    -1.81365986183727e-03    -3.26163019392685e-04    6.6758309E+03    168.38    168.38    0.0686669778040164    0.00000e+00    0.00000e+00    7.82541145E+10
    -8.12690507168669e-04    -1.82605160256369e-03    -3.28596401069046e-04    6.5733810E+03    167.16    167.16    0.0679911304464339    0.00000e+00    0.00000e+00    7.83043418E+10
    -8.17860851152230e-04    -1.83843466512522e-03    -3.31029118550665e-04    6.4727593E+03    165.96    165.96    0.0673347564630673    0.00000e+00    0.00000e+00    7.83545691E+10
    -8.23027655995918e-04    -1.85080900104050e-03    -3.33460943975110e-04    6.3739648E+03    164.77    164.77    0.0667596664787921    0.00000e+00    0.00000e+00    7.84047964E+10
    -8.28191309550680e-04    -1.86317441638404e-03    -3.35891625239268e-04    6.2769972E+03    163.60    163.60    0.0663735879028744    0.00000e+00    0.00000e+00    7.84550237E+10
    -8.33352054223355e-04    -1.87553095963721e-03    -3.38320929632572e-04    6.1818551E+03    162.44    162.44    0.0659764503190774    0.00000e+00    0.00000e+00    7.85052510E+10
    -8.38510277864888e-04    -1.88787858231865e-03    -3.40748634140728e-04    6.0885379E+03    161.31    161.31    0.0655605494306308    0.00000e+00    0.00000e+00    7.85554783E+10
    -8.43666319844856e-04    -1.90021733290973e-03    -3.43174535141990e-04    5.9970436E+03    160.19    160.19    0.0649952538675850    0.00000e+00    0.00000e+00    7.86057056E+10
    -8.48820519532836e-04    -1.91254730837318e-03    -3.45598443559023e-04    5.9073686E+03    159.08    159.08    0.0646384064759607    0.00000e+00    0.00000e+00    7.86559329E+10
    -8.53973216298404e-04    -1.92486870263448e-03    -3.48020184858902e-04    5.8195070E+03    158.00    158.00    0.0644680834370989    0.00000e+00    0.00000e+00    7.87061601E+10
    -8.59124797992506e-04    -1.93718161265635e-03    -3.50439603901247e-04    5.7334503E+03    156.93    156.93    0.0639365102313405    0.00000e+00    0.00000e+00    7.87563874E+10
    -8.64275555503350e-04    -1.94948623236428e-03    -3.52856535849409e-04    5.6491883E+03    155.88    155.88    0.0633437678989792    0.00000e+00    0.00000e+00    7.88066147E+10
    -8.69425925163249e-04    -1.96178275568373e-03    -3.55270840107419e-04    5.5667060E+03    154.85    154.85    0.0630254094582680    0.00000e+00    0.00000e+00    7.88568420E+10
    -8.74576246341780e-04    -1.97407137654018e-03    -3.57682342142353e-04    5.4859897E+03    153.84    153.84    0.0625815982368750    0.00000e+00    0.00000e+00    7.89070693E+10
    -8.79726712964415e-04    -1.98635228885911e-03    -3.60090886813831e-04    5.4070192E+03    152.84    152.84    0.0620939053654022    0.00000e+00    0.00000e+00    7.89572966E+10
    -8.84877761363468e-04    -1.99862573504734e-03    -3.62496314133340e-04    5.3297749E+03    151.86    151.86    0.0616783574832705    0.00000e+00    0.00000e+00    7.90075239E+10
    -8.90029633945778e-04    -2.01089200599309e-03    -3.64898483504912e-04    5.2542408E+03    150.90    150.90    0.0612230098747237    0.00000e+00    0.00000e+00    7.90577512E+10
    -8.95182573118187e-04    -2.02315139258457e-03    -3.67297268876990e-04    5.1803938E+03    149.95    149.95    0.0609977918903206    0.00000e+00    0.00000e+00    7.91079784E+10
    -9.00336918250271e-04    -2.03540418570999e-03    -3.69692568438701e-04    5.1082109E+03    149.02    149.02    0.0603739173278034    0.00000e+00    0.00000e+00    7.91582057E+10
    -9.05492911748871e-04    -2.04765087018303e-03    -3.72084280379171e-04    5.0376677E+03    148.11    148.11    0.0601257301057133    0.00000e+00    0.00000e+00    7.92084330E+10
    -9.10650892983563e-04    -2.05989168841052e-03    -3.74472327128212e-04    4.9687351E+03    147.22    147.22    0.0599219791270887    0.00000e+00    0.00000e+00    7.92586603E+10
    -9.15811104361189e-04    -2.07212707672478e-03    -3.76856631115635e-04    4.9013833E+03    146.34    146.34    0.0595508733023964    0.00000e+00    0.00000e+00    7.93088876E+10
    -9.20973836769956e-04    -2.08435742297677e-03    -3.79237124467525e-04    4.8355803E+03    145.47    145.47    0.0590055964022854    0.00000e+00    0.00000e+00    7.93591149E+10
    -9.26139381098074e-04    -2.09658311501741e-03    -3.81613739309966e-04    4.7712928E+03    144.63    144.63    0.0587607331567133    0.00000e+00    0.00000e+00    7.94093422E+10
    -9.31307931271015e-04    -2.10880444373492e-03    -3.83986422313452e-04    4.7084848E+03    143.80    143.80    0.0583454098574319    0.00000e+00    0.00000e+00    7.94595695E+10
    -9.36479729695619e-04    -2.12102174849888e-03    -3.86355120148481e-04    4.6471194E+03    142.98    142.98    0.0578974592684578    0.00000e+00    0.00000e+00    7.95097967E+10
    -9.41654970297359e-04    -2.13323551412297e-03    -3.88719779485545e-04    4.5871602E+03    142.18    142.18    0.0574145519433461    0.00000e+00    0.00000e+00    7.95600240E+10
    -9.46833847001707e-04    -2.14544598301403e-03    -3.91080376083962e-04    4.5285682E+03    141.39    141.39    0.0572947307394947    0.00000e+00    0.00000e+00    7.96102513E+10
    -9.52016505252768e-04    -2.15765363998574e-03    -3.93436871158637e-04    4.4713043E+03    140.62    140.62    0.0569320989274951    0.00000e+00    0.00000e+00    7.96604786E+10
    -9.57203187457382e-04    -2.16985882440767e-03    -3.95789245317022e-04    4.4153283E+03    139.86    139.86    0.0565304556615522    0.00000e+00    0.00000e+00    7.97107059E+10
    -9.62394039059654e-04    -2.18206192413077e-03    -3.98137498559118e-04    4.3606023E+03    139.11    139.11    0.0561960830214040    0.00000e+00    0.00000e+00    7.97609332E+10
    -9.67589205503687e-04    -2.19426337548736e-03    -4.00481606644240e-04    4.3070879E+03    138.38    138.38    0.0561188422318192    0.00000e+00    0.00000e+00    7.98111605E+10
    -9.72788880714955e-04    -2.20646351784701e-03    -4.02821579268662e-04    4.2547446E+03    137.65    137.65    0.0557736020510709    0.00000e+00    0.00000e+00    7.98613878E+10
    -9.77993161656194e-04    -2.21866269057930e-03    -4.05157401887974e-04    4.2035357E+03    136.95    136.95    0.0551842187555678    0.00000e+00    0.00000e+00    7.99116151E+10
    -9.83202193771507e-04    -2.23086128153517e-03    -4.07489069654039e-04    4.1534211E+03    136.25    136.25    0.0549281872289917    0.00000e+00    0.00000e+00    7.99618423E+10
    -9.88416074023631e-04    -2.24305953312146e-03    -4.09816582566857e-04    4.1043625E+03    135.56    135.56    0.0545382345760868    0.00000e+00    0.00000e+00    8.00120696E+10
    -9.93634899375303e-04    -2.25525783318912e-03    -4.12139935778291e-04    4.0563189E+03    134.89    134.89    0.0542470684016844    0.00000e+00    0.00000e+00    8.00622969E+10
    -9.98858718307890e-04    -2.26745647262636e-03    -4.14459124440205e-04    4.0092520E+03    134.22    134.22    0.0540180812072868    0.00000e+00    0.00000e+00    8.01125242E+10
    -1.00408757930276e-03    -2.27965569384001e-03    -4.16774163097008e-04    3.9631242E+03    133.56    133.56    0.0536997974333203    0.00000e+00    0.00000e+00    8.01627515E+10
    -1.00932153084128e-03    -2.29185583619966e-03    -4.19085056596837e-04    3.9178982E+03    132.92    132.92    0.0534325663300469    0.00000e+00    0.00000e+00    8.02129788E+10
    -1.01456066988619e-03    -2.30405719059351e-03    -4.21391829180377e-04    3.8735402E+03    132.28    132.28    0.0531161904576225    0.00000e+00    0.00000e+00    8.02632061E+10
    -1.01980494795612e-03    -2.31626004790978e-03    -4.23694495392038e-04    3.8300145E+03    131.65    131.65    0.0527119765357145    0.00000e+00    0.00000e+00    8.03134334E+10
    -1.02505446201381e-03    -2.32846469903666e-03    -4.25993074624367e-04    3.7872900E+03    131.02    131.02    0.0525331530325756    0.00000e+00    0.00000e+00    8.03636606E+10
