    -3.08362459681099e-05    2.96770530628813e-05    8.66039259193858e-06    1.1368062E+07    839.54    839.54    1.4588974061297246    0.00000e+00    0.00000e+00    7.15236580E+10
    -4.96877639306161e-05    3.62649815841053e-05    1.07235147878318e-05    1.3810381E+07    1778.12    1778.12    0.9131884314095531    0.00000e+00    0.00000e+00    7.15738853E+10
    -6.66869460198746e-05    4.23532824573799e-05    1.16707461820520e-05    9.4980484E+06    1411.81    1411.81    0.6918712676764737    0.00000e+00    0.00000e+00    7.16241125E+10
    -8.45446749607362e-05    4.88762730949014e-05    1.25232929795379e-05    5.8380961E+06    1141.75    1141.75    0.5490692213589093    0.00000e+00    0.00000e+00    7.16743398E+10
    -1.02090663856508e-04    5.54682604762637e-05    1.30982214036236e-05    3.9869558E+06    989.45    989.45    0.5315229982456615    0.00000e+00    0.00000e+00    7.17245671E+10
    -1.18856970542182e-04    6.17023390056837e-05    1.32873709764948e-05    2.9242833E+06    881.91    881.91    0.5295433230916144    0.00000e+00    0.00000e+00    7.17747944E+10
    -1.34911425299883e-04    6.75086518798503e-05    1.31171325308827e-05    2.2589884E+06    808.28    808.28    0.5161901557558753    0.00000e+00    0.00000e+00    7.18250217E+10
    -1.50330720805826e-04    7.30521278649402e-05    1.26334790089120e-05    1.8586196E+06    767.69    767.69    0.4962625542647822    0.00000e+00    0.00000e+00    7.18752490E+10
    -1.65116030309118e-04    7.84728344815627e-05    1.19342249644425e-05    1.6125481E+06    746.92    746.92    0.4774040488575204    0.00000e+00    0.00000e+00    7.19254763E+10
    -1.79259688905463e-04    8.37968498576248e-05    1.11720886462784e-05    1.4438473E+06    733.32    733.32    0.4625067444635033    0.00000e+00    0.00000e+00    7.19757036E+10
    -1.92780570391464e-04    8.89911872702637e-05    1.05131192250133e-05    1.3084435E+06    718.89    718.89    0.4531872439715349    0.00000e+00    0.00000e+00    7.20259308E+10
    -2.05744274906313e-04    9.40069920448339e-05    1.00759244284761e-05    1.1806307E+06    696.51    696.51    0.4336182158068848    0.00000e+00    0.00000e+00    7.20761581E+10
    -2.18277542442526e-04    9.88118592348903e-05    9.90572816165415e-06    1.0495026E+06    666.90    666.90    0.4221255348384836    0.00000e+00    0.00000e+00    7.21263854E+10
    -2.30540070626660e-04    1.03403233872333e-04    1.00108323740229e-05    9.1622410E+05    632.77    632.77    0.4104754945528712    0.00000e+00    0.00000e+00    7.21766127E+10
    -2.42674651632213e-04    1.07810825339541e-04    1.03783904726604e-05    7.8733356E+05    597.15    597.15    0.3973904181100877    0.00000e+00    0.00000e+00    7.22268400E+10
    -2.54779339026188e-04    1.12092263438788e-04    1.09650310256544e-05    6.7001902E+05    561.33    561.33    0.3771621071275049    0.00000e+00    0.00000e+00    7.22770673E+10
    -2.66906259975579e-04    1.16309517054792e-04    1.17153771599076e-05    5.6759452E+05    526.74    526.74    0.3685060121102191    0.00000e+00    0.00000e+00    7.23272946E+10
    -2.79072610821655e-04    1.20508381687872e-04    1.25769502185083e-05    4.8016719E+05    494.28    494.28    0.3591366889051543    0.00000e+00    0.00000e+00    7.23775219E+10
    -2.91275468137918e-04    1.24715076061902e-04    1.35046935571890e-05    4.0654732E+05    464.01    464.01    0.3507348509710101    0.00000e+00    0.00000e+00    7.24277492E+10
    -3.03503254573664e-04    1.28938860118190e-04    1.44638043410374e-05    3.4533331E+05    436.11    436.11    0.3381871395091599    0.00000e+00    0.00000e+00    7.24779764E+10
    -3.15742114153887e-04    1.33178293960105e-04    1.54315947442188e-05    2.9495051E+05    411.12    411.12    0.3322096914669974    0.00000e+00    0.00000e+00    7.25282037E+10
    -3.27976814032725e-04    1.37427768293356e-04    1.63956191147253e-05    2.5386441E+05    389.24    389.24    0.3255331823291732    0.00000e+00    0.00000e+00    7.25784310E+10
    -3.40189450040936e-04    1.41680709044427e-04    1.73500068436924e-05    2.2075664E+05    370.95    370.95    0.3181971678805129    0.00000e+00    0.00000e+00    7.26286583E+10
    -3.52361075659862e-04    1.45931162701314e-04    1.82923614970943e-05    1.9450753E+05    357.40    357.40    0.3084585554204354    0.00000e+00    0.00000e+00    7.26788856E+10
    -3.64475119957883e-04    1.50174683522561e-04    1.92216441192125e-05    1.7414478E+05    348.94    348.94    0.3059997741049815    0.00000e+00    0.00000e+00    7.27291129E+10
    -3.76521668495220e-04    1.54409225594433e-04    2.01365980729855e-05    1.5890207E+05    345.95    345.95    0.3012819189441717    0.00000e+00    0.00000e+00    7.27793402E+10
    -3.88503378050845e-04    1.58636907552718e-04    2.10346489977666e-05    1.4820421E+05    348.70    348.70    0.2960587853272719    0.00000e+00    0.00000e+00    7.28295675E+10
    -4.00445240770020e-04    1.62866761476295e-04    2.19105773894650e-05    1.4158570E+05    357.39    357.39    0.2889581430709667    0.00000e+00    0.00000e+00    7.28797947E+10
    -4.12402239372319e-04    1.67118514433847e-04    2.27563644297951e-05    1.3852753E+05    371.79    371.79    0.2882638422918594    0.00000e+00    0.00000e+00    7.29300220E+10
    -4.24447338316749e-04    1.71418816633425e-04    2.35631777831145e-05    1.3833725E+05    390.34    390.34    0.2864790704986243    0.00000e+00    0.00000e+00    7.29802493E+10
    -4.36653613569464e-04    1.75794507360416e-04    2.43237714241454e-05    1.4014971E+05    409.73    409.73    0.2840666499317614    0.00000e+00    0.00000e+00    7.30304766E+10
    -4.49078787047337e-04    1.80267170519903e-04    2.50349446129649e-05    1.4301238E+05    426.75    426.75    0.2773523592905460    0.00000e+00    0.00000e+00    7.30807039E+10
    -4.61750531915285e-04    1.84846962958504e-04    2.56990598466413e-05    1.4601999E+05    439.45    439.45    0.2738106424662139    0.00000e+00    0.00000e+00    7.31309312E+10
    -4.74665662947424e-04    1.89532682338291e-04    2.63223401935852e-05    1.4843926E+05    447.32    447.32    0.2708605635513252    0.00000e+00    0.00000e+00    7.31811585E+10
    -4.87799600090121e-04    1.94315301428521e-04    2.69116763106461e-05    1.4977983E+05    450.78    450.78    0.2667645838916638    0.00000e+00    0.00000e+00    7.32313858E+10
    -5.01116268357366e-04    1.99181192116619e-04    2.74724069660806e-05    1.4981338E+05    450.67    450.67    0.2579511193732807    0.00000e+00    0.00000e+00    7.32816130E+10
    -5.14576586918323e-04    2.04115194278775e-04    2.80078114396276e-05    1.4853665E+05    447.91    447.91    0.2541878066727869    0.00000e+00    0.00000e+00    7.33318403E+10
    -5.28144825004695e-04    2.09102365957339e-04    2.85199346753941e-05    1.4608470E+05    443.29    443.29    0.2514279335892605    0.00000e+00    0.00000e+00    7.33820676E+10
    -5.41788015286166e-04    2.14128409996854e-04    2.90120035932414e-05    1.4267237E+05    437.42    437.42    0.2466857129914558    0.00000e+00    0.00000e+00    7.34322949E+10
    -5.55476099314509e-04    2.19178980760497e-04    2.94879999679326e-05    1.3853449E+05    430.71    430.71    0.2393752291119802    0.00000e+00    0.00000e+00    7.34825222E+10
    -5.69183478927359e-04    2.24239010239058e-04    2.99518624258130e-05    1.3386502E+05    423.30    423.30    0.2357622264851594    0.00000e+00    0.00000e+00    7.35327495E+10
    -5.82890955502946e-04    2.29294724875857e-04    3.04077240035140e-05    1.2880967E+05    415.28    415.28    0.2340500705201843    0.00000e+00    0.00000e+00    7.35829768E+10
    -5.96586360217873e-04    2.34335371503448e-04    3.08605550108944e-05    1.2346729E+05    406.67    406.67    0.2290014067009840    0.00000e+00    0.00000e+00    7.36332041E+10
    -6.10262857199237e-04    2.39353663372202e-04    3.13156898528875e-05    1.1792392E+05    397.56    397.56    0.2244527037969056    0.00000e+00    0.00000e+00    7.36834314E+10
    -6.23915937679803e-04    2.44344980207740e-04    3.17780649023942e-05    1.1226002E+05    388.11    388.11    0.2192720166226869    0.00000e+00    0.00000e+00    7.37336586E+10
    -6.37541820112859e-04    2.49306524635120e-04    3.22519043410182e-05    1.0655010E+05    378.47    378.47    0.2153935859096275    0.00000e+00    0.00000e+00    7.37838859E+10
    -6.51136868395796e-04    2.54236910087216e-04    3.27410755274935e-05    1.0086284E+05    368.75    368.75    0.2106808158374189    0.00000e+00    0.00000e+00    7.38341132E+10
    -6.64696670724117e-04    2.59135729320534e-04    3.32492068074097e-05    9.5258680E+04    359.06    359.06    0.2077972878827506    0.00000e+00    0.00000e+00    7.38843405E+10
    -6.78217009218795e-04    2.64003607744724e-04    3.37787620038941e-05    8.9792145E+04    349.47    349.47    0.2025613639774100    0.00000e+00    0.00000e+00    7.39345678E+10
    -6.91693472075333e-04    2.68841665279389e-04    3.43310796875203e-05    8.4511978E+04    340.05    340.05    0.2000534485739970    0.00000e+00    0.00000e+00    7.39847951E+10
    -7.05121599007865e-04    2.73651143047553e-04    3.49065685562214e-05    7.9458870E+04    330.87    330.87    0.1952519767345498    0.00000e+00    0.00000e+00    7.40350224E+10
    -7.18498675059775e-04    2.78433650630637e-04    3.55048426983074e-05    7.4664608E+04    321.94    321.94    0.1925841646340749    0.00000e+00    0.00000e+00    7.40852497E+10
    -7.31823536678230e-04    2.83191180612870e-04    3.61249286079064e-05    7.0150865E+04    313.31    313.31    0.1877211542236085    0.00000e+00    0.00000e+00    7.41354769E+10
    -7.45096086900494e-04    2.87925885566996e-04    3.67654586256241e-05    6.5932607E+04    304.98    304.98    0.1872368982468465    0.00000e+00    0.00000e+00    7.41857042E+10
    -7.58317101428455e-04    2.92640184713284e-04    3.74247276617441e-05    6.2017627E+04    296.98    296.98    0.1849295154547836    0.00000e+00    0.00000e+00    7.42359315E+10
    -7.71487840777685e-04    2.97336710590023e-04    3.81007363446455e-05    5.8402514E+04    289.37    289.37    0.1824977089262642    0.00000e+00    0.00000e+00    7.42861588E+10
    -7.84609904833332e-04    3.02018173305689e-04    3.87912967101853e-05    5.5075801E+04    282.20    282.20    0.1759714264201446    0.00000e+00    0.00000e+00    7.43363861E+10
    -7.97685184368752e-04    3.06687219942983e-04    3.94941194681615e-05    5.2021160E+04    275.58    275.58    0.1756684668811690    0.00000e+00    0.00000e+00    7.43866134E+10
    -8.10715715601406e-04    3.11346361836771e-04    4.02069032080297e-05    4.9219829E+04    269.45    269.45    0.1741086025095772    0.00000e+00    0.00000e+00    7.44368407E+10
    -8.23703583230121e-04    3.15997882459493e-04    4.09273916069181e-05    4.6652093E+04    263.77    263.77    0.1714507306975033    0.00000e+00    0.00000e+00    7.44870680E+10
    -8.36651114360569e-04    3.20643784091650e-04    4.16534078513985e-05    4.4298200E+04    258.47    258.47    0.1668269131918131    0.00000e+00    0.00000e+00    7.45372952E+10
    -8.49560830023890e-04    3.25285797518085e-04    4.23828900288852e-05    4.2138829E+04    253.54    253.54    0.1640839294457869    0.00000e+00    0.00000e+00    7.45875225E+10
    -8.62435493658067e-04    3.29925454750030e-04    4.31139357304935e-05    4.0155606E+04    248.92    248.92    0.1633251287521094    0.00000e+00    0.00000e+00    7.46377498E+10
    -8.75278159589290e-04    3.34564200532254e-04    4.38448248372827e-05    3.8331412E+04    244.60    244.60    0.1606392306890488    0.00000e+00    0.00000e+00    7.46879771E+10
    -8.88091930625119e-04    3.39203426280022e-04    4.45740200050702e-05    3.6650554E+04    240.53    240.53    0.1570466205028996    0.00000e+00    0.00000e+00    7.47382044E+10
    -9.00879812610377e-04    3.43844479775368e-04    4.53001613314803e-05    3.5098915E+04    236.70    236.70    0.1565510560607285    0.00000e+00    0.00000e+00    7.47884317E+10
    -9.13644665945783e-04    3.48488611837590e-04    4.60220561748577e-05    3.3663843E+04    233.06    233.06    0.1536056626909859    0.00000e+00    0.00000e+00    7.48386590E+10
    -9.26388866218373e-04    3.53136898753058e-04    4.67386617009741e-05    3.2334100E+04    229.61    229.61    0.1505537472130722    0.00000e+00    0.00000e+00    7.48888863E+10
    -9.39114401164241e-04    3.57790203490126e-04    4.74490737323143e-05    3.1099784E+04    226.32    226.32    0.1483545706417420    0.00000e+00    0.00000e+00    7.49391135E+10
    -9.51822919149901e-04    3.62449151458442e-04    4.81525165669886e-05    2.9952220E+04    223.18    223.18    0.1484514922838925    0.00000e+00    0.00000e+00    7.49893408E+10
    -9.64515826135030e-04    3.67114125660814e-04    4.88483332824590e-05    2.8883766E+04    220.19    220.19    0.1465648424487422    0.00000e+00    0.00000e+00    7.50395681E+10
    -9.77194237191093e-04    3.71785281237620e-04    4.95359833114712e-05    2.7887738E+04    217.33    217.33    0.1446887338417653    0.00000e+00    0.00000e+00    7.50897954E+10
    -9.89859364352294e-04    3.76462613340724e-04    5.02150327457804e-05    2.6958217E+04    214.60    214.60    0.1404241149300909    0.00000e+00    0.00000e+00    7.51400227E+10
    -1.00251237117147e-03    3.81146025007389e-04    5.08851713046309e-05    2.6089981E+04    211.99    211.99    0.1411360933457860    0.00000e+00    0.00000e+00    7.51902500E+10
    -1.01515437272008e-03    3.85835399882331e-04    5.15461808218661e-05    2.5278407E+04    209.51    209.51    0.1393502898072881    0.00000e+00    0.00000e+00    7.52404773E+10
    -1.02778677495781e-03    3.90530674939773e-04    5.21979400940657e-05    2.4519295E+04    207.15    207.15    0.1371020745915402    0.00000e+00    0.00000e+00    7.52907046E+10
    -1.04041074143748e-03    3.95231830787166e-04    5.28404151842720e-05    2.3808835E+04    204.90    204.90    0.1340375757880491    0.00000e+00    0.00000e+00    7.53409319E+10
    -1.05302743571194e-03    3.99938881968922e-04    5.34736351813060e-05    2.3143663E+04    202.76    202.76    0.1335556320866707    0.00000e+00    0.00000e+00    7.53911591E+10
    -1.06563792437128e-03    4.04651843029450e-04    5.40976921997670e-05    2.2520669E+04    200.73    200.73    0.1313540091361201    0.00000e+00    0.00000e+00    7.54413864E+10
    -1.07824322552423e-03    4.09370733361299e-04    5.47127656207171e-05    2.1936971E+04    198.80    198.80    0.1296597462747455    0.00000e+00    0.00000e+00    7.54916137E+10
    -1.09084416335405e-03    4.14095533571920e-04    5.53190784584495e-05    2.1389878E+04    196.98    196.98    0.1284743928669727    0.00000e+00    0.00000e+00    7.55418410E+10
    -1.10344165900674e-03    4.18826156394851e-04    5.59168925123520e-05    2.0876932E+04    195.25    195.25    0.1281498981899789    0.00000e+00    0.00000e+00    7.55920683E+10
    -1.11603658514692e-03    4.23562490322946e-04    5.65065277594542e-05    2.0395875E+04    193.62    193.62    0.1265769539350297    0.00000e+00    0.00000e+00    7.56422956E+10
    -1.12863005684605e-03    4.28304389912099e-04    5.70883478100170e-05    1.9944576E+04    192.09    192.09    0.1255249813209725    0.00000e+00    0.00000e+00    7.56925229E+10
    -1.14122323765698e-03    4.33051743655166e-04    5.76627647556692e-05    1.9521047E+04    190.65    190.65    0.1223842566992082    0.00000e+00    0.00000e+00    7.57427502E+10
    -1.15381748505800e-03    4.37804512767050e-04    5.82302343212711e-05    1.9123352E+04    189.29    189.29    0.1232103332296020    0.00000e+00    0.00000e+00    7.57929774E+10
    -1.16641425349016e-03    4.42562736032847e-04    5.87912461686406e-05    1.8749545E+04    188.01    188.01    0.1223130109177264    0.00000e+00    0.00000e+00    7.58432047E+10
    -1.17901494891314e-03    4.47326529807840e-04    5.93463190484165e-05    1.8397719E+04    186.81    186.81    0.1207983174641866    0.00000e+00    0.00000e+00    7.58934320E+10
    -1.19162097728662e-03    4.52096044384269e-04    5.98960104963321e-05    1.8066034E+04    185.68    185.68    0.1173542896606794    0.00000e+00    0.00000e+00    7.59436593E+10
    -1.20423350216342e-03    4.56871434902514e-04    6.04408780481207e-05    1.7752696E+04    184.62    184.62    0.1171461755644675    0.00000e+00    0.00000e+00    7.59938866E+10
    -1.21685368709638e-03    4.61652817717858e-04    6.09815180246100e-05    1.7455997E+04    183.60    183.60    0.1156726637150727    0.00000e+00    0.00000e+00    7.60441139E+10
    -1.22948250171287e-03    4.66440231615394e-04    6.15185412910382e-05    1.7174321E+04    182.64    182.64    0.1142098738120385    0.00000e+00    0.00000e+00    7.60943412E+10
    -1.24212086715887e-03    4.71233642658166e-04    6.20525732570540e-05    1.6906124E+04    181.71    181.71    0.1139674714863142    0.00000e+00    0.00000e+00    7.61445685E+10
    -1.25476951065492e-03    4.76032958731573e-04    6.25842538767164e-05    1.6649983E+04    180.82    180.82    0.1127161802395555    0.00000e+00    0.00000e+00    7.61947957E+10
    -1.26742925638426e-03    4.80838063480333e-04    6.31142279522213e-05    1.6404534E+04    179.96    179.96    0.1125850427060942    0.00000e+00    0.00000e+00    7.62450230E+10
    -1.28010078308605e-03    4.85648821156615e-04    6.36431402857646e-05    1.6168541E+04    179.11    179.11    0.1111905885507620    0.00000e+00    0.00000e+00    7.62952503E+10
    -1.29278491494355e-03    4.90465202671598e-04    6.41716502239525e-05    1.5940841E+04    178.28    178.28    0.1085519746825686    0.00000e+00    0.00000e+00    7.63454776E+10
    -1.30548233069591e-03    4.95287062581177e-04    6.47004074171178e-05    1.5720388E+04    177.46    177.46    0.1091007648348275    0.00000e+00    0.00000e+00    7.63957049E+10
    -1.31819356363819e-03    5.00114400885353e-04    6.52300566674564e-05    1.5506228E+04    176.64    176.64    0.1085013514564783    0.00000e+00    0.00000e+00    7.64459322E+10
    -1.33091900162132e-03    5.04947217584125e-04    6.57612233846168e-05    1.5297488E+04    175.82    175.82    0.1073811972343441    0.00000e+00    0.00000e+00    7.64961595E+10
    -1.34365898401488e-03    5.09785367233390e-04    6.62945135857004e-05    1.5093389E+04    175.00    175.00    0.1041584510213168    0.00000e+00    0.00000e+00    7.65463868E+10
    -1.35641355930025e-03    5.14628752870410e-04    6.68304993508511e-05    1.4893237E+04    174.17    174.17    0.1040218495772162    0.00000e+00    0.00000e+00    7.65966140E+10
    -1.36918272747742e-03    5.19477277532450e-04    6.73697333676652e-05    1.4696428E+04    173.33    173.33    0.1027801891352005    0.00000e+00    0.00000e+00    7.66468413E+10
    -1.38196639158365e-03    5.24330698812670e-04    6.79127343867815e-05    1.4502434E+04    172.48    172.48    0.1030002640796239    0.00000e+00    0.00000e+00    7.66970686E+10
    -1.39476445465621e-03    5.29188871266964e-04    6.84599920700179e-05    1.4310794E+04    171.61    171.61    0.1007449066421545    0.00000e+00    0.00000e+00    7.67472959E+10
    -1.40757667428826e-03    5.34051504007125e-04    6.90119718385084e-05    1.4121132E+04    170.74    170.74    0.1014496709880704    0.00000e+00    0.00000e+00    7.67975232E+10
    -1.42040285655432e-03    5.38918500070415e-04    6.95691100245658e-05    1.3933128E+04    169.84    169.84    0.1009786841048565    0.00000e+00    0.00000e+00    7.68477505E+10
    -1.43324295297304e-03    5.43789617049995e-04    7.01318235679560e-05    1.3746513E+04    168.94    168.94    0.1000136516204767    0.00000e+00    0.00000e+00    7.68979778E+10
    -1.44609672113756e-03    5.48664806464497e-04    7.07004954714871e-05    1.3561080E+04    168.02    168.02    0.0973895889854941    0.00000e+00    0.00000e+00    7.69482051E+10
    -1.45896391864105e-03    5.53543922869815e-04    7.12754651047358e-05    1.3376655E+04    167.08    167.08    0.0979869583669777    0.00000e+00    0.00000e+00    7.69984324E+10
    -1.47184425459529e-03    5.58426917784582e-04    7.18570475965948e-05    1.3193111E+04    166.13    166.13    0.0972238119514055    0.00000e+00    0.00000e+00    7.70486596E+10
    -1.48473724418662e-03    5.63313645764694e-04    7.24455192908623e-05    1.3010359E+04    165.17    165.17    0.0953472989070490    0.00000e+00    0.00000e+00    7.70988869E+10
    -1.49764245108270e-03    5.68203961366045e-04    7.30411225943790e-05    1.2828344E+04    164.20    164.20    0.0940583308277671    0.00000e+00    0.00000e+00    7.71491142E+10
    -1.51055948743261e-03    5.73097670663165e-04    7.36440708251645e-05    1.2647060E+04    163.22    163.22    0.0929946515374663    0.00000e+00    0.00000e+00    7.71993415E+10
    -1.52348781994128e-03    5.77994482767844e-04    7.42545191235968e-05    1.2466513E+04    162.22    162.22    0.0939144910187082    0.00000e+00    0.00000e+00    7.72495688E+10
    -1.53642706075778e-03    5.82894203754609e-04    7.48725983893697e-05    1.2286740E+04    161.22    161.22    0.0930116305727545    0.00000e+00    0.00000e+00    7.72997961E+10
    -1.54937677354980e-03    5.87796494253885e-04    7.54983813445355e-05    1.2107810E+04    160.20    160.20    0.0909772303600610    0.00000e+00    0.00000e+00    7.73500234E+10
    -1.56233657046638e-03    5.92701160340197e-04    7.61319261667358e-05    1.1929811E+04    159.19    159.19    0.0902155126113316    0.00000e+00    0.00000e+00    7.74002507E+10
    -1.57530606365658e-03    5.97607959606707e-04    7.67732377041075e-05    1.1752851E+04    158.16    158.16    0.0906814071303316    0.00000e+00    0.00000e+00    7.74504779E+10
    -1.58828476830672e-03    6.02516601165205e-04    7.74223014122401e-05    1.1577051E+04    157.13    157.13    0.0895618732829411    0.00000e+00    0.00000e+00    7.75007052E+10
    -1.60127229656586e-03    6.07426842608850e-04    7.80790736579024e-05    1.1402564E+04    156.10    156.10    0.0885308825024893    0.00000e+00    0.00000e+00    7.75509325E+10
    -1.61426806665758e-03    6.12338490012171e-04    7.87434720227685e-05    1.1229540E+04    155.07    155.07    0.0881887849141050    0.00000e+00    0.00000e+00    7.76011598E+10
    -1.62727154528682e-03    6.17251300968326e-04    7.94153849996918e-05    1.1058157E+04    154.03    154.03    0.0873487281544672    0.00000e+00    0.00000e+00    7.76513871E+10
    -1.64028210219582e-03    6.22164984589108e-04    8.00946816889785e-05    1.0888575E+04    153.00    153.00    0.0860222670306542    0.00000e+00    0.00000e+00    7.77016144E+10
    -1.65329910712677e-03    6.27079249986306e-04    8.07811972539768e-05    1.0720958E+04    151.97    151.97    0.0852100810613185    0.00000e+00    0.00000e+00    7.77518417E+10
    -1.66632188134052e-03    6.31993806271714e-04    8.14747571617617e-05    1.0555465E+04    150.95    150.95    0.0857405858191741    0.00000e+00    0.00000e+00    7.78020690E+10
    -1.67934979457930e-03    6.36908265594385e-04    8.21751577905870e-05    1.0392241E+04    149.93    149.93    0.0847424368562986    0.00000e+00    0.00000e+00    7.78522962E+10
    -1.69238221658531e-03    6.41822385547479e-04    8.28821906705699e-05    1.0231427E+04    148.92    148.92    0.0841154673558558    0.00000e+00    0.00000e+00    7.79025235E+10
    -1.70541861406350e-03    6.46735875242788e-04    8.35956327874171e-05    1.0073141E+04    147.92    147.92    0.0826014211807202    0.00000e+00    0.00000e+00    7.79527508E+10
    -1.71845830827473e-03    6.51648443792103e-04    8.43152514305616e-05    9.9174938E+03    146.93    146.93    0.0827435334061094    0.00000e+00    0.00000e+00    7.80029781E+10
    -1.73150081440531e-03    6.56559848788583e-04    8.50407944968892e-05    9.7645840E+03    145.94    145.94    0.0813997802858028    0.00000e+00    0.00000e+00    7.80532054E+10
    -1.74454545371608e-03    6.61469799344020e-04    8.57720195795595e-05    9.6144906E+03    144.97    144.97    0.0829159203115912    0.00000e+00    0.00000e+00    7.81034327E+10
    -1.75759169291200e-03    6.66378198495677e-04    8.65086600310478e-05    9.4672826E+03    144.01    144.01    0.0800646687601211    0.00000e+00    0.00000e+00    7.81536600E+10
    -1.77063890173528e-03    6.71284706873978e-04    8.72504589001031e-05    9.3230044E+03    143.06    143.06    0.0804471394290979    0.00000e+00    0.00000e+00    7.82038873E+10
    -1.78368635296541e-03    6.76189130553450e-04    8.79971446910639e-05    9.1816866E+03    142.13    142.13    0.0799919600392114    0.00000e+00    0.00000e+00    7.82541145E+10
    -1.79673351330732e-03    6.81091227127253e-04    8.87484459082689e-05    9.0433454E+03    141.20    141.20    0.0797313623521647    0.00000e+00    0.00000e+00    7.83043418E+10
    -1.80977975250325e-03    6.85990802669914e-04    8.95040959041935e-05    8.9079791E+03    140.29    140.29    0.0777612565157451    0.00000e+00    0.00000e+00    7.83545691E+10
    -1.82282444029539e-03    6.90887566293225e-04    9.02638231831762e-05    8.7755744E+03    139.39    139.39    0.0775223106861801    0.00000e+00    0.00000e+00    7.84047964E+10
    -1.83586704338870e-03    6.95781421034449e-04    9.10273707939660e-05    8.6461050E+03    138.50    138.50    0.0749873666347429    0.00000e+00    0.00000e+00    7.84550237E+10
    -1.84890717393224e-03    7.00672076005378e-04    9.17944720890384e-05    8.5195354E+03    137.63    137.63    0.0760927525758366    0.00000e+00    0.00000e+00    7.85052510E+10
    -1.86194429863096e-03    7.05559434243275e-04    9.25648749652791e-05    8.3958176E+03    136.77    136.77    0.0759865906473646    0.00000e+00    0.00000e+00    7.85554783E+10
    -1.87497798115254e-03    7.10443398785404e-04    9.33383273195740e-05    8.2748997E+03    135.92    135.92    0.0747392031151513    0.00000e+00    0.00000e+00    7.86057056E+10
    -1.88800783364604e-03    7.15323775706293e-04    9.41145722006721e-05    8.1567196E+03    135.08    135.08    0.0764435388091521    0.00000e+00    0.00000e+00    7.86559329E+10
    -1.90103332281641e-03    7.20200565005942e-04    9.48933720498697e-05    8.0412090E+03    134.26    134.26    0.0759904148803318    0.00000e+00    0.00000e+00    7.87061601E+10
    -1.91405410929407e-03    7.25073669721615e-04    9.56744796121893e-05    7.9282999E+03    133.45    133.45    0.0740191756518835    0.00000e+00    0.00000e+00    7.87563874E+10
    -1.92706965978398e-03    7.29942944409206e-04    9.64576621770641e-05    7.8179263E+03    132.66    132.66    0.0738899006654063    0.00000e+00    0.00000e+00    7.88066147E+10
    -1.94007968339792e-03    7.34808437550086e-04    9.72426773376535e-05    7.7100123E+03    131.87    131.87    0.0743942970297024    0.00000e+00    0.00000e+00    7.88568420E+10
    -1.95308369532222e-03    7.39669955218779e-04    9.80293166240746e-05    7.6044877E+03    131.09    131.09    0.0739504299320927    0.00000e+00    0.00000e+00    7.89070693E+10
    -1.96608135618729e-03    7.44527497415288e-04    9.88173764145813e-05    7.5012735E+03    130.32    130.32    0.0717681082806483    0.00000e+00    0.00000e+00    7.89572966E+10
    -1.97907242358630e-03    7.49381064139612e-04    9.96066870243853e-05    7.4002953E+03    129.56    129.56    0.0693199426963490    0.00000e+00    0.00000e+00    7.90075239E+10
    -1.99205650966831e-03    7.54230606910383e-04    1.00397069072425e-04    7.3014752E+03    128.81    128.81    0.0703783038791510    0.00000e+00    0.00000e+00    7.90577512E+10
    -2.00503342050783e-03    7.59076174208968e-04    1.01188362570184e-04    7.2047385E+03    128.08    128.08    0.0701325700976921    0.00000e+00    0.00000e+00    7.91079784E+10
    -2.01800296217940e-03    7.63917766035369e-04    1.01980402681013e-04    7.1100105E+03    127.35    127.35    0.0702530988997086    0.00000e+00    0.00000e+00    7.91582057E+10
    -2.03096479531344e-03    7.68755430870952e-04    1.02773010023848e-04    7.0172226E+03    126.63    126.63    0.0701853778511181    0.00000e+00    0.00000e+00    7.92084330E+10
    -2.04391877446584e-03    7.73589168715718e-04    1.03566034306450e-04    6.9263045E+03    125.92    125.92    0.0706396571158343    0.00000e+00    0.00000e+00    7.92586603E+10
    -2.05686470571114e-03    7.78419076532404e-04    1.04359310692165e-04    6.8371948E+03    125.22    125.22    0.0700823761424291    0.00000e+00    0.00000e+00    7.93088876E+10
    -2.06980239512386e-03    7.83245202802377e-04    1.05152693736891e-04    6.7498302E+03    124.53    124.53    0.0683434455823915    0.00000e+00    0.00000e+00    7.93591149E+10
    -2.08273160029717e-03    7.88067596007006e-04    1.05946033148385e-04    6.6641528E+03    123.85    123.85    0.0685652774162002    0.00000e+00    0.00000e+00    7.94093422E+10
    -2.09565227274968e-03    7.92886304627658e-04    1.06739188330680e-04    6.5801068E+03    123.18    123.18    0.0679178167764797    0.00000e+00    0.00000e+00    7.94595695E+10
    -2.10856431551867e-03    7.97701377145701e-04    1.07532033232219e-04    6.4976403E+03    122.51    122.51    0.0631008653226680    0.00000e+00    0.00000e+00    7.95097967E+10
    -2.12146758316003e-03    8.02512959005241e-04    1.08324427257035e-04    6.4167017E+03    121.86    121.86    0.0646408149589916    0.00000e+00    0.00000e+00    7.95600240E+10
    -2.13436207567377e-03    8.07321098687645e-04    1.09116249201707e-04    6.3372456E+03    121.21    121.21    0.0653373944972330    0.00000e+00    0.00000e+00    7.96102513E+10
    -2.14724774457850e-03    8.12125990118385e-04    1.09907368166542e-04    6.2592283E+03    120.57    120.57    0.0649069178616325    0.00000e+00    0.00000e+00    7.96604786E+10
    -2.16012463835561e-03    8.16927730260198e-04    1.10697658099981e-04    6.1826087E+03    119.93    119.93    0.0652484391077332    0.00000e+00    0.00000e+00    7.97107059E+10
    -2.17299266004236e-03    8.21726513038557e-04    1.11487007494880e-04    6.1073499E+03    119.31    119.31    0.0648419156243430    0.00000e+00    0.00000e+00    7.97609332E+10
    -2.18585180963874e-03    8.26522435416197e-04    1.12275295147817e-04    6.0334161E+03    118.69    118.69    0.0654617160663509    0.00000e+00    0.00000e+00    7.98111605E+10
    -2.19870218410749e-03    8.31315642837222e-04    1.13062414399782e-04    5.9607739E+03    118.08    118.08    0.0656619405275738    0.00000e+00    0.00000e+00    7.98613878E+10
    -2.21154373496725e-03    8.36106329227106e-04    1.13848268288040e-04    5.8893935E+03    117.48    117.48    0.0654906308962616    0.00000e+00    0.00000e+00    7.99116151E+10
    -2.22437655918075e-03    8.40894640029953e-04    1.14632755001717e-04    5.8192444E+03    116.88    116.88    0.0636641087798288    0.00000e+00    0.00000e+00    7.99618423E+10
    -2.23720065674799e-03    8.45680720689866e-04    1.15415787274351e-04    5.7502998E+03    116.29    116.29    0.0626790313570578    0.00000e+00    0.00000e+00    8.00120696E+10
    -2.25001612463170e-03    8.50464668169582e-04    1.16197282687615e-04    5.6825343E+03    115.71    115.71    0.0591851093798751    0.00000e+00    0.00000e+00    8.00622969E+10
    -2.26282325372010e-03    8.55246724875942e-04    1.16977158823185e-04    5.6159236E+03    115.13    115.13    0.0605150864757142    0.00000e+00    0.00000e+00    8.01125242E+10
    -2.27562214097592e-03    8.60027084734419e-04    1.17755328414597e-04    5.5504458E+03    114.56    114.56    0.0610281631287486    0.00000e+00    0.00000e+00    8.01627515E+10
    -2.28841302880600e-03    8.64805893189115e-04    1.18531728436073e-04    5.4860809E+03    114.00    114.00    0.0604236106257770    0.00000e+00    0.00000e+00    8.02129788E+10
    -2.30119615961718e-03    8.69583392646873e-04    1.19306286165561e-04    5.4228078E+03    113.44    113.44    0.0611686208843826    0.00000e+00    0.00000e+00    8.02632061E+10
    -2.31397172733494e-03    8.74359777033164e-04    1.20078943425419e-04    5.3606074E+03    112.89    112.89    0.0605791925334375    0.00000e+00    0.00000e+00    8.03134334E+10
    -2.32673987740338e-03    8.79135143310725e-04    1.20849646886142e-04    5.2994606E+03    112.35    112.35    0.0612293059125588    0.00000e+00    0.00000e+00    8.03636606E+10
