    -1.04624382572312e-05    2.78098804365505e-05    -2.72590598575716e-05    1.7105715E+07    3415.77    3415.77    1.2546313939737310    0.00000e+00    0.00000e+00    7.41354769E+10
    -1.73878034030853e-05    3.25138195992871e-05    -3.34096641370055e-05    1.9286761E+07    3534.01    3534.01    1.0468792852909468    0.00000e+00    0.00000e+00    7.41857042E+10
    -2.62088424019553e-05    3.65411586064314e-05    -3.84308716752381e-05    1.7569869E+07    3035.03    3035.03    0.8759714416261412    0.00000e+00    0.00000e+00    7.42359315E+10
    -3.52885774962517e-05    4.16746320247301e-05    -4.31452605120573e-05    1.2294281E+07    2304.82    2304.82    0.7520015559205735    0.00000e+00    0.00000e+00    7.42861588E+10
    -4.45140543704811e-05    4.70150617375935e-05    -4.76642194995803e-05    8.9145083E+06    1846.21    1846.21    0.6416182535551787    0.00000e+00    0.00000e+00    7.43363861E+10
    -5.29182520207742e-05    5.30555900403589e-05    -5.13042975800869e-05    6.5970717E+06    1524.88    1524.88    0.5930499874689223    0.00000e+00    0.00000e+00    7.43866134E+10
    -6.03032588366010e-05    5.87532852574097e-05    -5.42796573186979e-05    4.9258838E+06    1305.58    1305.58    0.5565397434198354    0.00000e+00    0.00000e+00    7.44368407E+10
    -6.67404646021322e-05    6.42949092542378e-05    -5.65255373038905e-05    3.6208609E+06    1139.81    1139.81    0.5330319796981743    0.00000e+00    0.00000e+00    7.44870680E+10
    -7.22816765073314e-05    6.96150994503559e-05    -5.78355329590694e-05    2.7138760E+06    1010.60    1010.60    0.5245673664736272    0.00000e+00    0.00000e+00    7.45372952E+10
    -7.69584025933336e-05    7.43301985392180e-05    -5.81166424757871e-05    2.0992510E+06    905.88    905.88    0.5284042745850369    0.00000e+00    0.00000e+00    7.45875225E+10
    -8.08815488378297e-05    7.81978384653638e-05    -5.74815220091232e-05    1.6543898E+06    815.21    815.21    0.5430772676848526    0.00000e+00    0.00000e+00    7.46377498E+10
    -8.42242470544805e-05    8.12545887247594e-05    -5.61811062722831e-05    1.3214383E+06    737.27    737.27    0.5330386870660365    0.00000e+00    0.00000e+00    7.46879771E+10
    -8.71381905959685e-05    8.36711522145235e-05    -5.44507189779406e-05    1.0828906E+06    676.34    676.34    0.5061718149606427    0.00000e+00    0.00000e+00    7.47382044E+10
    -8.98283392941195e-05    8.56353845398124e-05    -5.25509765685128e-05    1.0035509E+06    721.92    721.92    0.4719399276660061    0.00000e+00    0.00000e+00    7.47884317E+10
    -9.32083730123526e-05    8.75036092118312e-05    -5.16980390112000e-05    1.1855272E+06    1116.35    1116.35    0.4435772980063097    0.00000e+00    0.00000e+00    7.48386590E+10
    -9.81765206020699e-05    8.98096933599441e-05    -5.34327896286725e-05    1.3975704E+06    1465.48    1465.48    0.4208848155086125    0.00000e+00    0.00000e+00    7.48888863E+10
    -1.04462668120841e-04    9.27680506827585e-05    -5.72666380412450e-05    1.4590387E+06    1617.58    1617.58    0.3998449279706933    0.00000e+00    0.00000e+00    7.49391135E+10
    -1.11630856562202e-04    9.60330090256434e-05    -6.20329140622850e-05    1.3821547E+06    1604.56    1604.56    0.3930438416213790    0.00000e+00    0.00000e+00    7.49893408E+10
    -1.19166601647759e-04    9.92633904567916e-05    -6.67229967652019e-05    1.2487862E+06    1524.29    1524.29    0.3848210686045880    0.00000e+00    0.00000e+00    7.50395681E+10
    -1.26571384013639e-04    1.02409739132593e-04    -7.08270366903935e-05    1.0964666E+06    1423.58    1423.58    0.3767697539205596    0.00000e+00    0.00000e+00    7.50897954E+10
    -1.33517469611410e-04    1.05457059765891e-04    -7.42899783962331e-05    9.4953169E+05    1328.52    1328.52    0.3703594789723639    0.00000e+00    0.00000e+00    7.51400227E+10
    -1.39958631456579e-04    1.08397585641514e-04    -7.72373886261281e-05    8.2303518E+05    1246.47    1246.47    0.3634756540932727    0.00000e+00    0.00000e+00    7.51902500E+10
    -1.46035950330349e-04    1.11261879413920e-04    -7.98608366580321e-05    7.2063592E+05    1177.02    1177.02    0.3593255079373538    0.00000e+00    0.00000e+00    7.52404773E+10
    -1.51887704790846e-04    1.14097923093127e-04    -8.23035849347129e-05    6.3664194E+05    1116.55    1116.55    0.3555142709455624    0.00000e+00    0.00000e+00    7.52907046E+10
    -1.57587028981865e-04    1.16943493361168e-04    -8.46177994082580e-05    5.6420689E+05    1060.41    1060.41    0.3500908822379388    0.00000e+00    0.00000e+00    7.53409319E+10
    -1.63148709720681e-04    1.19811108107290e-04    -8.67909864301051e-05    5.0032203E+05    1007.28    1007.28    0.3481301646607770    0.00000e+00    0.00000e+00    7.53911591E+10
    -1.68558832854645e-04    1.22692826083394e-04    -8.87785625341395e-05    4.4404968E+05    957.43    957.43    0.3418425256402014    0.00000e+00    0.00000e+00    7.54413864E+10
    -1.73796939246414e-04    1.25567533653670e-04    -9.05268976309566e-05    3.9463762E+05    911.00    911.00    0.3393939190142357    0.00000e+00    0.00000e+00    7.54916137E+10
    -1.78846647041704e-04    1.28408076403838e-04    -9.19896144438218e-05    3.5126374E+05    868.25    868.25    0.3374140672998468    0.00000e+00    0.00000e+00    7.55418410E+10
    -1.83698555703239e-04    1.31186160607469e-04    -9.31355976306813e-05    3.1394044E+05    830.28    830.28    0.3356374709005174    0.00000e+00    0.00000e+00    7.55920683E+10
    -1.88363457183559e-04    1.33878471574638e-04    -9.39714261131877e-05    2.8596576E+05    806.22    806.22    0.3302225989406085    0.00000e+00    0.00000e+00    7.56422956E+10
    -1.92952107168114e-04    1.36495641269371e-04    -9.46809994168596e-05    2.7648784E+05    839.10    839.10    0.3239850869172289    0.00000e+00    0.00000e+00    7.56925229E+10
    -1.97773467719602e-04    1.39123365357942e-04    -9.58477908069124e-05    2.9516264E+05    971.42    971.42    0.3171585038344391    0.00000e+00    0.00000e+00    7.57427502E+10
    -2.03107790234524e-04    1.41840358189617e-04    -9.80847793091935e-05    3.3218747E+05    1103.09    1103.09    0.3123716285827257    0.00000e+00    0.00000e+00    7.57929774E+10
    -2.08930368607692e-04    1.44649291087776e-04    -1.01389914161832e-04    3.6297655E+05    1165.42    1165.42    0.3104537589238685    0.00000e+00    0.00000e+00    7.58432047E+10
    -2.15054127783975e-04    1.47538218243319e-04    -1.05397553734672e-04    3.7320096E+05    1172.41    1172.41    0.3047269610965650    0.00000e+00    0.00000e+00    7.58934320E+10
    -2.21310861656714e-04    1.50469042997183e-04    -1.09795943438212e-04    3.6576739E+05    1150.14    1150.14    0.3013622039868043    0.00000e+00    0.00000e+00    7.59436593E+10
    -2.27598541186717e-04    1.53429649855478e-04    -1.14323443873169e-04    3.5007435E+05    1117.47    1117.47    0.2981852611763225    0.00000e+00    0.00000e+00    7.59938866E+10
    -2.33875152420381e-04    1.56436847308527e-04    -1.18774780078823e-04    3.3202076E+05    1082.45    1082.45    0.2977441012096492    0.00000e+00    0.00000e+00    7.60441139E+10
    -2.40131546923542e-04    1.59507167502857e-04    -1.23013966665761e-04    3.1301814E+05    1046.10    1046.10    0.2958141517933754    0.00000e+00    0.00000e+00    7.60943412E+10
    -2.46366309040253e-04    1.62642966632958e-04    -1.26968858510096e-04    2.9280212E+05    1008.29    1008.29    0.2958759064532430    0.00000e+00    0.00000e+00    7.61445685E+10
    -2.52573945831505e-04    1.65834533880796e-04    -1.30605329576815e-04    2.7154925E+05    969.74    969.74    0.2939250090061723    0.00000e+00    0.00000e+00    7.61947957E+10
    -2.58747534157933e-04    1.69065317707300e-04    -1.33915695569073e-04    2.4985846E+05    931.12    931.12    0.2956415038957795    0.00000e+00    0.00000e+00    7.62450230E+10
    -2.64879855143825e-04    1.72317418791362e-04    -1.36923998397315e-04    2.2862804E+05    893.29    893.29    0.2951572286760686    0.00000e+00    0.00000e+00    7.62952503E+10
    -2.70962298498204e-04    1.75575187347356e-04    -1.39676179005964e-04    2.0871254E+05    857.16    857.16    0.2931136855562150    0.00000e+00    0.00000e+00    7.63454776E+10
    -2.76986961758069e-04    1.78828626517178e-04    -1.42228926658752e-04    1.9062410E+05    823.47    823.47    0.2947238763468127    0.00000e+00    0.00000e+00    7.63957049E+10
    -2.82947959285331e-04    1.82073149963404e-04    -1.44638111284290e-04    1.7453016E+05    792.71    792.71    0.2921864587226152    0.00000e+00    0.00000e+00    7.64459322E+10
    -2.88840321739757e-04    1.85308185605891e-04    -1.46950570732309e-04    1.6043376E+05    765.01    765.01    0.2898194533895351    0.00000e+00    0.00000e+00    7.64961595E+10
    -2.94660616640487e-04    1.88535745421415e-04    -1.49201371576365e-04    1.4835934E+05    740.83    740.83    0.2885478567075926    0.00000e+00    0.00000e+00    7.65463868E+10
    -3.00408693695279e-04    1.91759581867868e-04    -1.51416776173563e-04    1.3846022E+05    721.31    721.31    0.2836453561322831    0.00000e+00    0.00000e+00    7.65966140E+10
    -3.06093410450086e-04    1.94986021763789e-04    -1.53626673287344e-04    1.3100328E+05    708.87    708.87    0.2816330823624479    0.00000e+00    0.00000e+00    7.66468413E+10
    -3.11739429376868e-04    1.98225658288109e-04    -1.55876960228898e-04    1.2620441E+05    706.22    706.22    0.2795587016622166    0.00000e+00    0.00000e+00    7.66970686E+10
    -3.17384468980013e-04    2.01495164183323e-04    -1.58231084564672e-04    1.2392356E+05    713.65    713.65    0.2763461797236310    0.00000e+00    0.00000e+00    7.67472959E+10
    -3.23070281413740e-04    2.04815226449203e-04    -1.60760968404259e-04    1.2364681E+05    727.83    727.83    0.2758623510386572    0.00000e+00    0.00000e+00    7.67975232E+10
    -3.28830595165843e-04    2.08204675249123e-04    -1.63523926421039e-04    1.2456213E+05    743.34    743.34    0.2744757466747081    0.00000e+00    0.00000e+00    7.68477505E+10
    -3.34683450153396e-04    2.11675247922303e-04    -1.66546725178346e-04    1.2582847E+05    755.87    755.87    0.2727821731666456    0.00000e+00    0.00000e+00    7.68979778E+10
    -3.40628628210243e-04    2.15229610943990e-04    -1.69826683656525e-04    1.2676100E+05    763.26    763.26    0.2718290533142207    0.00000e+00    0.00000e+00    7.69482051E+10
    -3.46652743630648e-04    2.18859992750874e-04    -1.73336366249360e-04    1.2691365E+05    765.12    765.12    0.2684536673018099    0.00000e+00    0.00000e+00    7.69984324E+10
    -3.52735938446233e-04    2.22550190869734e-04    -1.77034064435867e-04    1.2607492E+05    762.07    762.07    0.2670708712911419    0.00000e+00    0.00000e+00    7.70486596E+10
    -3.58857608075551e-04    2.26278800776548e-04    -1.80872043461002e-04    1.2422575E+05    755.08    755.08    0.2663685441315328    0.00000e+00    0.00000e+00    7.70988869E+10
    -3.65000163478251e-04    2.30023317420239e-04    -1.84805967113629e-04    1.2145180E+05    745.12    745.12    0.2616541993472903    0.00000e+00    0.00000e+00    7.71491142E+10
    -3.71150126833999e-04    2.33762025996031e-04    -1.88799818585378e-04    1.1788569E+05    733.02    733.02    0.2577781282392198    0.00000e+00    0.00000e+00    7.71993415E+10
    -3.77296357124402e-04    2.37474477062853e-04    -1.92822419508417e-04    1.1368419E+05    719.27    719.27    0.2556807537126234    0.00000e+00    0.00000e+00    7.72495688E+10
    -3.83430738568438e-04    2.41143643964227e-04    -1.96845776740799e-04    1.0900325E+05    704.20    704.20    0.2509332237842738    0.00000e+00    0.00000e+00    7.72997961E+10
    -3.89548083659721e-04    2.44757556650364e-04    -2.00845712624246e-04    1.0400010E+05    688.22    688.22    0.2507756227517313    0.00000e+00    0.00000e+00    7.73500234E+10
    -3.95645231413048e-04    2.48309461666687e-04    -2.04799213053316e-04    9.8833046E+04    671.75    671.75    0.2477764096705565    0.00000e+00    0.00000e+00    7.74002507E+10
    -4.01720644969052e-04    2.51796319231416e-04    -2.08685925549676e-04    9.3635383E+04    655.15    655.15    0.2439080831841309    0.00000e+00    0.00000e+00    7.74504779E+10
    -4.07773480751926e-04    2.55217678467827e-04    -2.12489463410906e-04    8.8520837E+04    638.72    638.72    0.2410412050466941    0.00000e+00    0.00000e+00    7.75007052E+10
    -4.13803496354830e-04    2.58575095627836e-04    -2.16197071189054e-04    8.3594309E+04    622.78    622.78    0.2384283763984436    0.00000e+00    0.00000e+00    7.75509325E+10
    -4.19811113565667e-04    2.61872303776788e-04    -2.19800094959914e-04    7.8949823E+04    607.71    607.71    0.2365898167538868    0.00000e+00    0.00000e+00    7.76011598E+10
    -4.25797049908684e-04    2.65115295211782e-04    -2.23293982323019e-04    7.4667160E+04    593.80    593.80    0.2333204904483452    0.00000e+00    0.00000e+00    7.76513871E+10
    -4.31762779217473e-04    2.68311274264119e-04    -2.26679867742383e-04    7.0812062E+04    581.40    581.40    0.2316528094924331    0.00000e+00    0.00000e+00    7.77016144E+10
    -4.37711496414192e-04    2.71468730021355e-04    -2.29966162735373e-04    6.7440276E+04    570.96    570.96    0.2309315718759432    0.00000e+00    0.00000e+00    7.77518417E+10
    -4.43649736787263e-04    2.74598168395959e-04    -2.33171280525599e-04    6.4599934E+04    562.99    562.99    0.2277425948467783    0.00000e+00    0.00000e+00    7.78020690E+10
    -4.49587773538587e-04    2.77712107277178e-04    -2.36324111160317e-04    6.2304203E+04    557.76    557.76    0.2242780870795007    0.00000e+00    0.00000e+00    7.78522962E+10
    -4.55538265153378e-04    2.80823767534096e-04    -2.39460458129877e-04    6.0524122E+04    555.23    555.23    0.2232076958496697    0.00000e+00    0.00000e+00    7.79025235E+10
    -4.61514907618129e-04    2.83946423365302e-04    -2.42620042219173e-04    5.9196587E+04    554.95    554.95    0.2205350257849412    0.00000e+00    0.00000e+00    7.79527508E+10
    -4.67530388506874e-04    2.87092854459429e-04    -2.45841440052810e-04    5.8238817E+04    556.20    556.20    0.2182775005559176    0.00000e+00    0.00000e+00    7.80029781E+10
    -4.73594588322433e-04    2.90274769066877e-04    -2.49157202021338e-04    5.7550479E+04    558.10    558.10    0.2153509230775883    0.00000e+00    0.00000e+00    7.80532054E+10
    -4.79714241126838e-04    2.93501601661879e-04    -2.52590191937959e-04    5.7023878E+04    559.85    559.85    0.2139727227162651    0.00000e+00    0.00000e+00    7.81034327E+10
    -4.85892682438213e-04    2.96779994191868e-04    -2.56152665892530e-04    5.6560285E+04    560.83    560.83    0.2111314258442376    0.00000e+00    0.00000e+00    7.81536600E+10
    -4.92129471076111e-04    3.00113325808200e-04    -2.59847435804403e-04    5.6078183E+04    560.62    560.62    0.2094512959452141    0.00000e+00    0.00000e+00    7.82038873E+10
    -4.98421431510918e-04    3.03502173439155e-04    -2.63668872986739e-04    5.5517570E+04    559.14    559.14    0.2070298006323008    0.00000e+00    0.00000e+00    7.82541145E+10
    -5.04764248900875e-04    3.06944457234043e-04    -2.67604619538807e-04    5.4841408E+04    556.44    556.44    0.2031017790770593    0.00000e+00    0.00000e+00    7.83043418E+10
    -5.11153123590536e-04    3.10436633204853e-04    -2.71639142030265e-04    5.4032114E+04    552.67    552.67    0.2026981551174426    0.00000e+00    0.00000e+00    7.83545691E+10
    -5.17583255924460e-04    3.13974357421004e-04    -2.75756165265836e-04    5.3087728E+04    548.03    548.03    0.2011398943325363    0.00000e+00    0.00000e+00    7.84047964E+10
    -5.24050040172676e-04    3.17553387762785e-04    -2.79940781224828e-04    5.2018272E+04    542.66    542.66    0.1982906289367488    0.00000e+00    0.00000e+00    7.84550237E+10
    -5.30549597825734e-04    3.21170068735042e-04    -2.84179807823251e-04    5.0842025E+04    536.71    536.71    0.1966087296040701    0.00000e+00    0.00000e+00    7.85052510E+10
    -5.37077323153666e-04    3.24820012773959e-04    -2.88459961166243e-04    4.9583660E+04    530.35    530.35    0.1929279190060250    0.00000e+00    0.00000e+00    7.85554783E+10
    -5.43627640799136e-04    3.28497726940530e-04    -2.92768296728517e-04    4.8270411E+04    523.70    523.70    0.1913046445096036    0.00000e+00    0.00000e+00    7.86057056E+10
    -5.50194102740188e-04    3.32196831086712e-04    -2.97092635990405e-04    4.6928156E+04    516.88    516.88    0.1888600596689682    0.00000e+00    0.00000e+00    7.86559329E+10
    -5.56770067029390e-04    3.35911008090239e-04    -3.01421527652758e-04    4.5579721E+04    509.98    509.98    0.1867166156915019    0.00000e+00    0.00000e+00    7.87061601E+10
    -5.63348988682046e-04    3.39634149298730e-04    -3.05744446410561e-04    4.4244772E+04    503.12    503.12    0.1844156118520978    0.00000e+00    0.00000e+00    7.87563874E+10
    -5.69924856008512e-04    3.43360359377823e-04    -3.10051938397030e-04    4.2939233E+04    496.35    496.35    0.1816080972532586    0.00000e+00    0.00000e+00    7.88066147E+10
    -5.76492433021030e-04    3.47084407187898e-04    -3.14336096301027e-04    4.1675304E+04    489.72    489.72    0.1807427569342799    0.00000e+00    0.00000e+00    7.88568420E+10
    -5.83047259433736e-04    3.50802016672287e-04    -3.18590801773897e-04    4.0461838E+04    483.27    483.27    0.1795674966258979    0.00000e+00    0.00000e+00    7.89070693E+10
    -5.89585796106756e-04    3.54509934731192e-04    -3.22811739973878e-04    3.9304797E+04    477.05    477.05    0.1770429768422590    0.00000e+00    0.00000e+00    7.89572966E+10
    -5.96105522008949e-04    3.58206168780381e-04    -3.26996152311124e-04    3.8207755E+04    471.09    471.09    0.1756274334090403    0.00000e+00    0.00000e+00    7.90075239E+10
    -6.02604788773799e-04    3.61889724951810e-04    -3.31143001284358e-04    3.7172920E+04    465.44    465.44    0.1740647999038760    0.00000e+00    0.00000e+00    7.90577512E+10
    -6.09082626773944e-04    3.65560288116584e-04    -3.35252524452283e-04    3.6202354E+04    460.11    460.11    0.1726238361198548    0.00000e+00    0.00000e+00    7.91079784E+10
    -6.15538260307494e-04    3.69218023111357e-04    -3.39326278066815e-04    3.5297219E+04    455.13    455.13    0.1705198583332686    0.00000e+00    0.00000e+00    7.91582057E+10
    -6.21971107598032e-04    3.72863264457567e-04    -3.43367083743580e-04    3.4457257E+04    450.52    450.52    0.1686404532933228    0.00000e+00    0.00000e+00    7.92084330E+10
    -6.28380441425036e-04    3.76496589083496e-04    -3.47378786055067e-04    3.3680662E+04    446.26    446.26    0.1671996036296762    0.00000e+00    0.00000e+00    7.92586603E+10
    -6.34765825456194e-04    3.80118855109359e-04    -3.51366034364480e-04    3.2964123E+04    442.35    442.35    0.1651976989679642    0.00000e+00    0.00000e+00    7.93088876E+10
    -6.41127114247400e-04    3.83731235784264e-04    -3.55334646435990e-04    3.2303083E+04    438.77    438.77    0.1623274709702777    0.00000e+00    0.00000e+00    7.93591149E+10
    -6.47464356280024e-04    3.87335054649560e-04    -3.59291269065167e-04    3.1691885E+04    435.46    435.46    0.1623229645594048    0.00000e+00    0.00000e+00    7.94093422E+10
    -6.53778036367745e-04    3.90931606157777e-04    -3.63242985379891e-04    3.1124212E+04    432.40    432.40    0.1619406166418956    0.00000e+00    0.00000e+00    7.94595695E+10
    -6.60068930212454e-04    3.94522276876042e-04    -3.67196980318916e-04    3.0593381E+04    429.51    429.51    0.1598982222721389    0.00000e+00    0.00000e+00    7.95097967E+10
    -6.66338055922881e-04    3.98108618208134e-04    -3.71160172173471e-04    3.0092345E+04    426.76    426.76    0.1583164936775782    0.00000e+00    0.00000e+00    7.95600240E+10
    -6.72586625533230e-04    4.01692297913117e-04    -3.75138941091601e-04    2.9614002E+04    424.08    424.08    0.1569118592199241    0.00000e+00    0.00000e+00    7.96102513E+10
    -6.78815705633598e-04    4.05275085560927e-04    -3.79138746075354e-04    2.9151580E+04    421.43    421.43    0.1554411612159762    0.00000e+00    0.00000e+00    7.96604786E+10
    -6.85026265851347e-04    4.08858687695721e-04    -3.83164028018050e-04    2.8698876E+04    418.75    418.75    0.1538030644270102    0.00000e+00    0.00000e+00    7.97107059E+10
    -6.91218936444263e-04    4.12444660569416e-04    -3.87218098197129e-04    2.8250661E+04    416.03    416.03    0.1538830039957907    0.00000e+00    0.00000e+00    7.97609332E+10
    -6.97394444632869e-04    4.16034284090129e-04    -3.91303249781305e-04    2.7802779E+04    413.23    413.23    0.1524592454811473    0.00000e+00    0.00000e+00    7.98111605E+10
    -7.03553323712212e-04    4.19628513340814e-04    -3.95420723893600e-04    2.7352214E+04    410.35    410.35    0.1502488785694425    0.00000e+00    0.00000e+00    7.98613878E+10
    -7.09696203940078e-04    4.23228007668075e-04    -3.99570762940855e-04    2.6897092E+04    407.38    407.38    0.1476202320377835    0.00000e+00    0.00000e+00    7.99116151E+10
    -7.15823812536990e-04    4.26833154922857e-04    -4.03752794842927e-04    2.6436636E+04    404.32    404.32    0.1467316427616878    0.00000e+00    0.00000e+00    7.99618423E+10
    -7.21937216093045e-04    4.30444163575045e-04    -4.07965694832075e-04    2.5971065E+04    401.19    401.19    0.1449343909583556    0.00000e+00    0.00000e+00    8.00120696E+10
    -7.28037723605182e-04    4.34061091802278e-04    -4.12208173303908e-04    2.5501520E+04    398.01    398.01    0.1441057493138942    0.00000e+00    0.00000e+00    8.00622969E+10
    -7.34126983439918e-04    4.37683973541516e-04    -4.16478635221414e-04    2.5029781E+04    394.77    394.77    0.1438849736078428    0.00000e+00    0.00000e+00    8.01125242E+10
    -7.40206643963768e-04    4.41312847577852e-04    -4.20775068607817e-04    2.4558063E+04    391.51    391.51    0.1430781335878941    0.00000e+00    0.00000e+00    8.01627515E+10
    -7.46278498987352e-04    4.44947747848244e-04    -4.25095059090985e-04    2.4088889E+04    388.24    388.24    0.1421241871132853    0.00000e+00    0.00000e+00    8.02129788E+10
    -7.52344536246762e-04    4.48588640415735e-04    -4.29435867473620e-04    2.3624770E+04    384.98    384.98    0.1408176357800924    0.00000e+00    0.00000e+00    8.02632061E+10
    -7.58406598033988e-04    4.52235462254546e-04    -4.33794560632951e-04    2.3168029E+04    381.75    381.75    0.1396729749444141    0.00000e+00    0.00000e+00    8.03134334E+10
    -7.64466623603753e-04    4.55887975805973e-04    -4.38168016368872e-04    2.2720663E+04    378.56    378.56    0.1383570246402498    0.00000e+00    0.00000e+00    8.03636606E+10
