    5.36002006408965e-05    -7.90287606334174e-06    1.33168617079031e-05    8.9785769E+06    833.62    833.62    1.2224024150332164    0.00000e+00    0.00000e+00    7.45875225E+10
    7.24147045332910e-05    -1.26736050980427e-06    1.62730140980958e-05    1.0464784E+07    1332.56    1332.56    0.7943223159497784    0.00000e+00    0.00000e+00    7.46377498E+10
    8.81980272398316e-05    4.13246716930896e-06    1.76000989507201e-05    7.8422154E+06    1133.82    1133.82    0.6527482185607764    0.00000e+00    0.00000e+00    7.46879771E+10
    1.02980384227806e-04    8.93282248932342e-06    1.87889086389140e-05    5.0836369E+06    926.60    926.60    0.6052210840225281    0.00000e+00    0.00000e+00    7.47382044E+10
    1.17199673758404e-04    1.33667170379863e-05    1.98602431240384e-05    3.3736740E+06    788.68    788.68    0.6196183857875979    0.00000e+00    0.00000e+00    7.47884317E+10
    1.30872297078455e-04    1.75196630280735e-05    2.06043065577981e-05    2.4120470E+06    708.54    708.54    0.6029124522246603    0.00000e+00    0.00000e+00    7.48386590E+10
    1.43758780470177e-04    2.13411428740135e-05    2.08035499515100e-05    1.8780345E+06    661.63    661.63    0.5810211466750465    0.00000e+00    0.00000e+00    7.48888863E+10
    1.55679388957572e-04    2.48287557784574e-05    2.04125850483486e-05    1.5438219E+06    623.31    623.31    0.5510178546473563    0.00000e+00    0.00000e+00    7.49391135E+10
    1.66667691039920e-04    2.80524293275138e-05    1.95733139038926e-05    1.2976837E+06    584.47    584.47    0.5209588905079361    0.00000e+00    0.00000e+00    7.49893408E+10
    1.76926993334394e-04    3.10743200287966e-05    1.84752947889463e-05    1.1068173E+06    547.66    547.66    0.5055870335776369    0.00000e+00    0.00000e+00    7.50395681E+10
    1.86704056308404e-04    3.39379491216454e-05    1.72683564627746e-05    9.6182010E+05    516.08    516.08    0.4852993270316721    0.00000e+00    0.00000e+00    7.50897954E+10
    1.96192349709536e-04    3.66726841947933e-05    1.60546690453482e-05    8.5231501E+05    490.92    490.92    0.4609743977884884    0.00000e+00    0.00000e+00    7.51400227E+10
    2.05522036314892e-04    3.93076780645129e-05    1.49139169981079e-05    7.6997687E+05    472.20    472.20    0.4463442842328824    0.00000e+00    0.00000e+00    7.51902500E+10
    2.14775078725402e-04    4.18706024412809e-05    1.39193517897599e-05    7.0616881E+05    457.97    457.97    0.4335870238070722    0.00000e+00    0.00000e+00    7.52404773E+10
    2.23993233943420e-04    4.43811199135619e-05    1.31312585471092e-05    6.5670382E+05    447.78    447.78    0.4157808968188049    0.00000e+00    0.00000e+00    7.52907046E+10
    2.33216314868437e-04    4.68622048320765e-05    1.25856191719403e-05    6.3588167E+05    461.75    461.75    0.4009956955335530    0.00000e+00    0.00000e+00    7.53409319E+10
    2.42700986711371e-04    4.94237343998839e-05    1.23287959117640e-05    6.7750354E+05    570.29    570.29    0.3846657143928336    0.00000e+00    0.00000e+00    7.53911591E+10
    2.53139519775614e-04    5.22852017085286e-05    1.24752188549190e-05    7.7837416E+05    761.14    761.14    0.3688266014350666    0.00000e+00    0.00000e+00    7.54413864E+10
    2.64885159005496e-04    5.54954730681844e-05    1.30872655840579e-05    8.7016892E+05    899.57    899.57    0.3519354568393107    0.00000e+00    0.00000e+00    7.54916137E+10
    2.77590675994471e-04    5.89798483868658e-05    1.40785311504923e-05    9.0528550E+05    953.87    953.87    0.3378668447816646    0.00000e+00    0.00000e+00    7.55418410E+10
    2.90781210286301e-04    6.26731590095583e-05    1.53060832695711e-05    8.8917066E+05    954.05    954.05    0.3316022972747220    0.00000e+00    0.00000e+00    7.55920683E+10
    3.04152933995172e-04    6.65387578701066e-05    1.66687311449594e-05    8.3777534E+05    924.70    924.70    0.3309491794547803    0.00000e+00    0.00000e+00    7.56422956E+10
    3.17545601655067e-04    7.05715689692696e-05    1.81087906752516e-05    7.6364457E+05    882.34    882.34    0.3292763812746407    0.00000e+00    0.00000e+00    7.56925229E+10
    3.30867534998888e-04    7.47361524269582e-05    1.96065629109568e-05    6.8018214E+05    836.58    836.58    0.3271585743335723    0.00000e+00    0.00000e+00    7.57427502E+10
    3.44075003832599e-04    7.89705490547266e-05    2.11730657277917e-05    5.9758564E+05    792.59    792.59    0.3273516167640740    0.00000e+00    0.00000e+00    7.57929774E+10
    3.57177757759327e-04    8.32159267123721e-05    2.28321126889590e-05    5.2133207E+05    752.82    752.82    0.3229308607008406    0.00000e+00    0.00000e+00    7.58432047E+10
    3.70209961599181e-04    8.74296072515466e-05    2.46025499566843e-05    4.5425831E+05    717.53    717.53    0.3168852007213157    0.00000e+00    0.00000e+00    7.58934320E+10
    3.83216586669219e-04    9.15931822967785e-05    2.64938013393011e-05    3.9695902E+05    686.07    686.07    0.3137386550425397    0.00000e+00    0.00000e+00    7.59436593E+10
    3.96242371575934e-04    9.57063561117223e-05    2.85054479577888e-05    3.4871304E+05    657.79    657.79    0.3128987731589974    0.00000e+00    0.00000e+00    7.59938866E+10
    4.09320564841577e-04    9.97782383454459e-05    3.06294899015955e-05    3.0825600E+05    631.60    631.60    0.3082709001215885    0.00000e+00    0.00000e+00    7.60441139E+10
    4.22465516951109e-04    1.03820561489032e-04    3.28500286756766e-05    2.7429523E+05    606.85    606.85    0.2992622268689232    0.00000e+00    0.00000e+00    7.60943412E+10
    4.35675269257259e-04    1.07843855695635e-04    3.51458963450875e-05    2.4567331E+05    583.29    583.29    0.2953374493280452    0.00000e+00    0.00000e+00    7.61445685E+10
    4.48937405681652e-04    1.11856842763378e-04    3.74940211115578e-05    2.2140793E+05    560.93    560.93    0.2879524926076834    0.00000e+00    0.00000e+00    7.61947957E+10
    4.62234545653821e-04    1.15865694370420e-04    3.98722382632145e-05    2.0067203E+05    539.86    539.86    0.2817086687044816    0.00000e+00    0.00000e+00    7.62450230E+10
    4.75546971801356e-04    1.19874449014727e-04    4.22604556666715e-05    1.8277728E+05    520.03    520.03    0.2733369134431393    0.00000e+00    0.00000e+00    7.62952503E+10
    4.88854748585688e-04    1.23885293205998e-04    4.46414289841053e-05    1.6716543E+05    501.31    501.31    0.2678765778659205    0.00000e+00    0.00000e+00    7.63454776E+10
    5.02138934336298e-04    1.27898590554497e-04    4.70009512354048e-05    1.5340353E+05    483.61    483.61    0.2616699434005736    0.00000e+00    0.00000e+00    7.63957049E+10
    5.15382735107272e-04    1.31913007822599e-04    4.93279933941384e-05    1.4116109E+05    467.08    467.08    0.2552733084863102    0.00000e+00    0.00000e+00    7.64459322E+10
    5.28571897376384e-04    1.35925917320152e-04    5.16146171210915e-05    1.3018733E+05    451.60    451.60    0.2497388917691331    0.00000e+00    0.00000e+00    7.64961595E+10
    5.41695221947602e-04    1.39933998073442e-04    5.38558089579878e-05    1.2029366E+05    437.23    437.23    0.2435914124712358    0.00000e+00    0.00000e+00    7.65463868E+10
    5.54745242690236e-04    1.43933589739175e-04    5.60490575699593e-05    1.1133802E+05    423.84    423.84    0.2387003209338151    0.00000e+00    0.00000e+00    7.65966140E+10
    5.67717596281156e-04    1.47920862289271e-04    5.81937860287253e-05    1.0321052E+05    411.31    411.31    0.2355780428033799    0.00000e+00    0.00000e+00    7.66468413E+10
    5.80610925242056e-04    1.51891820858999e-04    6.02911336464364e-05    9.5823078E+04    399.57    399.57    0.2301805100403535    0.00000e+00    0.00000e+00    7.66970686E+10
    5.93425665905247e-04    1.55842480279898e-04    6.23436311505081e-05    8.9102905E+04    388.53    388.53    0.2258166771463141    0.00000e+00    0.00000e+00    7.67472959E+10
    6.06163515118615e-04    1.59769136575445e-04    6.43547691994444e-05    8.2987817E+04    378.16    378.16    0.2205901525567019    0.00000e+00    0.00000e+00    7.67975232E+10
    6.18826896950564e-04    1.63668667545534e-04    6.63286735576714e-05    7.7423126E+04    368.40    368.40    0.2167892406283351    0.00000e+00    0.00000e+00    7.68477505E+10
    6.31418477876341e-04    1.67538746084496e-04    6.82697802703714e-05    7.2359941E+04    359.17    359.17    0.2119124245902191    0.00000e+00    0.00000e+00    7.68979778E+10
    6.43941360703505e-04    1.71377932295697e-04    7.01825738640946e-05    6.7754700E+04    350.44    350.44    0.2078635322648889    0.00000e+00    0.00000e+00    7.69482051E+10
    6.56398939127823e-04    1.75185799543099e-04    7.20714079656974e-05    6.3568569E+04    342.17    342.17    0.2033985667542004    0.00000e+00    0.00000e+00    7.69984324E+10
    6.68795043177377e-04    1.78962953843803e-04    7.39403550101010e-05    5.9767286E+04    334.38    334.38    0.1988305140931062    0.00000e+00    0.00000e+00    7.70486596E+10
    6.81134181619400e-04    1.82711053260597e-04    7.57931868477445e-05    5.6321113E+04    327.13    327.13    0.1963232539897110    0.00000e+00    0.00000e+00    7.70988869E+10
    6.93421929811225e-04    1.86432599432078e-04    7.76333650483112e-05    5.3204428E+04    320.44    320.44    0.1930627270205123    0.00000e+00    0.00000e+00    7.71491142E+10
    7.05664687293444e-04    1.90130646684434e-04    7.94640457488648e-05    5.0395336E+04    314.33    314.33    0.1886440454210865    0.00000e+00    0.00000e+00    7.71993415E+10
    7.17870114122217e-04    1.93808622650393e-04    8.12880699575768e-05    4.7874767E+04    308.82    308.82    0.1852198916811221    0.00000e+00    0.00000e+00    7.72495688E+10
    7.30047033906541e-04    1.97470420383814e-04    8.31080265795044e-05    4.5627720E+04    303.97    303.97    0.1876514559890602    0.00000e+00    0.00000e+00    7.72997961E+10
    7.42205433808246e-04    2.01120364422731e-04    8.49262524165903e-05    4.3641383E+04    299.83    299.83    0.1849377394776869    0.00000e+00    0.00000e+00    7.73500234E+10
    7.54355737321477e-04    2.04763060497116e-04    8.67448418639371e-05    4.1901627E+04    296.45    296.45    0.1840213957469972    0.00000e+00    0.00000e+00    7.74002507E+10
    7.66509046679531e-04    2.08403347047505e-04    8.85657341762692e-05    4.0393207E+04    293.85    293.85    0.1795146613767556    0.00000e+00    0.00000e+00    7.74504779E+10
    7.78676755003914e-04    2.12046290376867e-04    9.03907425567538e-05    3.9097891E+04    292.05    292.05    0.1761060618150732    0.00000e+00    0.00000e+00    7.75007052E+10
    7.90870691748445e-04    2.15697223435694e-04    9.22215396125910e-05    3.7993900E+04    290.98    290.98    0.1733477849393527    0.00000e+00    0.00000e+00    7.75509325E+10
    8.03102589404206e-04    2.19361454933793e-04    9.40596864438337e-05    3.7058895E+04    290.52    290.52    0.1703726175506249    0.00000e+00    0.00000e+00    7.76011598E+10
    8.15383889574073e-04    2.23044075414817e-04    9.59065938582941e-05    3.6268600E+04    290.59    290.59    0.1666950648722391    0.00000e+00    0.00000e+00    7.76513871E+10
    8.27724967270821e-04    2.26749545164632e-04    9.77634835864486e-05    3.5596190E+04    291.02    291.02    0.1638947865435064    0.00000e+00    0.00000e+00    7.77016144E+10
    8.40134743066181e-04    2.30481442108204e-04    9.96312961668384e-05    3.5014360E+04    291.61    291.61    0.1613047578898634    0.00000e+00    0.00000e+00    7.77518417E+10
    8.52620343721268e-04    2.34242524835378e-04    1.01510564894513e-04    3.4497201E+04    292.23    292.23    0.1585800578691892    0.00000e+00    0.00000e+00    7.78020690E+10
    8.65186859779731e-04    2.38034688967649e-04    1.03401464302397e-04    3.4021688E+04    292.73    292.73    0.1566672027952219    0.00000e+00    0.00000e+00    7.78522962E+10
    8.77837151642291e-04    2.41859141691082e-04    1.05303907124029e-04    3.3568905E+04    293.01    293.01    0.1551614074740203    0.00000e+00    0.00000e+00    7.79025235E+10
    8.90571801085363e-04    2.45716319337989e-04    1.07217437634547e-04    3.3124096E+04    293.01    293.01    0.1569255945296933    0.00000e+00    0.00000e+00    7.79527508E+10
    9.03389256705169e-04    2.49605863146248e-04    1.09141236498831e-04    3.2676489E+04    292.71    292.71    0.1516752448026981    0.00000e+00    0.00000e+00    7.80029781E+10
    9.16286318731413e-04    2.53526987717693e-04    1.11074392267161e-04    3.2218991E+04    292.10    292.10    0.1502584199262842    0.00000e+00    0.00000e+00    7.80532054E+10
    9.29258526878229e-04    2.57478602221544e-04    1.13016124389510e-04    3.1747632E+04    291.19    291.19    0.1497479346165522    0.00000e+00    0.00000e+00    7.81034327E+10
    9.42300693639229e-04    2.61459509168008e-04    1.14965938355923e-04    3.1260641E+04    290.00    290.00    0.1458761088075083    0.00000e+00    0.00000e+00    7.81536600E+10
    9.55407195175712e-04    2.65468506219155e-04    1.16923645089064e-04    3.0757852E+04    288.57    288.57    0.1428839909048057    0.00000e+00    0.00000e+00    7.82038873E+10
    9.68572359167610e-04    2.69504294074320e-04    1.18889288222165e-04    3.0240189E+04    286.92    286.92    0.1408736320912847    0.00000e+00    0.00000e+00    7.82541145E+10
    9.81790464813484e-04    2.73565534647743e-04    1.20863022895603e-04    2.9709286E+04    285.08    285.08    0.1395337116126139    0.00000e+00    0.00000e+00    7.83043418E+10
    9.95056276125580e-04    2.77650952879443e-04    1.22845164238272e-04    2.9167088E+04    283.07    283.07    0.1376884298656910    0.00000e+00    0.00000e+00    7.83545691E+10
    1.00836460559751e-03    2.81759273709439e-04    1.24836153430622e-04    2.8615675E+04    280.91    280.91    0.1359139389868001    0.00000e+00    0.00000e+00    7.84047964E+10
    1.02171099294341e-03    2.85889270559117e-04    1.26836577097206e-04    2.8056993E+04    278.63    278.63    0.1349984028913835    0.00000e+00    0.00000e+00    7.84550237E+10
    1.03509083243330e-03    2.90039682912907e-04    1.28847031558851e-04    2.7492950E+04    276.25    276.25    0.1342014003279506    0.00000e+00    0.00000e+00    7.85052510E+10
    1.04849980922543e-03    2.94209337521700e-04    1.30868122832661e-04    2.6925254E+04    273.80    273.80    0.1325125855064219    0.00000e+00    0.00000e+00    7.85554783E+10
    1.06193385088487e-03    2.98397206580492e-04    1.32900495720830e-04    2.6355460E+04    271.27    271.27    0.1307087379223858    0.00000e+00    0.00000e+00    7.86057056E+10
    1.07538898193944e-03    3.02602344702606e-04    1.34944775633007e-04    2.5785088E+04    268.67    268.67    0.1291700883198106    0.00000e+00    0.00000e+00    7.86559329E+10
    1.08886151780516e-03    3.06823913160372e-04    1.37001515256788e-04    2.5215672E+04    266.03    266.03    0.1268356705031984    0.00000e+00    0.00000e+00    7.87061601E+10
    1.10234801630489e-03    3.11061165340722e-04    1.39071165468897e-04    2.4648700E+04    263.35    263.35    0.1246320905266346    0.00000e+00    0.00000e+00    7.87563874E+10
    1.11584542311246e-03    3.15313393415681e-04    1.41154104424006e-04    2.4085533E+04    260.63    260.63    0.1232528492298029    0.00000e+00    0.00000e+00    7.88066147E+10
    1.12935102327123e-03    3.19579855620318e-04    1.43250584225228e-04    2.3527440E+04    257.90    257.90    0.1218746444572228    0.00000e+00    0.00000e+00    7.88568420E+10
    1.14286248967554e-03    3.23859747163922e-04    1.45360701835300e-04    2.2975703E+04    255.16    255.16    0.1197199980166443    0.00000e+00    0.00000e+00    7.89070693E+10
    1.15637739825699e-03    3.28152195381867e-04    1.47484408772853e-04    2.2431392E+04    252.42    252.42    0.1180379544188942    0.00000e+00    0.00000e+00    7.89572966E+10
    1.16989366431675e-03    3.32456220950516e-04    1.49621467479183e-04    2.1895472E+04    249.68    249.68    0.1163187228890739    0.00000e+00    0.00000e+00    7.90075239E+10
    1.18340915467462e-03    3.36770800913003e-04    1.51771485255210e-04    2.1368739E+04    246.96    246.96    0.1154824670486899    0.00000e+00    0.00000e+00    7.90577512E+10
    1.19692188159450e-03    3.41094897768050e-04    1.53933914261474e-04    2.0851846E+04    244.26    244.26    0.1147510355987496    0.00000e+00    0.00000e+00    7.91079784E+10
    1.21043000278442e-03    3.45427459469970e-04    1.56108090303230e-04    2.0345366E+04    241.59    241.59    0.1134703732812644    0.00000e+00    0.00000e+00    7.91582057E+10
    1.22393172443374e-03    3.49767477606304e-04    1.58293247374864e-04    1.9849763E+04    238.95    238.95    0.1122184366981533    0.00000e+00    0.00000e+00    7.92084330E+10
    1.23742559210143e-03    3.54113963157145e-04    1.60488541900570e-04    1.9365426E+04    236.34    236.34    0.1114298515698994    0.00000e+00    0.00000e+00    7.92586603E+10
    1.25091029679055e-03    3.58465994976498e-04    1.62693101215721e-04    1.8892789E+04    233.77    233.77    0.1097231037720434    0.00000e+00    0.00000e+00    7.93088876E+10
    1.26438443254142e-03    3.62822700399737e-04    1.64906047807556e-04    1.8432123E+04    231.25    231.25    0.1083479809620144    0.00000e+00    0.00000e+00    7.93591149E+10
    1.27784702972667e-03    3.67183235851056e-04    1.67126504163312e-04    1.7983511E+04    228.76    228.76    0.1071778563625847    0.00000e+00    0.00000e+00    7.94093422E+10
    1.29129702175622e-03    3.71546709273283e-04    1.69353583073951e-04    1.7546916E+04    226.31    226.31    0.1057807337598839    0.00000e+00    0.00000e+00    7.94595695E+10
    1.30473363292817e-03    3.75912214064834e-04    1.71586348849069e-04    1.7122156E+04    223.89    223.89    0.1042611467985608    0.00000e+00    0.00000e+00    7.95097967E+10
    1.31815613602200e-03    3.80278824231578e-04    1.73823836709442e-04    1.6708983E+04    221.50    221.50    0.1027184542505631    0.00000e+00    0.00000e+00    7.95600240E+10
    1.33156390077993e-03    3.84645633171931e-04    1.76065086723980e-04    1.6307105E+04    219.15    219.15    0.1014383146834327    0.00000e+00    0.00000e+00    7.96102513E+10
    1.34495610301869e-03    3.89011821550772e-04    1.78309105024637e-04    1.5916172E+04    216.84    216.84    0.1006491337124236    0.00000e+00    0.00000e+00    7.96604786E+10
    1.35833206399913e-03    3.93376633058759e-04    1.80554921984052e-04    1.5535817E+04    214.56    214.56    0.0999167326409733    0.00000e+00    0.00000e+00    7.97107059E+10
    1.37169125042621e-03    3.97739403501148e-04    1.82801640696913e-04    1.5165670E+04    212.32    212.32    0.0995332771121199    0.00000e+00    0.00000e+00    7.97609332E+10
    1.38503322596761e-03    4.02099512316428e-04    1.85048461220647e-04    1.4805365E+04    210.12    210.12    0.0987991751123923    0.00000e+00    0.00000e+00    7.98111605E+10
    1.39835769973512e-03    4.06456401968866e-04    1.87294675727279e-04    1.4454564E+04    207.95    207.95    0.0977642894010601    0.00000e+00    0.00000e+00    7.98613878E+10
    1.41166447780327e-03    4.10809544011548e-04    1.89539673351572e-04    1.4112951E+04    205.81    205.81    0.0965126711004901    0.00000e+00    0.00000e+00    7.99116151E+10
    1.42495351169069e-03    4.15158458478932e-04    1.91782935342887e-04    1.3780229E+04    203.70    203.70    0.0954847166753167    0.00000e+00    0.00000e+00    7.99618423E+10
    1.43822480139738e-03    4.19502650861061e-04    1.94024015672637e-04    1.3456114E+04    201.62    201.62    0.0943865015403175    0.00000e+00    0.00000e+00    8.00120696E+10
    1.45147849236745e-03    4.23841626647981e-04    1.96262448919688e-04    1.3140360E+04    199.57    199.57    0.0932587430900131    0.00000e+00    0.00000e+00    8.00622969E+10
    1.46471468156363e-03    4.28174910722285e-04    1.98497808448000e-04    1.2832771E+04    197.55    197.55    0.0922670556908605    0.00000e+00    0.00000e+00    8.01125242E+10
    1.47793332050456e-03    4.32502037662840e-04    2.00729701558493e-04    1.2533180E+04    195.56    195.56    0.0911278559846913    0.00000e+00    0.00000e+00    8.01627515E+10
    1.49113445767159e-03    4.36822556592920e-04    2.02957817970410e-04    1.2241439E+04    193.60    193.60    0.0900947485084090    0.00000e+00    0.00000e+00    8.02129788E+10
    1.50431814154611e-03    4.41136094205993e-04    2.05181895884363e-04    1.1957420E+04    191.67    191.67    0.0894127731334571    0.00000e+00    0.00000e+00    8.02632061E+10
    1.51748446909084e-03    4.45442349917575e-04    2.07401736526743e-04    1.1681013E+04    189.77    189.77    0.0891091813194669    0.00000e+00    0.00000e+00    8.03134334E+10
    1.53063363423126e-03    4.49741091017101e-04    2.09617208997857e-04    1.1412117E+04    187.90    187.90    0.0885152638027936    0.00000e+00    0.00000e+00    8.03636606E+10
