    6.59582322720724e-05    -1.11026012709923e-05    1.05078914790899e-05    3.9067415E+06    429.21    429.21    1.0201628347490750    0.00000e+00    0.00000e+00    7.57427502E+10
    8.31496817709853e-05    -6.48801375449787e-06    1.39950035710013e-05    2.2150093E+06    412.13    412.13    0.8004901400372464    0.00000e+00    0.00000e+00    7.57929774E+10
    9.86263258872664e-05    -2.18829376766912e-06    1.65553303160658e-05    2.0902080E+06    555.31    555.31    0.7354019345578060    0.00000e+00    0.00000e+00    7.58432047E+10
    1.11908489964826e-04    1.65499886389274e-06    1.74600547011674e-05    1.9988183E+06    597.84    597.84    0.6895806838980316    0.00000e+00    0.00000e+00    7.58934320E+10
    1.23215624916419e-04    5.10429393727376e-06    1.69960148014797e-05    1.7054590E+06    565.54    565.54    0.6404916494368892    0.00000e+00    0.00000e+00    7.59436593E+10
    1.32783694408777e-04    8.29217660113589e-06    1.56219825312316e-05    1.3873905E+06    517.93    517.93    0.6074030787500375    0.00000e+00    0.00000e+00    7.59938866E+10
    1.40887835054067e-04    1.13446251087390e-05    1.37529579166389e-05    1.1562079E+06    479.96    479.96    0.5775459043937899    0.00000e+00    0.00000e+00    7.60441139E+10
    1.47857191708531e-04    1.43387219264975e-05    1.17153645547519e-05    1.0191541E+06    458.61    458.61    0.5470035586758959    0.00000e+00    0.00000e+00    7.60943412E+10
    1.53982662277109e-04    1.72706123008328e-05    9.80201051641335e-06    9.4633542E+05    453.57    453.57    0.5163393787388934    0.00000e+00    0.00000e+00    7.61445685E+10
    1.59493510301460e-04    2.01006103534367e-05    8.24339949667946e-06    9.1040001E+05    464.13    464.13    0.4919935599079754    0.00000e+00    0.00000e+00    7.61947957E+10
    1.65188660246685e-04    2.31063470628649e-05    7.18959151094093e-06    9.9435962E+05    763.74    763.74    0.4619526743492141    0.00000e+00    0.00000e+00    7.62450230E+10
    1.73354692206506e-04    2.73661130209384e-05    7.04629076789226e-06    1.1985407E+06    1439.79    1439.79    0.4259526351290027    0.00000e+00    0.00000e+00    7.62952503E+10
    1.84266694311721e-04    3.26268791193492e-05    7.88784441515894e-06    1.3364490E+06    1737.04    1737.04    0.3970656068209264    0.00000e+00    0.00000e+00    7.63454776E+10
    1.96864931729339e-04    3.78449854923318e-05    9.28178119589876e-06    1.3471186E+06    1749.49    1749.49    0.3848223837483499    0.00000e+00    0.00000e+00    7.63957049E+10
    2.10642546300172e-04    4.27871388269090e-05    1.07611780234625e-05    1.2413693E+06    1681.35    1681.35    0.3722369893243868    0.00000e+00    0.00000e+00    7.64459322E+10
    2.24893523252967e-04    4.77088892625304e-05    1.21077252365012e-05    1.1368195E+06    1608.41    1608.41    0.3584471722339432    0.00000e+00    0.00000e+00    7.64961595E+10
    2.38953478767267e-04    5.27564987842088e-05    1.34820188213235e-05    1.0497860E+06    1515.44    1515.44    0.3469264691537350    0.00000e+00    0.00000e+00    7.65463868E+10
    2.52689404209661e-04    5.79056903468627e-05    1.52049094417150e-05    9.5296272E+05    1411.92    1411.92    0.3389337651453132    0.00000e+00    0.00000e+00    7.65966140E+10
    2.66172819294386e-04    6.30452971430411e-05    1.73360577844595e-05    8.4464070E+05    1312.62    1312.62    0.3311015192643653    0.00000e+00    0.00000e+00    7.66468413E+10
    2.79465634728520e-04    6.81131757550994e-05    1.97448564983069e-05    7.4272285E+05    1226.29    1226.29    0.3249518823423806    0.00000e+00    0.00000e+00    7.66970686E+10
    2.92609069371230e-04    7.31134422511901e-05    2.22884513536090e-05    6.5521756E+05    1153.28    1153.28    0.3202928444661883    0.00000e+00    0.00000e+00    7.67472959E+10
    3.05627237855015e-04    7.80675738773865e-05    2.49006153470852e-05    5.8103447E+05    1089.89    1089.89    0.3195128091368551    0.00000e+00    0.00000e+00    7.67975232E+10
    3.18539280624006e-04    8.29925391125273e-05    2.76018265238118e-05    5.1715370E+05    1033.05    1033.05    0.3181703183154808    0.00000e+00    0.00000e+00    7.68477505E+10
    3.31358690042946e-04    8.78943302537110e-05    3.04486868810583e-05    4.6080069E+05    979.71    979.71    0.3130410683215272    0.00000e+00    0.00000e+00    7.68979778E+10
    3.44091623245588e-04    9.27732721261041e-05    3.34845649418548e-05    4.1051621E+05    928.92    928.92    0.3091512712567828    0.00000e+00    0.00000e+00    7.69482051E+10
    3.56736305813856e-04    9.76218501176492e-05    3.67246208300096e-05    3.6567111E+05    880.37    880.37    0.3066650378624678    0.00000e+00    0.00000e+00    7.69984324E+10
    3.69286847261527e-04    1.02425098030011e-04    4.01580693803726e-05    3.2587945E+05    834.46    834.46    0.3176769829499378    0.00000e+00    0.00000e+00    7.70486596E+10
    3.81738738821366e-04    1.07168030272305e-04    4.37582720204216e-05    2.9073537E+05    791.51    791.51    0.3128486297323256    0.00000e+00    0.00000e+00    7.70988869E+10
    3.94090564837424e-04    1.11840683923386e-04    4.74928092593009e-05    2.5970765E+05    751.61    751.61    0.3071260705854995    0.00000e+00    0.00000e+00    7.71491142E+10
    4.06345825664478e-04    1.16440450685649e-04    5.13311174729259e-05    2.3231772E+05    714.77    714.77    0.3024301331232402    0.00000e+00    0.00000e+00    7.71993415E+10
    4.18510615410501e-04    1.20970418822243e-04    5.52461382401265e-05    2.0820542E+05    680.88    680.88    0.2972836374478071    0.00000e+00    0.00000e+00    7.72495688E+10
    4.30591217260799e-04    1.25436115209132e-04    5.92138243175061e-05    1.8705987E+05    649.77    649.77    0.2905990868591256    0.00000e+00    0.00000e+00    7.72997961E+10
    4.42593773804711e-04    1.29844734481344e-04    6.32123106080466e-05    1.6860811E+05    621.40    621.40    0.2822542427262065    0.00000e+00    0.00000e+00    7.73500234E+10
    4.54523942817898e-04    1.34204305153438e-04    6.72215646104445e-05    1.5258100E+05    595.95    595.95    0.2796957116633196    0.00000e+00    0.00000e+00    7.74002507E+10
    4.66386742121957e-04    1.38522855739973e-04    7.12238857772025e-05    1.3868967E+05    573.14    573.14    0.2686923119242270    0.00000e+00    0.00000e+00    7.74504779E+10
    4.78186462317967e-04    1.42807619661072e-04    7.52046278870144e-05    1.2663916E+05    552.71    552.71    0.2623417489879946    0.00000e+00    0.00000e+00    7.75007052E+10
    4.89926283783677e-04    1.47064317718171e-04    7.91519178528297e-05    1.1615580E+05    534.43    534.43    0.2596036324873170    0.00000e+00    0.00000e+00    7.75509325E+10
    5.01608305762324e-04    1.51297342323222e-04    8.30553467249150e-05    1.0701108E+05    517.99    517.99    0.2517423194290243    0.00000e+00    0.00000e+00    7.76011598E+10
    5.13234331760803e-04    1.55510315034422e-04    8.69060521091797e-05    9.9004305E+04    503.13    503.13    0.2466098992469100    0.00000e+00    0.00000e+00    7.76513871E+10
    5.24806349515207e-04    1.59706004137891e-04    9.06970720811629e-05    9.1957569E+04    489.62    489.62    0.2427137297505934    0.00000e+00    0.00000e+00    7.77016144E+10
    5.36326734612572e-04    1.63886048303870e-04    9.44235100226856e-05    8.5718966E+04    477.24    477.24    0.2374154695280654    0.00000e+00    0.00000e+00    7.77518417E+10
    5.47797717195832e-04    1.68050835383305e-04    9.80823940258824e-05    8.0161255E+04    465.81    465.81    0.2328724929520497    0.00000e+00    0.00000e+00    7.78020690E+10
    5.59221139556976e-04    1.72199643003810e-04    1.01672526600961e-04    7.5182018E+04    455.23    455.23    0.2290244950630834    0.00000e+00    0.00000e+00    7.78522962E+10
    5.70598213730205e-04    1.76331040965026e-04    1.05194242269362e-04    7.0701774E+04    445.40    445.40    0.2256457713648411    0.00000e+00    0.00000e+00    7.79025235E+10
    5.81929569973306e-04    1.80443337267207e-04    1.08649087586727e-04    6.6662438E+04    436.30    436.30    0.2212188571198126    0.00000e+00    0.00000e+00    7.79527508E+10
    5.93215983988168e-04    1.84535125950677e-04    1.12039714483892e-04    6.3026082E+04    428.00    428.00    0.2180162612061767    0.00000e+00    0.00000e+00    7.80029781E+10
    6.04459201104043e-04    1.88605733124420e-04    1.15370040255401e-04    5.9769448E+04    420.53    420.53    0.2126744787836324    0.00000e+00    0.00000e+00    7.80532054E+10
    6.15662615016699e-04    1.92655726020441e-04    1.18645344522241e-04    5.6878457E+04    414.01    414.01    0.2105739839272815    0.00000e+00    0.00000e+00    7.81034327E+10
    6.26831752602100e-04    1.96687160248750e-04    1.21872322561348e-04    5.4343120E+04    408.55    408.55    0.2063924731668512    0.00000e+00    0.00000e+00    7.81536600E+10
    6.37975098099667e-04    2.00703579797355e-04    1.25059196812753e-04    5.2151672E+04    404.22    404.22    0.2028583433495631    0.00000e+00    0.00000e+00    7.82038873E+10
    6.49105014258266e-04    2.04709609788773e-04    1.28215726575858e-04    5.0288061E+04    401.08    401.08    0.2005629039602308    0.00000e+00    0.00000e+00    7.82541145E+10
    6.60237015115695e-04    2.08710457121941e-04    1.31353004387686e-04    4.8735889E+04    399.17    399.17    0.1965979008258014    0.00000e+00    0.00000e+00    7.83043418E+10
    6.71388602445840e-04    2.12711740787421e-04    1.34483586922578e-04    4.7467939E+04    398.44    398.44    0.1931602722985045    0.00000e+00    0.00000e+00    7.83545691E+10
    6.82577568910799e-04    2.16718914939127e-04    1.37620549605513e-04    4.6446084E+04    398.66    398.66    0.1894234616533716    0.00000e+00    0.00000e+00    7.84047964E+10
    6.93819573992471e-04    2.20736682269765e-04    1.40776521832884e-04    4.5627748E+04    399.57    399.57    0.1903144964947581    0.00000e+00    0.00000e+00    7.84550237E+10
    7.05127368290670e-04    2.24768596463618e-04    1.43963037322166e-04    4.4964044E+04    400.83    400.83    0.1851878562663731    0.00000e+00    0.00000e+00    7.85052510E+10
    7.16510260228073e-04    2.28816659801189e-04    1.47189850524621e-04    4.4403308E+04    402.09    402.09    0.1812010571247816    0.00000e+00    0.00000e+00    7.85554783E+10
    7.27973582755171e-04    2.32881318311064e-04    1.50464577863180e-04    4.3896346E+04    403.03    403.03    0.1793963920691993    0.00000e+00    0.00000e+00    7.86057056E+10
    7.39518353980697e-04    2.36961805987627e-04    1.53792528047652e-04    4.3400483E+04    403.42    403.42    0.1765925873541238    0.00000e+00    0.00000e+00    7.86559329E+10
    7.51142295280347e-04    2.41056552034552e-04    1.57176891152057e-04    4.2881775E+04    403.16    403.16    0.1743831063495447    0.00000e+00    0.00000e+00    7.87061601E+10
    7.62840655480048e-04    2.45163239042443e-04    1.60619286454091e-04    4.2314360E+04    402.18    402.18    0.1714631591088458    0.00000e+00    0.00000e+00    7.87563874E+10
    7.74607228964680e-04    2.49279273258105e-04    1.64120004841963e-04    4.1680750E+04    400.52    400.52    0.1692820847320362    0.00000e+00    0.00000e+00    7.88066147E+10
    7.86435276824078e-04    2.53402288790775e-04    1.67678546957581e-04    4.0971328E+04    398.22    398.22    0.1670455844007515    0.00000e+00    0.00000e+00    7.88568420E+10
    7.98317623815760e-04    2.57529527050608e-04    1.71293477752448e-04    4.0183484E+04    395.34    395.34    0.1638418400223247    0.00000e+00    0.00000e+00    7.89070693E+10
    8.10247337104086e-04    2.61657628278793e-04    1.74962843427430e-04    3.9319684E+04    391.97    391.97    0.1620763689953527    0.00000e+00    0.00000e+00    7.89572966E+10
    8.22218017148466e-04    2.65783261805341e-04    1.78685116819432e-04    3.8386156E+04    388.17    388.17    0.1606364078965374    0.00000e+00    0.00000e+00    7.90075239E+10
    8.34222294780946e-04    2.69903072719579e-04    1.82458101722478e-04    3.7392714E+04    384.00    384.00    0.1569231239353094    0.00000e+00    0.00000e+00    7.90577512E+10
    8.46252461463998e-04    2.74013502489088e-04    1.86278641999504e-04    3.6351147E+04    379.53    379.53    0.1545640165494381    0.00000e+00    0.00000e+00    7.91079784E+10
    8.58300711697356e-04    2.78111264077109e-04    1.90142810659693e-04    3.5274843E+04    374.83    374.83    0.1523200356556287    0.00000e+00    0.00000e+00    7.91582057E+10
    8.70360015682643e-04    2.82193603741934e-04    1.94046220139232e-04    3.4177854E+04    369.97    369.97    0.1510149392987275    0.00000e+00    0.00000e+00    7.92084330E+10
    8.82423925397900e-04    2.86258310733178e-04    1.97984109567770e-04    3.3073407E+04    364.98    364.98    0.1481057608945357    0.00000e+00    0.00000e+00    7.92586603E+10
    8.94486720041690e-04    2.90303712443639e-04    2.01951499908804e-04    3.1973241E+04    359.93    359.93    0.1476642820682495    0.00000e+00    0.00000e+00    7.93088876E+10
    9.06543842365412e-04    2.94328616231663e-04    2.05943271529861e-04    3.0887203E+04    354.86    354.86    0.1461564273074837    0.00000e+00    0.00000e+00    7.93591149E+10
    9.18591656266457e-04    2.98332275484181e-04    2.09954290254058e-04    2.9823146E+04    349.81    349.81    0.1437906389332582    0.00000e+00    0.00000e+00    7.94093422E+10
    9.30627398306841e-04    3.02314336287206e-04    2.13979480082154e-04    2.8786886E+04    344.81    344.81    0.1419419500793874    0.00000e+00    0.00000e+00    7.94595695E+10
    9.42649080750474e-04    3.06274779248189e-04    2.18013828040687e-04    2.7782919E+04    339.87    339.87    0.1399590063043432    0.00000e+00    0.00000e+00    7.95097967E+10
    9.54655297637679e-04    3.10213890407204e-04    2.22052432663339e-04    2.6814573E+04    335.00    335.00    0.1384763373016014    0.00000e+00    0.00000e+00    7.95600240E+10
    9.66644982378359e-04    3.14132183666753e-04    2.26090571864857e-04    2.5883346E+04    330.23    330.23    0.1364543550583061    0.00000e+00    0.00000e+00    7.96102513E+10
    9.78617504714727e-04    3.18030386247356e-04    2.30123862929565e-04    2.4989478E+04    325.58    325.58    0.1345034632099888    0.00000e+00    0.00000e+00    7.96604786E+10
    9.90572379833102e-04    3.21909399902460e-04    2.34148272207634e-04    2.4132515E+04    321.04    321.04    0.1321115594399103    0.00000e+00    0.00000e+00    7.97107059E+10
    1.00250951077075e-03    3.25770310614712e-04    2.38160129659499e-04    2.3311729E+04    316.60    316.60    0.1306717352916989    0.00000e+00    0.00000e+00    7.97609332E+10
    1.01442865512083e-03    3.29614354658998e-04    2.42156114311445e-04    2.2526128E+04    312.27    312.27    0.1292317487663074    0.00000e+00    0.00000e+00    7.98111605E+10
    1.02633000680881e-03    3.33442797399026e-04    2.46133273648154e-04    2.1774413E+04    308.03    308.03    0.1284469504801986    0.00000e+00    0.00000e+00    7.98613878E+10
    1.03821380824153e-03    3.37256598765885e-04    2.50088849079779e-04    2.1055102E+04    303.89    303.89    0.1270491021941557    0.00000e+00    0.00000e+00    7.99116151E+10
    1.05008025334448e-03    3.41056544157738e-04    2.54020401993506e-04    2.0366618E+04    299.86    299.86    0.1255505680973454    0.00000e+00    0.00000e+00    7.99618423E+10
    1.06192948756174e-03    3.44843307465601e-04    2.57925837994231e-04    1.9707615E+04    295.95    295.95    0.1236642118921978    0.00000e+00    0.00000e+00    8.00120696E+10
    1.07376160785606e-03    3.48617518947260e-04    2.61803372967608e-04    1.9076878E+04    292.15    292.15    0.1225276792266748    0.00000e+00    0.00000e+00    8.00622969E+10
    1.08557680815290e-03    3.52379789467953e-04    2.65651537928184e-04    1.8473226E+04    288.46    288.46    0.1213451730392648    0.00000e+00    0.00000e+00    8.01125242E+10
    1.09737523389639e-03    3.56130778374287e-04    2.69469145082439e-04    1.7895510E+04    284.88    284.88    0.1195590754980545    0.00000e+00    0.00000e+00    8.01627515E+10
    1.10915703053061e-03    3.59871154709142e-04    2.73255263588106e-04    1.7342679E+04    281.42    281.42    0.1179832153042916    0.00000e+00    0.00000e+00    8.02129788E+10
    1.12092224653693e-03    3.63601602059807e-04    2.77009083806338e-04    1.6813751E+04    278.07    278.07    0.1166130105593735    0.00000e+00    0.00000e+00    8.02632061E+10
    1.13267117280357e-03    3.67322833102395e-04    2.80730009416307e-04    1.6307805E+04    274.83    274.83    0.1150329976316202    0.00000e+00    0.00000e+00    8.03134334E+10
    1.14440414870010e-03    3.71035647779478e-04    2.84417764074213e-04    1.5823985E+04    271.70    271.70    0.1143002307063176    0.00000e+00    0.00000e+00    8.03636606E+10
