    -4.16604832222606e-05    2.82058040140423e-05    3.41986111365487e-05    4.5759129E+06    479.03    479.03    1.0837969171260955    0.00000e+00    0.00000e+00    7.81536600E+10
    -5.09173241479621e-05    2.82758940127339e-05    4.40809121315042e-05    4.3105610E+06    832.41    832.41    0.8216168480246130    0.00000e+00    0.00000e+00    7.82038873E+10
    -5.73937513402951e-05    2.80958332419425e-05    4.99495148370472e-05    4.6126547E+06    955.52    955.52    0.6936887984891765    0.00000e+00    0.00000e+00    7.82541145E+10
    -6.20016047947590e-05    2.83505053838157e-05    5.29997734412527e-05    4.0685525E+06    886.38    886.38    0.6340120874155168    0.00000e+00    0.00000e+00    7.83043418E+10
    -6.50474952276977e-05    2.90090069598785e-05    5.36562596468432e-05    3.1731253E+06    783.38    783.38    0.6367491883555200    0.00000e+00    0.00000e+00    7.83545691E+10
    -6.66047313158320e-05    2.93314807798685e-05    5.22294432870642e-05    2.5080193E+06    706.04    706.04    0.6561536038176146    0.00000e+00    0.00000e+00    7.84047964E+10
    -6.68188638225045e-05    2.86479506975184e-05    4.91519720909379e-05    2.0753943E+06    659.65    659.65    0.6332101333554593    0.00000e+00    0.00000e+00    7.84550237E+10
    -6.63425537733616e-05    2.65749673913514e-05    4.64414709144539e-05    2.3743040E+06    1661.20    1661.20    0.5533180021842722    0.00000e+00    0.00000e+00    7.85052510E+10
    -6.76665993290190e-05    2.31517968910279e-05    4.79319854893529e-05    3.0375953E+06    2658.31    2658.31    0.5168697820955775    0.00000e+00    0.00000e+00    7.85554783E+10
    -7.20475599807236e-05    1.98389423501451e-05    5.02069945349476e-05    3.3691745E+06    2791.03    2791.03    0.5251004669102061    0.00000e+00    0.00000e+00    7.86057056E+10
    -7.87120027667277e-05    1.63525710535385e-05    5.22880039316054e-05    3.6326191E+06    2872.17    2872.17    0.5224918777672247    0.00000e+00    0.00000e+00    7.86559329E+10
    -8.72280217229413e-05    1.22027196291778e-05    5.50039544138651e-05    3.4894461E+06    2665.12    2665.12    0.4985899245915554    0.00000e+00    0.00000e+00    7.87061601E+10
    -9.67025415673925e-05    8.34090328496948e-06    5.83232991554969e-05    3.0209543E+06    2321.25    2321.25    0.4638818226073750    0.00000e+00    0.00000e+00    7.87563874E+10
    -1.06282207803003e-04    5.53011888336165e-06    6.14437927176848e-05    2.4224475E+06    1921.20    1921.20    0.4532740309317764    0.00000e+00    0.00000e+00    7.88066147E+10
    -1.15429260246549e-04    3.35924064122671e-06    6.38537045637441e-05    1.9193359E+06    1618.58    1618.58    0.4453310390145129    0.00000e+00    0.00000e+00    7.88568420E+10
    -1.24097787042429e-04    1.15956121818221e-06    6.57125190022125e-05    1.5457702E+06    1419.87    1419.87    0.4354866918593858    0.00000e+00    0.00000e+00    7.89070693E+10
    -1.32353480444434e-04    -1.25022971534501e-06    6.72508861418780e-05    1.2706328E+06    1282.15    1282.15    0.4303400784253267    0.00000e+00    0.00000e+00    7.89572966E+10
    -1.40236909661399e-04    -3.79249278746510e-06    6.85570954022073e-05    1.0621651E+06    1175.42    1175.42    0.4253874808352728    0.00000e+00    0.00000e+00    7.90075239E+10
    -1.47759715069807e-04    -6.32725244672404e-06    6.96585048192256e-05    8.9763175E+05    1086.71    1086.71    0.4234776787480453    0.00000e+00    0.00000e+00    7.90577512E+10
    -1.54952003599256e-04    -8.74846433006262e-06    7.05857061362108e-05    7.6321504E+05    1010.14    1010.14    0.4212768914135858    0.00000e+00    0.00000e+00    7.91079784E+10
    -1.61846698946830e-04    -1.10113166726036e-05    7.13745367804705e-05    6.5103936E+05    940.44    940.44    0.4108065423342622    0.00000e+00    0.00000e+00    7.91582057E+10
    -1.68466674622003e-04    -1.31212267824196e-05    7.20436814712747e-05    5.5796175E+05    878.22    878.22    0.4035394413472273    0.00000e+00    0.00000e+00    7.92084330E+10
    -1.74829766920103e-04    -1.51066178311932e-05    7.25817276945701e-05    4.8249629E+05    825.25    825.25    0.3913796254155547    0.00000e+00    0.00000e+00    7.92586603E+10
    -1.80949972412104e-04    -1.69951532875684e-05    7.29523629056415e-05    4.2466296E+05    784.68    784.68    0.3824841669498243    0.00000e+00    0.00000e+00    7.93088876E+10
    -1.86862609774674e-04    -1.88151758441566e-05    7.31469477246916e-05    3.9263523E+05    779.40    779.40    0.3668444961996568    0.00000e+00    0.00000e+00    7.93591149E+10
    -1.92783392007088e-04    -2.06554689455656e-05    7.34699645360045e-05    4.1078337E+05    916.61    916.61    0.3543759667332396    0.00000e+00    0.00000e+00    7.94093422E+10
    -1.99233261105970e-04    -2.27197639057534e-05    7.48020967838628e-05    4.8302339E+05    1166.57    1166.57    0.3470198282011785    0.00000e+00    0.00000e+00    7.94595695E+10
    -2.06467956288105e-04    -2.51182642073867e-05    7.76592540988824e-05    5.5910208E+05    1316.57    1316.57    0.3384493729150664    0.00000e+00    0.00000e+00    7.95097967E+10
    -2.14278304690780e-04    -2.77245711667814e-05    8.16747428052194e-05    5.8856964E+05    1346.84    1346.84    0.3286497987795572    0.00000e+00    0.00000e+00    7.95600240E+10
    -2.22358994898315e-04    -3.04054463488402e-05    8.62943384470397e-05    5.6747677E+05    1311.35    1311.35    0.3235235727352108    0.00000e+00    0.00000e+00    7.96102513E+10
    -2.30462330752894e-04    -3.31115667489017e-05    9.11202998803611e-05    5.2270490E+05    1254.78    1254.78    0.3190337815067478    0.00000e+00    0.00000e+00    7.96604786E+10
    -2.38399884569219e-04    -3.58071308158707e-05    9.58764529917396e-05    4.7468653E+05    1197.00    1197.00    0.3152681050788341    0.00000e+00    0.00000e+00    7.97107059E+10
    -2.46103971509268e-04    -3.84523120754714e-05    1.00396855754405e-04    4.2937724E+05    1141.91    1141.91    0.3068690438235874    0.00000e+00    0.00000e+00    7.97609332E+10
    -2.53586808877805e-04    -4.10177046386899e-05    1.04594232009484e-04    3.8745015E+05    1089.87    1089.87    0.3052205233237404    0.00000e+00    0.00000e+00    7.98111605E+10
    -2.60866940798135e-04    -4.34934042468347e-05    1.08441121910078e-04    3.4966467E+05    1042.09    1042.09    0.3045770788519619    0.00000e+00    0.00000e+00    7.98613878E+10
    -2.67962266591362e-04    -4.58816429820937e-05    1.11929802374248e-04    3.1617379E+05    998.88    998.88    0.3025361724158565    0.00000e+00    0.00000e+00    7.99116151E+10
    -2.74893570219996e-04    -4.81883825983034e-05    1.15082245158021e-04    2.8684110E+05    959.69    959.69    0.3001005019104208    0.00000e+00    0.00000e+00    7.99618423E+10
    -2.81684030626131e-04    -5.04233426401428e-05    1.17949593256617e-04    2.6153135E+05    924.07    924.07    0.3058897891604839    0.00000e+00    0.00000e+00    8.00120696E+10
    -2.88355541995605e-04    -5.26025365034988e-05    1.20596166901110e-04    2.3983196E+05    891.47    891.47    0.3052080007708301    0.00000e+00    0.00000e+00    8.00622969E+10
    -2.94929106457086e-04    -5.47446663609341e-05    1.23086402677856e-04    2.2112663E+05    861.21    861.21    0.3029825595810017    0.00000e+00    0.00000e+00    8.01125242E+10
    -3.01423728706871e-04    -5.68665358546357e-05    1.25474008246447e-04    2.0473561E+05    832.69    832.69    0.3011820771623823    0.00000e+00    0.00000e+00    8.01627515E+10
    -3.07854127688319e-04    -5.89793878138688e-05    1.27795916713111e-04    1.9012864E+05    805.85    805.85    0.3003748185689905    0.00000e+00    0.00000e+00    8.02129788E+10
    -3.14230794769490e-04    -6.10885067077573e-05    1.30073290195029e-04    1.7717202E+05    781.44    781.44    0.2988056186075607    0.00000e+00    0.00000e+00    8.02632061E+10
    -3.20564943690828e-04    -6.31952403183347e-05    1.32322864460472e-04    1.6627036E+05    761.68    761.68    0.2978315422828006    0.00000e+00    0.00000e+00    8.03134334E+10
    -3.26875142816319e-04    -6.53006600838363e-05    1.34573582886202e-04    1.5817922E+05    750.49    750.49    0.2924395324342321    0.00000e+00    0.00000e+00    8.03636606E+10
