    4.73356850237627e-05    3.19894936031672e-05    -1.77496785157528e-05    1.3941911E+07    1770.88    1770.88    0.9382558598650570    0.00000e+00    0.00000e+00    7.89572966E+10
    5.70826367048535e-05    4.58825306759438e-05    -1.88618721282937e-05    1.0761202E+07    1532.40    1532.40    0.7429035556885252    0.00000e+00    0.00000e+00    7.90075239E+10
    6.64663945800642e-05    6.02230173242405e-05    -1.96470472773978e-05    7.2207841E+06    1212.02    1212.02    0.6273667384005596    0.00000e+00    0.00000e+00    7.90577512E+10
    7.58780050012547e-05    7.44878017706731e-05    -2.00409899061886e-05    4.5945058E+06    1001.03    1001.03    0.5901166220961598    0.00000e+00    0.00000e+00    7.91079784E+10
    8.52077885693474e-05    8.79982985476249e-05    -1.98953867829683e-05    3.1850158E+06    873.81    873.81    0.5785018878722519    0.00000e+00    0.00000e+00    7.91582057E+10
    9.42194810331274e-05    1.00514185513370e-04    -1.92841162405329e-05    2.4150029E+06    790.68    790.68    0.5753215967743438    0.00000e+00    0.00000e+00    7.92084330E+10
    1.02755115550879e-04    1.12069477195775e-04    -1.83722626702506e-05    1.9286731E+06    724.36    724.36    0.5517663450665062    0.00000e+00    0.00000e+00    7.92586603E+10
    1.10740777428779e-04    1.22830556802061e-04    -1.72879346936589e-05    1.5961194E+06    670.62    670.62    0.5262375055105926    0.00000e+00    0.00000e+00    7.93088876E+10
    1.18220502293485e-04    1.33036510199065e-04    -1.61456656644104e-05    1.3618337E+06    626.97    626.97    0.5025783443925185    0.00000e+00    0.00000e+00    7.93591149E+10
    1.25318911501723e-04    1.42906318030272e-04    -1.50331768003377e-05    1.1900757E+06    590.62    590.62    0.4831708158872038    0.00000e+00    0.00000e+00    7.94093422E+10
    1.32149955661104e-04    1.52576217788210e-04    -1.40088643941442e-05    1.0568146E+06    560.38    560.38    0.4703390779118629    0.00000e+00    0.00000e+00    7.94595695E+10
    1.38782895254110e-04    1.62099451711340e-04    -1.31162492003557e-05    9.4790057E+05    536.05    536.05    0.4563093280910199    0.00000e+00    0.00000e+00    7.95097967E+10
    1.45250760636834e-04    1.71475690126356e-04    -1.23912796686128e-05    8.5635863E+05    514.92    514.92    0.4343016874480230    0.00000e+00    0.00000e+00    7.95600240E+10
    1.51561061573198e-04    1.80674258871657e-04    -1.18520155933505e-05    7.7765583E+05    495.73    495.73    0.4202805410764033    0.00000e+00    0.00000e+00    7.96102513E+10
    1.57710312252835e-04    1.89658026067405e-04    -1.14951103057281e-05    7.0821435E+05    477.79    477.79    0.4037915198731820    0.00000e+00    0.00000e+00    7.96604786E+10
    1.63693659690795e-04    1.98396307855723e-04    -1.13049804395937e-05    6.4615390E+05    461.27    461.27    0.3917668411677693    0.00000e+00    0.00000e+00    7.97107059E+10
    1.69510168196676e-04    2.06872358772066e-04    -1.12622421743491e-05    5.9234503E+05    447.42    447.42    0.3793374818699392    0.00000e+00    0.00000e+00    7.97609332E+10
    1.75174173711026e-04    2.15104291455560e-04    -1.13489074679843e-05    5.5419339E+05    444.16    444.16    0.3664984731207763    0.00000e+00    0.00000e+00    7.98111605E+10
    1.80785533307745e-04    2.23247032966140e-04    -1.15514228692300e-05    5.4948491E+05    481.84    481.84    0.3568214417190509    0.00000e+00    0.00000e+00    7.98613878E+10
    1.86625375896097e-04    2.31731815376880e-04    -1.18797503296057e-05    5.9148376E+05    581.43    581.43    0.3449522246299728    0.00000e+00    0.00000e+00    7.99116151E+10
    1.92986509546926e-04    2.41025776062075e-04    -1.23448068835827e-05    6.5377700E+05    678.93    678.93    0.3349229643304952    0.00000e+00    0.00000e+00    7.99618423E+10
    1.99913711651817e-04    2.51220021208681e-04    -1.29337250912505e-05    6.9097922E+05    727.85    727.85    0.3288944343288434    0.00000e+00    0.00000e+00    8.00120696E+10
    2.07279927089364e-04    2.62093849084645e-04    -1.36181132938162e-05    6.8542231E+05    735.26    735.26    0.3212168392333176    0.00000e+00    0.00000e+00    8.00622969E+10
    2.14950610366785e-04    2.73425496215954e-04    -1.43737598960450e-05    6.4688836E+05    718.83    718.83    0.3261703143060550    0.00000e+00    0.00000e+00    8.01125242E+10
    2.22819121866782e-04    2.85059056219038e-04    -1.51985753509713e-05    5.9209590E+05    691.57    691.57    0.3219589780264769    0.00000e+00    0.00000e+00    8.01627515E+10
    2.30798898106594e-04    2.96886473820650e-04    -1.60968105049513e-05    5.3420133E+05    661.39    661.39    0.3165985102568096    0.00000e+00    0.00000e+00    8.02129788E+10
    2.38820436196897e-04    3.08823517491834e-04    -1.70686069235796e-05    4.7987288E+05    632.34    632.34    0.3128986817648503    0.00000e+00    0.00000e+00    8.02632061E+10
    2.46830998105459e-04    3.20800495265932e-04    -1.81130502482538e-05    4.3058904E+05    604.98    604.98    0.3092098307591813    0.00000e+00    0.00000e+00    8.03134334E+10
    2.54795488169906e-04    3.32767970691880e-04    -1.92236105235031e-05    3.8588321E+05    579.23    579.23    0.3086872860611007    0.00000e+00    0.00000e+00    8.03636606E+10
