    -1.83869088915569e-05    2.39663978065070e-05    4.45019272410618e-05    5.2282119E+06    504.18    504.18    1.1261414859318910    0.00000e+00    0.00000e+00    7.97609332E+10
    -2.05915724416501e-05    2.19311184603199e-05    5.65917967896878e-05    6.2419527E+06    1108.05    1108.05    0.8073579371298633    0.00000e+00    0.00000e+00    7.98111605E+10
    -2.06838261825874e-05    2.01964172938428e-05    6.27140675879703e-05    7.1381011E+06    1260.41    1260.41    0.6997805044803428    0.00000e+00    0.00000e+00    7.98613878E+10
    -1.88704610874682e-05    1.92807303017840e-05    6.55108219664605e-05    6.7793742E+06    1234.70    1234.70    0.6505610973027821    0.00000e+00    0.00000e+00    7.99116151E+10
    -1.62051387282994e-05    1.92757212068308e-05    6.59664498639672e-05    6.6546773E+06    1249.84    1249.84    0.6030709309022201    0.00000e+00    0.00000e+00    7.99618423E+10
    -1.45336252681361e-05    2.04417931333807e-05    6.47801641157971e-05    7.1334905E+06    1332.97    1332.97    0.6009537660276479    0.00000e+00    0.00000e+00    8.00120696E+10
    -1.52932201929839e-05    2.26910745713601e-05    6.28536163579409e-05    7.9914045E+06    1512.13    1512.13    0.6170005735116335    0.00000e+00    0.00000e+00    8.00622969E+10
    -1.88201257918407e-05    2.52114012788510e-05    6.17263178903514e-05    1.0405143E+07    1983.42    1983.42    0.6275167006224824    0.00000e+00    0.00000e+00    8.01125242E+10
    -2.47003009999517e-05    2.67448349544975e-05    6.36353541780459e-05    1.1380331E+07    2229.74    2229.74    0.5872476566804279    0.00000e+00    0.00000e+00    8.01627515E+10
    -3.11586470660478e-05    2.73905078757445e-05    6.70176471280330e-05    1.0221397E+07    2126.92    2126.92    0.5771981975488393    0.00000e+00    0.00000e+00    8.02129788E+10
    -3.76577931122913e-05    2.78276541909136e-05    7.10710725049168e-05    8.2783308E+06    1893.93    1893.93    0.5658401402705971    0.00000e+00    0.00000e+00    8.02632061E+10
    -4.42258011241722e-05    2.80852870899373e-05    7.56830614200805e-05    6.6721384E+06    1706.32    1706.32    0.5324991420617121    0.00000e+00    0.00000e+00    8.03134334E+10
    -5.01709777265780e-05    2.88369805214104e-05    8.03267232130311e-05    5.5351011E+06    1552.51    1552.51    0.4821203452641448    0.00000e+00    0.00000e+00    8.03636606E+10
