# Collapse Model Output 
 
# ev_output/ev_119063.dat in GNUPLOT format produced by evolve_output.pl 
 
X               Y               Z              DENSITY         TEMP            AV              TIME            He          CO          N2          CH4         NH3         H2S         HCP         H2O         C2H2        HCN         CS          SiC2        HCl         HF          C2H4        SiO         SiS         Mg          Na          Fe          C2H         C4H         C6H         HC3N        HC5N        HC7N        
#(PC)            (PC)            (PC)           (CM-3)          (K)             (MAG)           (YR)	       (wrt Hnuc)     
 
2.41500e-05     5.38300e-05     1.34100e-05     9.95900e+06     9.92800e+02     2.06300e-01     6.48200e+01     9.750e-02      6.484e-06      4.311e-07      2.682e-05      8.969e-07      6.922e-11      1.529e-10      3.135e-04      2.017e-06      6.473e-05      2.990e-08      2.585e-09      3.992e-09      2.000e-08      6.387e-09      4.011e-10      1.232e-17      6.311e-09      2.667e-10      2.174e-09      5.783e-11      3.218e-08      1.503e-08      1.702e-07      4.538e-08      1.251e-09      
2.53200e-05     5.64600e-05     1.40700e-05     9.04400e+06     9.32500e+02     6.20100e-02     6.49800e+01     9.750e-02      6.483e-06      4.310e-07      2.672e-05      8.948e-07      4.868e-11      1.530e-10      3.135e-04      2.021e-06      6.472e-05      2.989e-08      2.587e-09      3.992e-09      2.000e-08      6.398e-09      3.992e-10      1.233e-17      6.309e-09      2.659e-10      2.172e-09      1.048e-10      3.219e-08      1.520e-08      1.693e-07      4.526e-08      1.254e-09      
2.65100e-05     5.90900e-05     1.47200e-05     8.25100e+06     8.78100e+02     6.28800e-02     6.51400e+01     9.750e-02      6.482e-06      4.310e-07      2.660e-05      8.926e-07      3.103e-11      1.531e-10      3.134e-04      2.026e-06      6.472e-05      2.989e-08      2.589e-09      3.992e-09      2.000e-08      6.444e-09      3.975e-10      1.233e-17      6.307e-09      2.651e-10      2.170e-09      1.352e-10      3.224e-08      1.528e-08      1.688e-07      4.516e-08      1.259e-09      
2.76900e-05     6.17300e-05     1.53800e-05     7.55800e+06     8.29100e+02     3.58800e-02     6.53000e+01     9.750e-02      6.482e-06      4.309e-07      2.645e-05      8.897e-07      1.963e-11      1.533e-10      3.134e-04      2.030e-06      6.472e-05      2.988e-08      2.591e-09      3.991e-09      2.000e-08      6.528e-09      3.958e-10      1.234e-17      6.305e-09      2.644e-10      2.167e-09      1.840e-10      3.235e-08      1.541e-08      1.683e-07      4.505e-08      1.268e-09      
2.88700e-05     6.43700e-05     1.60400e-05     6.95000e+06     7.84600e+02     3.62400e-02     6.54600e+01     9.750e-02      6.481e-06      4.308e-07      2.629e-05      8.866e-07      1.280e-11      1.534e-10      3.134e-04      2.035e-06      6.472e-05      2.988e-08      2.593e-09      3.991e-09      2.000e-08      6.665e-09      3.941e-10      1.235e-17      6.303e-09      2.637e-10      2.165e-09      2.331e-10      3.251e-08      1.556e-08      1.677e-07      4.495e-08      1.281e-09      
3.00600e-05     6.70100e-05     1.67000e-05     6.41200e+06     7.44200e+02     3.53000e-02     6.56200e+01     9.750e-02      6.482e-06      4.307e-07      2.612e-05      8.832e-07      8.738e-12      1.536e-10      3.133e-04      2.038e-06      6.471e-05      2.988e-08      2.594e-09      3.990e-09      2.000e-08      6.862e-09      3.926e-10      1.235e-17      6.301e-09      2.632e-10      2.163e-09      2.935e-10      3.272e-08      1.577e-08      1.672e-07      4.485e-08      1.299e-09      
3.12400e-05     6.96600e-05     1.73600e-05     5.93500e+06     7.07200e+02     3.51600e-02     6.57800e+01     9.750e-02      6.482e-06      4.306e-07      2.596e-05      8.794e-07      6.270e-12      1.537e-10      3.133e-04      2.041e-06      6.471e-05      2.987e-08      2.596e-09      3.989e-09      2.000e-08      7.128e-09      3.912e-10      1.236e-17      6.299e-09      2.628e-10      2.161e-09      3.660e-10      3.298e-08      1.603e-08      1.667e-07      4.475e-08      1.323e-09      
3.24300e-05     7.23100e-05     1.80200e-05     5.51000e+06     6.73400e+02     3.50000e-02     6.59400e+01     9.750e-02      6.484e-06      4.305e-07      2.579e-05      8.754e-07      4.722e-12      1.538e-10      3.132e-04      2.043e-06      6.470e-05      2.986e-08      2.598e-09      3.988e-09      2.000e-08      7.472e-09      3.899e-10      1.236e-17      6.297e-09      2.625e-10      2.158e-09      4.529e-10      3.329e-08      1.637e-08      1.661e-07      4.465e-08      1.354e-09      
3.36100e-05     7.49600e-05     1.86800e-05     5.13000e+06     6.42300e+02     3.48300e-02     6.61000e+01     9.750e-02      6.486e-06      4.304e-07      2.562e-05      8.712e-07      3.713e-12      1.539e-10      3.131e-04      2.045e-06      6.469e-05      2.985e-08      2.599e-09      3.988e-09      2.000e-08      7.902e-09      3.887e-10      1.236e-17      6.295e-09      2.623e-10      2.156e-09      5.566e-10      3.364e-08      1.678e-08      1.656e-07      4.456e-08      1.393e-09      
3.48000e-05     7.76200e-05     1.93400e-05     4.78800e+06     6.13700e+02     3.46800e-02     6.62600e+01     9.750e-02      6.489e-06      4.303e-07      2.546e-05      8.668e-07      3.029e-12      1.540e-10      3.130e-04      2.047e-06      6.467e-05      2.984e-08      2.601e-09      3.986e-09      2.000e-08      8.425e-09      3.876e-10      1.237e-17      6.293e-09      2.622e-10      2.154e-09      6.795e-10      3.403e-08      1.725e-08      1.651e-07      4.446e-08      1.443e-09      
3.59900e-05     8.02700e-05     2.00000e-05     4.47900e+06     5.87200e+02     3.45400e-02     6.64200e+01     9.750e-02      6.493e-06      4.302e-07      2.529e-05      8.623e-07      2.550e-12      1.541e-10      3.129e-04      2.047e-06      6.465e-05      2.982e-08      2.602e-09      3.985e-09      2.000e-08      9.047e-09      3.867e-10      1.237e-17      6.291e-09      2.623e-10      2.152e-09      8.244e-10      3.445e-08      1.780e-08      1.647e-07      4.438e-08      1.504e-09      
3.71800e-05     8.29300e-05     2.06600e-05     4.19900e+06     5.62700e+02     3.44000e-02     6.65700e+01     9.750e-02      6.498e-06      4.301e-07      2.512e-05      8.576e-07      2.202e-12      1.542e-10      3.128e-04      2.048e-06      6.463e-05      2.979e-08      2.603e-09      3.983e-09      2.000e-08      9.774e-09      3.859e-10      1.237e-17      6.289e-09      2.624e-10      2.150e-09      9.946e-10      3.490e-08      1.841e-08      1.643e-07      4.429e-08      1.581e-09      
3.83700e-05     8.55900e-05     2.13200e-05     3.94500e+06     5.39900e+02     3.42600e-02     6.67300e+01     9.750e-02      6.504e-06      4.301e-07      2.496e-05      8.529e-07      1.943e-12      1.542e-10      3.126e-04      2.047e-06      6.460e-05      2.976e-08      2.604e-09      3.981e-09      2.000e-08      1.061e-08      3.853e-10      1.237e-17      6.287e-09      2.626e-10      2.148e-09      1.193e-09      3.537e-08      1.909e-08      1.640e-07      4.421e-08      1.673e-09      
3.95600e-05     8.82500e-05     2.19900e-05     3.71400e+06     5.18600e+02     3.41600e-02     6.68900e+01     9.750e-02      6.511e-06      4.300e-07      2.479e-05      8.480e-07      1.745e-12      1.543e-10      3.124e-04      2.047e-06      6.457e-05      2.971e-08      2.605e-09      3.979e-09      2.000e-08      1.156e-08      3.847e-10      1.237e-17      6.285e-09      2.630e-10      2.145e-09      1.424e-09      3.588e-08      1.984e-08      1.638e-07      4.414e-08      1.786e-09      
4.07500e-05     9.09200e-05     2.26500e-05     3.50200e+06     4.98800e+02     3.39900e-02     6.70500e+01     9.750e-02      6.519e-06      4.299e-07      2.463e-05      8.431e-07      1.590e-12      1.543e-10      3.121e-04      2.045e-06      6.453e-05      2.965e-08      2.606e-09      3.976e-09      2.000e-08      1.263e-08      3.844e-10      1.237e-17      6.283e-09      2.634e-10      2.143e-09      1.691e-09      3.640e-08      2.065e-08      1.637e-07      4.407e-08      1.920e-09      
4.19400e-05     9.35800e-05     2.33100e-05     3.30900e+06     4.80300e+02     3.38100e-02     6.72100e+01     9.750e-02      6.528e-06      4.298e-07      2.447e-05      8.381e-07      1.466e-12      1.543e-10      3.119e-04      2.043e-06      6.448e-05      2.958e-08      2.607e-09      3.973e-09      2.000e-08      1.382e-08      3.841e-10      1.238e-17      6.281e-09      2.640e-10      2.141e-09      1.999e-09      3.695e-08      2.153e-08      1.638e-07      4.400e-08      2.080e-09      
4.31400e-05     9.62500e-05     2.39800e-05     3.13100e+06     4.63000e+02     3.37000e-02     6.73700e+01     9.750e-02      6.538e-06      4.298e-07      2.430e-05      8.331e-07      1.366e-12      1.544e-10      3.116e-04      2.041e-06      6.442e-05      2.949e-08      2.608e-09      3.968e-09      2.000e-08      1.514e-08      3.840e-10      1.238e-17      6.279e-09      2.646e-10      2.139e-09      2.352e-09      3.752e-08      2.247e-08      1.642e-07      4.395e-08      2.270e-09      
4.43300e-05     9.89200e-05     2.46400e-05     2.96700e+06     4.46700e+02     3.35800e-02     6.75300e+01     9.750e-02      6.549e-06      4.297e-07      2.414e-05      8.281e-07      1.283e-12      1.544e-10      3.112e-04      2.038e-06      6.435e-05      2.938e-08      2.608e-09      3.964e-09      2.000e-08      1.657e-08      3.841e-10      1.238e-17      6.277e-09      2.654e-10      2.137e-09      2.755e-09      3.812e-08      2.345e-08      1.647e-07      4.390e-08      2.492e-09      
4.55200e-05     1.01600e-04     2.53000e-05     2.81500e+06     4.31400e+02     3.34100e-02     6.76900e+01     9.750e-02      6.562e-06      4.296e-07      2.398e-05      8.230e-07      1.213e-12      1.544e-10      3.108e-04      2.034e-06      6.427e-05      2.926e-08      2.609e-09      3.958e-09      2.000e-08      1.812e-08      3.843e-10      1.238e-17      6.275e-09      2.663e-10      2.135e-09      3.213e-09      3.873e-08      2.449e-08      1.655e-07      4.386e-08      2.750e-09      
4.67100e-05     1.04300e-04     2.59700e-05     2.67600e+06     4.17000e+02     3.33000e-02     6.78500e+01     9.750e-02      6.575e-06      4.296e-07      2.382e-05      8.179e-07      1.154e-12      1.544e-10      3.104e-04      2.030e-06      6.418e-05      2.911e-08      2.610e-09      3.951e-09      2.000e-08      1.978e-08      3.847e-10      1.238e-17      6.273e-09      2.673e-10      2.134e-09      3.731e-09      3.935e-08      2.558e-08      1.666e-07      4.382e-08      3.049e-09      
4.79100e-05     1.06900e-04     2.66300e-05     2.54600e+06     4.03500e+02     3.31700e-02     6.80100e+01     9.750e-02      6.590e-06      4.296e-07      2.366e-05      8.127e-07      1.102e-12      1.543e-10      3.099e-04      2.025e-06      6.408e-05      2.895e-08      2.610e-09      3.943e-09      2.000e-08      2.154e-08      3.852e-10      1.238e-17      6.271e-09      2.684e-10      2.132e-09      4.314e-09      4.000e-08      2.669e-08      1.680e-07      4.380e-08      3.392e-09      
4.91000e-05     1.09600e-04     2.72900e-05     2.42600e+06     3.90700e+02     3.30400e-02     6.81700e+01     9.750e-02      6.606e-06      4.295e-07      2.351e-05      8.076e-07      1.058e-12      1.543e-10      3.094e-04      2.020e-06      6.397e-05      2.876e-08      2.610e-09      3.935e-09      2.000e-08      2.339e-08      3.859e-10      1.238e-17      6.269e-09      2.696e-10      2.130e-09      4.970e-09      4.066e-08      2.784e-08      1.697e-07      4.379e-08      3.783e-09      
5.02900e-05     1.12300e-04     2.79600e-05     2.31500e+06     3.78600e+02     3.29100e-02     6.83300e+01     9.750e-02      6.623e-06      4.295e-07      2.335e-05      8.024e-07      1.018e-12      1.543e-10      3.088e-04      2.014e-06      6.383e-05      2.855e-08      2.611e-09      3.925e-09      2.000e-08      2.530e-08      3.867e-10      1.238e-17      6.268e-09      2.709e-10      2.128e-09      5.702e-09      4.133e-08      2.901e-08      1.718e-07      4.379e-08      4.226e-09      
5.14900e-05     1.14900e-04     2.86200e-05     2.21100e+06     3.67200e+02     3.27800e-02     6.84900e+01     9.750e-02      6.642e-06      4.295e-07      2.319e-05      7.973e-07      9.825e-13      1.542e-10      3.082e-04      2.007e-06      6.369e-05      2.832e-08      2.611e-09      3.913e-09      2.000e-08      2.726e-08      3.877e-10      1.239e-17      6.266e-09      2.723e-10      2.127e-09      6.519e-09      4.202e-08      3.020e-08      1.744e-07      4.380e-08      4.724e-09      
5.26800e-05     1.17600e-04     2.92800e-05     2.11400e+06     3.56400e+02     3.26700e-02     6.86500e+01     9.750e-02      6.663e-06      4.295e-07      2.304e-05      7.921e-07      9.504e-13      1.542e-10      3.075e-04      2.000e-06      6.353e-05      2.807e-08      2.611e-09      3.901e-09      2.000e-08      2.925e-08      3.889e-10      1.239e-17      6.264e-09      2.738e-10      2.125e-09      7.426e-09      4.271e-08      3.139e-08      1.774e-07      4.382e-08      5.279e-09      
5.38800e-05     1.20300e-04     2.99500e-05     2.02400e+06     3.46100e+02     3.25500e-02     6.88000e+01     9.750e-02      6.686e-06      4.295e-07      2.288e-05      7.868e-07      9.212e-13      1.541e-10      3.068e-04      1.993e-06      6.335e-05      2.780e-08      2.612e-09      3.887e-09      2.000e-08      3.125e-08      3.902e-10      1.239e-17      6.263e-09      2.754e-10      2.123e-09      8.432e-09      4.342e-08      3.257e-08      1.808e-07      4.386e-08      5.894e-09      
5.50700e-05     1.23000e-04     3.06100e-05     1.93900e+06     3.36400e+02     3.24100e-02     6.89600e+01     9.750e-02      6.710e-06      4.295e-07      2.273e-05      7.816e-07      8.942e-13      1.541e-10      3.060e-04      1.984e-06      6.316e-05      2.751e-08      2.612e-09      3.872e-09      2.000e-08      3.322e-08      3.917e-10      1.240e-17      6.261e-09      2.772e-10      2.122e-09      9.544e-09      4.412e-08      3.374e-08      1.847e-07      4.391e-08      6.572e-09      
5.62700e-05     1.25700e-04     3.12800e-05     1.86000e+06     3.27100e+02     3.23300e-02     6.91200e+01     9.750e-02      6.737e-06      4.296e-07      2.258e-05      7.764e-07      8.693e-13      1.540e-10      3.052e-04      1.976e-06      6.295e-05      2.720e-08      2.612e-09      3.855e-09      2.000e-08      3.516e-08      3.934e-10      1.241e-17      6.260e-09      2.790e-10      2.120e-09      1.077e-08      4.484e-08      3.489e-08      1.891e-07      4.397e-08      7.314e-09      
5.74600e-05     1.28300e-04     3.19400e-05     1.78600e+06     3.18300e+02     3.22000e-02     6.92800e+01     9.750e-02      6.765e-06      4.297e-07      2.243e-05      7.711e-07      8.460e-13      1.539e-10      3.043e-04      1.966e-06      6.272e-05      2.687e-08      2.612e-09      3.838e-09      2.000e-08      3.704e-08      3.952e-10      1.241e-17      6.258e-09      2.809e-10      2.119e-09      1.212e-08      4.555e-08      3.601e-08      1.940e-07      4.404e-08      8.120e-09      
5.86600e-05     1.31000e-04     3.26000e-05     1.71600e+06     3.10000e+02     3.20800e-02     6.94400e+01     9.750e-02      6.796e-06      4.297e-07      2.227e-05      7.658e-07      8.242e-13      1.539e-10      3.035e-04      1.956e-06      6.248e-05      2.653e-08      2.612e-09      3.819e-09      2.000e-08      3.885e-08      3.972e-10      1.242e-17      6.257e-09      2.829e-10      2.117e-09      1.360e-08      4.626e-08      3.710e-08      1.994e-07      4.413e-08      8.992e-09      
5.98500e-05     1.33700e-04     3.32700e-05     1.65000e+06     3.02000e+02     3.19600e-02     6.96000e+01     9.750e-02      6.829e-06      4.298e-07      2.213e-05      7.605e-07      8.036e-13      1.538e-10      3.026e-04      1.946e-06      6.222e-05      2.617e-08      2.612e-09      3.799e-09      2.000e-08      4.059e-08      3.993e-10      1.243e-17      6.255e-09      2.850e-10      2.116e-09      1.522e-08      4.697e-08      3.815e-08      2.054e-07      4.424e-08      9.930e-09      
6.10500e-05     1.36400e-04     3.39300e-05     1.58800e+06     2.94400e+02     3.18700e-02     6.97600e+01     9.750e-02      6.864e-06      4.300e-07      2.198e-05      7.552e-07      7.841e-13      1.537e-10      3.016e-04      1.935e-06      6.194e-05      2.580e-08      2.612e-09      3.778e-09      2.000e-08      4.224e-08      4.016e-10      1.244e-17      6.254e-09      2.872e-10      2.115e-09      1.700e-08      4.768e-08      3.916e-08      2.118e-07      4.435e-08      1.093e-08      
6.22500e-05     1.39100e-04     3.45900e-05     1.53000e+06     2.87100e+02     3.17800e-02     6.99200e+01     9.750e-02      6.902e-06      4.301e-07      2.183e-05      7.499e-07      7.656e-13      1.536e-10      3.007e-04      1.924e-06      6.165e-05      2.542e-08      2.612e-09      3.756e-09      2.000e-08      4.381e-08      4.040e-10      1.246e-17      6.253e-09      2.894e-10      2.114e-09      1.893e-08      4.838e-08      4.012e-08      2.187e-07      4.448e-08      1.200e-08      
6.34400e-05     1.41700e-04     3.52600e-05     1.47500e+06     2.80100e+02     3.16400e-02     7.00800e+01     9.750e-02      6.941e-06      4.303e-07      2.168e-05      7.445e-07      7.480e-13      1.535e-10      2.997e-04      1.912e-06      6.135e-05      2.503e-08      2.612e-09      3.734e-09      2.000e-08      4.529e-08      4.066e-10      1.247e-17      6.252e-09      2.918e-10      2.112e-09      2.104e-08      4.907e-08      4.103e-08      2.260e-07      4.463e-08      1.312e-08      
6.46400e-05     1.44400e-04     3.59200e-05     1.42300e+06     2.73500e+02     3.15400e-02     7.02400e+01     9.750e-02      6.983e-06      4.305e-07      2.154e-05      7.391e-07      7.311e-13      1.534e-10      2.987e-04      1.900e-06      6.103e-05      2.463e-08      2.612e-09      3.710e-09      2.000e-08      4.669e-08      4.092e-10      1.249e-17      6.250e-09      2.941e-10      2.111e-09      2.334e-08      4.974e-08      4.190e-08      2.338e-07      4.478e-08      1.431e-08      
6.58400e-05     1.47100e-04     3.65900e-05     1.37400e+06     2.67100e+02     3.14300e-02     7.04000e+01     9.750e-02      7.027e-06      4.307e-07      2.139e-05      7.337e-07      7.150e-13      1.533e-10      2.977e-04      1.887e-06      6.071e-05      2.422e-08      2.612e-09      3.686e-09      2.000e-08      4.802e-08      4.121e-10      1.251e-17      6.249e-09      2.966e-10      2.110e-09      2.583e-08      5.041e-08      4.272e-08      2.421e-07      4.495e-08      1.556e-08      
6.70300e-05     1.49800e-04     3.72500e-05     1.32800e+06     2.61000e+02     3.13000e-02     7.05600e+01     9.750e-02      7.073e-06      4.310e-07      2.125e-05      7.283e-07      6.994e-13      1.532e-10      2.967e-04      1.874e-06      6.037e-05      2.382e-08      2.612e-09      3.662e-09      2.000e-08      4.927e-08      4.150e-10      1.254e-17      6.248e-09      2.990e-10      2.109e-09      2.852e-08      5.106e-08      4.349e-08      2.507e-07      4.513e-08      1.686e-08      
6.82300e-05     1.52500e-04     3.79100e-05     1.28400e+06     2.55200e+02     3.11900e-02     7.07200e+01     9.750e-02      7.121e-06      4.313e-07      2.111e-05      7.228e-07      6.845e-13      1.530e-10      2.956e-04      1.860e-06      6.002e-05      2.340e-08      2.612e-09      3.637e-09      1.999e-08      5.047e-08      4.180e-10      1.256e-17      6.247e-09      3.015e-10      2.108e-09      3.144e-08      5.170e-08      4.421e-08      2.598e-07      4.533e-08      1.821e-08      
