# Collapse Model Output 
 
# ev_output/ev_110289.dat in GNUPLOT format produced by evolve_output.pl 
 
X               Y               Z              DENSITY         TEMP            AV              TIME            He          CO          N2          CH4         NH3         H2S         HCP         H2O         C2H2        HCN         CS          SiC2        HCl         HF          C2H4        SiO         SiS         Mg          Na          Fe          C2H         C4H         C6H         HC3N        HC5N        HC7N        
#(PC)            (PC)            (PC)           (CM-3)          (K)             (MAG)           (YR)	       (wrt Hnuc)     
 
5.83600e-05     1.61300e-05     6.08800e-06     9.94000e+06     9.84400e+02     2.16800e-01     6.02000e+01     9.750e-02      6.693e-06      4.292e-07      2.589e-05      8.062e-07      6.421e-11      1.426e-10      3.133e-04      1.838e-06      6.434e-05      3.013e-08      2.452e-09      3.992e-09      2.000e-08      5.942e-09      4.589e-10      1.255e-17      6.368e-09      3.094e-10      2.239e-09      5.396e-11      3.372e-08      1.543e-08      1.773e-07      4.988e-08      1.258e-09      
6.11900e-05     1.69100e-05     6.38400e-06     9.02400e+06     9.24200e+02     6.63800e-02     6.03600e+01     9.750e-02      6.693e-06      4.291e-07      2.579e-05      8.042e-07      4.544e-11      1.427e-10      3.132e-04      1.843e-06      6.434e-05      3.012e-08      2.454e-09      3.992e-09      2.000e-08      5.954e-09      4.566e-10      1.255e-17      6.366e-09      3.084e-10      2.236e-09      9.925e-11      3.371e-08      1.559e-08      1.764e-07      4.975e-08      1.261e-09      
6.40300e-05     1.76900e-05     6.68000e-06     8.22800e+06     8.70000e+02     6.71500e-02     6.05200e+01     9.750e-02      6.692e-06      4.291e-07      2.567e-05      8.022e-07      2.919e-11      1.428e-10      3.132e-04      1.848e-06      6.433e-05      3.012e-08      2.457e-09      3.992e-09      2.000e-08      5.998e-09      4.546e-10      1.256e-17      6.364e-09      3.073e-10      2.234e-09      1.284e-10      3.375e-08      1.565e-08      1.760e-07      4.964e-08      1.266e-09      
6.68700e-05     1.84800e-05     6.97700e-06     7.53200e+06     8.21000e+02     4.16000e-02     6.06800e+01     9.750e-02      6.691e-06      4.290e-07      2.552e-05      7.996e-07      1.865e-11      1.430e-10      3.132e-04      1.853e-06      6.433e-05      3.012e-08      2.459e-09      3.991e-09      2.000e-08      6.081e-09      4.525e-10      1.257e-17      6.362e-09      3.064e-10      2.232e-09      1.746e-10      3.384e-08      1.575e-08      1.754e-07      4.952e-08      1.275e-09      
6.97200e-05     1.92700e-05     7.27400e-06     6.91900e+06     7.76400e+02     4.20700e-02     6.08400e+01     9.750e-02      6.691e-06      4.289e-07      2.537e-05      7.968e-07      1.230e-11      1.432e-10      3.132e-04      1.857e-06      6.433e-05      3.012e-08      2.461e-09      3.991e-09      2.000e-08      6.213e-09      4.506e-10      1.257e-17      6.360e-09      3.055e-10      2.230e-09      2.219e-10      3.399e-08      1.587e-08      1.748e-07      4.941e-08      1.288e-09      
7.25700e-05     2.00500e-05     7.57100e-06     6.37800e+06     7.35900e+02     4.01800e-02     6.10000e+01     9.750e-02      6.692e-06      4.288e-07      2.521e-05      7.937e-07      8.504e-12      1.434e-10      3.131e-04      1.861e-06      6.433e-05      3.011e-08      2.463e-09      3.990e-09      2.000e-08      6.404e-09      4.488e-10      1.258e-17      6.358e-09      3.048e-10      2.227e-09      2.810e-10      3.419e-08      1.606e-08      1.743e-07      4.930e-08      1.306e-09      
7.54200e-05     2.08400e-05     7.86900e-06     5.89600e+06     6.98800e+02     3.96700e-02     6.11600e+01     9.750e-02      6.693e-06      4.287e-07      2.505e-05      7.903e-07      6.186e-12      1.435e-10      3.131e-04      1.865e-06      6.432e-05      3.011e-08      2.465e-09      3.989e-09      2.000e-08      6.661e-09      4.470e-10      1.258e-17      6.356e-09      3.042e-10      2.225e-09      3.520e-10      3.444e-08      1.631e-08      1.737e-07      4.919e-08      1.330e-09      
7.82700e-05     2.16300e-05     8.16800e-06     5.46700e+06     6.64900e+02     3.93900e-02     6.13200e+01     9.750e-02      6.694e-06      4.286e-07      2.489e-05      7.867e-07      4.721e-12      1.437e-10      3.130e-04      1.868e-06      6.431e-05      3.010e-08      2.467e-09      3.988e-09      2.000e-08      6.993e-09      4.454e-10      1.259e-17      6.354e-09      3.037e-10      2.223e-09      4.375e-10      3.473e-08      1.663e-08      1.732e-07      4.908e-08      1.361e-09      
8.11300e-05     2.24200e-05     8.46600e-06     5.08300e+06     6.33800e+02     3.90300e-02     6.14800e+01     9.750e-02      6.697e-06      4.285e-07      2.473e-05      7.829e-07      3.759e-12      1.438e-10      3.129e-04      1.871e-06      6.430e-05      3.009e-08      2.469e-09      3.987e-09      2.000e-08      7.409e-09      4.439e-10      1.259e-17      6.352e-09      3.033e-10      2.220e-09      5.399e-10      3.507e-08      1.701e-08      1.726e-07      4.898e-08      1.401e-09      
8.39900e-05     2.32000e-05     8.76500e-06     4.73800e+06     6.05100e+02     3.91400e-02     6.16400e+01     9.750e-02      6.700e-06      4.284e-07      2.457e-05      7.789e-07      3.103e-12      1.440e-10      3.128e-04      1.873e-06      6.428e-05      3.008e-08      2.471e-09      3.986e-09      2.000e-08      7.913e-09      4.425e-10      1.260e-17      6.350e-09      3.031e-10      2.218e-09      6.614e-10      3.544e-08      1.747e-08      1.721e-07      4.888e-08      1.452e-09      
8.68500e-05     2.39900e-05     9.06400e-06     4.42700e+06     5.78600e+02     3.86400e-02     6.18000e+01     9.750e-02      6.705e-06      4.284e-07      2.441e-05      7.748e-07      2.639e-12      1.441e-10      3.127e-04      1.874e-06      6.427e-05      3.005e-08      2.472e-09      3.985e-09      2.000e-08      8.514e-09      4.413e-10      1.260e-17      6.347e-09      3.029e-10      2.216e-09      8.062e-10      3.585e-08      1.800e-08      1.716e-07      4.878e-08      1.515e-09      
8.97100e-05     2.47800e-05     9.36300e-06     4.14500e+06     5.54000e+02     3.84600e-02     6.19600e+01     9.750e-02      6.710e-06      4.283e-07      2.426e-05      7.706e-07      2.300e-12      1.442e-10      3.125e-04      1.876e-06      6.424e-05      3.002e-08      2.474e-09      3.983e-09      2.000e-08      9.218e-09      4.401e-10      1.260e-17      6.345e-09      3.029e-10      2.214e-09      9.763e-10      3.628e-08      1.860e-08      1.712e-07      4.869e-08      1.593e-09      
9.25700e-05     2.55700e-05     9.66200e-06     3.89000e+06     5.31300e+02     3.85600e-02     6.21200e+01     9.750e-02      6.717e-06      4.282e-07      2.410e-05      7.663e-07      2.046e-12      1.443e-10      3.123e-04      1.876e-06      6.421e-05      2.998e-08      2.475e-09      3.981e-09      2.000e-08      1.003e-08      4.392e-10      1.260e-17      6.343e-09      3.030e-10      2.211e-09      1.175e-09      3.674e-08      1.927e-08      1.708e-07      4.860e-08      1.688e-09      
9.54400e-05     2.63600e-05     9.96100e-06     3.65700e+06     5.10100e+02     3.83800e-02     6.22700e+01     9.750e-02      6.724e-06      4.281e-07      2.394e-05      7.619e-07      1.850e-12      1.443e-10      3.121e-04      1.877e-06      6.417e-05      2.993e-08      2.477e-09      3.978e-09      2.000e-08      1.095e-08      4.384e-10      1.261e-17      6.341e-09      3.032e-10      2.209e-09      1.407e-09      3.723e-08      2.001e-08      1.706e-07      4.851e-08      1.803e-09      
9.83000e-05     2.71500e-05     1.02600e-05     3.44400e+06     4.90300e+02     3.82100e-02     6.24300e+01     9.750e-02      6.732e-06      4.281e-07      2.378e-05      7.575e-07      1.696e-12      1.444e-10      3.119e-04      1.876e-06      6.413e-05      2.987e-08      2.478e-09      3.975e-09      2.000e-08      1.199e-08      4.377e-10      1.261e-17      6.339e-09      3.035e-10      2.207e-09      1.677e-09      3.774e-08      2.081e-08      1.705e-07      4.844e-08      1.942e-09      
1.01200e-04     2.79400e-05     1.05600e-05     3.25000e+06     4.71900e+02     3.79400e-02     6.25900e+01     9.750e-02      6.742e-06      4.280e-07      2.363e-05      7.531e-07      1.572e-12      1.445e-10      3.116e-04      1.876e-06      6.408e-05      2.979e-08      2.479e-09      3.971e-09      2.000e-08      1.315e-08      4.371e-10      1.261e-17      6.337e-09      3.040e-10      2.205e-09      1.989e-09      3.828e-08      2.167e-08      1.706e-07      4.836e-08      2.107e-09      
1.04000e-04     2.87400e-05     1.08600e-05     3.07100e+06     4.54600e+02     3.78200e-02     6.27500e+01     9.750e-02      6.752e-06      4.279e-07      2.347e-05      7.486e-07      1.471e-12      1.445e-10      3.112e-04      1.874e-06      6.402e-05      2.969e-08      2.480e-09      3.967e-09      2.000e-08      1.443e-08      4.368e-10      1.261e-17      6.335e-09      3.045e-10      2.203e-09      2.348e-09      3.883e-08      2.259e-08      1.708e-07      4.830e-08      2.303e-09      
1.06900e-04     2.95300e-05     1.11600e-05     2.90700e+06     4.38400e+02     3.76000e-02     6.29100e+01     9.750e-02      6.764e-06      4.279e-07      2.332e-05      7.441e-07      1.387e-12      1.446e-10      3.109e-04      1.873e-06      6.394e-05      2.958e-08      2.481e-09      3.961e-09      2.000e-08      1.583e-08      4.365e-10      1.261e-17      6.333e-09      3.051e-10      2.201e-09      2.758e-09      3.940e-08      2.357e-08      1.713e-07      4.825e-08      2.533e-09      
1.09800e-04     3.03200e-05     1.14600e-05     2.75600e+06     4.23200e+02     3.73900e-02     6.30700e+01     9.750e-02      6.776e-06      4.278e-07      2.316e-05      7.395e-07      1.316e-12      1.446e-10      3.105e-04      1.870e-06      6.386e-05      2.944e-08      2.482e-09      3.955e-09      2.000e-08      1.735e-08      4.365e-10      1.261e-17      6.331e-09      3.059e-10      2.199e-09      3.227e-09      3.999e-08      2.460e-08      1.720e-07      4.820e-08      2.801e-09      
1.12700e-04     3.11100e-05     1.17600e-05     2.61600e+06     4.08900e+02     3.73500e-02     6.32300e+01     9.750e-02      6.790e-06      4.278e-07      2.301e-05      7.349e-07      1.256e-12      1.446e-10      3.100e-04      1.867e-06      6.376e-05      2.929e-08      2.483e-09      3.948e-09      2.000e-08      1.897e-08      4.365e-10      1.261e-17      6.329e-09      3.068e-10      2.197e-09      3.757e-09      4.060e-08      2.567e-08      1.730e-07      4.816e-08      3.111e-09      
1.15500e-04     3.19000e-05     1.20600e-05     2.48600e+06     3.95400e+02     3.72100e-02     6.33900e+01     9.750e-02      6.805e-06      4.278e-07      2.286e-05      7.303e-07      1.203e-12      1.446e-10      3.095e-04      1.864e-06      6.365e-05      2.911e-08      2.484e-09      3.939e-09      2.000e-08      2.069e-08      4.368e-10      1.262e-17      6.328e-09      3.077e-10      2.195e-09      4.357e-09      4.122e-08      2.678e-08      1.743e-07      4.814e-08      3.467e-09      
1.18400e-04     3.27000e-05     1.23600e-05     2.36600e+06     3.82700e+02     3.68700e-02     6.35500e+01     9.750e-02      6.821e-06      4.278e-07      2.271e-05      7.257e-07      1.157e-12      1.446e-10      3.089e-04      1.860e-06      6.353e-05      2.891e-08      2.485e-09      3.929e-09      2.000e-08      2.250e-08      4.372e-10      1.262e-17      6.326e-09      3.088e-10      2.193e-09      5.035e-09      4.186e-08      2.791e-08      1.760e-07      4.812e-08      3.873e-09      
1.21300e-04     3.34900e-05     1.26600e-05     2.25500e+06     3.70700e+02     3.71000e-02     6.37100e+01     9.750e-02      6.839e-06      4.277e-07      2.256e-05      7.211e-07      1.116e-12      1.446e-10      3.083e-04      1.855e-06      6.339e-05      2.869e-08      2.485e-09      3.918e-09      2.000e-08      2.437e-08      4.378e-10      1.262e-17      6.324e-09      3.100e-10      2.191e-09      5.789e-09      4.251e-08      2.907e-08      1.781e-07      4.812e-08      4.331e-09      
1.24200e-04     3.42800e-05     1.29600e-05     2.15100e+06     3.59400e+02     3.67600e-02     6.38700e+01     9.750e-02      6.859e-06      4.277e-07      2.241e-05      7.165e-07      1.079e-12      1.446e-10      3.076e-04      1.850e-06      6.323e-05      2.845e-08      2.486e-09      3.906e-09      2.000e-08      2.628e-08      4.386e-10      1.263e-17      6.322e-09      3.113e-10      2.189e-09      6.639e-09      4.316e-08      3.024e-08      1.805e-07      4.813e-08      4.846e-09      
1.27000e-04     3.50700e-05     1.32600e-05     2.05500e+06     3.48600e+02     3.66600e-02     6.40300e+01     9.750e-02      6.880e-06      4.278e-07      2.226e-05      7.118e-07      1.045e-12      1.446e-10      3.069e-04      1.844e-06      6.306e-05      2.819e-08      2.487e-09      3.893e-09      2.000e-08      2.822e-08      4.395e-10      1.263e-17      6.321e-09      3.127e-10      2.188e-09      7.584e-09      4.383e-08      3.141e-08      1.834e-07      4.815e-08      5.420e-09      
1.29900e-04     3.58700e-05     1.35600e-05     1.96400e+06     3.38500e+02     3.63100e-02     6.41900e+01     9.750e-02      6.903e-06      4.278e-07      2.211e-05      7.071e-07      1.014e-12      1.446e-10      3.062e-04      1.838e-06      6.287e-05      2.790e-08      2.487e-09      3.878e-09      2.000e-08      3.016e-08      4.406e-10      1.264e-17      6.319e-09      3.142e-10      2.186e-09      8.640e-09      4.450e-08      3.258e-08      1.867e-07      4.818e-08      6.055e-09      
1.32800e-04     3.66600e-05     1.38600e-05     1.88000e+06     3.28800e+02     3.61600e-02     6.43400e+01     9.750e-02      6.928e-06      4.278e-07      2.197e-05      7.024e-07      9.856e-13      1.445e-10      3.054e-04      1.831e-06      6.266e-05      2.760e-08      2.488e-09      3.861e-09      2.000e-08      3.207e-08      4.418e-10      1.264e-17      6.317e-09      3.158e-10      2.184e-09      9.807e-09      4.518e-08      3.374e-08      1.904e-07      4.823e-08      6.754e-09      
1.35700e-04     3.74500e-05     1.41600e-05     1.80100e+06     3.19600e+02     3.60000e-02     6.45000e+01     9.750e-02      6.955e-06      4.279e-07      2.182e-05      6.977e-07      9.592e-13      1.445e-10      3.045e-04      1.824e-06      6.243e-05      2.728e-08      2.488e-09      3.844e-09      2.000e-08      3.395e-08      4.432e-10      1.265e-17      6.316e-09      3.175e-10      2.183e-09      1.110e-08      4.585e-08      3.487e-08      1.947e-07      4.829e-08      7.516e-09      
1.38500e-04     3.82400e-05     1.44600e-05     1.72700e+06     3.10800e+02     3.60100e-02     6.46600e+01     9.750e-02      6.984e-06      4.280e-07      2.168e-05      6.930e-07      9.344e-13      1.445e-10      3.037e-04      1.816e-06      6.219e-05      2.694e-08      2.489e-09      3.825e-09      2.000e-08      3.576e-08      4.448e-10      1.266e-17      6.314e-09      3.193e-10      2.181e-09      1.252e-08      4.653e-08      3.597e-08      1.994e-07      4.837e-08      8.344e-09      
1.41400e-04     3.90400e-05     1.47600e-05     1.65700e+06     3.02500e+02     3.58200e-02     6.48200e+01     9.750e-02      7.015e-06      4.281e-07      2.153e-05      6.882e-07      9.112e-13      1.444e-10      3.027e-04      1.808e-06      6.194e-05      2.659e-08      2.489e-09      3.805e-09      2.000e-08      3.751e-08      4.466e-10      1.267e-17      6.313e-09      3.212e-10      2.179e-09      1.409e-08      4.720e-08      3.704e-08      2.046e-07      4.846e-08      9.236e-09      
1.44300e-04     3.98300e-05     1.50600e-05     1.59200e+06     2.94600e+02     3.56600e-02     6.49800e+01     9.750e-02      7.048e-06      4.282e-07      2.139e-05      6.835e-07      8.892e-13      1.444e-10      3.018e-04      1.799e-06      6.166e-05      2.623e-08      2.490e-09      3.784e-09      2.000e-08      3.918e-08      4.484e-10      1.268e-17      6.311e-09      3.232e-10      2.178e-09      1.582e-08      4.787e-08      3.807e-08      2.103e-07      4.857e-08      1.019e-08      
1.47200e-04     4.06200e-05     1.53600e-05     1.53000e+06     2.87000e+02     3.54600e-02     6.51400e+01     9.750e-02      7.084e-06      4.283e-07      2.125e-05      6.787e-07      8.683e-13      1.443e-10      3.009e-04      1.790e-06      6.137e-05      2.585e-08      2.490e-09      3.762e-09      2.000e-08      4.077e-08      4.505e-10      1.269e-17      6.310e-09      3.252e-10      2.176e-09      1.772e-08      4.853e-08      3.906e-08      2.164e-07      4.868e-08      1.121e-08      
1.50100e-04     4.14200e-05     1.56600e-05     1.47200e+06     2.79800e+02     3.51900e-02     6.53000e+01     9.750e-02      7.121e-06      4.285e-07      2.110e-05      6.739e-07      8.485e-13      1.442e-10      2.999e-04      1.780e-06      6.107e-05      2.546e-08      2.490e-09      3.739e-09      2.000e-08      4.227e-08      4.526e-10      1.271e-17      6.309e-09      3.273e-10      2.175e-09      1.979e-08      4.918e-08      4.000e-08      2.229e-07      4.882e-08      1.230e-08      
1.53000e-04     4.22100e-05     1.59600e-05     1.41700e+06     2.72800e+02     3.50500e-02     6.54600e+01     9.750e-02      7.161e-06      4.287e-07      2.096e-05      6.690e-07      8.295e-13      1.441e-10      2.989e-04      1.769e-06      6.075e-05      2.507e-08      2.491e-09      3.716e-09      2.000e-08      4.370e-08      4.549e-10      1.273e-17      6.307e-09      3.295e-10      2.174e-09      2.206e-08      4.983e-08      4.089e-08      2.299e-07      4.896e-08      1.344e-08      
1.55800e-04     4.30000e-05     1.62500e-05     1.36600e+06     2.66200e+02     3.49200e-02     6.56200e+01     9.750e-02      7.202e-06      4.289e-07      2.082e-05      6.642e-07      8.114e-13      1.441e-10      2.979e-04      1.758e-06      6.042e-05      2.467e-08      2.491e-09      3.692e-09      2.000e-08      4.505e-08      4.574e-10      1.275e-17      6.306e-09      3.317e-10      2.172e-09      2.454e-08      5.046e-08      4.174e-08      2.373e-07      4.912e-08      1.464e-08      
1.58700e-04     4.38000e-05     1.65500e-05     1.31700e+06     2.59900e+02     3.47900e-02     6.57800e+01     9.750e-02      7.246e-06      4.292e-07      2.069e-05      6.593e-07      7.939e-13      1.440e-10      2.969e-04      1.747e-06      6.008e-05      2.426e-08      2.491e-09      3.667e-09      2.000e-08      4.633e-08      4.599e-10      1.277e-17      6.305e-09      3.339e-10      2.171e-09      2.723e-08      5.108e-08      4.254e-08      2.451e-07      4.929e-08      1.589e-08      
1.61600e-04     4.45900e-05     1.68500e-05     1.27000e+06     2.53800e+02     3.46700e-02     6.59400e+01     9.750e-02      7.291e-06      4.295e-07      2.055e-05      6.544e-07      7.772e-13      1.439e-10      2.958e-04      1.736e-06      5.973e-05      2.386e-08      2.491e-09      3.642e-09      2.000e-08      4.755e-08      4.625e-10      1.280e-17      6.303e-09      3.363e-10      2.169e-09      3.015e-08      5.168e-08      4.329e-08      2.533e-07      4.946e-08      1.720e-08      
1.64500e-04     4.53900e-05     1.71500e-05     1.22600e+06     2.48000e+02     3.44500e-02     6.61000e+01     9.750e-02      7.339e-06      4.298e-07      2.041e-05      6.495e-07      7.610e-13      1.438e-10      2.948e-04      1.723e-06      5.937e-05      2.345e-08      2.492e-09      3.616e-09      1.999e-08      4.871e-08      4.653e-10      1.283e-17      6.302e-09      3.386e-10      2.168e-09      3.331e-08      5.227e-08      4.400e-08      2.617e-07      4.965e-08      1.856e-08      
1.67400e-04     4.61800e-05     1.74500e-05     1.18500e+06     2.42400e+02     3.42900e-02     6.62600e+01     9.750e-02      7.388e-06      4.302e-07      2.027e-05      6.446e-07      7.454e-13      1.437e-10      2.937e-04      1.711e-06      5.900e-05      2.304e-08      2.492e-09      3.590e-09      1.999e-08      4.983e-08      4.681e-10      1.286e-17      6.301e-09      3.410e-10      2.167e-09      3.674e-08      5.284e-08      4.466e-08      2.705e-07      4.985e-08      1.996e-08      
1.70300e-04     4.69700e-05     1.77500e-05     1.14500e+06     2.37000e+02     3.42100e-02     6.64200e+01     9.750e-02      7.439e-06      4.306e-07      2.014e-05      6.396e-07      7.303e-13      1.436e-10      2.927e-04      1.698e-06      5.862e-05      2.263e-08      2.492e-09      3.564e-09      1.999e-08      5.091e-08      4.711e-10      1.289e-17      6.300e-09      3.435e-10      2.166e-09      4.042e-08      5.340e-08      4.529e-08      2.795e-07      5.006e-08      2.140e-08      
1.73200e-04     4.77700e-05     1.80500e-05     1.10700e+06     2.31800e+02     3.40700e-02     6.65700e+01     9.750e-02      7.491e-06      4.311e-07      2.001e-05      6.346e-07      7.156e-13      1.435e-10      2.916e-04      1.685e-06      5.824e-05      2.222e-08      2.492e-09      3.538e-09      1.999e-08      5.194e-08      4.741e-10      1.293e-17      6.298e-09      3.459e-10      2.164e-09      4.439e-08      5.394e-08      4.587e-08      2.887e-07      5.028e-08      2.288e-08      
1.76000e-04     4.85600e-05     1.83500e-05     1.07200e+06     2.26900e+02     3.38300e-02     6.67300e+01     9.750e-02      7.546e-06      4.316e-07      1.987e-05      6.296e-07      7.014e-13      1.434e-10      2.906e-04      1.671e-06      5.785e-05      2.182e-08      2.492e-09      3.511e-09      1.999e-08      5.295e-08      4.772e-10      1.297e-17      6.297e-09      3.484e-10      2.163e-09      4.866e-08      5.446e-08      4.643e-08      2.982e-07      5.050e-08      2.440e-08      
1.78900e-04     4.93500e-05     1.86500e-05     1.03800e+06     2.22100e+02     3.38000e-02     6.68900e+01     9.750e-02      7.601e-06      4.321e-07      1.974e-05      6.246e-07      6.876e-13      1.433e-10      2.895e-04      1.657e-06      5.745e-05      2.142e-08      2.492e-09      3.485e-09      1.999e-08      5.393e-08      4.803e-10      1.301e-17      6.296e-09      3.510e-10      2.162e-09      5.322e-08      5.497e-08      4.694e-08      3.077e-07      5.073e-08      2.595e-08      
1.81800e-04     5.01500e-05     1.89500e-05     1.00500e+06     2.17500e+02     3.36600e-02     6.70500e+01     9.750e-02      7.659e-06      4.327e-07      1.961e-05      6.196e-07      6.742e-13      1.431e-10      2.884e-04      1.643e-06      5.705e-05      2.103e-08      2.492e-09      3.458e-09      1.999e-08      5.489e-08      4.835e-10      1.306e-17      6.295e-09      3.535e-10      2.161e-09      5.810e-08      5.545e-08      4.743e-08      3.174e-07      5.097e-08      2.752e-08      
1.84700e-04     5.09400e-05     1.92500e-05     9.74400e+05     2.13100e+02     3.36100e-02     6.72100e+01     9.750e-02      7.717e-06      4.334e-07      1.948e-05      6.145e-07      6.611e-13      1.430e-10      2.874e-04      1.629e-06      5.665e-05      2.064e-08      2.492e-09      3.431e-09      1.999e-08      5.583e-08      4.868e-10      1.311e-17      6.294e-09      3.561e-10      2.160e-09      6.330e-08      5.592e-08      4.789e-08      3.272e-07      5.121e-08      2.912e-08      
1.87600e-04     5.17300e-05     1.95500e-05     9.45000e+05     2.08800e+02     3.34000e-02     6.73700e+01     9.750e-02      7.777e-06      4.341e-07      1.935e-05      6.095e-07      6.484e-13      1.429e-10      2.863e-04      1.614e-06      5.625e-05      2.025e-08      2.492e-09      3.405e-09      1.999e-08      5.674e-08      4.901e-10      1.316e-17      6.292e-09      3.587e-10      2.158e-09      6.884e-08      5.637e-08      4.832e-08      3.371e-07      5.146e-08      3.074e-08      
1.90500e-04     5.25300e-05     1.98500e-05     9.16900e+05     2.04700e+02     3.33500e-02     6.75300e+01     9.750e-02      7.839e-06      4.348e-07      1.922e-05      6.044e-07      6.360e-13      1.428e-10      2.852e-04      1.599e-06      5.584e-05      1.988e-08      2.492e-09      3.379e-09      1.999e-08      5.765e-08      4.935e-10      1.321e-17      6.291e-09      3.613e-10      2.157e-09      7.472e-08      5.681e-08      4.873e-08      3.469e-07      5.171e-08      3.238e-08      
1.93400e-04     5.33200e-05     2.01500e-05     8.90000e+05     2.00700e+02     3.30700e-02     6.76900e+01     9.750e-02      7.901e-06      4.356e-07      1.909e-05      5.993e-07      6.239e-13      1.426e-10      2.842e-04      1.584e-06      5.543e-05      1.950e-08      2.492e-09      3.352e-09      1.999e-08      5.854e-08      4.969e-10      1.327e-17      6.290e-09      3.640e-10      2.156e-09      8.096e-08      5.722e-08      4.911e-08      3.568e-07      5.196e-08      3.403e-08      
1.96300e-04     5.41100e-05     2.04500e-05     8.64400e+05     1.96900e+02     3.30100e-02     6.78500e+01     9.750e-02      7.965e-06      4.365e-07      1.896e-05      5.942e-07      6.121e-13      1.425e-10      2.831e-04      1.568e-06      5.502e-05      1.914e-08      2.492e-09      3.326e-09      1.999e-08      5.942e-08      5.004e-10      1.333e-17      6.289e-09      3.666e-10      2.155e-09      8.756e-08      5.762e-08      4.947e-08      3.666e-07      5.222e-08      3.570e-08      
1.99200e-04     5.49100e-05     2.07500e-05     8.39800e+05     1.93100e+02     3.28800e-02     6.80100e+01     9.750e-02      8.029e-06      4.374e-07      1.883e-05      5.891e-07      6.005e-13      1.424e-10      2.821e-04      1.553e-06      5.460e-05      1.878e-08      2.491e-09      3.300e-09      1.999e-08      6.029e-08      5.039e-10      1.340e-17      6.288e-09      3.693e-10      2.154e-09      9.453e-08      5.800e-08      4.981e-08      3.763e-07      5.248e-08      3.737e-08      
2.02000e-04     5.57000e-05     2.10400e-05     8.16300e+05     1.89600e+02     3.27600e-02     6.81700e+01     9.750e-02      8.095e-06      4.384e-07      1.871e-05      5.840e-07      5.893e-13      1.422e-10      2.810e-04      1.537e-06      5.419e-05      1.844e-08      2.491e-09      3.274e-09      1.999e-08      6.115e-08      5.074e-10      1.346e-17      6.287e-09      3.720e-10      2.153e-09      1.019e-07      5.835e-08      5.014e-08      3.860e-07      5.274e-08      3.905e-08      
2.04900e-04     5.64900e-05     2.13400e-05     7.93800e+05     1.86100e+02     3.26300e-02     6.83300e+01     9.750e-02      8.162e-06      4.394e-07      1.858e-05      5.788e-07      5.783e-13      1.421e-10      2.800e-04      1.521e-06      5.378e-05      1.809e-08      2.491e-09      3.248e-09      1.999e-08      6.200e-08      5.109e-10      1.354e-17      6.286e-09      3.747e-10      2.151e-09      1.096e-07      5.870e-08      5.045e-08      3.955e-07      5.300e-08      4.073e-08      
2.07800e-04     5.72900e-05     2.16400e-05     7.72200e+05     1.82700e+02     3.25500e-02     6.84900e+01     9.750e-02      8.229e-06      4.405e-07      1.846e-05      5.737e-07      5.675e-13      1.419e-10      2.789e-04      1.505e-06      5.337e-05      1.776e-08      2.491e-09      3.222e-09      1.999e-08      6.285e-08      5.145e-10      1.361e-17      6.284e-09      3.774e-10      2.150e-09      1.177e-07      5.902e-08      5.074e-08      4.049e-07      5.326e-08      4.241e-08      
2.10700e-04     5.80800e-05     2.19400e-05     7.51500e+05     1.79500e+02     3.24100e-02     6.86500e+01     9.750e-02      8.298e-06      4.417e-07      1.833e-05      5.686e-07      5.570e-13      1.418e-10      2.779e-04      1.489e-06      5.296e-05      1.744e-08      2.490e-09      3.197e-09      1.999e-08      6.369e-08      5.181e-10      1.369e-17      6.283e-09      3.801e-10      2.149e-09      1.262e-07      5.933e-08      5.102e-08      4.141e-07      5.352e-08      4.410e-08      
2.13600e-04     5.88700e-05     2.22400e-05     7.31600e+05     1.76300e+02     3.23700e-02     6.88000e+01     9.750e-02      8.367e-06      4.429e-07      1.821e-05      5.635e-07      5.466e-13      1.416e-10      2.768e-04      1.472e-06      5.255e-05      1.712e-08      2.490e-09      3.172e-09      1.999e-08      6.452e-08      5.218e-10      1.376e-17      6.282e-09      3.828e-10      2.148e-09      1.351e-07      5.962e-08      5.128e-08      4.232e-07      5.378e-08      4.577e-08      
2.16500e-04     5.96700e-05     2.25400e-05     7.12600e+05     1.73300e+02     3.22500e-02     6.89600e+01     9.750e-02      8.437e-06      4.442e-07      1.809e-05      5.583e-07      5.366e-13      1.415e-10      2.758e-04      1.456e-06      5.214e-05      1.681e-08      2.490e-09      3.146e-09      1.999e-08      6.535e-08      5.254e-10      1.385e-17      6.281e-09      3.855e-10      2.147e-09      1.444e-07      5.989e-08      5.154e-08      4.321e-07      5.404e-08      4.744e-08      
2.19400e-04     6.04600e-05     2.28400e-05     6.94200e+05     1.70300e+02     3.20600e-02     6.91200e+01     9.750e-02      8.508e-06      4.455e-07      1.797e-05      5.532e-07      5.267e-13      1.413e-10      2.747e-04      1.439e-06      5.173e-05      1.651e-08      2.489e-09      3.122e-09      1.999e-08      6.617e-08      5.290e-10      1.393e-17      6.280e-09      3.882e-10      2.146e-09      1.541e-07      6.014e-08      5.178e-08      4.407e-07      5.430e-08      4.911e-08      
2.22300e-04     6.12500e-05     2.31400e-05     6.76600e+05     1.67500e+02     3.19900e-02     6.92800e+01     9.750e-02      8.579e-06      4.470e-07      1.785e-05      5.481e-07      5.170e-13      1.411e-10      2.737e-04      1.423e-06      5.133e-05      1.621e-08      2.489e-09      3.097e-09      1.999e-08      6.699e-08      5.327e-10      1.402e-17      6.279e-09      3.909e-10      2.145e-09      1.641e-07      6.038e-08      5.201e-08      4.491e-07      5.456e-08      5.076e-08      
2.25200e-04     6.20500e-05     2.34400e-05     6.59700e+05     1.64700e+02     3.18000e-02     6.94400e+01     9.750e-02      8.652e-06      4.484e-07      1.773e-05      5.430e-07      5.075e-13      1.410e-10      2.727e-04      1.406e-06      5.092e-05      1.593e-08      2.489e-09      3.072e-09      1.999e-08      6.781e-08      5.364e-10      1.411e-17      6.278e-09      3.936e-10      2.143e-09      1.746e-07      6.060e-08      5.224e-08      4.573e-07      5.481e-08      5.241e-08      
2.28100e-04     6.28400e-05     2.37400e-05     6.43300e+05     1.62000e+02     3.16800e-02     6.96000e+01     9.750e-02      8.724e-06      4.500e-07      1.761e-05      5.379e-07      4.983e-13      1.408e-10      2.716e-04      1.389e-06      5.052e-05      1.565e-08      2.488e-09      3.048e-09      1.999e-08      6.862e-08      5.401e-10      1.421e-17      6.277e-09      3.963e-10      2.142e-09      1.855e-07      6.080e-08      5.245e-08      4.652e-07      5.507e-08      5.404e-08      
2.31000e-04     6.36300e-05     2.40400e-05     6.27600e+05     1.59400e+02     3.15700e-02     6.97600e+01     9.750e-02      8.798e-06      4.516e-07      1.749e-05      5.328e-07      4.892e-13      1.406e-10      2.706e-04      1.372e-06      5.012e-05      1.538e-08      2.488e-09      3.024e-09      1.999e-08      6.943e-08      5.438e-10      1.430e-17      6.275e-09      3.991e-10      2.141e-09      1.967e-07      6.099e-08      5.266e-08      4.729e-07      5.532e-08      5.566e-08      
2.33900e-04     6.44300e-05     2.43400e-05     6.12500e+05     1.56800e+02     3.13800e-02     6.99200e+01     9.750e-02      8.872e-06      4.533e-07      1.737e-05      5.277e-07      4.803e-13      1.405e-10      2.696e-04      1.356e-06      4.972e-05      1.511e-08      2.487e-09      3.000e-09      1.999e-08      7.023e-08      5.475e-10      1.440e-17      6.274e-09      4.018e-10      2.140e-09      2.083e-07      6.116e-08      5.286e-08      4.803e-07      5.557e-08      5.726e-08      
2.36800e-04     6.52200e-05     2.46400e-05     5.97900e+05     1.54300e+02     3.13300e-02     7.00800e+01     9.750e-02      8.947e-06      4.550e-07      1.725e-05      5.227e-07      4.715e-13      1.403e-10      2.686e-04      1.339e-06      4.933e-05      1.486e-08      2.487e-09      2.976e-09      1.999e-08      7.103e-08      5.512e-10      1.450e-17      6.273e-09      4.045e-10      2.139e-09      2.204e-07      6.132e-08      5.306e-08      4.874e-07      5.581e-08      5.885e-08      
2.39600e-04     6.60100e-05     2.49300e-05     5.83800e+05     1.51900e+02     3.12600e-02     7.02400e+01     9.750e-02      9.022e-06      4.568e-07      1.714e-05      5.176e-07      4.630e-13      1.401e-10      2.675e-04      1.322e-06      4.893e-05      1.461e-08      2.486e-09      2.952e-09      1.999e-08      7.183e-08      5.549e-10      1.461e-17      6.272e-09      4.072e-10      2.138e-09      2.327e-07      6.146e-08      5.325e-08      4.942e-07      5.606e-08      6.042e-08      
2.42500e-04     6.68100e-05     2.52300e-05     5.70200e+05     1.49600e+02     3.11500e-02     7.04000e+01     9.750e-02      9.097e-06      4.587e-07      1.702e-05      5.126e-07      4.546e-13      1.399e-10      2.665e-04      1.305e-06      4.854e-05      1.437e-08      2.486e-09      2.929e-09      1.999e-08      7.263e-08      5.586e-10      1.471e-17      6.271e-09      4.099e-10      2.137e-09      2.455e-07      6.158e-08      5.343e-08      5.007e-07      5.630e-08      6.198e-08      
2.45400e-04     6.76000e-05     2.55300e-05     5.57100e+05     1.47300e+02     3.10900e-02     7.05600e+01     9.750e-02      9.173e-06      4.606e-07      1.691e-05      5.075e-07      4.464e-13      1.398e-10      2.655e-04      1.288e-06      4.815e-05      1.413e-08      2.485e-09      2.905e-09      1.999e-08      7.342e-08      5.623e-10      1.482e-17      6.270e-09      4.127e-10      2.136e-09      2.585e-07      6.169e-08      5.361e-08      5.069e-07      5.654e-08      6.352e-08      
2.48300e-04     6.83900e-05     2.58300e-05     5.44500e+05     1.45100e+02     3.08700e-02     7.07200e+01     9.750e-02      9.250e-06      4.627e-07      1.679e-05      5.025e-07      4.383e-13      1.396e-10      2.645e-04      1.271e-06      4.777e-05      1.391e-08      2.485e-09      2.882e-09      1.999e-08      7.420e-08      5.660e-10      1.494e-17      6.269e-09      4.154e-10      2.135e-09      2.720e-07      6.179e-08      5.378e-08      5.128e-07      5.677e-08      6.503e-08      
