# Collapse Model Output 
 
# ev_output/ev_0.dat in GNUPLOT format produced by evolve_output.pl 
 
X               Y               Z              DENSITY         TEMP            AV              TIME            He          CO          N2          CH4         NH3         H2S         HCP         H2O         C2H2        HCN         CS          SiC2        HCl         HF          C2H4        SiO         SiS         Mg          Na          Fe          C2H         C4H         C6H         HC3N        HC5N        HC7N        
#(PC)            (PC)            (PC)           (CM-3)          (K)             (MAG)           (YR)	       (wrt Hnuc)     
 
6.64400e-05     0.00000e+00     0.00000e+00     3.57600e+08     1.02900e+03     3.92000e+01     4.33400e+00     8.500e-02      4.000e-04      2.000e-05      1.750e-06      3.000e-08      2.000e-09      1.250e-08      1.275e-06      2.190e-05      2.045e-05      5.300e-06      9.350e-06      1.625e-07      8.500e-09      3.425e-08      2.510e-06      2.990e-06      5.000e-09      2.000e-09      3.000e-09      1.015e-29      2.921e-48      8.813e-69      1.449e-26      1.794e-49      5.564e-68      
7.12000e-05     0.00000e+00     0.00000e+00     3.11400e+08     9.94300e+02     3.65800e+01     4.64400e+00     8.500e-02      4.000e-04      2.000e-05      1.750e-06      3.000e-08      2.000e-09      1.250e-08      1.275e-06      2.190e-05      2.045e-05      5.300e-06      9.350e-06      1.625e-07      8.500e-09      3.425e-08      2.510e-06      2.990e-06      5.000e-09      2.000e-09      3.000e-09      6.245e-30      1.252e-45      5.916e-67      1.544e-26      2.036e-49      9.857e-68      
7.62900e-05     0.00000e+00     0.00000e+00     2.71300e+08     9.60500e+02     3.41400e+01     4.97600e+00     8.500e-02      4.000e-04      2.000e-05      1.750e-06      3.000e-08      2.000e-09      1.250e-08      1.275e-06      2.190e-05      2.045e-05      5.300e-06      9.350e-06      1.625e-07      8.500e-09      3.425e-08      2.510e-06      2.990e-06      5.000e-09      2.000e-09      3.000e-09      3.725e-30      3.786e-43      1.714e-64      1.602e-26      2.191e-49      6.581e-66      
8.17300e-05     0.00000e+00     0.00000e+00     2.36300e+08     9.27900e+02     3.18600e+01     5.33100e+00     8.500e-02      4.000e-04      2.000e-05      1.750e-06      3.000e-08      2.000e-09      1.250e-08      1.275e-06      2.190e-05      2.045e-05      5.300e-06      9.350e-06      1.625e-07      8.500e-09      3.425e-08      2.510e-06      2.990e-06      5.000e-09      2.000e-09      3.000e-09      2.200e-30      7.901e-41      3.425e-62      1.637e-26      2.287e-49      7.824e-64      
8.75700e-05     0.00000e+00     0.00000e+00     2.05800e+08     8.96400e+02     2.97400e+01     5.71200e+00     8.500e-02      4.000e-04      2.000e-05      1.750e-06      3.000e-08      2.000e-09      1.250e-08      1.275e-06      2.190e-05      2.045e-05      5.300e-06      9.350e-06      1.625e-07      8.500e-09      3.425e-08      2.510e-06      2.990e-06      5.000e-09      2.000e-09      3.000e-09      1.288e-30      1.142e-38      4.703e-60      1.658e-26      2.346e-49      6.509e-62      
9.38500e-05     0.00000e+00     0.00000e+00     1.79200e+08     8.66000e+02     2.77500e+01     6.12200e+00     0.000e+00      0.000e+00      0.000e+00      0.000e+00      0.000e+00      0.000e+00      1.250e-08      0.000e+00      0.000e+00      0.000e+00      0.000e+00      9.350e-06      1.625e-07      8.500e-09      0.000e+00      0.000e+00      0.000e+00      0.000e+00      0.000e+00      0.000e+00      0.000e+00      0.000e+00      0.000e+00      0.000e+00      2.381e-49      4.059e-60      
