# Collapse Model Output 
 
# ev_output/ev_2.dat in GNUPLOT format produced by evolve_output.pl 
 
X               Y               Z              DENSITY         TEMP            AV              TIME            He          CO          N2          CH4         NH3         H2S         HCP         H2O         C2H2        HCN         CS          SiC2        HCl         HF          C2H4        SiO         SiS         Mg          Na          Fe          C2H         C4H         C6H         HC3N        HC5N        HC7N        
#(PC)            (PC)            (PC)           (CM-3)          (K)             (MAG)           (YR)	       (wrt Hnuc)     
 
1.83000e-03     0.00000e+00     0.00000e+00     4.71400e+05     1.96100e+02     1.42300e+00     1.19400e+02     8.500e-02      4.002e-04      2.000e-05      1.530e-06      2.292e-08      1.268e-09      1.109e-08      1.124e-06      1.734e-05      1.814e-05      4.550e-06      9.249e-06      1.077e-07      8.464e-09      1.712e-08      1.947e-06      2.944e-06      4.892e-09      1.875e-09      2.873e-09      7.005e-08      6.362e-08      2.123e-08      1.754e-06      1.230e-08      1.364e-08      
1.96100e-03     0.00000e+00     0.00000e+00     4.10600e+05     1.89500e+02     1.32800e+00     1.27900e+02     8.500e-02      4.002e-04      2.000e-05      1.511e-06      2.239e-08      1.217e-09      1.097e-08      1.111e-06      1.699e-05      1.794e-05      4.488e-06      9.239e-06      1.041e-07      8.463e-09      1.614e-08      1.903e-06      2.940e-06      4.885e-09      1.869e-09      2.864e-09      1.103e-07      6.989e-08      2.522e-08      1.839e-06      1.389e-08      1.643e-08      
2.10100e-03     0.00000e+00     0.00000e+00     3.57600e+05     1.83000e+02     1.24000e+00     1.37000e+02     8.500e-02      4.002e-04      2.000e-05      1.486e-06      2.172e-08      1.153e-09      1.083e-08      1.095e-06      1.658e-05      1.765e-05      4.409e-06      9.229e-06      9.926e-08      8.458e-09      1.499e-08      1.848e-06      2.934e-06      4.876e-09      1.863e-09      2.854e-09      1.710e-07      8.227e-08      3.048e-08      1.928e-06      1.596e-08      2.017e-08      
2.25100e-03     0.00000e+00     0.00000e+00     3.11400e+05     1.76800e+02     1.15700e+00     1.46800e+02     8.500e-02      4.003e-04      2.000e-05      1.454e-06      2.088e-08      1.075e-09      1.065e-08      1.074e-06      1.605e-05      1.727e-05      4.312e-06      9.218e-06      9.334e-08      8.447e-09      1.370e-08      1.780e-06      2.926e-06      4.862e-09      1.857e-09      2.840e-09      2.610e-07      1.015e-07      3.709e-08      2.029e-06      1.886e-08      2.530e-08      
2.41200e-03     0.00000e+00     0.00000e+00     2.71300e+05     1.70800e+02     1.08000e+00     1.57300e+02     8.500e-02      4.003e-04      2.000e-05      1.412e-06      1.987e-08      9.814e-10      1.043e-08      1.047e-06      1.538e-05      1.676e-05      4.190e-06      9.206e-06      8.637e-08      8.429e-09      1.227e-08      1.696e-06      2.915e-06      4.844e-09      1.850e-09      2.824e-09      3.905e-07      1.282e-07      4.514e-08      2.141e-06      2.306e-08      3.236e-08      
2.58500e-03     0.00000e+00     0.00000e+00     2.36300e+05     1.65000e+02     1.00800e+00     1.68600e+02     8.500e-02      4.003e-04      2.000e-05      1.360e-06      1.865e-08      8.741e-10      1.016e-08      1.015e-06      1.455e-05      1.612e-05      4.043e-06      9.193e-06      7.847e-08      8.404e-09      1.078e-08      1.597e-06      2.901e-06      4.820e-09      1.842e-09      2.804e-09      5.733e-07      1.628e-07      5.460e-08      2.257e-06      2.912e-08      4.183e-08      
2.77000e-03     0.00000e+00     0.00000e+00     2.05800e+05     1.59400e+02     9.40400e-01     1.80700e+02     8.500e-02      4.004e-04      2.000e-05      1.296e-06      1.722e-08      7.551e-10      9.845e-09      9.757e-07      1.356e-05      1.532e-05      3.867e-06      9.179e-06      6.980e-08      8.374e-09      9.273e-09      1.481e-06      2.883e-06      4.788e-09      1.833e-09      2.781e-09      8.236e-07      2.055e-07      6.532e-08      2.359e-06      3.776e-08      5.426e-08      
2.96800e-03     0.00000e+00     0.00000e+00     1.79200e+05     1.54000e+02     8.77600e-01     1.93600e+02     8.500e-02      4.004e-04      2.000e-05      1.220e-06      1.559e-08      6.295e-10      9.472e-09      9.293e-07      1.241e-05      1.435e-05      3.660e-06      9.163e-06      6.064e-08      8.343e-09      7.841e-09      1.350e-06      2.859e-06      4.750e-09      1.823e-09      2.757e-09      1.152e-06      2.551e-07      7.684e-08      2.424e-06      4.959e-08      6.998e-08      
3.18000e-03     0.00000e+00     0.00000e+00     1.56100e+05     1.48800e+02     8.19000e-01     2.07400e+02     8.500e-02      4.005e-04      2.000e-05      1.132e-06      1.378e-08      5.030e-10      9.042e-09      8.752e-07      1.112e-05      1.321e-05      3.424e-06      9.144e-06      5.129e-08      8.314e-09      6.549e-09      1.206e-06      2.829e-06      4.705e-09      1.812e-09      2.733e-09      1.565e-06      3.088e-07      8.844e-08      2.426e-06      6.497e-08      8.904e-08      
3.40600e-03     0.00000e+00     0.00000e+00     1.35900e+05     1.43700e+02     7.64300e-01     2.22200e+02     8.500e-02      4.005e-04      2.000e-05      1.031e-06      1.185e-08      3.833e-10      8.555e-09      8.138e-07      9.729e-06      1.191e-05      3.163e-06      9.118e-06      4.213e-08      8.290e-09      5.450e-09      1.053e-06      2.789e-06      4.656e-09      1.800e-09      2.709e-09      2.057e-06      3.606e-07      9.912e-08      2.339e-06      8.341e-08      1.106e-07      
3.65200e-03     0.00000e+00     0.00000e+00     1.18400e+05     1.38800e+02     7.13300e-01     2.38200e+02     8.500e-02      4.006e-04      2.000e-05      9.186e-07      9.826e-09      2.748e-10      8.004e-09      7.443e-07      8.275e-06      1.044e-05      2.876e-06      9.082e-06      3.337e-08      8.271e-09      4.542e-09      8.930e-07      2.737e-06      4.607e-09      1.788e-09      2.688e-09      2.604e-06      4.039e-07      1.079e-07      2.150e-06      1.041e-07      1.336e-07      
3.91200e-03     0.00000e+00     0.00000e+00     1.03100e+05     1.34100e+02     6.65700e-01     2.55200e+02     8.500e-02      4.006e-04      2.001e-05      8.001e-07      7.870e-09      1.863e-10      7.410e-09      6.699e-07      6.856e-06      8.903e-06      2.580e-06      9.032e-06      2.561e-08      8.257e-09      3.837e-09      7.375e-07      2.672e-06      4.559e-09      1.774e-09      2.669e-09      3.155e-06      4.279e-07      1.138e-07      1.869e-06      1.241e-07      1.547e-07      
4.19000e-03     0.00000e+00     0.00000e+00     8.98200e+04     1.29600e+02     6.21300e-01     2.73300e+02     8.500e-02      4.007e-04      2.002e-05      6.771e-07      6.030e-09      1.181e-10      6.768e-09      5.904e-07      5.507e-06      7.319e-06      2.280e-06      8.959e-06      1.891e-08      8.244e-09      3.284e-09      5.893e-07      2.590e-06      4.510e-09      1.760e-09      2.649e-09      3.654e-06      4.262e-07      1.164e-07      1.521e-06      1.409e-07      1.709e-07      
4.49200e-03     0.00000e+00     0.00000e+00     7.82300e+04     1.25200e+02     5.79800e-01     2.93000e+02     8.500e-02      4.007e-04      2.004e-05      5.535e-07      4.384e-09      6.990e-11      6.085e-09      5.073e-07      4.273e-06      5.755e-06      1.984e-06      8.851e-06      1.341e-08      8.231e-09      2.847e-09      4.536e-07      2.487e-06      4.457e-09      1.743e-09      2.626e-09      4.038e-06      3.961e-07      1.159e-07      1.149e-06      1.518e-07      1.793e-07      
4.81300e-03     0.00000e+00     0.00000e+00     6.81400e+04     1.20900e+02     5.41100e-01     3.13900e+02     8.500e-02      4.008e-04      2.007e-05      4.364e-07      3.022e-09      3.946e-11      5.384e-09      4.241e-07      3.208e-06      4.315e-06      1.708e-06      8.695e-06      9.212e-09      8.213e-09      2.500e-09      3.376e-07      2.359e-06      4.396e-09      1.722e-09      2.597e-09      4.252e-06      3.418e-07      1.130e-07      8.051e-07      1.545e-07      1.776e-07      
5.15600e-03     0.00000e+00     0.00000e+00     5.93400e+04     1.16800e+02     5.05000e-01     3.36300e+02     8.500e-02      4.008e-04      2.012e-05      3.296e-07      1.959e-09      2.189e-11      4.677e-09      3.429e-07      2.334e-06      3.058e-06      1.459e-06      8.477e-06      6.169e-09      8.188e-09      2.213e-09      2.431e-07      2.202e-06      4.324e-09      1.697e-09      2.559e-09      4.275e-06      2.735e-07      1.086e-07      5.222e-07      1.483e-07      1.657e-07      
5.52600e-03     0.00000e+00     0.00000e+00     5.16900e+04     1.12900e+02     4.71300e-01     3.60400e+02     8.500e-02      4.007e-04      2.019e-05      2.368e-07      1.182e-09      1.253e-11      3.978e-09      2.661e-07      1.653e-06      2.030e-06      1.239e-06      8.177e-06      4.086e-09      8.153e-09      1.964e-09      1.700e-07      2.009e-06      4.239e-09      1.667e-09      2.513e-09      4.122e-06      2.036e-07      1.037e-07      3.149e-07      1.336e-07      1.450e-07      
5.92100e-03     0.00000e+00     0.00000e+00     4.50200e+04     1.09000e+02     4.39800e-01     3.86200e+02     8.500e-02      4.006e-04      2.027e-05      1.609e-07      6.611e-10      7.759e-12      3.307e-09      1.969e-07      1.147e-06      1.253e-06      1.051e-06      7.782e-06      2.748e-09      8.101e-09      1.741e-09      1.170e-07      1.780e-06      4.148e-09      1.635e-09      2.462e-09      3.854e-06      1.426e-07      9.888e-08      1.789e-07      1.128e-07      1.187e-07      
6.34500e-03     0.00000e+00     0.00000e+00     3.92100e+04     1.05300e+02     4.10500e-01     4.13900e+02     8.500e-02      4.003e-04      2.037e-05      1.026e-07      3.388e-10      5.188e-12      2.681e-09      1.375e-07      7.935e-07      7.122e-07      8.924e-07      7.281e-06      1.926e-09      8.029e-09      1.534e-09      8.035e-08      1.515e-06      4.058e-09      1.603e-09      2.410e-09      3.531e-06      9.566e-08      9.466e-08      9.752e-08      8.862e-08      9.050e-08      
6.79900e-03     0.00000e+00     0.00000e+00     3.41500e+04     1.01700e+02     3.83100e-01     4.43500e+02     8.500e-02      4.000e-04      2.048e-05      6.102e-08      1.584e-10      3.616e-12      2.117e-09      8.980e-08      5.560e-07      3.700e-07      7.586e-07      6.676e-06      1.437e-09      7.927e-09      1.349e-09      5.580e-08      1.226e-06      3.979e-09      1.575e-09      2.362e-09      3.215e-06      6.293e-08      9.158e-08      5.242e-08      6.451e-08      6.417e-08      
7.28500e-03     0.00000e+00     0.00000e+00     2.97400e+04     9.82900e+01     3.57500e-01     4.75200e+02     8.500e-02      3.994e-04      2.060e-05      3.353e-08      6.710e-11      2.555e-12      1.623e-09      5.416e-08      4.001e-07      1.739e-07      6.440e-07      5.977e-06      1.147e-09      7.789e-09      1.189e-09      3.925e-08      9.309e-07      3.916e-09      1.553e-09      2.320e-09      2.941e-06      4.144e-08      9.032e-08      2.838e-08      4.319e-08      4.239e-08      
7.80700e-03     0.00000e+00     0.00000e+00     2.59000e+04     9.49500e+01     3.33600e-01     5.09300e+02     8.500e-02      3.986e-04      2.071e-05      1.686e-08      2.566e-11      1.839e-12      1.206e-09      2.974e-08      2.962e-07      7.348e-08      5.436e-07      5.209e-06      9.678e-10      7.603e-09      1.059e-09      2.768e-08      6.530e-07      3.871e-09      1.538e-09      2.285e-09      2.714e-06      2.776e-08      9.145e-08      1.563e-08      2.644e-08      2.639e-08      
8.36400e-03     0.00000e+00     0.00000e+00     2.25600e+04     9.17300e+01     3.11400e-01     5.45600e+02     8.500e-02      3.974e-04      2.081e-05      7.730e-09      8.962e-12      1.386e-12      8.667e-10      1.471e-08      2.249e-07      2.835e-08      4.546e-07      4.408e-06      8.517e-10      7.360e-09      9.544e-10      1.931e-08      4.177e-07      3.843e-09      1.529e-09      2.257e-09      2.524e-06      1.923e-08      9.514e-08      8.768e-09      1.486e-08      1.591e-08      
8.96100e-03     0.00000e+00     0.00000e+00     1.96500e+04     8.86200e+01     2.90600e-01     5.84500e+02     8.500e-02      3.959e-04      2.089e-05      3.218e-09      2.900e-12      1.110e-12      6.014e-10      6.467e-09      1.735e-07      1.049e-08      3.749e-07      3.612e-06      7.715e-10      7.048e-09      8.662e-10      1.317e-08      2.400e-07      3.828e-09      1.526e-09      2.232e-09      2.348e-06      1.400e-08      1.008e-07      4.949e-09      7.849e-09      9.586e-09      
9.60200e-03     0.00000e+00     0.00000e+00     1.71200e+04     8.56100e+01     2.71200e-01     6.26400e+02     8.500e-02      3.938e-04      2.094e-05      1.222e-09      8.843e-13      9.360e-13      4.006e-10      2.484e-09      1.344e-07      4.190e-09      3.036e-07      2.854e-06      7.130e-10      6.659e-09      7.830e-10      8.757e-09      1.214e-07      3.822e-09      1.526e-09      2.209e-09      2.164e-06      1.085e-08      1.075e-07      2.778e-09      4.144e-09      5.880e-09      
1.02900e-02     0.00000e+00     0.00000e+00     1.49100e+04     8.27000e+01     2.53100e-01     6.71200e+02     8.500e-02      3.911e-04      2.095e-05      4.458e-10      2.607e-13      8.103e-13      2.559e-10      8.324e-10      1.039e-07      2.091e-09      2.411e-07      2.171e-06      6.687e-10      6.185e-09      6.968e-10      5.754e-09      5.342e-08      3.820e-09      1.528e-09      2.187e-09      1.960e-06      8.971e-09      1.139e-07      1.541e-09      2.464e-09      3.669e-09      
1.10300e-02     0.00000e+00     0.00000e+00     1.29800e+04     7.98900e+01     2.36200e-01     7.19200e+02     8.500e-02      3.875e-04      2.093e-05      1.770e-10      7.445e-14      7.064e-13      1.561e-10      2.482e-10      7.949e-08      1.302e-09      1.877e-07      1.586e-06      6.338e-10      5.627e-09      6.033e-10      3.800e-09      2.007e-08      3.819e-09      1.531e-09      2.161e-09      1.734e-06      7.755e-09      1.193e-07      8.436e-10      1.796e-09      2.281e-09      
1.18100e-02     0.00000e+00     0.00000e+00     1.13100e+04     7.71800e+01     2.20400e-01     7.70500e+02     8.500e-02      3.831e-04      2.085e-05      9.051e-11      2.026e-14      6.146e-13      9.053e-11      7.335e-11      5.998e-08      9.040e-10      1.433e-07      1.109e-06      6.052e-10      4.994e-09      5.039e-10      2.561e-09      6.304e-09      3.815e-09      1.534e-09      2.131e-09      1.490e-06      6.851e-09      1.234e-07      4.578e-10      1.540e-09      1.391e-09      
1.26600e-02     0.00000e+00     0.00000e+00     9.84900e+03     7.45600e+01     2.05700e-01     8.25700e+02     8.500e-02      3.774e-04      2.072e-05      6.004e-11      5.170e-15      5.308e-13      4.966e-11      2.878e-11      4.442e-08      6.481e-10      1.071e-07      7.407e-07      5.804e-10      4.301e-09      4.026e-10      1.767e-09      1.607e-09      3.804e-09      1.534e-09      2.094e-09      1.242e-06      6.071e-09      1.263e-07      2.485e-10      1.412e-09      8.233e-10      
1.35700e-02     0.00000e+00     0.00000e+00     8.57800e+03     7.20300e+01     1.92000e-01     8.84900e+02     8.500e-02      3.705e-04      2.053e-05      4.487e-11      1.277e-15      4.536e-13      2.567e-11      1.851e-11      3.222e-08      4.675e-10      7.833e-08      4.711e-07      5.582e-10      3.580e-09      3.061e-10      1.242e-09      3.219e-10      3.782e-09      1.531e-09      2.048e-09      1.003e-06      5.351e-09      1.279e-07      1.378e-10      1.303e-09      4.737e-10      
1.45300e-02     0.00000e+00     0.00000e+00     7.47100e+03     6.95800e+01     1.79200e-01     9.48100e+02     8.500e-02      3.621e-04      2.029e-05      3.417e-11      3.425e-16      3.823e-13      1.251e-11      1.584e-11      2.293e-08      3.370e-10      5.616e-08      2.860e-07      5.377e-10      2.867e-09      2.211e-10      8.760e-10      4.899e-11      3.745e-09      1.522e-09      1.989e-09      7.889e-07      4.683e-09      1.283e-07      7.998e-11      1.180e-09      2.665e-10      
1.55800e-02     0.00000e+00     0.00000e+00     6.50700e+03     6.72200e+01     1.67200e-01     1.01600e+03     8.500e-02      3.520e-04      1.998e-05      2.565e-11      1.131e-16      3.165e-13      5.730e-12      1.499e-11      1.604e-08      2.422e-10      3.945e-08      1.657e-07      5.182e-10      2.202e-09      1.513e-10      6.118e-10      5.331e-12      3.688e-09      1.507e-09      1.914e-09      6.068e-07      4.082e-09      1.272e-07      4.927e-11      1.038e-09      1.473e-10      
1.66900e-02     0.00000e+00     0.00000e+00     5.66700e+03     6.49400e+01     1.56100e-01     1.08800e+03     8.500e-02      3.401e-04      1.962e-05      1.898e-11      4.505e-17      2.565e-13      2.483e-12      1.502e-11      1.112e-08      1.739e-10      2.733e-08      9.255e-08      4.991e-10      1.621e-09      9.858e-11      4.218e-10      4.110e-13      3.606e-09      1.481e-09      1.821e-09      4.619e-07      3.559e-09      1.246e-07      3.218e-11      8.857e-10      8.126e-11      
1.78800e-02     0.00000e+00     0.00000e+00     4.93600e+03     6.27300e+01     1.45600e-01     1.16600e+03     8.500e-02      3.261e-04      1.919e-05      1.393e-11      1.876e-17      2.026e-13      1.025e-12      1.584e-11      7.690e-09      1.250e-10      1.880e-08      5.045e-08      4.803e-10      1.141e-09      6.137e-11      2.882e-10      3.582e-14      3.491e-09      1.443e-09      1.703e-09      3.520e-07      3.114e-09      1.201e-07      2.180e-11      7.300e-10      4.526e-11      
1.91600e-02     0.00000e+00     0.00000e+00     4.29900e+03     6.06100e+01     1.35900e-01     1.25000e+03     8.500e-02      3.100e-04      1.869e-05      1.026e-11      7.547e-18      1.556e-13      4.164e-13      1.737e-11      5.349e-09      9.040e-11      1.306e-08      2.769e-08      4.613e-10      7.709e-10      3.697e-11      1.984e-10      1.284e-14      3.334e-09      1.389e-09      1.559e-09      2.727e-07      2.730e-09      1.138e-07      1.495e-11      5.809e-10      2.592e-11      
2.05300e-02     0.00000e+00     0.00000e+00     3.74400e+03     5.85500e+01     1.26900e-01     1.33900e+03     8.500e-02      2.916e-04      1.812e-05      7.583e-12      2.847e-18      1.158e-13      1.733e-13      1.955e-11      3.736e-09      6.587e-11      9.279e-09      1.569e-08      4.419e-10      5.000e-10      2.166e-11      1.390e-10      7.662e-15      3.125e-09      1.313e-09      1.386e-09      2.163e-07      2.381e-09      1.054e-07      1.013e-11      4.453e-10      1.529e-11      
2.20000e-02     0.00000e+00     0.00000e+00     3.26100e+03     5.65600e+01     1.18400e-01     1.43500e+03     8.500e-02      2.712e-04      1.748e-05      5.600e-12      1.009e-18      8.343e-14      7.793e-14      2.221e-11      2.601e-09      4.837e-11      6.806e-09      9.335e-09      4.217e-10      3.130e-10      1.232e-11      9.914e-11      4.531e-15      2.854e-09      1.212e-09      1.185e-09      1.750e-07      2.043e-09      9.520e-08      6.666e-12      3.283e-10      9.202e-12      
2.35700e-02     0.00000e+00     0.00000e+00     2.84000e+03     5.46400e+01     1.10500e-01     1.53800e+03     8.500e-02      2.489e-04      1.676e-05      4.076e-12      3.361e-19      5.832e-14      3.857e-14      2.522e-11      1.778e-09      3.572e-11      5.123e-09      5.750e-09      4.004e-10      1.902e-10      6.708e-12      7.100e-11      2.567e-15      2.513e-09      1.079e-09      9.629e-10      1.425e-07      1.704e-09      8.354e-08      4.210e-12      2.324e-10      5.540e-12      
2.52600e-02     0.00000e+00     0.00000e+00     2.47400e+03     5.27800e+01     1.03100e-01     1.64800e+03     8.500e-02      2.250e-04      1.597e-05      2.888e-12      1.063e-19      3.983e-14      2.037e-14      2.841e-11      1.175e-09      2.648e-11      3.882e-09      3.557e-09      3.778e-10      1.129e-10      3.428e-12      5.008e-11      1.392e-15      2.106e-09      9.158e-10      7.346e-10      1.145e-07      1.370e-09      7.090e-08      2.533e-12      1.577e-10      3.266e-12      
2.70600e-02     0.00000e+00     0.00000e+00     2.15500e+03     5.09900e+01     9.62300e-02     1.76500e+03     8.500e-02      1.998e-04      1.511e-05      1.975e-12      3.255e-20      2.692e-14      1.080e-14      3.161e-11      7.416e-10      1.967e-11      2.885e-09      2.146e-09      3.541e-10      6.602e-11      1.619e-12      3.427e-11      7.230e-16      1.651e-09      7.276e-10      5.191e-10      8.901e-08      1.056e-09      5.788e-08      1.443e-12      1.024e-10      1.849e-12      
2.90000e-02     0.00000e+00     0.00000e+00     1.87700e+03     4.92600e+01     8.98000e-02     1.89200e+03     8.500e-02      1.739e-04      1.416e-05      1.306e-12      1.017e-20      1.841e-14      5.490e-15      3.459e-11      4.459e-10      1.468e-11      2.057e-09      1.245e-09      3.303e-10      3.841e-11      7.073e-13      2.269e-11      3.622e-16      1.189e-09      5.309e-10      3.362e-10      6.614e-08      7.743e-10      4.503e-08      7.736e-13      6.360e-11      9.912e-13      
3.10800e-02     0.00000e+00     0.00000e+00     1.63400e+03     4.75900e+01     8.38100e-02     2.02700e+03     8.500e-02      1.482e-04      1.315e-05      8.487e-13      3.503e-21      1.309e-14      2.631e-15      3.710e-11      2.583e-10      1.109e-11      1.392e-09      7.006e-10      3.082e-10      2.252e-11      2.946e-13      1.471e-11      1.773e-16      7.760e-10      3.507e-10      1.991e-10      4.690e-08      5.343e-10      3.298e-08      3.900e-13      3.777e-11      5.012e-13      
3.32800e-02     0.00000e+00     0.00000e+00     1.42400e+03     4.59700e+01     7.82200e-02     2.17100e+03     8.500e-02      1.235e-04      1.207e-05      5.582e-13      1.454e-21      9.903e-15      1.210e-15      3.902e-11      1.476e-10      8.569e-12      8.995e-10      3.935e-10      2.900e-10      1.345e-11      1.236e-13      9.588e-12      8.593e-17      4.595e-10      2.100e-10      1.090e-10      3.208e-08      3.408e-10      2.234e-08      1.865e-13      2.147e-11      2.419e-13      
3.56800e-02     0.00000e+00     0.00000e+00     1.24000e+03     4.44100e+01     7.29900e-02     2.32700e+03     8.500e-02      1.000e-04      1.093e-05      3.786e-13      1.185e-21      7.957e-15      5.419e-16      4.036e-11      8.463e-11      6.803e-12      5.599e-10      2.251e-10      2.771e-10      8.251e-12      5.405e-14      6.396e-12      4.095e-17      2.494e-10      1.150e-10      5.601e-11      2.137e-08      1.937e-10      1.352e-08      8.500e-14      1.145e-11      1.133e-13      
3.82400e-02     0.00000e+00     0.00000e+00     1.08000e+03     4.29100e+01     6.81200e-02     2.49500e+03     8.500e-02      7.882e-05      9.751e-06      2.728e-13      6.845e-21      6.739e-15      2.499e-16      4.111e-11      5.050e-11      5.581e-12      3.479e-10      1.362e-10      2.708e-10      5.229e-12      2.622e-14      4.467e-12      1.950e-17      1.334e-10      6.196e-11      2.921e-11      1.428e-08      9.634e-11      7.223e-09      3.941e-14      5.714e-12      5.595e-14      
4.09600e-02     0.00000e+00     0.00000e+00     9.40500e+02     4.14500e+01     6.35800e-02     2.67200e+03     8.500e-02      6.031e-05      8.566e-06      2.104e-13      1.152e-19      5.905e-15      1.231e-16      4.132e-11      3.201e-11      4.707e-12      2.232e-10      8.828e-11      2.704e-10      3.391e-12      1.442e-14      3.267e-12      9.273e-18      7.842e-11      3.655e-11      1.727e-11      9.836e-09      4.194e-11      3.412e-09      1.987e-14      2.648e-12      3.111e-14      
4.38800e-02     0.00000e+00     0.00000e+00     8.19200e+02     4.00400e+01     5.93300e-02     2.86200e+03     8.500e-02      4.457e-05      7.385e-06      1.719e-13      1.547e-18      5.273e-15      6.624e-17      4.105e-11      2.165e-11      4.043e-12      1.510e-10      6.100e-11      2.741e-10      2.232e-12      8.940e-15      2.474e-12      4.349e-18      5.524e-11      2.573e-11      1.242e-11      7.100e-09      1.627e-11      1.445e-09      1.076e-14      1.135e-12      1.929e-14      
4.70200e-02     0.00000e+00     0.00000e+00     7.13500e+02     3.86800e+01     5.53700e-02     3.06700e+03     8.500e-02      3.163e-05      6.225e-06      1.463e-13      7.165e-18      4.752e-15      3.885e-17      4.037e-11      1.546e-11      3.501e-12      1.074e-10      4.422e-11      2.804e-10      1.479e-12      6.108e-15      1.911e-12      2.010e-18      4.633e-11      2.161e-11      1.057e-11      5.378e-09      5.806e-12      5.644e-10      5.988e-15      4.540e-13      1.255e-14      
5.03900e-02     0.00000e+00     0.00000e+00     6.21400e+02     3.73700e+01     5.16800e-02     3.28700e+03     8.500e-02      2.149e-05      5.118e-06      1.278e-13      2.097e-17      4.300e-15      2.437e-17      3.933e-11      1.146e-11      3.035e-12      7.925e-11      3.303e-11      2.883e-10      9.798e-13      4.472e-15      1.490e-12      9.422e-19      4.313e-11      2.025e-11      9.873e-12      4.219e-09      2.005e-12      2.117e-10      3.453e-15      1.740e-13      8.120e-15      
5.39900e-02     0.00000e+00     0.00000e+00     5.41200e+02     3.61000e+01     4.82300e-02     3.52200e+03     8.500e-02      1.396e-05      4.099e-06      1.135e-13      4.479e-17      3.897e-15      1.598e-17      3.795e-11      8.662e-12      2.618e-12      5.957e-11      2.503e-11      2.971e-10      6.456e-13      3.415e-15      1.166e-12      4.736e-19      4.198e-11      1.995e-11      9.558e-12      3.369e-09      7.060e-13      7.933e-11      1.973e-15      6.595e-14      5.077e-15      
5.78500e-02     0.00000e+00     0.00000e+00     4.71400e+02     3.48700e+01     4.50100e-02     3.77300e+03     8.500e-02      8.630e-06      3.185e-06      1.012e-13      7.420e-17      3.532e-15      1.078e-17      3.624e-11      6.607e-12      2.239e-12      4.517e-11      1.906e-11      3.064e-10      4.218e-13      2.654e-15      9.104e-13      2.709e-19      4.146e-11      2.002e-11      9.350e-12      2.704e-09      2.650e-13      3.038e-11      1.046e-15      2.522e-14      3.019e-15      
6.20000e-02     0.00000e+00     0.00000e+00     4.10600e+02     3.36900e+01     4.20000e-02     4.04400e+03     8.500e-02      5.037e-06      2.389e-06      9.031e-14      1.060e-16      3.197e-15      7.431e-18      3.428e-11      5.057e-12      1.899e-12      3.438e-11      1.450e-11      3.158e-10      2.738e-13      2.071e-15      7.090e-13      1.810e-19      4.105e-11      2.023e-11      9.150e-12      2.167e-09      1.099e-13      1.210e-11      5.262e-16      9.898e-15      1.695e-15      
6.64400e-02     0.00000e+00     0.00000e+00     3.57600e+02     3.25500e+01     3.92000e-02     4.33400e+03     8.500e-02      2.768e-06      1.725e-06      8.079e-14      1.396e-16      2.890e-15      5.221e-18      3.218e-11      3.873e-12      1.597e-12      2.620e-11      1.099e-11      3.251e-10      1.758e-13      1.618e-15      5.505e-13      1.368e-19      4.058e-11      2.048e-11      8.927e-12      1.729e-09      5.126e-14      5.105e-12      2.592e-16      4.038e-15      9.021e-16      
7.12000e-02     0.00000e+00     0.00000e+00     3.11400e+02     3.14400e+01     3.65800e-02     4.64400e+03     8.500e-02      1.422e-06      1.192e-06      7.249e-14      1.943e-16      2.608e-15      3.729e-18      3.004e-11      2.963e-12      1.331e-12      1.997e-11      8.278e-12      3.341e-10      1.111e-13      1.260e-15      4.263e-13      1.108e-19      3.999e-11      2.073e-11      8.673e-12      1.372e-09      2.644e-14      2.282e-12      1.259e-16      1.705e-15      4.545e-16      
7.62900e-02     0.00000e+00     0.00000e+00     2.71300e+02     3.03700e+01     3.41400e-02     4.97600e+03     8.500e-02      6.810e-07      7.856e-07      6.564e-14      4.126e-16      2.353e-15      2.706e-18      2.799e-11      2.265e-12      1.100e-12      1.524e-11      6.196e-12      3.425e-10      6.929e-14      9.774e-16      3.301e-13      9.238e-20      3.925e-11      2.097e-11      8.386e-12      1.083e-09      1.470e-14      1.077e-12      6.044e-17      7.376e-16      2.153e-16      
8.17300e-02     0.00000e+00     0.00000e+00     2.36300e+02     2.93400e+01     3.18600e-02     5.33100e+03     8.500e-02      3.022e-07      4.913e-07      6.084e-14      1.573e-15      2.124e-15      1.989e-18      2.642e-11      1.728e-12      9.030e-13      1.162e-11      4.599e-12      3.503e-10      4.263e-14      7.521e-16      2.571e-13      7.787e-20      3.836e-11      2.119e-11      8.067e-12      8.499e-10      8.540e-15      5.294e-13      2.828e-17      3.194e-16      9.010e-17      
8.75700e-02     0.00000e+00     0.00000e+00     2.05800e+02     2.83500e+01     2.97400e-02     5.71200e+03     8.500e-02      1.244e-07      2.912e-07      5.880e-14      9.868e-15      1.934e-15      1.481e-18      2.673e-11      1.315e-12      7.397e-13      8.855e-12      3.385e-12      3.574e-10      2.587e-14      5.735e-16      2.055e-13      6.587e-20      3.731e-11      2.138e-11      7.720e-12      6.631e-10      5.084e-15      2.671e-13      1.237e-17      1.338e-16      2.726e-17      
9.38500e-02     0.00000e+00     0.00000e+00     1.79200e+02     2.73800e+01     2.77500e-02     6.12200e+03     8.500e-02      4.772e-08      1.622e-07      5.603e-14      7.636e-14      1.817e-15      1.111e-18      3.559e-11      9.975e-13      6.090e-13      6.743e-12      2.470e-12      3.638e-10      1.533e-14      4.324e-16      1.786e-13      5.573e-20      3.613e-11      2.154e-11      7.352e-12      5.145e-10      3.062e-15      1.363e-13      5.225e-18      5.300e-17      4.808e-18      
1.00600e-01     0.00000e+00     0.00000e+00     1.56100e+02     2.64600e+01     2.59000e-02     6.56000e+03     8.500e-02      1.792e-08      8.487e-08      5.432e-14      2.788e-13      1.923e-15      8.401e-19      6.067e-11      7.559e-13      5.102e-13      5.135e-12      1.789e-12      3.694e-10      9.013e-15      3.232e-16      1.760e-13      4.718e-20      3.481e-11      2.166e-11      6.966e-12      3.976e-10      1.858e-15      7.035e-14      2.632e-18      2.135e-17      8.346e-19      
1.07800e-01     0.00000e+00     0.00000e+00     1.35900e+02     2.55600e+01     2.41700e-02     7.02900e+03     8.500e-02      7.310e-09      4.136e-08      6.026e-14      6.213e-13      2.496e-15      6.481e-19      9.465e-11      5.710e-13      4.401e-13      3.905e-12      1.284e-12      3.743e-10      5.174e-15      2.398e-16      1.788e-13      3.989e-20      3.338e-11      2.174e-11      6.568e-12      3.056e-10      1.127e-15      3.646e-14      1.462e-18      8.847e-18      1.811e-19      
1.15400e-01     0.00000e+00     0.00000e+00     1.18400e+02     2.46900e+01     2.25600e-02     7.53000e+03     8.500e-02      3.877e-09      1.871e-08      7.225e-14      1.529e-12      3.016e-15      5.129e-19      1.438e-10      4.311e-13      4.192e-13      2.971e-12      9.153e-13      3.785e-10      2.919e-15      1.770e-16      1.861e-13      3.373e-20      3.186e-11      2.176e-11      6.167e-12      2.342e-10      6.841e-16      1.903e-14      8.496e-19      3.737e-18      4.053e-20      
1.23700e-01     0.00000e+00     0.00000e+00     1.03100e+02     2.38500e+01     2.10500e-02     8.06900e+03     8.500e-02      2.733e-09      7.766e-09      6.795e-14      2.251e-12      2.744e-15      3.921e-19      1.771e-10      3.244e-13      3.898e-13      2.256e-12      6.468e-13      3.821e-10      1.620e-15      1.295e-16      1.778e-13      2.847e-20      3.025e-11      2.173e-11      5.762e-12      1.786e-10      4.132e-16      9.980e-15      5.060e-19      1.584e-18      9.766e-21      
1.32500e-01     0.00000e+00     0.00000e+00     8.98200e+01     2.30400e+01     1.96500e-02     8.64600e+03     8.500e-02      2.125e-09      2.984e-09      4.023e-14      2.095e-12      2.277e-15      2.777e-19      1.742e-10      2.439e-13      3.033e-13      1.714e-12      4.542e-13      3.850e-10      8.862e-16      9.418e-17      1.510e-13      2.403e-20      2.858e-11      2.164e-11      5.362e-12      1.358e-10      2.490e-16      5.290e-15      3.052e-19      6.610e-19      2.305e-21      
1.42000e-01     0.00000e+00     0.00000e+00     7.82300e+01     2.22600e+01     1.83400e-02     9.26600e+03     8.500e-02      1.651e-09      1.089e-09      2.317e-14      1.917e-12      1.888e-15      1.994e-19      1.614e-10      1.829e-13      2.241e-13      1.299e-12      3.165e-13      3.873e-10      4.794e-16      6.800e-17      1.227e-13      2.024e-20      2.688e-11      2.149e-11      4.969e-12      1.028e-10      1.492e-16      2.837e-15      1.848e-19      2.757e-19      5.189e-22      
1.52200e-01     0.00000e+00     0.00000e+00     6.81400e+01     2.15000e+01     1.71100e-02     9.92700e+03     8.500e-02      1.292e-09      4.127e-10      1.977e-14      2.437e-12      1.602e-15      1.499e-19      1.549e-10      1.370e-13      1.940e-13      9.842e-13      2.190e-13      3.891e-10      2.572e-16      4.883e-17      1.018e-13      1.703e-20      2.516e-11      2.127e-11      4.587e-12      7.762e-11      8.898e-17      1.546e-15      1.121e-19      1.158e-19      1.138e-22      
1.63100e-01     0.00000e+00     0.00000e+00     5.93400e+01     2.07700e+01     1.59700e-02     1.06400e+04     8.500e-02      1.020e-09      1.574e-10      1.751e-14      6.133e-12      1.363e-15      1.130e-19      1.476e-10      1.024e-13      2.585e-13      7.444e-13      1.504e-13      3.904e-10      1.395e-16      3.482e-17      8.380e-14      1.430e-20      2.345e-11      2.097e-11      4.219e-12      5.839e-11      5.278e-17      8.535e-16      6.774e-20      4.894e-20      1.811e-23      
1.74700e-01     0.00000e+00     0.00000e+00     5.16900e+01     2.00700e+01     1.49000e-02     1.14000e+04     8.500e-02      7.864e-10      4.336e-11      1.641e-14      9.456e-12      1.133e-15      8.560e-20      1.322e-10      7.642e-14      3.038e-13      5.625e-13      1.027e-13      3.912e-10      7.749e-17      2.469e-17      6.605e-14      1.199e-20      2.175e-11      2.060e-11      3.868e-12      4.382e-11      3.118e-17      4.775e-16      4.077e-20      2.077e-20      2.030e-24      
1.87300e-01     0.00000e+00     0.00000e+00     4.50200e+01     1.93900e+01     1.39100e-02     1.22100e+04     8.500e-02      5.988e-10      8.981e-12      1.391e-14      9.913e-12      9.369e-16      6.412e-20      1.167e-10      5.692e-14      2.761e-13      4.243e-13      6.967e-14      3.916e-10      4.492e-17      1.741e-17      5.162e-14      1.003e-20      2.010e-11      2.016e-11      3.535e-12      3.277e-11      1.833e-17      2.701e-16      2.438e-20      8.792e-21      5.457e-25      
2.00600e-01     0.00000e+00     0.00000e+00     3.92100e+01     1.87300e+01     1.29800e-02     1.30900e+04     8.500e-02      4.535e-10      1.558e-12      6.927e-14      9.235e-12      7.783e-16      7.199e-20      1.026e-10      4.241e-14      2.288e-13      3.195e-13      4.695e-14      3.915e-10      2.820e-17      1.222e-17      4.013e-14      8.377e-21      1.851e-11      1.964e-11      3.222e-12      2.443e-11      1.072e-17      1.544e-16      1.449e-20      3.707e-21      2.072e-25      
2.15000e-01     0.00000e+00     0.00000e+00     3.41500e+01     1.80900e+01     1.21100e-02     1.40200e+04     8.500e-02      3.432e-10      2.678e-13      7.828e-14      8.080e-12      6.502e-16      6.128e-20      8.966e-11      3.150e-14      1.798e-13      2.402e-13      3.144e-14      3.910e-10      2.172e-17      8.524e-18      3.090e-14      6.978e-21      1.698e-11      1.906e-11      2.930e-12      1.816e-11      6.243e-18      8.887e-17      8.568e-21      1.552e-21      8.074e-26      
2.30400e-01     0.00000e+00     0.00000e+00     2.97400e+01     1.74800e+01     1.13100e-02     1.50300e+04     8.500e-02      2.604e-10      7.129e-14      6.314e-14      6.980e-12      5.469e-16      4.453e-20      7.812e-11      2.333e-14      1.396e-13      1.802e-13      2.093e-14      3.902e-10      3.529e-17      5.915e-18      2.370e-14      5.797e-21      1.553e-11      1.840e-11      2.658e-12      1.346e-11      3.617e-18      5.145e-17      5.041e-21      6.447e-22      3.144e-26      
2.46800e-01     0.00000e+00     0.00000e+00     2.59000e+01     1.68900e+01     1.05500e-02     1.61000e+04     8.500e-02      1.976e-10      3.600e-14      4.949e-14      6.015e-12      4.640e-16      3.184e-20      6.792e-11      1.724e-14      1.079e-13      1.349e-13      1.386e-14      3.891e-10      1.609e-16      4.107e-18      1.813e-14      4.804e-21      1.416e-11      1.768e-11      2.405e-12      9.948e-12      2.086e-18      2.986e-17      2.954e-21      2.649e-22      1.216e-26      
2.64500e-01     0.00000e+00     0.00000e+00     2.25600e+01     1.63100e+01     9.84700e-03     1.72500e+04     8.500e-02      1.501e-10      2.359e-14      3.883e-14      5.179e-12      3.978e-16      2.278e-20      5.893e-11      1.272e-14      8.333e-14      1.008e-13      9.124e-15      3.875e-10      8.358e-16      2.936e-18      1.384e-14      3.969e-21      1.288e-11      1.692e-11      2.174e-12      7.330e-12      1.199e-18      1.732e-17      1.724e-21      1.075e-22      4.664e-27      
2.83400e-01     0.00000e+00     0.00000e+00     1.96500e+01     1.57600e+01     9.18900e-03     1.84900e+04     8.500e-02      1.140e-10      1.624e-14      3.053e-14      4.458e-12      3.423e-16      1.631e-20      5.107e-11      9.361e-15      6.426e-14      7.519e-14      5.977e-15      3.857e-10      1.784e-15      2.215e-18      1.054e-14      3.270e-21      1.169e-11      1.610e-11      1.962e-12      5.388e-12      6.863e-19      1.002e-17      1.003e-21      4.299e-23      1.765e-27      
3.03700e-01     0.00000e+00     0.00000e+00     1.71200e+01     1.52200e+01     8.57600e-03     1.98100e+04     8.500e-02      8.675e-11      1.131e-14      2.407e-14      3.835e-12      2.936e-16      1.169e-20      4.420e-11      6.878e-15      4.952e-14      5.596e-14      3.896e-15      3.835e-10      1.948e-15      1.610e-18      8.019e-15      2.686e-21      1.059e-11      1.525e-11      1.768e-12      3.949e-12      3.915e-19      5.770e-18      5.816e-22      1.693e-23      6.596e-28      
3.25400e-01     0.00000e+00     0.00000e+00     1.49100e+01     1.47100e+01     8.00400e-03     2.12200e+04     8.500e-02      6.600e-11      7.916e-15      1.900e-14      3.298e-12      2.511e-16      8.366e-21      3.820e-11      5.040e-15      3.812e-14      4.151e-14      2.525e-15      3.811e-10      1.843e-15      1.099e-18      6.087e-15      2.198e-21      9.567e-12      1.437e-11      1.590e-12      2.885e-12      2.221e-19      3.297e-18      3.358e-22      6.534e-24      2.416e-28      
