    1.46584269755547e-05    -3.85748516422540e-05    -2.55459101136609e-05    1.4421608E+07    1990.69    1990.69    1.2986629685001136    0.00000e+00    0.00000e+00    5.56016077E+10
    2.62008647928327e-05    -4.88141539179408e-05    -2.95406264930170e-05    1.5085215E+07    2225.84    2225.84    0.9015297964229493    0.00000e+00    0.00000e+00    5.56518350E+10
    3.71719860479492e-05    -5.93495673000800e-05    -3.25643706370027e-05    9.7906895E+06    1636.75    1636.75    0.6788521704771010    0.00000e+00    0.00000e+00    5.57020623E+10
    4.79941924175897e-05    -7.01326089661194e-05    -3.46280207949947e-05    6.5870089E+06    1351.56    1351.56    0.6050202811223837    0.00000e+00    0.00000e+00    5.57522896E+10
    5.84807908798053e-05    -8.03300975162516e-05    -3.58193646042998e-05    4.6801606E+06    1158.36    1158.36    0.5694152455734081    0.00000e+00    0.00000e+00    5.58025169E+10
    6.82225788103786e-05    -9.00694759228298e-05    -3.64672870610271e-05    3.4413635E+06    1009.50    1009.50    0.5700071147386045    0.00000e+00    0.00000e+00    5.58527441E+10
    7.70854237777843e-05    -9.92476970379341e-05    -3.64659800033428e-05    2.6190482E+06    891.46    891.46    0.5431725496279751    0.00000e+00    0.00000e+00    5.59029714E+10
    8.52341284966421e-05    -1.07641853227264e-04    -3.57954996508472e-05    2.0510113E+06    793.80    793.80    0.5407694229625604    0.00000e+00    0.00000e+00    5.59531987E+10
    9.28574988069232e-05    -1.15166030658390e-04    -3.45938845788941e-05    1.6284520E+06    709.35    709.35    0.5243497737448115    0.00000e+00    0.00000e+00    5.60034260E+10
    1.00091927341534e-04    -1.21918719230630e-04    -3.30548789396106e-05    1.3028503E+06    637.03    637.03    0.5069905266412782    0.00000e+00    0.00000e+00    5.60536533E+10
    1.07031046166708e-04    -1.28089039912847e-04    -3.13361863208838e-05    1.0530781E+06    576.91    576.91    0.4888550910001328    0.00000e+00    0.00000e+00    5.61038806E+10
    1.13734720075787e-04    -1.33854104839025e-04    -2.95267351266122e-05    8.6304922E+05    528.32    528.32    0.4741223320446015    0.00000e+00    0.00000e+00    5.61541079E+10
    1.20250247491502e-04    -1.39343000499896e-04    -2.76760810720242e-05    7.2320496E+05    491.22    491.22    0.4546288895020259    0.00000e+00    0.00000e+00    5.62043352E+10
    1.26619186642596e-04    -1.44637199834569e-04    -2.58420275226910e-05    6.3072365E+05    468.99    468.99    0.4416459097737541    0.00000e+00    0.00000e+00    5.62545624E+10
    1.32959114543013e-04    -1.49841897715574e-04    -2.41600028171076e-05    6.1112525E+05    532.43    532.43    0.4175699786047596    0.00000e+00    0.00000e+00    5.63047897E+10
    1.39956813405275e-04    -1.55436133693076e-04    -2.31058855202405e-05    7.0473331E+05    840.26    840.26    0.3927920162447518    0.00000e+00    0.00000e+00    5.63550170E+10
    1.48613059870612e-04    -1.62164513707344e-04    -2.33222501091008e-05    8.2993075E+05    1152.53    1152.53    0.3730524100126146    0.00000e+00    0.00000e+00    5.64052443E+10
    1.58663412316665e-04    -1.70009744454375e-04    -2.47733585431855e-05    8.9028156E+05    1296.87    1296.87    0.3544124715928947    0.00000e+00    0.00000e+00    5.64554716E+10
    1.69402078986472e-04    -1.78524454413650e-04    -2.70931241333792e-05    8.8122308E+05    1316.77    1316.77    0.3398523426686767    0.00000e+00    0.00000e+00    5.65056989E+10
    1.80379632749510e-04    -1.87326353453203e-04    -2.99982930320528e-05    8.2974041E+05    1278.64    1278.64    0.3264813823654548    0.00000e+00    0.00000e+00    5.65559262E+10
    1.91356565951035e-04    -1.96193527806781e-04    -3.32854635985515e-05    7.5102477E+05    1214.18    1214.18    0.3201268019681300    0.00000e+00    0.00000e+00    5.66061535E+10
    2.02213207182004e-04    -2.05018247026304e-04    -3.67996515649254e-05    6.5797639E+05    1142.31    1142.31    0.3135995954805907    0.00000e+00    0.00000e+00    5.66563808E+10
    2.12878725163606e-04    -2.13734067396777e-04    -4.04094893920728e-05    5.6778943E+05    1075.67    1075.67    0.3066333292960037    0.00000e+00    0.00000e+00    5.67066080E+10
    2.23324574066297e-04    -2.22317111844404e-04    -4.40288809576202e-05    4.9022875E+05    1017.43    1017.43    0.3038391371799966    0.00000e+00    0.00000e+00    5.67568353E+10
    2.33569855549113e-04    -2.30784591254865e-04    -4.76296648892729e-05    4.2743004E+05    968.38    968.38    0.3020936815949423    0.00000e+00    0.00000e+00    5.68070626E+10
    2.43660515404612e-04    -2.39169977164703e-04    -5.12172541317805e-05    3.7805638E+05    927.99    927.99    0.2989783847525577    0.00000e+00    0.00000e+00    5.68572899E+10
    2.53649049258186e-04    -2.47512200112513e-04    -5.48107707063534e-05    3.3927210E+05    893.86    893.86    0.2962469024082646    0.00000e+00    0.00000e+00    5.69075172E+10
    2.63576923223980e-04    -2.55839990157036e-04    -5.84275195525250e-05    3.0811449E+05    863.89    863.89    0.2951878278517542    0.00000e+00    0.00000e+00    5.69577445E+10
    2.73466390249956e-04    -2.64162025463164e-04    -6.20768430299304e-05    2.8214774E+05    836.61    836.61    0.2963385052612746    0.00000e+00    0.00000e+00    5.70079718E+10
    2.83322831767975e-04    -2.72468697023737e-04    -6.57579896773638e-05    2.5965649E+05    810.45    810.45    0.2967916963488410    0.00000e+00    0.00000e+00    5.70581991E+10
    2.93142907411774e-04    -2.80740297162620e-04    -6.94631006650544e-05    2.3956969E+05    784.76    784.76    0.2926680334008284    0.00000e+00    0.00000e+00    5.71084263E+10
    3.02920464895739e-04    -2.88954466272838e-04    -7.31798180922708e-05    2.2122647E+05    759.36    759.36    0.2907884475791787    0.00000e+00    0.00000e+00    5.71586536E+10
    3.12650903338038e-04    -2.97092311165239e-04    -7.68945138464370e-05    2.0419757E+05    734.27    734.27    0.2877013273634814    0.00000e+00    0.00000e+00    5.72088809E+10
    3.22331294464035e-04    -3.05140276449299e-04    -8.05925271618362e-05    1.8821199E+05    709.43    709.43    0.2816909543241781    0.00000e+00    0.00000e+00    5.72591082E+10
    3.31959732955965e-04    -3.13090289977227e-04    -8.42593475649928e-05    1.7314556E+05    684.84    684.84    0.2748948479240827    0.00000e+00    0.00000e+00    5.73093355E+10
    3.41535414023117e-04    -3.20939879199251e-04    -8.78837031378211e-05    1.5898236E+05    660.54    660.54    0.2715956139572035    0.00000e+00    0.00000e+00    5.73595628E+10
    3.51059452736956e-04    -3.28692098441561e-04    -9.14573762884261e-05    1.4577249E+05    636.79    636.79    0.2662229300924872    0.00000e+00    0.00000e+00    5.74097901E+10
    3.60535039171506e-04    -3.36354947129894e-04    -9.49746995448758e-05    1.3359000E+05    614.00    614.00    0.2613348950056748    0.00000e+00    0.00000e+00    5.74600174E+10
    3.69966890563883e-04    -3.43939571130781e-04    -9.84320271082882e-05    1.2248975E+05    592.43    592.43    0.2535150864412957    0.00000e+00    0.00000e+00    5.75102446E+10
    3.79360863463355e-04    -3.51458357433773e-04    -1.01827288824245e-04    1.1248605E+05    572.37    572.37    0.2484532832478965    0.00000e+00    0.00000e+00    5.75604719E+10
    3.88723488310206e-04    -3.58923964524085e-04    -1.05159864131234e-04    1.0354693E+05    553.82    553.82    0.2463584963610243    0.00000e+00    0.00000e+00    5.76106992E+10
    3.98061518559014e-04    -3.66349002405561e-04    -1.08430456009094e-04    9.5601896E+04    536.73    536.73    0.2419300632343196    0.00000e+00    0.00000e+00    5.76609265E+10
    4.07381033773341e-04    -3.73745513850040e-04    -1.11640829179622e-04    8.8557707E+04    520.99    520.99    0.2350190676250221    0.00000e+00    0.00000e+00    5.77111538E+10
    4.16686523327873e-04    -3.81124130821550e-04    -1.14793223482027e-04    8.2313659E+04    506.48    506.48    0.2327252443581715    0.00000e+00    0.00000e+00    5.77613811E+10
    4.25980401594743e-04    -3.88493415129698e-04    -1.17890048440303e-04    7.6774409E+04    493.12    493.12    0.2306508579799336    0.00000e+00    0.00000e+00    5.78116084E+10
    4.35263124298811e-04    -3.95859572389604e-04    -1.20933660248941e-04    7.1857448E+04    480.87    480.87    0.2266336838630640    0.00000e+00    0.00000e+00    5.78618357E+10
    4.44533610305567e-04    -4.03226548984630e-04    -1.23926395709883e-04    6.7494781E+04    469.68    469.68    0.2208122116671698    0.00000e+00    0.00000e+00    5.79120629E+10
    4.53789799156867e-04    -4.10596259928818e-04    -1.26870693435945e-04    6.3632177E+04    459.55    459.55    0.2187226832663455    0.00000e+00    0.00000e+00    5.79622902E+10
    4.63029358898906e-04    -4.17969160947027e-04    -1.29769345953931e-04    6.0227988E+04    450.51    450.51    0.2165994414848579    0.00000e+00    0.00000e+00    5.80125175E+10
    4.72250374517641e-04    -4.25345038721239e-04    -1.32625916644397e-04    5.7246834E+04    442.63    442.63    0.2109123251577207    0.00000e+00    0.00000e+00    5.80627448E+10
    4.81451973348449e-04    -4.32723888403315e-04    -1.35444996692902e-04    5.4654858E+04    435.96    435.96    0.2075846141876607    0.00000e+00    0.00000e+00    5.81129721E+10
    4.90634887459986e-04    -4.40106718405714e-04    -1.38232534763314e-04    5.2420445E+04    430.49    430.49    0.2062934034050211    0.00000e+00    0.00000e+00    5.81631994E+10
    4.99801938467878e-04    -4.47496340647785e-04    -1.40996220000616e-04    5.0513566E+04    426.21    426.21    0.2045224960118777    0.00000e+00    0.00000e+00    5.82134267E+10
    5.08957935723840e-04    -4.54897569329382e-04    -1.43745477182768e-04    4.8900504E+04    423.08    423.08    0.2016270865168173    0.00000e+00    0.00000e+00    5.82636540E+10
    5.18108842436151e-04    -4.62316813687368e-04    -1.46491078869764e-04    4.7546541E+04    420.98    420.98    0.1955692796392107    0.00000e+00    0.00000e+00    5.83138813E+10
    5.27261930810026e-04    -4.69761379863920e-04    -1.49244878756108e-04    4.6414729E+04    419.79    419.79    0.1950327471591630    0.00000e+00    0.00000e+00    5.83641085E+10
    5.36424521532052e-04    -4.77238574001209e-04    -1.52018905069228e-04    4.5463167E+04    419.23    419.23    0.1927079087511183    0.00000e+00    0.00000e+00    5.84143358E+10
    5.45603256549658e-04    -4.84754708373366e-04    -1.54824274586831e-04    4.4648913E+04    419.12    419.12    0.1878082376609969    0.00000e+00    0.00000e+00    5.84645631E+10
    5.54803565776074e-04    -4.92314379014086e-04    -1.57670310276006e-04    4.3930133E+04    419.13    419.13    0.1834694001995773    0.00000e+00    0.00000e+00    5.85147904E+10
    5.64029424683484e-04    -4.99920136043332e-04    -1.60564153442275e-04    4.3268387E+04    418.97    418.97    0.1797340599247863    0.00000e+00    0.00000e+00    5.85650177E+10
    5.73283160377558e-04    -5.07572483667333e-04    -1.63510574652261e-04    4.2630827E+04    418.43    418.43    0.1786392117846171    0.00000e+00    0.00000e+00    5.86152450E+10
    5.82565887929762e-04    -5.15270015926414e-04    -1.66511663452928e-04    4.1991529E+04    417.39    417.39    0.1768815929397428    0.00000e+00    0.00000e+00    5.86654723E+10
    5.91877510377360e-04    -5.23009775457119e-04    -1.69566818675313e-04    4.1331593E+04    415.79    415.79    0.1731799911850782    0.00000e+00    0.00000e+00    5.87156996E+10
    6.01217445943936e-04    -5.30787738305895e-04    -1.72673247792612e-04    4.0638237E+04    413.62    413.62    0.1688004342386366    0.00000e+00    0.00000e+00    5.87659268E+10
    6.10584676520757e-04    -5.38599735075086e-04    -1.75826757166484e-04    3.9904187E+04    410.93    410.93    0.1675622245935419    0.00000e+00    0.00000e+00    5.88161541E+10
    6.19978183999095e-04    -5.46441547885664e-04    -1.79022634407947e-04    3.9126597E+04    407.74    407.74    0.1667962330569418    0.00000e+00    0.00000e+00    5.88663814E+10
    6.29396950270219e-04    -5.54309152784078e-04    -1.82255900480498e-04    3.8306172E+04    404.13    404.13    0.1666085737867640    0.00000e+00    0.00000e+00    5.89166087E+10
    6.38839666337189e-04    -5.62198719742246e-04    -1.85521212737370e-04    3.7446410E+04    400.15    400.15    0.1641674521667991    0.00000e+00    0.00000e+00    5.89668360E+10
    6.48304780796227e-04    -5.70106661138928e-04    -1.88813078239557e-04    3.6552490E+04    395.86    395.86    0.1627736526292163    0.00000e+00    0.00000e+00    5.90170633E+10
    6.57790645280816e-04    -5.78029437834252e-04    -1.92125999199914e-04    3.5630496E+04    391.32    391.32    0.1601539924666433    0.00000e+00    0.00000e+00    5.90672906E+10
    6.67295562943073e-04    -5.85963704613818e-04    -1.95454841441558e-04    3.4686775E+04    386.59    386.59    0.1559914772211821    0.00000e+00    0.00000e+00    5.91175179E+10
    6.76817739972377e-04    -5.93906552595540e-04    -1.98795168919309e-04    3.3727678E+04    381.70    381.70    0.1539917101251415    0.00000e+00    0.00000e+00    5.91677451E+10
    6.86355770409054e-04    -6.01855363785540e-04    -2.02142986768432e-04    3.2759261E+04    376.69    376.69    0.1530752348255831    0.00000e+00    0.00000e+00    5.92179724E+10
    6.95908539181636e-04    -6.09807665634043e-04    -2.05494639493773e-04    3.1787192E+04    371.60    371.60    0.1483816842184163    0.00000e+00    0.00000e+00    5.92681997E+10
    7.05475319069602e-04    -6.17761421923590e-04    -2.08846806121616e-04    3.0816765E+04    366.46    366.46    0.1450911490453799    0.00000e+00    0.00000e+00    5.93184270E+10
    7.15055382852431e-04    -6.25714935806296e-04    -2.12196538984780e-04    2.9852816E+04    361.29    361.29    0.1461539185660968    0.00000e+00    0.00000e+00    5.93686543E+10
    7.24647906346864e-04    -6.33666898285223e-04    -2.15541200696839e-04    2.8899729E+04    356.09    356.09    0.1447266181597620    0.00000e+00    0.00000e+00    5.94188816E+10
    7.34251726000067e-04    -6.41616048844799e-04    -2.18878304163610e-04    2.7961478E+04    350.90    350.90    0.1432661813727245    0.00000e+00    0.00000e+00    5.94691089E+10
    7.43865387370997e-04    -6.49561320894927e-04    -2.22205648330980e-04    2.7041566E+04    345.73    345.73    0.1416854154414020    0.00000e+00    0.00000e+00    5.95193362E+10
    7.53487096649033e-04    -6.57501647845507e-04    -2.25521264855404e-04    2.6142981E+04    340.60    340.60    0.1397339319838583    0.00000e+00    0.00000e+00    5.95695635E+10
    7.63115011542188e-04    -6.65436011587809e-04    -2.28823476281545e-04    2.5268202E+04    335.52    335.52    0.1399103310805028    0.00000e+00    0.00000e+00    5.96197907E+10
    7.72747144314367e-04    -6.73363539457208e-04    -2.32110929979234e-04    2.4419300E+04    330.52    330.52    0.1380381909275638    0.00000e+00    0.00000e+00    5.96700180E+10
    7.82381555710849e-04    -6.81283310307709e-04    -2.35382598143465e-04    2.3597955E+04    325.62    325.62    0.1303531836247092    0.00000e+00    0.00000e+00    5.97202453E+10
    7.92016257995538e-04    -6.89194693881527e-04    -2.38637787490676e-04    2.2805487E+04    320.82    320.82    0.1291364333826331    0.00000e+00    0.00000e+00    5.97704726E+10
    8.01649457357817e-04    -6.97097156883612e-04    -2.41876110169921e-04    2.2043099E+04    316.13    316.13    0.1271334818274319    0.00000e+00    0.00000e+00    5.98206999E+10
    8.11279408468432e-04    -7.04990359944388e-04    -2.45097464370326e-04    2.1311573E+04    311.57    311.57    0.1271627896650916    0.00000e+00    0.00000e+00    5.98709272E+10
    8.20904511442235e-04    -7.12874400026592e-04    -2.48301985839724e-04    2.0611273E+04    307.13    307.13    0.1277758806923656    0.00000e+00    0.00000e+00    5.99211545E+10
    8.30523214875449e-04    -7.20749325611590e-04    -2.51490023643964e-04    1.9942243E+04    302.82    302.82    0.1281532420983151    0.00000e+00    0.00000e+00    5.99713818E+10
    8.40134064327028e-04    -7.28615427587592e-04    -2.54662091685549e-04    1.9304268E+04    298.67    298.67    0.1253821472262749    0.00000e+00    0.00000e+00    6.00216090E+10
    8.49735605355930e-04    -7.36473190768280e-04    -2.57818854159220e-04    1.8696879E+04    294.67    294.67    0.1242395236107379    0.00000e+00    0.00000e+00    6.00718363E+10
    8.59326577446583e-04    -7.44323099967333e-04    -2.60961135248237e-04    1.8119395E+04    290.83    290.83    0.1229683925070593    0.00000e+00    0.00000e+00    6.01220636E+10
    8.68905914008891e-04    -7.52165543035697e-04    -2.64089875491141e-04    1.7570983E+04    287.14    287.14    0.1203875359687083    0.00000e+00    0.00000e+00    6.01722909E+10
    8.78472742378225e-04    -7.60001198712525e-04    -2.67206126933619e-04    1.7050702E+04    283.60    283.60    0.1178700994125164    0.00000e+00    0.00000e+00    6.02225182E+10
    8.88026286852697e-04    -7.67830600292867e-04    -2.70311053128507e-04    1.6557500E+04    280.21    280.21    0.1159793580781073    0.00000e+00    0.00000e+00    6.02727455E+10
    8.97566256544098e-04    -7.75654378034509e-04    -2.73405895198827e-04    1.6090283E+04    276.98    276.98    0.1138216155610400    0.00000e+00    0.00000e+00    6.03229728E+10
    9.07092506008324e-04    -7.83473356120707e-04    -2.76492015471024e-04    1.5647917E+04    273.89    273.89    0.1137879369145339    0.00000e+00    0.00000e+00    6.03732001E+10
    9.16605180689478e-04    -7.91288455697457e-04    -2.79570853841731e-04    1.5229253E+04    270.94    270.94    0.1143738722213042    0.00000e+00    0.00000e+00    6.04234273E+10
    9.26104571475771e-04    -7.99100694873488e-04    -2.82643932625907e-04    1.4833221E+04    268.14    268.14    0.1136750015843944    0.00000e+00    0.00000e+00    6.04736546E+10
    9.35591211662249e-04    -8.06911140238898e-04    -2.85712793531056e-04    1.4458858E+04    265.48    265.48    0.1121136140558975    0.00000e+00    0.00000e+00    6.05238819E+10
    9.45065586062596e-04    -8.14720906865156e-04    -2.88779017049781e-04    1.4105183E+04    262.95    262.95    0.1102544804442676    0.00000e+00    0.00000e+00    6.05741092E+10
    9.54528421897333e-04    -8.22531206786462e-04    -2.91844159433997e-04    1.3771145E+04    260.55    260.55    0.1098681486060299    0.00000e+00    0.00000e+00    6.06243365E+10
    9.63980446386981e-04    -8.30342961148812e-04    -2.94909733302388e-04    1.3455678E+04    258.28    258.28    0.1087071136229149    0.00000e+00    0.00000e+00    6.06745638E+10
    9.73422435233429e-04    -8.38157236542304e-04    -2.97977197944137e-04    1.3157695E+04    256.12    256.12    0.1070347044528375    0.00000e+00    0.00000e+00    6.07247911E+10
    9.82855212619937e-04    -8.45974857150195e-04    -3.01047959318916e-04    1.2876110E+04    254.09    254.09    0.1052626704920333    0.00000e+00    0.00000e+00    6.07750184E+10
    9.92279796655234e-04    -8.53796744118480e-04    -3.04123389449445e-04    1.2609844E+04    252.15    252.15    0.1020752712785174    0.00000e+00    0.00000e+00    6.08252456E+10
    1.00169725392942e-03    -8.61623770111785e-04    -3.07204845814030e-04    1.2357795E+04    250.32    250.32    0.1033981084170553    0.00000e+00    0.00000e+00    6.08754729E+10
    1.01110869951396e-03    -8.69456759313367e-04    -3.10293651954021e-04    1.2118914E+04    248.57    248.57    0.1032241283342694    0.00000e+00    0.00000e+00    6.09257002E+10
    1.02051539392442e-03    -8.77296681350590e-04    -3.13391097473808e-04    1.1892151E+04    246.90    246.90    0.1029962993054240    0.00000e+00    0.00000e+00    6.09759275E+10
    1.02991845223228e-03    -8.85144360406710e-04    -3.16498379863186e-04    1.1676491E+04    245.31    245.31    0.1027227782087896    0.00000e+00    0.00000e+00    6.10261548E+10
    1.03931898950899e-03    -8.93000620664985e-04    -3.19616585104799e-04    1.1470942E+04    243.78    243.78    0.1004498239802613    0.00000e+00    0.00000e+00    6.10763821E+10
    1.04871792690056e-03    -9.00866286308675e-04    -3.22746658585326e-04    1.1274561E+04    242.30    242.30    0.0991793733589100    0.00000e+00    0.00000e+00    6.11266094E+10
    1.05811623403434e-03    -9.08741939114195e-04    -3.25889395399203e-04    1.1086445E+04    240.87    240.87    0.0981603518348710    0.00000e+00    0.00000e+00    6.11768367E+10
    1.06751449268675e-03    -9.16628063895227e-04    -3.29045425804216e-04    1.0905703E+04    239.47    239.47    0.0971943291022153    0.00000e+00    0.00000e+00    6.12270640E+10
    1.07691343007832e-03    -9.24525048502716e-04    -3.32215215221499e-04    1.0731504E+04    238.10    238.10    0.0959141303325046    0.00000e+00    0.00000e+00    6.12772912E+10
    1.08631348254135e-03    -9.32433086862134e-04    -3.35399064235535e-04    1.0563097E+04    236.75    236.75    0.0946160614158570    0.00000e+00    0.00000e+00    6.13275185E+10
    1.09571523185227e-03    -9.40352372898954e-04    -3.38597137682974e-04    1.0399819E+04    235.40    235.40    0.0933408571511778    0.00000e+00    0.00000e+00    6.13777458E+10
    1.10511901738064e-03    -9.48282906613175e-04    -3.41809488893322e-04    1.0241074E+04    234.07    234.07    0.0943855629193629    0.00000e+00    0.00000e+00    6.14279731E+10
    1.11452522697743e-03    -9.56224688004799e-04    -3.45036040296389e-04    1.0086344E+04    232.73    232.73    0.0946010950851622    0.00000e+00    0.00000e+00    6.14782004E+10
    1.12393424849356e-03    -9.64177717073824e-04    -3.48276612511114e-04    9.9351879E+03    231.40    231.40    0.0941073828675494    0.00000e+00    0.00000e+00    6.15284277E+10
    1.13334637281725e-03    -9.72141848376147e-04    -3.51530895256741e-04    9.7872324E+03    230.06    230.06    0.0919376886467736    0.00000e+00    0.00000e+00    6.15786550E+10
    1.14276169691124e-03    -9.80116984949030e-04    -3.54798490986051e-04    9.6421536E+03    228.71    228.71    0.0915626126260568    0.00000e+00    0.00000e+00    6.16288823E+10
    1.15218036621963e-03    -9.88102884385635e-04    -3.58078895492816e-04    9.4996928E+03    227.37    227.37    0.0906405802218215    0.00000e+00    0.00000e+00    6.16791095E+10
    1.16160247770515e-03    -9.96099255797751e-04    -3.61371517304345e-04    9.3596328E+03    226.01    226.01    0.0894021345956598    0.00000e+00    0.00000e+00    6.17293368E+10
    1.17102798288644e-03    -1.00410575981580e-03    -3.64675677681485e-04    9.2217967E+03    224.65    224.65    0.0884002765772905    0.00000e+00    0.00000e+00    6.17795641E+10
    1.18045688176350e-03    -1.01212196010748e-03    -3.67990634859302e-04    9.0860403E+03    223.29    223.29    0.0869711013300851    0.00000e+00    0.00000e+00    6.18297914E+10
    1.18988907737359e-03    -1.02014742034046e-03    -3.71315593743361e-04    8.9522477E+03    221.92    221.92    0.0859607298178756    0.00000e+00    0.00000e+00    6.18800187E+10
    1.19932456971671e-03    -1.02818160721970e-03    -3.74649701061583e-04    8.8203241E+03    220.54    220.54    0.0857650726820701    0.00000e+00    0.00000e+00    6.19302460E+10
    1.20876326183013e-03    -1.03622408441289e-03    -3.77992093845615e-04    8.6901930E+03    219.17    219.17    0.0866434879517529    0.00000e+00    0.00000e+00    6.19804733E+10
    1.21820515371384e-03    -1.04427446406908e-03    -3.81341947912199e-04    8.5617898E+03    217.79    217.79    0.0869973662188730    0.00000e+00    0.00000e+00    6.20307006E+10
    1.22765029384922e-03    -1.05233226137460e-03    -3.84698458470624e-04    8.4350657E+03    216.41    216.41    0.0864653645860822    0.00000e+00    0.00000e+00    6.20809278E+10
    1.23709858527352e-03    -1.06039718544122e-03    -3.88060825578318e-04    8.3099797E+03    215.03    215.03    0.0846029546416581    0.00000e+00    0.00000e+00    6.21311551E+10
    1.24655012494949e-03    -1.06846879993665e-03    -3.91428254140842e-04    8.1864932E+03    213.65    213.65    0.0799338704766591    0.00000e+00    0.00000e+00    6.21813824E+10
    1.25600471895165e-03    -1.07654681397266e-03    -3.94799978152581e-04    8.0645819E+03    212.28    212.28    0.0787002458815620    0.00000e+00    0.00000e+00    6.22316097E+10
    1.26546236727999e-03    -1.08463074273559e-03    -3.98175226759782e-04    7.9442280E+03    210.91    210.91    0.0784285114210156    0.00000e+00    0.00000e+00    6.22818370E+10
    1.27492287600906e-03    -1.09272029533721e-03    -4.01553258197512e-04    7.8254158E+03    209.54    209.54    0.0777344075812139    0.00000e+00    0.00000e+00    6.23320643E+10
    1.28438614817611e-03    -1.10081489000112e-03    -4.04933369485934e-04    7.7081382E+03    208.17    208.17    0.0770221401988608    0.00000e+00    0.00000e+00    6.23822916E+10
    1.29385218378114e-03    -1.10891433280184e-03    -4.08314930367262e-04    7.5923825E+03    206.81    206.81    0.0768033302373236    0.00000e+00    0.00000e+00    6.24325189E+10
    1.30332093434279e-03    -1.11701818740706e-03    -4.11697417242722e-04    7.4781395E+03    205.46    205.46    0.0764525930341085    0.00000e+00    0.00000e+00    6.24827461E+10
    1.31279239986105e-03    -1.12512621140994e-03    -4.15080330754221e-04    7.3654058E+03    204.11    204.11    0.0759208252789297    0.00000e+00    0.00000e+00    6.25329734E+10
    1.32226658033592e-03    -1.13323811392226e-03    -4.18463224873172e-04    7.2541790E+03    202.77    202.77    0.0753701283381732    0.00000e+00    0.00000e+00    6.25832007E+10
    1.33174352424878e-03    -1.14135360405583e-03    -4.21845677811674e-04    7.1444572E+03    201.43    201.43    0.0747557180965168    0.00000e+00    0.00000e+00    6.26334280E+10
    1.34122323159962e-03    -1.14947248788516e-03    -4.25227301718781e-04    7.0362452E+03    200.11    200.11    0.0741329734581453    0.00000e+00    0.00000e+00    6.26836553E+10
    1.35070560542570e-03    -1.15759447452205e-03    -4.28607737832370e-04    6.9295476E+03    198.79    198.79    0.0734694858619801    0.00000e+00    0.00000e+00    6.27338826E+10
    1.36019059724567e-03    -1.16571937004103e-03    -4.31986607997768e-04    6.8243674E+03    197.48    197.48    0.0724525964349099    0.00000e+00    0.00000e+00    6.27841099E+10
    1.36967811009677e-03    -1.17384688355389e-03    -4.35363548604716e-04    6.7207118E+03    196.18    196.18    0.0725348991161122    0.00000e+00    0.00000e+00    6.28343372E+10
    1.37916799853492e-03    -1.18197672417241e-03    -4.38738210587362e-04    6.6185891E+03    194.89    194.89    0.0716568895688943    0.00000e+00    0.00000e+00    6.28845645E+10
    1.38866011711599e-03    -1.19010860100840e-03    -4.42110269120541e-04    6.5180065E+03    193.60    193.60    0.0714301368819473    0.00000e+00    0.00000e+00    6.29347917E+10
    1.39815436887726e-03    -1.19824222317364e-03    -4.45479433316044e-04    6.4189737E+03    192.33    192.33    0.0708148113725031    0.00000e+00    0.00000e+00    6.29850190E+10
    1.40765070533736e-03    -1.20637729977992e-03    -4.48845451070756e-04    6.3215004E+03    191.07    191.07    0.0702219179083889    0.00000e+00    0.00000e+00    6.30352463E+10
    1.41714902953356e-03    -1.21451358842040e-03    -4.52208084825974e-04    6.2255954E+03    189.81    189.81    0.0697457501379457    0.00000e+00    0.00000e+00    6.30854736E+10
    1.42664924450311e-03    -1.22265084668825e-03    -4.55567155200636e-04    6.1312677E+03    188.57    188.57    0.0692801120206045    0.00000e+00    0.00000e+00    6.31357009E+10
    1.43615139872738e-03    -1.23078888065799e-03    -4.58922502206227e-04    6.0385277E+03    187.34    187.34    0.0686356377553988    0.00000e+00    0.00000e+00    6.31859282E+10
    1.44565534676228e-03    -1.23892749640414e-03    -4.62273985246779e-04    5.9473820E+03    186.13    186.13    0.0681820238480363    0.00000e+00    0.00000e+00    6.32361555E+10
    1.45516104012642e-03    -1.24706650000124e-03    -4.65621483118873e-04    5.8578409E+03    184.92    184.92    0.0676738411403072    0.00000e+00    0.00000e+00    6.32863828E+10
    1.46466838185709e-03    -1.25520574600518e-03    -4.68964889163498e-04    5.7699108E+03    183.73    183.73    0.0670356441979543    0.00000e+00    0.00000e+00    6.33366100E+10
    1.47417732347290e-03    -1.26334499200912e-03    -4.72304101569782e-04    5.6835970E+03    182.55    182.55    0.0674458872697103    0.00000e+00    0.00000e+00    6.33868373E+10
    1.48368776801112e-03    -1.27148409256895e-03    -4.75639052463809e-04    5.5989060E+03    181.38    181.38    0.0668713020471982    0.00000e+00    0.00000e+00    6.34370646E+10
    1.49319952154628e-03    -1.27962280527784e-03    -4.78969673971663e-04    5.5158418E+03    180.23    180.23    0.0663047465751549    0.00000e+00    0.00000e+00    6.34872919E+10
    1.50271263255975e-03    -1.28776093621031e-03    -4.82295922460114e-04    5.4344039E+03    179.10    179.10    0.0654724141468238    0.00000e+00    0.00000e+00    6.35375192E+10
    1.51222705257015e-03    -1.29589833992227e-03    -4.85617793081024e-04    5.3545900E+03    177.97    177.97    0.0649380365539335    0.00000e+00    0.00000e+00    6.35877465E+10
    1.52174268461476e-03    -1.30403487096959e-03    -4.88935276138121e-04    5.2763929E+03    176.87    176.87    0.0644992767954308    0.00000e+00    0.00000e+00    6.36379738E+10
    1.53125957717494e-03    -1.31217038390819e-03    -4.92248395872087e-04    5.1998021E+03    175.78    175.78    0.0640140030430739    0.00000e+00    0.00000e+00    6.36882011E+10
    1.54077773025069e-03    -1.32030483025668e-03    -4.95557152282923e-04    5.1248069E+03    174.70    174.70    0.0634202249035708    0.00000e+00    0.00000e+00    6.37384283E+10
    1.55029709536065e-03    -1.32843806457098e-03    -4.98861690814734e-04    5.0513917E+03    173.64    173.64    0.0630493587592067    0.00000e+00    0.00000e+00    6.37886556E+10
    1.55981772098617e-03    -1.33657008685107e-03    -5.02162059948887e-04    4.9795371E+03    172.59    172.59    0.0626619501113341    0.00000e+00    0.00000e+00    6.38388829E+10
    1.56933951016453e-03    -1.34470075165285e-03    -5.05458211204015e-04    4.9092235E+03    171.56    171.56    0.0622237222532749    0.00000e+00    0.00000e+00    6.38891102E+10
    1.57886246289572e-03    -1.35283001049496e-03    -5.08750338505589e-04    4.8404293E+03    170.54    170.54    0.0625437829502228    0.00000e+00    0.00000e+00    6.39393375E+10
    1.58838657917975e-03    -1.36095781489602e-03    -5.12038393372242e-04    4.7731298E+03    169.54    169.54    0.0621068492422187    0.00000e+00    0.00000e+00    6.39895648E+10
    1.59791181053525e-03    -1.36908401941194e-03    -5.15322569729446e-04    4.7072988E+03    168.55    168.55    0.0611076007396690    0.00000e+00    0.00000e+00    6.40397921E+10
    1.60743815696221e-03    -1.37720867252408e-03    -5.18602867577201e-04    4.6429093E+03    167.58    167.58    0.0607874679115460    0.00000e+00    0.00000e+00    6.40900194E+10
    1.61696566694201e-03    -1.38533158030697e-03    -5.21879432359612e-04    4.5799323E+03    166.63    166.63    0.0604794370296529    0.00000e+00    0.00000e+00    6.41402466E+10
    1.62649438895601e-03    -1.39345283972334e-03    -5.25152361039414e-04    4.5183385E+03    165.68    165.68    0.0600781447208643    0.00000e+00    0.00000e+00    6.41904739E+10
    1.63602432300421e-03    -1.40157240229182e-03    -5.28421750579345e-04    4.4580982E+03    164.75    164.75    0.0597069304022337    0.00000e+00    0.00000e+00    6.42407012E+10
    1.64555556604935e-03    -1.40969031649379e-03    -5.31687794904875e-04    4.3991794E+03    163.84    163.84    0.0590461453360006    0.00000e+00    0.00000e+00    6.42909285E+10
    1.65508806961006e-03    -1.41780653384788e-03    -5.34950590978742e-04    4.3415507E+03    162.94    162.94    0.0586095711794121    0.00000e+00    0.00000e+00    6.43411558E+10
    1.66462197913045e-03    -1.42592110283545e-03    -5.38210235763682e-04    4.2851803E+03    162.05    162.05    0.0582764446832983    0.00000e+00    0.00000e+00    6.43913831E+10
    1.67415719764777e-03    -1.43403407193787e-03    -5.41466826222431e-04    4.2300354E+03    161.18    161.18    0.0579518343578937    0.00000e+00    0.00000e+00    6.44416104E+10
    1.68369377364341e-03    -1.44214539267378e-03    -5.44720556280462e-04    4.1760847E+03    160.31    160.31    0.0582492341626053    0.00000e+00    0.00000e+00    6.44918377E+10
    1.69323175559872e-03    -1.45025511352454e-03    -5.47971474419142e-04    4.1232952E+03    159.47    159.47    0.0578337065772201    0.00000e+00    0.00000e+00    6.45420650E+10
    1.70277109503233e-03    -1.45836323449015e-03    -5.51219677601208e-04    4.0716360E+03    158.63    158.63    0.0574801886966925    0.00000e+00    0.00000e+00    6.45922922E+10
    1.71231188890699e-03    -1.46646975557062e-03    -5.54465359752132e-04    4.0210765E+03    157.80    157.80    0.0570532607132093    0.00000e+00    0.00000e+00    6.46425195E+10
    1.72185408874132e-03    -1.47457467676593e-03    -5.57708569353282e-04    3.9715855E+03    156.99    156.99    0.0565331059575913    0.00000e+00    0.00000e+00    6.46927468E+10
    1.73139783997944e-03    -1.48267809503884e-03    -5.60949403367395e-04    3.9231331E+03    156.19    156.19    0.0562076226088098    0.00000e+00    0.00000e+00    6.47429741E+10
    1.74094314262133e-03    -1.49077996190796e-03    -5.64188104201311e-04    3.8756902E+03    155.40    155.40    0.0558740377136474    0.00000e+00    0.00000e+00    6.47932014E+10
    1.75049004514837e-03    -1.49888047129878e-03    -5.67424671855030e-04    3.8292268E+03    154.62    154.62    0.0553092473475917    0.00000e+00    0.00000e+00    6.48434287E+10
    1.76003859604193e-03    -1.50697952624856e-03    -5.70659251772657e-04    3.7837161E+03    153.85    153.85    0.0547870485903688    0.00000e+00    0.00000e+00    6.48936560E+10
    1.76958874682063e-03    -1.51507727220139e-03    -5.73891989398295e-04    3.7391305E+03    153.09    153.09    0.0545479220392843    0.00000e+00    0.00000e+00    6.49438833E+10
    1.77914059444722e-03    -1.52317375763866e-03    -5.77122981694681e-04    3.6954412E+03    152.34    152.34    0.0547372913494058    0.00000e+00    0.00000e+00    6.49941105E+10
    1.78869409044033e-03    -1.53126898256036e-03    -5.80352325624552e-04    3.6526240E+03    151.61    151.61    0.0545602728047549    0.00000e+00    0.00000e+00    6.50443378E+10
    1.79824923479995e-03    -1.53936299544785e-03    -5.83580021187907e-04    3.6106519E+03    150.88    150.88    0.0541239637083570    0.00000e+00    0.00000e+00    6.50945651E+10
    1.80780607600745e-03    -1.54745579630114e-03    -5.86806262310218e-04    3.5695024E+03    150.16    150.16    0.0538092432669936    0.00000e+00    0.00000e+00    6.51447924E+10
    1.81736456558147e-03    -1.55554743360159e-03    -5.90031097472855e-04    3.5291504E+03    149.45    149.45    0.0533092832745436    0.00000e+00    0.00000e+00    6.51950197E+10
    1.82692480048474e-03    -1.56363800431195e-03    -5.93254672119920e-04    3.4895725E+03    148.75    148.75    0.0530434106201955    0.00000e+00    0.00000e+00    6.52452470E+10
    1.83648673223589e-03    -1.57172745995084e-03    -5.96476937770047e-04    3.4507487E+03    148.06    148.06    0.0527515060061326    0.00000e+00    0.00000e+00    6.52954743E+10
    1.84605045779767e-03    -1.57981594596236e-03    -5.99698136830074e-04    3.4126551E+03    147.38    147.38    0.0524785415794331    0.00000e+00    0.00000e+00    6.53457016E+10
    1.85561597717007e-03    -1.58790346234653e-03    -6.02918317781372e-04    3.3752730E+03    146.70    146.70    0.0519799104019794    0.00000e+00    0.00000e+00    6.53959288E+10
    1.86518329035308e-03    -1.59599010606607e-03    -6.06137480623939e-04    3.3385822E+03    146.04    146.04    0.0518388783266273    0.00000e+00    0.00000e+00    6.54461561E+10
    1.87475234886535e-03    -1.60407597408372e-03    -6.09355819283249e-04    3.3025653E+03    145.38    145.38    0.0512939496452588    0.00000e+00    0.00000e+00    6.54963834E+10
    1.88432324966960e-03    -1.61216101791811e-03    -6.12573285277932e-04    3.2672033E+03    144.73    144.73    0.0513595283173110    0.00000e+00    0.00000e+00    6.55466107E+10
    1.89389584732174e-03    -1.62024533453198e-03    -6.15790024052094e-04    3.2324789E+03    144.09    144.09    0.0511750632713132    0.00000e+00    0.00000e+00    6.55968380E+10
    1.90347023878450e-03    -1.62832897240669e-03    -6.19006084087102e-04    3.1983754E+03    143.45    143.45    0.0507565786961303    0.00000e+00    0.00000e+00    6.56470653E+10
    1.91304632709515e-03    -1.63641193154226e-03    -6.22221513864325e-04    3.1648755E+03    142.83    142.83    0.0501817300450770    0.00000e+00    0.00000e+00    6.56972926E+10
    1.92262420921641e-03    -1.64449426042003e-03    -6.25436313383762e-04    3.1319645E+03    142.21    142.21    0.0500144670615597    0.00000e+00    0.00000e+00    6.57475199E+10
    1.93220383666693e-03    -1.65257600752139e-03    -6.28650628089519e-04    3.0996274E+03    141.59    141.59    0.0496288672466850    0.00000e+00    0.00000e+00    6.57977472E+10
    1.94178516096533e-03    -1.66065722132770e-03    -6.31864457981594e-04    3.0678482E+03    140.99    140.99    0.0494519680332923    0.00000e+00    0.00000e+00    6.58479744E+10
    1.95136827907435e-03    -1.66873799880170e-03    -6.35077900022724e-04    3.0366148E+03    140.39    140.39    0.0492581141775330    0.00000e+00    0.00000e+00    6.58982017E+10
    1.96095319099399e-03    -1.67681833994338e-03    -6.38290905731541e-04    3.0059113E+03    139.80    139.80    0.0490712880130259    0.00000e+00    0.00000e+00    6.59484290E+10
    1.97053979976151e-03    -1.68489834171549e-03    -6.41503669033518e-04    2.9757263E+03    139.21    139.21    0.0487492705637678    0.00000e+00    0.00000e+00    6.59986563E+10
    1.98012815385829e-03    -1.69297805259939e-03    -6.44716092965918e-04    2.9460476E+03    138.63    138.63    0.0482492886386491    0.00000e+00    0.00000e+00    6.60488836E+10
    1.98971820480295e-03    -1.70105747259508e-03    -6.47928274491477e-04    2.9168617E+03    138.06    138.06    0.0483235669365625    0.00000e+00    0.00000e+00    6.60991109E+10
    1.99930990411412e-03    -1.70913669866530e-03    -6.51140213610196e-04    2.8881571E+03    137.49    137.49    0.0481469562783211    0.00000e+00    0.00000e+00    6.61493382E+10
    2.00890325179181e-03    -1.71721573081005e-03    -6.54351958803442e-04    2.8599228E+03    136.93    136.93    0.0478124814022071    0.00000e+00    0.00000e+00    6.61995655E+10
    2.01849824783602e-03    -1.72529461751069e-03    -6.57563510071216e-04    2.8321473E+03    136.37    136.37    0.0472312466705087    0.00000e+00    0.00000e+00    6.62497927E+10
    2.02809484376537e-03    -1.73337340724859e-03    -6.60774915894886e-04    2.8048210E+03    135.82    135.82    0.0468947373945181    0.00000e+00    0.00000e+00    6.63000200E+10
    2.03769303957988e-03    -1.74145214850513e-03    -6.63986224755819e-04    2.7779311E+03    135.28    135.28    0.0467119488289330    0.00000e+00    0.00000e+00    6.63502473E+10
    2.04729288376089e-03    -1.74953084128030e-03    -6.67197388172648e-04    2.7514697E+03    134.74    134.74    0.0463803895527323    0.00000e+00    0.00000e+00    6.64004746E+10
    2.05689427934569e-03    -1.75760953405547e-03    -6.70408454626741e-04    2.7254253E+03    134.21    134.21    0.0463703462843606    0.00000e+00    0.00000e+00    6.64507019E+10
    2.06649727481564e-03    -1.76568837227474e-03    -6.73619472599466e-04    2.6997897E+03    133.68    133.68    0.0461109802439710    0.00000e+00    0.00000e+00    6.65009292E+10
    2.07610182168936e-03    -1.77376735593812e-03    -6.76830442090822e-04    2.6745547E+03    133.16    133.16    0.0457876538422989    0.00000e+00    0.00000e+00    6.65511565E+10
    2.08570787148550e-03    -1.78184648504560e-03    -6.80041363100811e-04    2.6497115E+03    132.64    132.64    0.0454873828075481    0.00000e+00    0.00000e+00    6.66013838E+10
    2.09531542420405e-03    -1.78992585655992e-03    -6.83252235629431e-04    2.6252515E+03    132.13    132.13    0.0456127150969390    0.00000e+00    0.00000e+00    6.66516110E+10
    2.10492443136364e-03    -1.79800551896245e-03    -6.86463108158051e-04    2.6011663E+03    131.62    131.62    0.0454402695243473    0.00000e+00    0.00000e+00    6.67018383E+10
    2.11453489296427e-03    -1.80608542377182e-03    -6.89673932205304e-04    2.5774487E+03    131.12    131.12    0.0448932946308061    0.00000e+00    0.00000e+00    6.67520656E+10
    2.12414676052458e-03    -1.81416571643214e-03    -6.92884707771188e-04    2.5540899E+03    130.63    130.63    0.0446475445965243    0.00000e+00    0.00000e+00    6.68022929E+10
    2.13376003404457e-03    -1.82224629998066e-03    -6.96095483337072e-04    2.5310830E+03    130.13    130.13    0.0442023400640392    0.00000e+00    0.00000e+00    6.68525202E+10
    2.14337466504286e-03    -1.83032736834287e-03    -6.99306210421588e-04    2.5084205E+03    129.65    129.65    0.0440241160580389    0.00000e+00    0.00000e+00    6.69027475E+10
    2.15299065351946e-03    -1.83840882455602e-03    -7.02516985987472e-04    2.4860950E+03    129.16    129.16    0.0438394951541019    0.00000e+00    0.00000e+00    6.69529748E+10
    2.16260799947436e-03    -1.84649081406422e-03    -7.05727713071988e-04    2.4640994E+03    128.69    128.69    0.0438238905487474    0.00000e+00    0.00000e+00    6.70032021E+10
    2.17222665442621e-03    -1.85457333686747e-03    -7.08938440156504e-04    2.4424252E+03    128.21    128.21    0.0436945504576577    0.00000e+00    0.00000e+00    6.70534293E+10
    2.18184661837499e-03    -1.86265644144714e-03    -7.12149167241020e-04    2.4210672E+03    127.74    127.74    0.0433411509517272    0.00000e+00    0.00000e+00    6.71036566E+10
    2.19146779435798e-03    -1.87074022476596e-03    -7.15359894325536e-04    2.4000174E+03    127.28    127.28    0.0430872943502436    0.00000e+00    0.00000e+00    6.71538839E+10
    2.20109023085654e-03    -1.87882463834256e-03    -7.18570572928684e-04    2.3792692E+03    126.82    126.82    0.0427969692222866    0.00000e+00    0.00000e+00    6.72041112E+10
    2.21071387938930e-03    -1.88690973065832e-03    -7.21781300013200e-04    2.3588166E+03    126.36    126.36    0.0425617395254028    0.00000e+00    0.00000e+00    6.72543385E+10
    2.22033864299352e-03    -1.89499555019460e-03    -7.24991930134980e-04    2.3386520E+03    125.91    125.91    0.0423494238892515    0.00000e+00    0.00000e+00    6.73045658E+10
    2.22996452166922e-03    -1.90308209695141e-03    -7.28202560256759e-04    2.3187703E+03    125.46    125.46    0.0421210212129054    0.00000e+00    0.00000e+00    6.73547931E+10
    2.23959151541638e-03    -1.91116941941010e-03    -7.31413141897171e-04    2.2991642E+03    125.01    125.01    0.0418481627826135    0.00000e+00    0.00000e+00    6.74050204E+10
    2.24921962423500e-03    -1.91925756605205e-03    -7.34623675056215e-04    2.2798277E+03    124.57    124.57    0.0417391887212343    0.00000e+00    0.00000e+00    6.74552477E+10
    2.25884879964373e-03    -1.92734658535863e-03    -7.37834159733890e-04    2.2607558E+03    124.13    124.13    0.0415555437254622    0.00000e+00    0.00000e+00    6.75054749E+10
    2.26847904164255e-03    -1.93543647732983e-03    -7.41044595930197e-04    2.2419414E+03    123.70    123.70    0.0414653216140874    0.00000e+00    0.00000e+00    6.75557022E+10
    2.27811025326874e-03    -1.94352729044703e-03    -7.44254983645137e-04    2.2233793E+03    123.27    123.27    0.0416013680177357    0.00000e+00    0.00000e+00    6.76059295E+10
    2.28774253148502e-03    -1.95161907319158e-03    -7.47465322878708e-04    2.2050640E+03    122.84    122.84    0.0410999052024472    0.00000e+00    0.00000e+00    6.76561568E+10
    2.29737568236593e-03    -1.95971187404487e-03    -7.50675613630911e-04    2.1869898E+03    122.41    122.41    0.0408805337565812    0.00000e+00    0.00000e+00    6.77063841E+10
    2.30700980287421e-03    -1.96780569300689e-03    -7.53885807420378e-04    2.1691509E+03    121.99    121.99    0.0406482095189561    0.00000e+00    0.00000e+00    6.77566114E+10
    2.31664479604710e-03    -1.97590053007764e-03    -7.57095904247108e-04    2.1515421E+03    121.57    121.57    0.0404231344083579    0.00000e+00    0.00000e+00    6.78068387E+10
    2.32628061340326e-03    -1.98399643373849e-03    -7.60305904111103e-04    2.1341589E+03    121.16    121.16    0.0404126442125772    0.00000e+00    0.00000e+00    6.78570660E+10
    2.33591725494267e-03    -1.99209340398944e-03    -7.63515758530993e-04    2.1169958E+03    120.75    120.75    0.0401219361416992    0.00000e+00    0.00000e+00    6.79072932E+10
    2.34555467218398e-03    -2.00019148931185e-03    -7.66725515988146e-04    2.1000474E+03    120.34    120.34    0.0398813577557249    0.00000e+00    0.00000e+00    6.79575205E+10
    2.35519291360854e-03    -2.00829068970573e-03    -7.69935128001196e-04    2.0833102E+03    119.93    119.93    0.0396311477701012    0.00000e+00    0.00000e+00    6.80077478E+10
    2.36483183377226e-03    -2.01639105365244e-03    -7.73144594570141e-04    2.0667779E+03    119.53    119.53    0.0394502293680248    0.00000e+00    0.00000e+00    6.80579751E+10
    2.37447152963786e-03    -2.02449258115199e-03    -7.76353964176350e-04    2.0504479E+03    119.13    119.13    0.0393986630523030    0.00000e+00    0.00000e+00    6.81082024E+10
    2.38411185576125e-03    -2.03259536916711e-03    -7.79563091375718e-04    2.0343146E+03    118.73    118.73    0.0394753350163785    0.00000e+00    0.00000e+00    6.81584297E+10
    2.39375281214243e-03    -2.04069936921644e-03    -7.82772121612350e-04    2.0183744E+03    118.34    118.34    0.0390608820931649    0.00000e+00    0.00000e+00    6.82086570E+10
    2.40339439878139e-03    -2.04880462978133e-03    -7.85980909442142e-04    2.0026233E+03    117.95    117.95    0.0388124676395465    0.00000e+00    0.00000e+00    6.82588843E+10
    2.41303651871540e-03    -2.05691115086179e-03    -7.89189503346461e-04    1.9870583E+03    117.56    117.56    0.0386256865689451    0.00000e+00    0.00000e+00    6.83091115E+10
    2.42267917194446e-03    -2.06501893245783e-03    -7.92397903325308e-04    1.9716750E+03    117.17    117.17    0.0386932402744488    0.00000e+00    0.00000e+00    6.83593388E+10
    2.43232226150583e-03    -2.07312802305080e-03    -7.95606060897314e-04    1.9564695E+03    116.79    116.79    0.0384492390191025    0.00000e+00    0.00000e+00    6.84095661E+10
    2.44196583588089e-03    -2.08123837415935e-03    -7.98813927581111e-04    1.9414392E+03    116.41    116.41    0.0381813242456033    0.00000e+00    0.00000e+00    6.84597934E+10
    2.45160979810689e-03    -2.08935008274620e-03    -8.02021551858068e-04    1.9265799E+03    116.03    116.03    0.0379350233988814    0.00000e+00    0.00000e+00    6.85100207E+10
    2.46125414818383e-03    -2.09746310032999e-03    -8.05228933728185e-04    1.9118891E+03    115.65    115.65    0.0377091339589390    0.00000e+00    0.00000e+00    6.85602480E+10
    2.47089883763035e-03    -2.10557747539209e-03    -8.08436024710092e-04    1.8973628E+03    115.28    115.28    0.0375118975038985    0.00000e+00    0.00000e+00    6.86104753E+10
    2.48054381796508e-03    -2.11369315945113e-03    -8.11642824803791e-04    1.8829985E+03    114.90    114.90    0.0375524645472963    0.00000e+00    0.00000e+00    6.86607026E+10
    2.49018908918802e-03    -2.12181024946984e-03    -8.14849285527914e-04    1.8687925E+03    114.53    114.53    0.0376202347762064    0.00000e+00    0.00000e+00    6.87109298E+10
    2.49983460281780e-03    -2.12992874544823e-03    -8.18055455363827e-04    1.8547419E+03    114.17    114.17    0.0375077897509413    0.00000e+00    0.00000e+00    6.87611571E+10
    2.50948031037305e-03    -2.13804864738629e-03    -8.21261334311532e-04    1.8408441E+03    113.80    113.80    0.0372550935783711    0.00000e+00    0.00000e+00    6.88113844E+10
    2.51912616337240e-03    -2.14616990680266e-03    -8.24466825408292e-04    1.8270960E+03    113.44    113.44    0.0369988382047352    0.00000e+00    0.00000e+00    6.88616117E+10
    2.52877206485313e-03    -2.15429257217871e-03    -8.27671977135475e-04    1.8134955E+03    113.08    113.08    0.0367834212651782    0.00000e+00    0.00000e+00    6.89118390E+10
    2.53841811177795e-03    -2.16241669199580e-03    -8.30876741011714e-04    1.8000396E+03    112.72    112.72    0.0365814948898403    0.00000e+00    0.00000e+00    6.89620663E+10
    2.54806415870278e-03    -2.17054216929119e-03    -8.34081165518375e-04    1.7867253E+03    112.36    112.36    0.0363872544129526    0.00000e+00    0.00000e+00    6.90122936E+10
    2.55771020562761e-03    -2.17866914950900e-03    -8.37285250655460e-04    1.7735513E+03    112.01    112.01    0.0361847619797511    0.00000e+00    0.00000e+00    6.90625209E+10
    2.56735620407107e-03    -2.18679753568648e-03    -8.40488947941600e-04    1.7605147E+03    111.66    111.66    0.0359641208799200    0.00000e+00    0.00000e+00    6.91127482E+10
    2.57700215403316e-03    -2.19492737630501e-03    -8.43692257376795e-04    1.7476132E+03    111.31    111.31    0.0357819287156705    0.00000e+00    0.00000e+00    6.91629754E+10
    2.58664800703252e-03    -2.20305871984594e-03    -8.46895227442413e-04    1.7348446E+03    110.96    110.96    0.0358811350312716    0.00000e+00    0.00000e+00    6.92132027E+10
    2.59629376306914e-03    -2.21119151782793e-03    -8.50097761175719e-04    1.7222066E+03    110.61    110.61    0.0358868526790599    0.00000e+00    0.00000e+00    6.92634300E+10
    2.60593927669891e-03    -2.21932577025095e-03    -8.53299955539447e-04    1.7096975E+03    110.27    110.27    0.0357385333917506    0.00000e+00    0.00000e+00    6.93136573E+10
    2.61558459640322e-03    -2.22746157407775e-03    -8.56501713570863e-04    1.6973149E+03    109.93    109.93    0.0355052289316958    0.00000e+00    0.00000e+00    6.93638846E+10
    2.62522967370069e-03    -2.23559878386423e-03    -8.59703083751333e-04    1.6850574E+03    109.59    109.59    0.0352828868296699    0.00000e+00    0.00000e+00    6.94141119E+10
    2.63487441162857e-03    -2.24373754505449e-03    -8.62904066080859e-04    1.6729222E+03    109.25    109.25    0.0350914702586598    0.00000e+00    0.00000e+00    6.94643392E+10
    2.64451881018689e-03    -2.25187771220442e-03    -8.66104612078072e-04    1.6609085E+03    108.92    108.92    0.0348991727713272    0.00000e+00    0.00000e+00    6.95145665E+10
    2.65416286937562e-03    -2.26001938227677e-03    -8.69304721742971e-04    1.6490141E+03    108.58    108.58    0.0346686503667303    0.00000e+00    0.00000e+00    6.95647937E+10
    2.66380654071341e-03    -2.26816250679016e-03    -8.72504443556926e-04    1.6372374E+03    108.25    108.25    0.0344930944447499    0.00000e+00    0.00000e+00    6.96150210E+10
    2.67344972723752e-03    -2.27630713422596e-03    -8.75703680557200e-04    1.6255764E+03    107.92    107.92    0.0343234694610760    0.00000e+00    0.00000e+00    6.96652483E+10
    2.68309252591069e-03    -2.28445321610280e-03    -8.78902529706529e-04    1.6140298E+03    107.59    107.59    0.0342063709779481    0.00000e+00    0.00000e+00    6.97154756E+10
    2.69273479128880e-03    -2.29260075242069e-03    -8.82100894042176e-04    1.6025956E+03    107.26    107.26    0.0343194749795658    0.00000e+00    0.00000e+00    6.97657029E+10
    2.70237652337187e-03    -2.30074974317962e-03    -8.85298870526879e-04    1.5912731E+03    106.94    106.94    0.0342900892244988    0.00000e+00    0.00000e+00    6.98159302E+10
    2.71201772215988e-03    -2.30890018837959e-03    -8.88496362197901e-04    1.5800598E+03    106.62    106.62    0.0341260840145474    0.00000e+00    0.00000e+00    6.98661575E+10
    2.72165829069012e-03    -2.31705208802060e-03    -8.91693417536610e-04    1.5689554E+03    106.30    106.30    0.0339118311250993    0.00000e+00    0.00000e+00    6.99163848E+10
    2.73129822896256e-03    -2.32520544210266e-03    -8.94889988061637e-04    1.5579573E+03    105.98    105.98    0.0337481196372878    0.00000e+00    0.00000e+00    6.99666120E+10
    2.74093753697722e-03    -2.33336015366303e-03    -8.98086073772984e-04    1.5470649E+03    105.66    105.66    0.0335435342913198    0.00000e+00    0.00000e+00    7.00168393E+10
    2.75057611777136e-03    -2.34151631966444e-03    -9.01281674670649e-04    1.5362763E+03    105.34    105.34    0.0333575732296834    0.00000e+00    0.00000e+00    7.00670666E+10
    2.76021401982634e-03    -2.34967379466279e-03    -9.04476790754634e-04    1.5255910E+03    105.03    105.03    0.0331471014889218    0.00000e+00    0.00000e+00    7.01172939E+10
    2.76985114617944e-03    -2.35783267562081e-03    -9.07671422024937e-04    1.5150069E+03    104.72    104.72    0.0329682073721061    0.00000e+00    0.00000e+00    7.01675212E+10
    2.77948754531201e-03    -2.36599291405715e-03    -9.10865568481559e-04    1.5045228E+03    104.41    104.41    0.0327996853807275    0.00000e+00    0.00000e+00    7.02177485E+10
    2.78912316874270e-03    -2.37415450997178e-03    -9.14059230124500e-04    1.4941379E+03    104.10    104.10    0.0327139658242415    0.00000e+00    0.00000e+00    7.02679758E+10
    2.79875801647149e-03    -2.38231741488336e-03    -9.17252406953760e-04    1.4838507E+03    103.79    103.79    0.0328060820781196    0.00000e+00    0.00000e+00    7.03182031E+10
    2.80839199153566e-03    -2.39048162879188e-03    -9.20445002006602e-04    1.4736604E+03    103.49    103.49    0.0327669252260404    0.00000e+00    0.00000e+00    7.03684303E+10
    2.81802514241657e-03    -2.39864715169733e-03    -9.23637160727132e-04    1.4635655E+03    103.18    103.18    0.0326166699420787    0.00000e+00    0.00000e+00    7.04186576E+10
    2.82765742063285e-03    -2.40681398359973e-03    -9.26828737671244e-04    1.4535651E+03    102.88    102.88    0.0324218032878492    0.00000e+00    0.00000e+00    7.04688849E+10
    2.83728877770314e-03    -2.41498202753633e-03    -9.30019829801675e-04    1.4436583E+03    102.58    102.58    0.0322606347840260    0.00000e+00    0.00000e+00    7.05191122E+10
    2.84691921362744e-03    -2.42315128350713e-03    -9.33210388637057e-04    1.4338442E+03    102.28    102.28    0.0320892629354851    0.00000e+00    0.00000e+00    7.05693395E+10
    2.85654877688711e-03    -2.43132175151213e-03    -9.36400365696021e-04    1.4241214E+03    101.99    101.99    0.0318960625493841    0.00000e+00    0.00000e+00    7.06195668E+10
    2.86617737051942e-03    -2.43949338306997e-03    -9.39589809459936e-04    1.4144896E+03    101.69    101.69    0.0317043869502183    0.00000e+00    0.00000e+00    7.06697941E+10
    2.87580499452436e-03    -2.44766617818064e-03    -9.42778719928803e-04    1.4049476E+03    101.40    101.40    0.0315455942921267    0.00000e+00    0.00000e+00    7.07200214E+10
    2.88543164890195e-03    -2.45584008836278e-03    -9.45967097102619e-04    1.3954949E+03    101.11    101.11    0.0313986644895402    0.00000e+00    0.00000e+00    7.07702487E+10
    2.89505738213354e-03    -2.46401511361638e-03    -9.49154892500019e-04    1.3861302E+03    100.82    100.82    0.0312407217876268    0.00000e+00    0.00000e+00    7.08204759E+10
    2.90468209725640e-03    -2.47219125394145e-03    -9.52342106121001e-04    1.3768530E+03    100.53    100.53    0.0313179788179948    0.00000e+00    0.00000e+00    7.08707032E+10
    2.91430579427052e-03    -2.48036841237526e-03    -9.55528786446934e-04    1.3676625E+03    100.24    100.24    0.0313534503416220    0.00000e+00    0.00000e+00    7.09209305E+10
    2.92392847317592e-03    -2.48854663739916e-03    -9.58714884996450e-04    1.3585577E+03    99.96    99.96    0.0312669342963327    0.00000e+00    0.00000e+00    7.09711578E+10
    2.93355013397259e-03    -2.49672588053179e-03    -9.61900401769548e-04    1.3495380E+03    99.67    99.67    0.0311202792371790    0.00000e+00    0.00000e+00    7.10213851E+10
    2.94317077666053e-03    -2.50490604481041e-03    -9.65085336766229e-04    1.3406023E+03    99.39    99.39    0.0309208841445750    0.00000e+00    0.00000e+00    7.10716124E+10
    2.95279035275837e-03    -2.51308717871640e-03    -9.68269641505125e-04    1.3317503E+03    99.11    99.11    0.0307405632001879    0.00000e+00    0.00000e+00    7.11218397E+10
    2.96240891074748e-03    -2.52126923376838e-03    -9.71453364467603e-04    1.3229810E+03    98.83    98.83    0.0305803069947749    0.00000e+00    0.00000e+00    7.11720670E+10
    2.97202640214649e-03    -2.52945211300362e-03    -9.74636505653664e-04    1.3142937E+03    98.55    98.55    0.0304146170434131    0.00000e+00    0.00000e+00    7.12222942E+10
    2.98164287543677e-03    -2.53763586490348e-03    -9.77819016581939e-04    1.3056879E+03    98.28    98.28    0.0302446035465449    0.00000e+00    0.00000e+00    7.12725215E+10
    2.99125828213695e-03    -2.54582044098661e-03    -9.81000897252429e-04    1.2971628E+03    98.00    98.00    0.0301002348847205    0.00000e+00    0.00000e+00    7.13227488E+10
    3.00087262224703e-03    -2.55400579277162e-03    -9.84182196146502e-04    1.2887175E+03    97.73    97.73    0.0299441071361875    0.00000e+00    0.00000e+00    7.13729761E+10
    3.01048594424839e-03    -2.56219196873989e-03    -9.87362864782789e-04    1.2803513E+03    97.46    97.46    0.0300346625843393    0.00000e+00    0.00000e+00    7.14232034E+10
    3.02009824814101e-03    -2.57037882344732e-03    -9.90542903161291e-04    1.2720640E+03    97.19    97.19    0.0300730297422862    0.00000e+00    0.00000e+00    7.14734307E+10
    3.02970948544353e-03    -2.57856635689389e-03    -9.93722359763375e-04    1.2638543E+03    96.92    96.92    0.0299459336949762    0.00000e+00    0.00000e+00    7.15236580E+10
    3.03931970463733e-03    -2.58675456907962e-03    -9.96901137626306e-04    1.2557221E+03    96.66    96.66    0.0298221892418863    0.00000e+00    0.00000e+00    7.15738853E+10
    3.04892885724102e-03    -2.59494346000451e-03    -1.00007928523145e-03    1.2476663E+03    96.39    96.39    0.0296739830408028    0.00000e+00    0.00000e+00    7.16241125E+10
    3.05853699173599e-03    -2.60313288422444e-03    -1.00325680257881e-03    1.2396861E+03    96.13    96.13    0.0295278556043496    0.00000e+00    0.00000e+00    7.16743398E+10
    3.06814410812222e-03    -2.61132284173943e-03    -1.00643368966839e-03    1.2317817E+03    95.87    95.87    0.0293694228780384    0.00000e+00    0.00000e+00    7.17245671E+10
    3.07775025488109e-03    -2.61951338103083e-03    -1.00960994650018e-03    1.2239517E+03    95.61    95.61    0.0291996543282746    0.00000e+00    0.00000e+00    7.17747944E+10
    3.08735538353123e-03    -2.62770435665454e-03    -1.01278552459281e-03    1.2161960E+03    95.35    95.35    0.0290460263637847    0.00000e+00    0.00000e+00    7.18250217E+10
    3.09695959103538e-03    -2.63589581709194e-03    -1.01596047242766e-03    1.2085138E+03    95.09    95.09    0.0289077596640136    0.00000e+00    0.00000e+00    7.18752490E+10
    3.10656278043080e-03    -2.64408771386164e-03    -1.01913479000473e-03    1.2009046E+03    94.84    94.84    0.0287686714590688    0.00000e+00    0.00000e+00    7.19254763E+10
    3.11616504868022e-03    -2.65227999848230e-03    -1.02230842884264e-03    1.1933677E+03    94.58    94.58    0.0288600375701322    0.00000e+00    0.00000e+00    7.19757036E+10
    3.12576639578365e-03    -2.66047267095389e-03    -1.02548143742276e-03    1.1859029E+03    94.33    94.33    0.0288463907523593    0.00000e+00    0.00000e+00    7.20259308E+10
    3.13536682174109e-03    -2.66866563431370e-03    -1.02865381574510e-03    1.1785096E+03    94.08    94.08    0.0288289584797994    0.00000e+00    0.00000e+00    7.20761581E+10
    3.14496632655253e-03    -2.67685888856172e-03    -1.03182556380966e-03    1.1711868E+03    93.83    93.83    0.0286126622094756    0.00000e+00    0.00000e+00    7.21263854E+10
    3.15456495869935e-03    -2.68505238521657e-03    -1.03499663313506e-03    1.1639341E+03    93.59    93.59    0.0284684547494827    0.00000e+00    0.00000e+00    7.21766127E+10
    3.16416276666290e-03    -2.69324607579690e-03    -1.03816702372131e-03    1.1567510E+03    93.34    93.34    0.0283489820070500    0.00000e+00    0.00000e+00    7.22268400E+10
    3.17375970196183e-03    -2.70143996030270e-03    -1.04133683253114e-03    1.1496370E+03    93.10    93.10    0.0281810079080041    0.00000e+00    0.00000e+00    7.22770673E+10
    3.18335581307751e-03    -2.70963399025260e-03    -1.04450596260181e-03    1.1425916E+03    92.85    92.85    0.0280398970763824    0.00000e+00    0.00000e+00    7.23272946E+10
    3.19295114849129e-03    -2.71782811716525e-03    -1.04767446241471e-03    1.1356141E+03    92.61    92.61    0.0279136432001352    0.00000e+00    0.00000e+00    7.23775219E+10
    3.20254570820319e-03    -2.72602234104062e-03    -1.05084228348844e-03    1.1287037E+03    92.37    92.37    0.0277197868258139    0.00000e+00    0.00000e+00    7.24277492E+10
    3.21213954069456e-03    -2.73421661339737e-03    -1.05400952278576e-03    1.1218603E+03    92.13    92.13    0.0276523495463106    0.00000e+00    0.00000e+00    7.24779764E+10
    3.22173269444678e-03    -2.74241088575411e-03    -1.05717608334393e-03    1.1150832E+03    91.90    91.90    0.0277194806305687    0.00000e+00    0.00000e+00    7.25282037E+10
    3.23132512097847e-03    -2.75060510962949e-03    -1.06034206212568e-03    1.1083715E+03    91.66    91.66    0.0277113903477269    0.00000e+00    0.00000e+00    7.25784310E+10
    3.24091691725239e-03    -2.75879933350487e-03    -1.06350736216828e-03    1.1017252E+03    91.43    91.43    0.0276791439680768    0.00000e+00    0.00000e+00    7.26286583E+10
    3.25050808326851e-03    -2.76699341193614e-03    -1.06667208043445e-03    1.0951435E+03    91.19    91.19    0.0275179627126284    0.00000e+00    0.00000e+00    7.26788856E+10
    3.26009861902685e-03    -2.77518739340468e-03    -1.06983611996148e-03    1.0886258E+03    90.96    90.96    0.0273675146059824    0.00000e+00    0.00000e+00    7.27291129E+10
    3.26968857300878e-03    -2.78338118094774e-03    -1.07299957771209e-03    1.0821716E+03    90.73    90.73    0.0272267461825361    0.00000e+00    0.00000e+00    7.27793402E+10
    3.27927799369565e-03    -2.79157477456533e-03    -1.07616240520491e-03    1.0757800E+03    90.51    90.51    0.0270926665541810    0.00000e+00    0.00000e+00    7.28295675E+10
    3.28886692956884e-03    -2.79976817425745e-03    -1.07932460243995e-03    1.0694508E+03    90.28    90.28    0.0269586510403707    0.00000e+00    0.00000e+00    7.28797947E+10
    3.29845538062835e-03    -2.80796123457999e-03    -1.08248621789857e-03    1.0631833E+03    90.05    90.05    0.0268388775159868    0.00000e+00    0.00000e+00    7.29300220E+10
    3.30804344383692e-03    -2.81615405249570e-03    -1.08564720309940e-03    1.0569769E+03    89.83    89.83    0.0266815438172203    0.00000e+00    0.00000e+00    7.29802493E+10
    3.31763107071318e-03    -2.82434657952319e-03    -1.08880760652382e-03    1.0508310E+03    89.61    89.61    0.0266223096110018    0.00000e+00    0.00000e+00    7.30304766E+10
    3.32721830973848e-03    -2.83253871869974e-03    -1.09196742817182e-03    1.0447450E+03    89.39    89.39    0.0267052928412662    0.00000e+00    0.00000e+00    7.30807039E+10
    3.33680520939422e-03    -2.84073047002534e-03    -1.09512666804340e-03    1.0387186E+03    89.17    89.17    0.0266710978936353    0.00000e+00    0.00000e+00    7.31309312E+10
    3.34639186664311e-03    -2.84892178501863e-03    -1.09828527765720e-03    1.0327507E+03    88.95    88.95    0.0266748638818081    0.00000e+00    0.00000e+00    7.31811585E+10
    3.35597818452242e-03    -2.85711266367961e-03    -1.10144335397594e-03    1.0268412E+03    88.73    88.73    0.0265338453394189    0.00000e+00    0.00000e+00    7.32313858E+10
    3.36556430847627e-03    -2.86530305752691e-03    -1.10460084851827e-03    1.0209890E+03    88.52    88.52    0.0263765678981641    0.00000e+00    0.00000e+00    7.32816130E+10
    3.37515023850464e-03    -2.87349286959778e-03    -1.10775780976555e-03    1.0151940E+03    88.30    88.30    0.0262110073986761    0.00000e+00    0.00000e+00    7.33318403E+10
    3.38473602308890e-03    -2.88168219685498e-03    -1.11091414075505e-03    1.0094551E+03    88.09    88.09    0.0260633611824754    0.00000e+00    0.00000e+00    7.33820676E+10
    3.39432166222906e-03    -2.88987089385440e-03    -1.11406998693086e-03    1.0037722E+03    87.88    87.88    0.0259569910230775    0.00000e+00    0.00000e+00    7.34322949E+10
    3.40390725288786e-03    -2.89805900907739e-03    -1.11722525133026e-03    9.9814438E+02    87.67    87.67    0.0258388322912222    0.00000e+00    0.00000e+00    7.34825222E+10
    3.41349279506528e-03    -2.90624649404260e-03    -1.12037993395324e-03    9.9257133E+02    87.46    87.46    0.0257217495899644    0.00000e+00    0.00000e+00    7.35327495E+10
    3.42307833724271e-03    -2.91443330026866e-03    -1.12353413176254e-03    9.8705219E+02    87.25    87.25    0.0256928615238705    0.00000e+00    0.00000e+00    7.35829768E+10
    3.43266392790150e-03    -2.92261937927419e-03    -1.12668779627679e-03    9.8158674E+02    87.05    87.05    0.0257341636016864    0.00000e+00    0.00000e+00    7.36332041E+10
    3.44224956704166e-03    -2.93080477954057e-03    -1.12984092749599e-03    9.7617431E+02    86.84    86.84    0.0257046213068232    0.00000e+00    0.00000e+00    7.36834314E+10
    3.45183535162593e-03    -2.93898940410506e-03    -1.13299352542014e-03    9.7081427E+02    86.64    86.64    0.0257085129713015    0.00000e+00    0.00000e+00    7.37336586E+10
    3.46142128165430e-03    -2.94717320448630e-03    -1.13614563853061e-03    9.6550596E+02    86.44    86.44    0.0255964073344856    0.00000e+00    0.00000e+00    7.37838859E+10
    3.47100740560814e-03    -2.95535622916564e-03    -1.13929721834603e-03    9.6024918E+02    86.24    86.24    0.0254260944102834    0.00000e+00    0.00000e+00    7.38341132E+10
    3.48059372348746e-03    -2.96353838118036e-03    -1.14244831334777e-03    9.5504288E+02    86.04    86.04    0.0252722230324576    0.00000e+00    0.00000e+00    7.38843405E+10
    3.49018033225498e-03    -2.97171970901182e-03    -1.14559892353583e-03    9.4988688E+02    85.84    85.84    0.0251224425159629    0.00000e+00    0.00000e+00    7.39345678E+10
    3.49976728039208e-03    -2.97990011569728e-03    -1.14874904891021e-03    9.4478055E+02    85.64    85.64    0.0249957860463862    0.00000e+00    0.00000e+00    7.39847951E+10
    3.50935456789876e-03    -2.98807960123675e-03    -1.15189873795227e-03    9.3972308E+02    85.45    85.45    0.0248795768164254    0.00000e+00    0.00000e+00    7.40350224E+10
    3.51894224325638e-03    -2.99625816563023e-03    -1.15504789369929e-03    9.3471431E+02    85.25    85.25    0.0247785233221988    0.00000e+00    0.00000e+00    7.40852497E+10
    3.52853035494632e-03    -3.00443571191498e-03    -1.15819666159536e-03    9.2975322E+02    85.06    85.06    0.0247329723338755    0.00000e+00    0.00000e+00    7.41354769E+10
    3.53811895144993e-03    -3.01261233705373e-03    -1.16134494467775e-03    9.2483946E+02    84.87    84.87    0.0247580703278093    0.00000e+00    0.00000e+00    7.41857042E+10
    3.54770803276723e-03    -3.02078789560239e-03    -1.16449279142782e-03    9.1997245E+02    84.68    84.68    0.0247931103634705    0.00000e+00    0.00000e+00    7.42359315E+10
    3.55729769586094e-03    -3.02896243604231e-03    -1.16764020184558e-03    9.1515144E+02    84.49    84.49    0.0247707587396826    0.00000e+00    0.00000e+00    7.42861588E+10
    3.56688789224971e-03    -3.03713590989214e-03    -1.17078717593103e-03    9.1037587E+02    84.30    84.30    0.0246751676862332    0.00000e+00    0.00000e+00    7.43363861E+10
    3.57647876737763e-03    -3.04530826867049e-03    -1.17393371368417e-03    9.0564540E+02    84.12    84.12    0.0245225296806964    0.00000e+00    0.00000e+00    7.43866134E+10
    3.58607027276333e-03    -3.05347956085876e-03    -1.17707986358636e-03    9.0095931E+02    83.93    83.93    0.0243821428127785    0.00000e+00    0.00000e+00    7.44368407E+10
    3.59566245688819e-03    -3.06164973797555e-03    -1.18022557715624e-03    8.9631688E+02    83.75    83.75    0.0242501441533161    0.00000e+00    0.00000e+00    7.44870680E+10
    3.60525541671493e-03    -3.06981870305814e-03    -1.18337090287518e-03    8.9171759E+02    83.56    83.56    0.0241340345226469    0.00000e+00    0.00000e+00    7.45372952E+10
    3.61484915224357e-03    -3.07798655306927e-03    -1.18651588922454e-03    8.8716093E+02    83.38    83.38    0.0240189675576492    0.00000e+00    0.00000e+00    7.45875225E+10
    3.62444371195546e-03    -3.08615323952756e-03    -1.18966043924158e-03    8.8264642E+02    83.20    83.20    0.0239281026124933    0.00000e+00    0.00000e+00    7.46377498E+10
    3.63403914433198e-03    -3.09431866547027e-03    -1.19280464988905e-03    8.7817319E+02    83.02    83.02    0.0239493408103102    0.00000e+00    0.00000e+00    7.46879771E+10
    3.64363544937313e-03    -3.10248292786016e-03    -1.19594847268557e-03    8.7374074E+02    82.84    82.84    0.0239484894943057    0.00000e+00    0.00000e+00    7.47382044E+10
    3.65323267556027e-03    -3.11064592973447e-03    -1.19909195611252e-03    8.6934882E+02    82.66    82.66    0.0239905413925833    0.00000e+00    0.00000e+00    7.47884317E+10
    3.66283087137477e-03    -3.11880771957458e-03    -1.20223505168852e-03    8.6499639E+02    82.49    82.49    0.0239645471976548    0.00000e+00    0.00000e+00    7.48386590E+10
    3.67243003681663e-03    -3.12696820041776e-03    -1.20537780789494e-03    8.6068318E+02    82.31    82.31    0.0238644303485017    0.00000e+00    0.00000e+00    7.48888863E+10
    3.68203026884860e-03    -3.13512742074536e-03    -1.20852027321316e-03    8.5640840E+02    82.14    82.14    0.0237127090833719    0.00000e+00    0.00000e+00    7.49391135E+10
    3.69163151898929e-03    -3.14328533207602e-03    -1.21166235068043e-03    8.5217178E+02    81.97    81.97    0.0235755753496432    0.00000e+00    0.00000e+00    7.49893408E+10
    3.70123393268282e-03    -3.15144193440974e-03    -1.21480413725949e-03    8.4797253E+02    81.79    81.79    0.0234428756380938    0.00000e+00    0.00000e+00    7.50395681E+10
    3.71083746144781e-03    -3.15959722774653e-03    -1.21794563295034e-03    8.4381025E+02    81.62    81.62    0.0233684136808416    0.00000e+00    0.00000e+00    7.50897954E+10
    3.72044215376564e-03    -3.16775116360500e-03    -1.22108678927162e-03    8.3968433E+02    81.45    81.45    0.0232645102250728    0.00000e+00    0.00000e+00    7.51400227E+10
    3.73004810659904e-03    -3.17590379046654e-03    -1.22422770318606e-03    8.3559420E+02    81.28    81.28    0.0231973372945416    0.00000e+00    0.00000e+00    7.51902500E+10
    3.73965527146664e-03    -3.18405501136840e-03    -1.22736832621229e-03    8.3153912E+02    81.12    81.12    0.0231563979849988    0.00000e+00    0.00000e+00    7.52404773E+10
    3.74926374533119e-03    -3.19220487479196e-03    -1.23050865835030e-03    8.2751888E+02    80.95    80.95    0.0231221661120670    0.00000e+00    0.00000e+00    7.52907046E+10
    3.75887352819267e-03    -3.20035333225584e-03    -1.23364874808148e-03    8.2353274E+02    80.78    80.78    0.0231921673083389    0.00000e+00    0.00000e+00    7.53409319E+10
    3.76848462005109e-03    -3.20850038376004e-03    -1.23678859540582e-03    8.1958036E+02    80.62    80.62    0.0231423295049456    0.00000e+00    0.00000e+00    7.53911591E+10
    3.77809711786918e-03    -3.21664602930457e-03    -1.23992820032332e-03    8.1566101E+02    80.45    80.45    0.0230903907952734    0.00000e+00    0.00000e+00    7.54413864E+10
    3.78771102164695e-03    -3.22479026888943e-03    -1.24306756283397e-03    8.1177417E+02    80.29    80.29    0.0229728108616021    0.00000e+00    0.00000e+00    7.54916137E+10
    3.79732642834713e-03    -3.23293305403324e-03    -1.24620668293779e-03    8.0791952E+02    80.13    80.13    0.0228259998200722    0.00000e+00    0.00000e+00    7.55418410E+10
    3.80694324100699e-03    -3.24107438473601e-03    -1.24934560911613e-03    8.0409652E+02    79.97    79.97    0.0226991681703170    0.00000e+00    0.00000e+00    7.55920683E+10
    3.81656160507063e-03    -3.24921426099773e-03    -1.25248434136901e-03    8.0030453E+02    79.81    79.81    0.0226076442308286    0.00000e+00    0.00000e+00    7.56422956E+10
    3.82618147205668e-03    -3.25735273129978e-03    -1.25562292817777e-03    7.9654305E+02    79.65    79.65    0.0225086760168866    0.00000e+00    0.00000e+00    7.56925229E+10
    3.83580293892787e-03    -3.26548969867942e-03    -1.25876127257970e-03    7.9281177E+02    79.49    79.49    0.0224709454094226    0.00000e+00    0.00000e+00    7.57427502E+10
    3.84542600568421e-03    -3.27362516313665e-03    -1.26189947153752e-03    7.8911021E+02    79.33    79.33    0.0224288466085707    0.00000e+00    0.00000e+00    7.57929774E+10
    3.85505067232570e-03    -3.28175917315283e-03    -1.26503747656987e-03    7.8543775E+02    79.17    79.17    0.0223973475802014    0.00000e+00    0.00000e+00    7.58432047E+10
    3.86467693885234e-03    -3.28989168024660e-03    -1.26817533615812e-03    7.8179393E+02    79.01    79.01    0.0224701380507303    0.00000e+00    0.00000e+00    7.58934320E+10
    3.87430495070823e-03    -3.29802273289933e-03    -1.27131305030226e-03    7.7817862E+02    78.86    78.86    0.0224180484607233    0.00000e+00    0.00000e+00    7.59436593E+10
    3.88393461093064e-03    -3.30615223414828e-03    -1.27445061900229e-03    7.7459090E+02    78.70    78.70    0.0223765250708929    0.00000e+00    0.00000e+00    7.59938866E+10
    3.89356601648230e-03    -3.31428028095619e-03    -1.27758804225823e-03    7.7103083E+02    78.55    78.55    0.0222625956336519    0.00000e+00    0.00000e+00    7.60441139E+10
    3.90319916736321e-03    -3.32240677636031e-03    -1.28072532007005e-03    7.6749764E+02    78.40    78.40    0.0221277123711009    0.00000e+00    0.00000e+00    7.60943412E+10
    3.91283406357337e-03    -3.33053172036066e-03    -1.28386250091914e-03    7.6399092E+02    78.24    78.24    0.0220030594835433    0.00000e+00    0.00000e+00    7.61445685E+10
    3.92247080207552e-03    -3.33865520991996e-03    -1.28699958480550e-03    7.6051042E+02    78.09    78.09    0.0219083601361368    0.00000e+00    0.00000e+00    7.61947957E+10
    3.93210933438829e-03    -3.34677714807549e-03    -1.29013657172912e-03    7.5705573E+02    77.94    77.94    0.0218092978535956    0.00000e+00    0.00000e+00    7.62450230E+10
    3.94174966051168e-03    -3.35489758330860e-03    -1.29327346169000e-03    7.5362613E+02    77.79    77.79    0.0217806083022138    0.00000e+00    0.00000e+00    7.62952503E+10
    3.95139192588980e-03    -3.36301651561930e-03    -1.29641030316952e-03    7.5022155E+02    77.64    77.64    0.0217302354549562    0.00000e+00    0.00000e+00    7.63454776E+10
    3.96103603355990e-03    -3.37113389652622e-03    -1.29954704768630e-03    7.4684161E+02    77.49    77.49    0.0217126812759846    0.00000e+00    0.00000e+00    7.63957049E+10
    3.97068203200336e-03    -3.37924972602936e-03    -1.30268374372171e-03    7.4348560E+02    77.34    77.34    0.0217690891827740    0.00000e+00    0.00000e+00    7.64459322E+10
    3.98032992122018e-03    -3.38736405261009e-03    -1.30582039127575e-03    7.4015348E+02    77.19    77.19    0.0217501040727716    0.00000e+00    0.00000e+00    7.64961595E+10
    3.98997974969172e-03    -3.39547682778704e-03    -1.30895694186706e-03    7.3684471E+02    77.04    77.04    0.0217059318904399    0.00000e+00    0.00000e+00    7.65463868E+10
    3.99963156589935e-03    -3.40358810004158e-03    -1.31209354093973e-03    7.3355879E+02    76.89    76.89    0.0215933542565864    0.00000e+00    0.00000e+00    7.65966140E+10
    4.00928536984308e-03    -3.41169782089234e-03    -1.31523004304967e-03    7.3029566E+02    76.75    76.75    0.0214676700262878    0.00000e+00    0.00000e+00    7.66468413E+10
    4.01894111304152e-03    -3.41980603882069e-03    -1.31836659364097e-03    7.2705482E+02    76.60    76.60    0.0213617204865263    0.00000e+00    0.00000e+00    7.66970686E+10
    4.02859889245744e-03    -3.42791270534526e-03    -1.32150309575091e-03    7.2383594E+02    76.45    76.45    0.0212545550179697    0.00000e+00    0.00000e+00    7.67472959E+10
    4.03825870809081e-03    -3.43601782046605e-03    -1.32463964634222e-03    7.2063853E+02    76.31    76.31    0.0211622020936226    0.00000e+00    0.00000e+00    7.67975232E+10
    4.04792055994164e-03    -3.44412143266443e-03    -1.32777619693352e-03    7.1746254E+02    76.16    76.16    0.0211226254812389    0.00000e+00    0.00000e+00    7.68477505E+10
    4.05758449649130e-03    -3.45222349345903e-03    -1.33091274752483e-03    7.1430737E+02    76.02    76.02    0.0210791632344646    0.00000e+00    0.00000e+00    7.68979778E+10
    4.06725046925842e-03    -3.46032400284984e-03    -1.33404939507887e-03    7.1117297E+02    75.88    75.88    0.0210622802983971    0.00000e+00    0.00000e+00    7.69482051E+10
    4.07691857520574e-03    -3.46842300931825e-03    -1.33718604263292e-03    7.0805860E+02    75.73    75.73    0.0210736839062359    0.00000e+00    0.00000e+00    7.69984324E+10
    4.08658871737052e-03    -3.47652046438288e-03    -1.34032273866833e-03    7.0496439E+02    75.59    75.59    0.0210945692098010    0.00000e+00    0.00000e+00    7.70486596E+10
    4.09626099271549e-03    -3.48461636804373e-03    -1.34345953166647e-03    7.0188988E+02    75.45    75.45    0.0210559862823308    0.00000e+00    0.00000e+00    7.70988869E+10
    4.10593540124067e-03    -3.49271076878216e-03    -1.34659632466462e-03    6.9883463E+02    75.31    75.31    0.0209680626186914    0.00000e+00    0.00000e+00    7.71491142E+10
    4.11561199142740e-03    -3.50080361811682e-03    -1.34973326310687e-03    6.9579863E+02    75.17    75.17    0.0208521691702404    0.00000e+00    0.00000e+00    7.71993415E+10
    4.12529066631297e-03    -3.50889496452907e-03    -1.35287025003049e-03    6.9278130E+02    75.02    75.02    0.0207489560425003    0.00000e+00    0.00000e+00    7.72495688E+10
    4.13497152286010e-03    -3.51698480801890e-03    -1.35600738239821e-03    6.8978264E+02    74.88    74.88    0.0206267646976942    0.00000e+00    0.00000e+00    7.72997961E+10
    4.14465456106880e-03    -3.52507314858632e-03    -1.35914456324731e-03    6.8680222E+02    74.74    74.74    0.0205377311986260    0.00000e+00    0.00000e+00    7.73500234E+10
    4.15433978093906e-03    -3.53315993774997e-03    -1.36228188954050e-03    6.8383976E+02    74.61    74.61    0.0205229282197709    0.00000e+00    0.00000e+00    7.74002507E+10
    4.16402713398952e-03    -3.54124527247257e-03    -1.36541931279643e-03    6.8089501E+02    74.47    74.47    0.0204649091980187    0.00000e+00    0.00000e+00    7.74504779E+10
    4.17371671718291e-03    -3.54932905579139e-03    -1.36855688149647e-03    6.7796794E+02    74.33    74.33    0.0204344751340960    0.00000e+00    0.00000e+00    7.75007052E+10
    4.18340848203787e-03    -3.55741138466916e-03    -1.37169454715924e-03    6.7505803E+02    74.19    74.19    0.0204353347555655    0.00000e+00    0.00000e+00    7.75509325E+10
    4.19310242855439e-03    -3.56549221062453e-03    -1.37483235826612e-03    6.7216516E+02    74.05    74.05    0.0204740622143957    0.00000e+00    0.00000e+00    7.76011598E+10
    4.20279860521384e-03    -3.57357158213885e-03    -1.37797031481710e-03    6.6928905E+02    73.92    73.92    0.0204356976299632    0.00000e+00    0.00000e+00    7.76513871E+10
    4.21249696353486e-03    -3.58164945073076e-03    -1.38110846529356e-03    6.6642959E+02    73.78    73.78    0.0203754961404224    0.00000e+00    0.00000e+00    7.77016144E+10
    4.22219755199881e-03    -3.58972581640026e-03    -1.38424671273275e-03    6.6358654E+02    73.64    73.64    0.0202717268896931    0.00000e+00    0.00000e+00    7.77518417E+10
    4.23190037060570e-03    -3.59780077611009e-03    -1.38738515409741e-03    6.6075963E+02    73.51    73.51    0.0201577916856496    0.00000e+00    0.00000e+00    7.78020690E+10
    4.24160541935552e-03    -3.60587428137887e-03    -1.39052374090618e-03    6.5794875E+02    73.37    73.37    0.0200478294038731    0.00000e+00    0.00000e+00    7.78522962E+10
    4.25131264976690e-03    -3.61394633220661e-03    -1.39366252164042e-03    6.5515354E+02    73.24    73.24    0.0200442105402193    0.00000e+00    0.00000e+00    7.79025235E+10
    4.26102211032122e-03    -3.62201697707467e-03    -1.39680144781876e-03    6.5237400E+02    73.10    73.10    0.0200401050363725    0.00000e+00    0.00000e+00    7.79527508E+10
    4.27073380101847e-03    -3.63008616750169e-03    -1.39994056792257e-03    6.4960979E+02    72.97    72.97    0.0199873905285691    0.00000e+00    0.00000e+00    7.80029781E+10
    4.28044767337728e-03    -3.63815395196903e-03    -1.40307988195186e-03    6.4686079E+02    72.83    72.83    0.0199211415060923    0.00000e+00    0.00000e+00    7.80532054E+10
    4.29016382436040e-03    -3.64622033047670e-03    -1.40621938990662e-03    6.4412690E+02    72.70    72.70    0.0198443134372920    0.00000e+00    0.00000e+00    7.81034327E+10
    4.29988215700508e-03    -3.65428530302469e-03    -1.40935909178686e-03    6.4140802E+02    72.57    72.57    0.0198422208627010    0.00000e+00    0.00000e+00    7.81536600E+10
    4.30960271979270e-03    -3.66234891809438e-03    -1.41249903607393e-03    6.3870367E+02    72.43    72.43    0.0197725701021359    0.00000e+00    0.00000e+00    7.82038873E+10
    4.31932546424188e-03    -3.67041112720439e-03    -1.41563912580511e-03    6.3601400E+02    72.30    72.30    0.0197016337952157    0.00000e+00    0.00000e+00    7.82541145E+10
    4.32905048731536e-03    -3.67847197883609e-03    -1.41877945794313e-03    6.3333868E+02    72.17    72.17    0.0196858515101425    0.00000e+00    0.00000e+00    7.83043418E+10
    4.33877769205040e-03    -3.68653147298949e-03    -1.42192003248799e-03    6.3067772E+02    72.04    72.04    0.0196245513420836    0.00000e+00    0.00000e+00    7.83545691E+10
    4.34850712692838e-03    -3.69458960966458e-03    -1.42506080095832e-03    6.2803092E+02    71.91    71.91    0.0195412678068411    0.00000e+00    0.00000e+00    7.84047964E+10
    4.35823874346792e-03    -3.70264648582410e-03    -1.42820176335413e-03    6.2539805E+02    71.77    71.77    0.0194714452540882    0.00000e+00    0.00000e+00    7.84550237E+10
    4.36797259015040e-03    -3.71070200450531e-03    -1.43134301663814e-03    6.2277904E+02    71.64    71.64    0.0194730363645349    0.00000e+00    0.00000e+00    7.85052510E+10
    4.37770866697581e-03    -3.71875621418958e-03    -1.43448451232899e-03    6.2017379E+02    71.51    71.51    0.0194098159367284    0.00000e+00    0.00000e+00    7.85554783E+10
    4.38744687698142e-03    -3.72680911487692e-03    -1.43762620194532e-03    6.1758221E+02    71.38    71.38    0.0193511288212314    0.00000e+00    0.00000e+00    7.86057056E+10
    4.39718731712996e-03    -3.73486075504868e-03    -1.44076813396848e-03    6.1500423E+02    71.25    71.25    0.0192789592037568    0.00000e+00    0.00000e+00    7.86559329E+10
    4.40692993894006e-03    -3.74291113470487e-03    -1.44391035687986e-03    6.1243963E+02    71.12    71.12    0.0192619407453674    0.00000e+00    0.00000e+00    7.87061601E+10
    4.41667474241173e-03    -3.75096030232686e-03    -1.44705277371671e-03    6.0988844E+02    71.00    71.00    0.0192021076410025    0.00000e+00    0.00000e+00    7.87563874E+10
    4.42642172754497e-03    -3.75900816095191e-03    -1.45019548144176e-03    6.0735047E+02    70.87    70.87    0.0191397065923607    0.00000e+00    0.00000e+00    7.88066147E+10
    4.43617084585840e-03    -3.76705480754276e-03    -1.45333843157366e-03    6.0482575E+02    70.74    70.74    0.0191290202929358    0.00000e+00    0.00000e+00    7.88568420E+10
    4.44592219431476e-03    -3.77510029058077e-03    -1.45648162411240e-03    6.0231408E+02    70.61    70.61    0.0190659592053262    0.00000e+00    0.00000e+00    7.89070693E+10
    4.45567562746996e-03    -3.78314456158458e-03    -1.45962510753934e-03    5.9981549E+02    70.48    70.48    0.0190002912069478    0.00000e+00    0.00000e+00    7.89572966E+10
    4.46543124228671e-03    -3.79118762055419e-03    -1.46276888185450e-03    5.9732991E+02    70.36    70.36    0.0189348234331095    0.00000e+00    0.00000e+00    7.90075239E+10
    4.47518899028367e-03    -3.79922951597096e-03    -1.46591285009513e-03    5.9485724E+02    70.23    70.23    0.0189428491047559    0.00000e+00    0.00000e+00    7.90577512E+10
    4.48494887146082e-03    -3.80727029631627e-03    -1.46905715770533e-03    5.9239730E+02    70.10    70.10    0.0188849787869904    0.00000e+00    0.00000e+00    7.91079784E+10
    4.49471083733680e-03    -3.81530991310874e-03    -1.47220170772237e-03    5.8995012E+02    69.98    69.98    0.0187805330077770    0.00000e+00    0.00000e+00    7.91582057E+10
    4.50447493639298e-03    -3.82334846331111e-03    -1.47534650014626e-03    5.8751573E+02    69.85    69.85    0.0187266972379587    0.00000e+00    0.00000e+00    7.92084330E+10
    4.51424112014799e-03    -3.83138584996065e-03    -1.47849158345835e-03    5.8509394E+02    69.72    69.72    0.0187114110566260    0.00000e+00    0.00000e+00    7.92586603E+10
    4.52400938860182e-03    -3.83942217002009e-03    -1.48163695765866e-03    5.8268466E+02    69.60    69.60    0.0186578669978481    0.00000e+00    0.00000e+00    7.93088876E+10
    4.53377974175449e-03    -3.84745742348943e-03    -1.48478262274717e-03    5.8028794E+02    69.47    69.47    0.0185941638582194    0.00000e+00    0.00000e+00    7.93591149E+10
    4.54355217960598e-03    -3.85549161036867e-03    -1.48792853024252e-03    5.7790368E+02    69.35    69.35    0.0185928382962847    0.00000e+00    0.00000e+00    7.94093422E+10
    4.55332665367493e-03    -3.86352477913919e-03    -1.49107472862608e-03    5.7553193E+02    69.22    69.22    0.0185483501974590    0.00000e+00    0.00000e+00    7.94595695E+10
    4.56310316396135e-03    -3.87155688131960e-03    -1.49422121789785e-03    5.7317238E+02    69.10    69.10    0.0184789234127713    0.00000e+00    0.00000e+00    7.95097967E+10
    4.57288171046522e-03    -3.87958801387265e-03    -1.49736799805783e-03    5.7082528E+02    68.98    68.98    0.0184185866268850    0.00000e+00    0.00000e+00    7.95600240E+10
    4.58266229318656e-03    -3.88761817679834e-03    -1.50051506910601e-03    5.6849044E+02    68.85    68.85    0.0184346789115043    0.00000e+00    0.00000e+00    7.96102513E+10
    4.59244486364399e-03    -3.89564737009667e-03    -1.50366243104241e-03    5.6616779E+02    68.73    68.73    0.0183706511629593    0.00000e+00    0.00000e+00    7.96604786E+10
    4.60222942183751e-03    -3.90367559376763e-03    -1.50681003538564e-03    5.6385735E+02    68.61    68.61    0.0182623802169375    0.00000e+00    0.00000e+00    7.97107059E+10
    4.61201596776712e-03    -3.91170284781124e-03    -1.50995797909846e-03    5.6155894E+02    68.48    68.48    0.0182129488404931    0.00000e+00    0.00000e+00    7.97609332E+10
    4.62180445295146e-03    -3.91972922919021e-03    -1.51310616521811e-03    5.5927279E+02    68.36    68.36    0.0181814180362187    0.00000e+00    0.00000e+00    7.98111605E+10
    4.63159492587189e-03    -3.92775468942320e-03    -1.51625469070734e-03    5.5699862E+02    68.24    68.24    0.0181403617697772    0.00000e+00    0.00000e+00    7.98613878E+10
    4.64138733804704e-03    -3.93577927699156e-03    -1.51940345860341e-03    5.5473656E+02    68.12    68.12    0.0180858180919611    0.00000e+00    0.00000e+00    7.99116151E+10
    4.65118164099556e-03    -3.94380299189529e-03    -1.52255251738769e-03    5.5248642E+02    68.00    68.00    0.0180815424375795    0.00000e+00    0.00000e+00    7.99618423E+10
    4.66097788319879e-03    -3.95182588261576e-03    -1.52570186706017e-03    5.5024822E+02    67.88    67.88    0.0180388361155453    0.00000e+00    0.00000e+00    8.00120696E+10
    4.67077601617538e-03    -3.95984790067161e-03    -1.52885150762087e-03    5.4802200E+02    67.76    67.76    0.0179731947331727    0.00000e+00    0.00000e+00    8.00622969E+10
    4.68057603992533e-03    -3.96786914302556e-03    -1.53200148755114e-03    5.4580757E+02    67.64    67.64    0.0179374341693508    0.00000e+00    0.00000e+00    8.01125242E+10
    4.69037790596727e-03    -3.97588960967763e-03    -1.53515170988826e-03    5.4360506E+02    67.52    67.52    0.0179546532541074    0.00000e+00    0.00000e+00    8.01627515E+10
    4.70018161430119e-03    -3.98390925214644e-03    -1.53830222311358e-03    5.4141438E+02    67.40    67.40    0.0178876500886604    0.00000e+00    0.00000e+00    8.02129788E+10
    4.70998721340847e-03    -3.99192816739473e-03    -1.54145302722711e-03    5.3923555E+02    67.28    67.28    0.0177866145039445    0.00000e+00    0.00000e+00    8.02632061E+10
    4.71979455784501e-03    -3.99994635542249e-03    -1.54460412222885e-03    5.3706840E+02    67.16    67.16    0.0177281418056553    0.00000e+00    0.00000e+00    8.03134334E+10
    4.72960374457353e-03    -4.00796381622974e-03    -1.54775550811880e-03    5.3491305E+02    67.04    67.04    0.0177039329701042    0.00000e+00    0.00000e+00    8.03636606E+10
