    -2.69106378397412e-05    -4.09132122611867e-05    6.91459694918302e-06    1.6591688E+07    2102.87    2102.87    1.2331588931011439    0.00000e+00    0.00000e+00    6.57475199E+10
    -3.09798104498011e-05    -5.79422743872393e-05    7.96797102667696e-06    1.2386979E+07    1708.09    1708.09    0.7966481470937352    0.00000e+00    0.00000e+00    6.57977472E+10
    -3.49489873292501e-05    -7.59621541118848e-05    9.43350363740199e-06    8.0264089E+06    1356.10    1356.10    0.6425381625371216    0.00000e+00    0.00000e+00    6.58479744E+10
    -3.88763315754109e-05    -9.42516047876377e-05    1.02416245332194e-05    5.4227584E+06    1140.13    1140.13    0.5544345549480793    0.00000e+00    0.00000e+00    6.58982017E+10
    -4.25835660470248e-05    -1.11727979286939e-04    1.06238327316726e-05    3.8399906E+06    985.84    985.84    0.5275359447341893    0.00000e+00    0.00000e+00    6.59484290E+10
    -4.62300097311644e-05    -1.28131315665840e-04    1.08010602513116e-05    2.8968927E+06    878.44    878.44    0.5227587755298003    0.00000e+00    0.00000e+00    6.59986563E+10
    -4.99249590240990e-05    -1.43672023061943e-04    1.08131728363204e-05    2.3373756E+06    808.10    808.10    0.5281863313142700    0.00000e+00    0.00000e+00    6.60488836E+10
    -5.36482699173785e-05    -1.58542606443606e-04    1.06032102121192e-05    1.9664356E+06    758.03    758.03    0.5160892478257703    0.00000e+00    0.00000e+00    6.60991109E+10
    -5.73224061589830e-05    -1.72861951821710e-04    1.01824699919188e-05    1.6874340E+06    718.64    718.64    0.4924365636522079    0.00000e+00    0.00000e+00    6.61493382E+10
    -6.08900433792583e-05    -1.86719502472285e-04    9.65243773877216e-06    1.4636049E+06    685.45    685.45    0.4663718478996120    0.00000e+00    0.00000e+00    6.61995655E+10
    -6.43466922035171e-05    -2.00165174811935e-04    9.13169306131455e-06    1.2803506E+06    656.31    656.31    0.4499803308267643    0.00000e+00    0.00000e+00    6.62497927E+10
    -6.77245491083220e-05    -2.13219583118383e-04    8.71194913322881e-06    1.1285478E+06    629.35    629.35    0.4404881824024506    0.00000e+00    0.00000e+00    6.63000200E+10
    -7.10624137325722e-05    -2.25908500086917e-04    8.44830405974568e-06    9.9962988E+05    603.51    603.51    0.4223512435029390    0.00000e+00    0.00000e+00    6.63502473E+10
    -7.43852394364343e-05    -2.38279272621632e-04    8.35854080668825e-06    8.8654239E+05    578.19    578.19    0.4078457446276566    0.00000e+00    0.00000e+00    6.64004746E+10
    -7.76963278010768e-05    -2.50380488749651e-04    8.43569066220425e-06    7.8483246E+05    553.06    553.06    0.3916992457846932    0.00000e+00    0.00000e+00    6.64507019E+10
    -8.09818276996304e-05    -2.62253100682616e-04    8.65681127327622e-06    6.9251222E+05    528.01    528.01    0.3776647642599537    0.00000e+00    0.00000e+00    6.65009292E+10
    -8.42209745621330e-05    -2.73937095852945e-04    8.98913456801165e-06    6.0882707E+05    503.15    503.15    0.3677305838756710    0.00000e+00    0.00000e+00    6.65511565E+10
    -8.73961066261820e-05    -2.85467642645067e-04    9.39923991530325e-06    5.3332307E+05    478.48    478.48    0.3518590253236317    0.00000e+00    0.00000e+00    6.66013838E+10
    -9.04938527304522e-05    -2.96876137592969e-04    9.85816406102786e-06    4.6579820E+05    454.12    454.12    0.3446622974177028    0.00000e+00    0.00000e+00    6.66516110E+10
    -9.35079296896366e-05    -3.08196512806192e-04    1.03410365481582e-05    4.0613159E+05    430.37    430.37    0.3357251314621627    0.00000e+00    0.00000e+00    6.67018383E+10
    -9.64442619269182e-05    -3.19462617975952e-04    1.08295992934638e-05    3.5430462E+05    407.79    407.79    0.3265820216242810    0.00000e+00    0.00000e+00    6.67520656E+10
    -9.93198421618200e-05    -3.30706072650531e-04    1.13112626552735e-05    3.1060317E+05    388.05    388.05    0.3198694434140528    0.00000e+00    0.00000e+00    6.68022929E+10
    -1.02156831227706e-04    -3.41956925581884e-04    1.17767075450090e-05    2.7592055E+05    374.53    374.53    0.3143834179689106    0.00000e+00    0.00000e+00    6.68525202E+10
    -1.04978097785913e-04    -3.53252187446426e-04    1.22175243845578e-05    2.5136526E+05    371.43    371.43    0.3101266782977955    0.00000e+00    0.00000e+00    6.69027475E+10
    -1.07808697007481e-04    -3.64654568893809e-04    1.26268016700821e-05    2.3718650E+05    381.93    381.93    0.3062406203604337    0.00000e+00    0.00000e+00    6.69529748E+10
    -1.10676738389642e-04    -3.76260043640346e-04    1.30034412985941e-05    2.3208279E+05    404.82    404.82    0.3014873329720942    0.00000e+00    0.00000e+00    6.70032021E+10
    -1.13610055085827e-04    -3.88177326305889e-04    1.33527757357723e-05    2.3312914E+05    432.94    432.94    0.2986104192114714    0.00000e+00    0.00000e+00    6.70534293E+10
    -1.16630226152983e-04    -4.00494032418887e-04    1.36858558246639e-05    2.3672847E+05    458.06    458.06    0.2961626955392873    0.00000e+00    0.00000e+00    6.71036566E+10
    -1.19746642432112e-04    -4.13243880770862e-04    1.40191128705492e-05    2.3983179E+05    475.41    475.41    0.2935997157458461    0.00000e+00    0.00000e+00    6.71538839E+10
    -1.22957641012290e-04    -4.26405927410790e-04    1.43697577591074e-05    2.4062709E+05    484.18    484.18    0.2906154498872121    0.00000e+00    0.00000e+00    6.72041112E+10
    -1.26255319430513e-04    -4.39925650192093e-04    1.47499011360928e-05    2.3848599E+05    485.74    485.74    0.2838408577114435    0.00000e+00    0.00000e+00    6.72543385E+10
    -1.29627271304682e-04    -4.53731233664189e-04    1.51683990930180e-05    2.3357464E+05    482.08    482.08    0.2782984786618754    0.00000e+00    0.00000e+00    6.73045658E+10
    -1.33058923135543e-04    -4.67749577620240e-04    1.56351098312750e-05    2.2638204E+05    474.94    474.94    0.2733248510104767    0.00000e+00    0.00000e+00    6.73547931E+10
    -1.36537412816135e-04    -4.81919047696967e-04    1.61585403765259e-05    2.1739426E+05    465.59    465.59    0.2673936086925281    0.00000e+00    0.00000e+00    6.74050204E+10
    -1.40051885368140e-04    -4.96186391959635e-04    1.67408670573854e-05    2.0715010E+05    454.98    454.98    0.2616814117355753    0.00000e+00    0.00000e+00    6.74552477E+10
    -1.43593265079447e-04    -5.10503376295113e-04    1.73783713529194e-05    1.9627318E+05    444.05    444.05    0.2566419031967427    0.00000e+00    0.00000e+00    6.75054749E+10
    -1.47153930678987e-04    -5.24827099540758e-04    1.80631595267719e-05    1.8528444E+05    433.19    433.19    0.2499218248682763    0.00000e+00    0.00000e+00    6.75557022E+10
    -1.50727521411267e-04    -5.39121976372377e-04    1.87845816768101e-05    1.7452628E+05    422.40    422.40    0.2434422058569758    0.00000e+00    0.00000e+00    6.76059295E+10
    -1.54308796440392e-04    -5.53358627080895e-04    1.95304684948245e-05    1.6419709E+05    411.75    411.75    0.2389619537921943    0.00000e+00    0.00000e+00    6.76561568E+10
    -1.57891399859003e-04    -5.67514895681085e-04    2.02889818003497e-05    1.5434096E+05    401.25    401.25    0.2354690457081516    0.00000e+00    0.00000e+00    6.77063841E+10
    -1.61466828035133e-04    -5.81573910656844e-04    2.10507438423520e-05    1.4495533E+05    390.82    390.82    0.2288462841642460    0.00000e+00    0.00000e+00    6.77566114E+10
    -1.65026747021605e-04    -5.95525296995397e-04    2.18086967032619e-05    1.3600909E+05    380.55    380.55    0.2252102327039883    0.00000e+00    0.00000e+00    6.78068387E+10
    -1.68564660315092e-04    -6.09364691373613e-04    2.25578511654869e-05    1.2746692E+05    370.41    370.41    0.2207959975562506    0.00000e+00    0.00000e+00    6.78570660E+10
    -1.72076359732841e-04    -6.23090736313186e-04    2.32946608169499e-05    1.1931024E+05    360.39    360.39    0.2169273370773061    0.00000e+00    0.00000e+00    6.79072932E+10
    -1.75559445447130e-04    -6.36704789292423e-04    2.40168320041255e-05    1.1154328E+05    350.59    350.59    0.2127312422537297    0.00000e+00    0.00000e+00    6.79575205E+10
    -1.79012627853569e-04    -6.50209904637515e-04    2.47233398308917e-05    1.0418691E+05    341.01    341.01    0.2087889166695443    0.00000e+00    0.00000e+00    6.80077478E+10
    -1.82435490012391e-04    -6.63610930485272e-04    2.54143772530938e-05    9.7270027E+04    331.69    331.69    0.2052178193510286    0.00000e+00    0.00000e+00    6.80579751E+10
    -1.85828463407773e-04    -6.76915090559544e-04    2.60910879462054e-05    9.0819166E+04    322.70    322.70    0.2008411215705889    0.00000e+00    0.00000e+00    6.81082024E+10
    -1.89192498274530e-04    -6.90131547838903e-04    2.67552715386108e-05    8.4849854E+04    314.08    314.08    0.1960615565104816    0.00000e+00    0.00000e+00    6.81584297E+10
    -1.92528636962075e-04    -7.03270483410652e-04    2.74087887452181e-05    7.9364377E+04    305.85    305.85    0.1917096056621682    0.00000e+00    0.00000e+00    6.82086570E+10
    -1.95837950908645e-04    -7.16342708619881e-04    2.80533582305268e-05    7.4351512E+04    298.05    298.05    0.1877388031548690    0.00000e+00    0.00000e+00    6.82588843E+10
    -1.99121613363347e-04    -7.29359277218519e-04    2.86905018246820e-05    6.9788112E+04    290.73    290.73    0.1866969826884521    0.00000e+00    0.00000e+00    6.83091115E+10
    -2.02380986652626e-04    -7.42331097514390e-04    2.93214941028513e-05    6.5642789E+04    283.85    283.85    0.1839256715645536    0.00000e+00    0.00000e+00    6.83593388E+10
    -2.05617636724670e-04    -7.55268641483006e-04    2.99473395989819e-05    6.1879339E+04    277.40    277.40    0.1813457253679142    0.00000e+00    0.00000e+00    6.84095661E+10
    -2.08833318605007e-04    -7.68181362991150e-04    3.05687878350249e-05    5.8459556E+04    271.35    271.35    0.1777847761422251    0.00000e+00    0.00000e+00    6.84597934E+10
    -2.12029855193077e-04    -7.81077406908664e-04    3.11863808326756e-05    5.5345687E+04    265.65    265.65    0.1745417540862607    0.00000e+00    0.00000e+00    6.85100207E+10
    -2.15208996666269e-04    -7.93963221257506e-04    3.18005146847117e-05    5.2502358E+04    260.27    260.27    0.1725607286511854    0.00000e+00    0.00000e+00    6.85602480E+10
    -2.18372333213457e-04    -8.06843945062697e-04    3.24115200340636e-05    4.9897441E+04    255.17    255.17    0.1698981811292717    0.00000e+00    0.00000e+00    6.86104753E+10
    -2.21521198072263e-04    -8.19723456833684e-04    3.30198215775159e-05    4.7502618E+04    250.33    250.33    0.1673723252789483    0.00000e+00    0.00000e+00    6.86607026E+10
    -2.24656672377197e-04    -8.32604520008452e-04    3.36258372244617e-05    4.5293446E+04    245.72    245.72    0.1647792804872383    0.00000e+00    0.00000e+00    6.87109298E+10
    -2.27779614248475e-04    -8.45488976878987e-04    3.42299296155346e-05    4.3249311E+04    241.31    241.31    0.1614833510830931    0.00000e+00    0.00000e+00    6.87611571E+10
    -2.30890697577112e-04    -8.58378039479493e-04    3.48324201822052e-05    4.1353007E+04    237.10    237.10    0.1587752918008534    0.00000e+00    0.00000e+00    6.88113844E+10
    -2.33990513835801e-04    -8.71272435030491e-04    3.54336104785830e-05    3.9590355E+04    233.07    233.07    0.1564028608622827    0.00000e+00    0.00000e+00    6.88616117E+10
    -2.37079722371147e-04    -8.84172793789766e-04    3.60337928473177e-05    3.7949679E+04    229.23    229.23    0.1543810051833397    0.00000e+00    0.00000e+00    6.89118390E+10
    -2.40159113429450e-04    -8.97079600571001e-04    3.66332533284813e-05    3.6421334E+04    225.58    225.58    0.1521298966781231    0.00000e+00    0.00000e+00    6.89620663E+10
    -2.43229637245526e-04    -9.09993000818298e-04    3.72322624481078e-05    3.4997408E+04    222.10    222.10    0.1501326732767309    0.00000e+00    0.00000e+00    6.90122936E+10
    -2.46292341016926e-04    -9.22913091494394e-04    3.78310795815166e-05    3.3671451E+04    218.81    218.81    0.1478526267795221    0.00000e+00    0.00000e+00    6.90625209E+10
    -2.49348325270705e-04    -9.35839581711082e-04    3.84299544077534e-05    3.2437957E+04    215.71    215.71    0.1459836021686199    0.00000e+00    0.00000e+00    6.91127482E+10
    -2.52398666293237e-04    -9.48772180580151e-04    3.90291176981305e-05    3.1292111E+04    212.80    212.80    0.1449415795017445    0.00000e+00    0.00000e+00    6.91629754E+10
    -2.55444406433934e-04    -9.61710451769289e-04    3.96287745288349e-05    3.0229742E+04    210.10    210.10    0.1431607844302596    0.00000e+00    0.00000e+00    6.92132027E+10
    -2.58486612282897e-04    -9.74654298315760e-04    4.02290965239098e-05    2.9247615E+04    207.62    207.62    0.1410858244104938    0.00000e+00    0.00000e+00    6.92634300E+10
    -2.61526331037675e-04    -9.87603914145037e-04    4.08302310667143e-05    2.8342571E+04    205.36    205.36    0.1383957756943733    0.00000e+00    0.00000e+00    6.93136573E+10
    -2.64564605047683e-04    -1.00055988103354e-03    4.14323095417559e-05    2.7511063E+04    203.34    203.34    0.1365554839053117    0.00000e+00    0.00000e+00    6.93638846E+10
    -2.67602510599294e-04    -1.01352316860862e-03    4.20354565461506e-05    2.6749176E+04    201.56    201.56    0.1341158307487948    0.00000e+00    0.00000e+00    6.94141119E+10
    -2.70641216093479e-04    -1.02649518282996e-03    4.26397976466420e-05    2.6052664E+04    200.01    200.01    0.1320472687436094    0.00000e+00    0.00000e+00    6.94643392E+10
    -2.73681991742082e-04    -1.03947762054545e-03    4.32454574403459e-05    2.5417368E+04    198.69    198.69    0.1303969938252286    0.00000e+00    0.00000e+00    6.95145665E+10
    -2.76726238656642e-04    -1.05247242100981e-03    4.38525581003101e-05    2.4839072E+04    197.58    197.58    0.1289939826338544    0.00000e+00    0.00000e+00    6.95647937E+10
    -2.79775440367023e-04    -1.06548157195912e-03    4.44612217995822e-05    2.4313202E+04    196.67    196.67    0.1274336824236946    0.00000e+00    0.00000e+00    6.96150210E+10
    -2.82831075554952e-04    -1.07850725505496e-03    4.50715721656509e-05    2.3834950E+04    195.92    195.92    0.1259242706174985    0.00000e+00    0.00000e+00    6.96652483E+10
    -2.85894598661473e-04    -1.09155136107069e-03    4.56837294323091e-05    2.3399252E+04    195.33    195.33    0.1247668866699035    0.00000e+00    0.00000e+00    6.97154756E+10
    -2.88967376861166e-04    -1.10461563533555e-03    4.62978012281939e-05    2.3001022E+04    194.87    194.87    0.1239201805465979    0.00000e+00    0.00000e+00    6.97657029E+10
    -2.92050622188234e-04    -1.11770177469742e-03    4.69138864552964e-05    2.2635234E+04    194.50    194.50    0.1225417416265030    0.00000e+00    0.00000e+00    6.98159302E+10
    -2.95145396384639e-04    -1.13081108815326e-03    4.75320704408245e-05    2.2297033E+04    194.20    194.20    0.1203383493362168    0.00000e+00    0.00000e+00    6.98661575E+10
    -2.98252596355691e-04    -1.14394507862546e-03    4.81524263916439e-05    2.1981852E+04    193.94    193.94    0.1192393817476839    0.00000e+00    0.00000e+00    6.99163848E+10
    -3.01372988107006e-04    -1.15710486118550e-03    4.87750197576016e-05    2.1685506E+04    193.70    193.70    0.1177016752119596    0.00000e+00    0.00000e+00    6.99666120E+10
    -3.04507216440779e-04    -1.17029150242347e-03    4.93998864149101e-05    2.1404215E+04    193.45    193.45    0.1162585108010141    0.00000e+00    0.00000e+00    7.00168393E+10
    -3.07655853437156e-04    -1.18350572955989e-03    5.00270462409302e-05    2.1134593E+04    193.18    193.18    0.1147385354865706    0.00000e+00    0.00000e+00    7.00670666E+10
    -3.10819325732174e-04    -1.19674812437119e-03    5.06565089319356e-05    2.0873669E+04    192.87    192.87    0.1133393363749332    0.00000e+00    0.00000e+00    7.01172939E+10
    -3.13997938758453e-04    -1.21001868685736e-03    5.12882696397894e-05    2.0618864E+04    192.50    192.50    0.1120219795334741    0.00000e+00    0.00000e+00    7.01675212E+10
    -3.17191818567551e-04    -1.22331717461157e-03    5.19222944275340e-05    2.0368051E+04    192.06    192.06    0.1108445388958379    0.00000e+00    0.00000e+00    7.02177485E+10
    -3.20400906981825e-04    -1.23664295737602e-03    5.25585445100749e-05    2.0119482E+04    191.56    191.56    0.1095040926479715    0.00000e+00    0.00000e+00    7.02679758E+10
    -3.23624961594434e-04    -1.24999516248608e-03    5.31969326209496e-05    1.9871812E+04    190.99    190.99    0.1085973808589258    0.00000e+00    0.00000e+00    7.03182031E+10
    -3.26863507287972e-04    -1.26337267487031e-03    5.38373327086008e-05    1.9623989E+04    190.35    190.35    0.1077847626292879    0.00000e+00    0.00000e+00    7.03684303E+10
    -3.30115918652790e-04    -1.27677442793859e-03    5.44795653919666e-05    1.9375253E+04    189.64    189.64    0.1067668000094083    0.00000e+00    0.00000e+00    7.04186576E+10
    -3.33381424835135e-04    -1.29019925813809e-03    5.51234512899849e-05    1.9125105E+04    188.87    188.87    0.1055938846935820    0.00000e+00    0.00000e+00    7.04688849E+10
    -3.36659167714791e-04    -1.30364585647187e-03    5.57687819327730e-05    1.8873260E+04    188.03    188.03    0.1042637362511021    0.00000e+00    0.00000e+00    7.05191122E+10
    -3.39948284323405e-04    -1.31711310786847e-03    5.64153924836793e-05    1.8619613E+04    187.13    187.13    0.1035452241845065    0.00000e+00    0.00000e+00    7.05693395E+10
    -3.43247940781447e-04    -1.33059984877504e-03    5.70631423467361e-05    1.8364175E+04    186.18    186.18    0.1023982318363981    0.00000e+00    0.00000e+00    7.06195668E+10
    -3.46557327450069e-04    -1.34410486715740e-03    5.77118521408815e-05    1.8107066E+04    185.18    185.18    0.1008435395075269    0.00000e+00    0.00000e+00    7.06697941E+10
    -3.49875615297876e-04    -1.35762685401859e-03    5.83613473331903e-05    1.7848484E+04    184.13    184.13    0.0995538549665456    0.00000e+00    0.00000e+00    7.07200214E+10
    -3.53201980141610e-04    -1.37116445188032e-03    5.90114097575061e-05    1.7588679E+04    183.05    183.05    0.0985891969844395    0.00000e+00    0.00000e+00    7.07702487E+10
    -3.56535539620372e-04    -1.38471630326427e-03    5.96618163995354e-05    1.7327939E+04    181.93    181.93    0.0977093387122961    0.00000e+00    0.00000e+00    7.08204759E+10
    -3.59875411373262e-04    -1.39828095372940e-03    6.03123490931218e-05    1.7066555E+04    180.79    180.79    0.0967743812548442    0.00000e+00    0.00000e+00    7.08707032E+10
    -3.63220737280065e-04    -1.41185719124151e-03    6.09627654314247e-05    1.6804796E+04    179.61    179.61    0.0960013177376784    0.00000e+00    0.00000e+00    7.09209305E+10
    -3.66570664068701e-04    -1.42544375528503e-03    6.16128278557404e-05    1.6542939E+04    178.41    178.41    0.0951399846699891    0.00000e+00    0.00000e+00    7.09711578E+10
    -3.69924353011502e-04    -1.43903972471396e-03    6.22623278961861e-05    1.6281279E+04    177.20    177.20    0.0943652770446938    0.00000e+00    0.00000e+00    7.10213851E+10
    -3.73280999317759e-04    -1.45264398445684e-03    6.29110958679732e-05    1.6020115E+04    175.97    175.97    0.0934683752177941    0.00000e+00    0.00000e+00    7.10716124E+10
    -3.76639841829990e-04    -1.46625566184904e-03    6.35590348083657e-05    1.5759715E+04    174.72    174.72    0.0925406959707669    0.00000e+00    0.00000e+00    7.11218397E+10
    -3.80000177568360e-04    -1.47987398118867e-03    6.42060768434481e-05    1.5500338E+04    173.47    173.47    0.0917581806925670    0.00000e+00    0.00000e+00    7.11720670E+10
    -3.83361376275082e-04    -1.49349802132974e-03    6.48521831881260e-05    1.5242232E+04    172.21    172.21    0.0906152457789337    0.00000e+00    0.00000e+00    7.12222942E+10
    -3.86722836781192e-04    -1.50712695808898e-03    6.54973538423993e-05    1.4985626E+04    170.94    170.94    0.0896003072892146    0.00000e+00    0.00000e+00    7.12725215E+10
    -3.90084025791640e-04    -1.52076001576452e-03    6.61416081988153e-05    1.4730737E+04    169.67    169.67    0.0886135070817284    0.00000e+00    0.00000e+00    7.13227488E+10
    -3.93444410011378e-04    -1.53439622472898e-03    6.67849995868790e-05    1.4477762E+04    168.40    168.40    0.0877184801961110    0.00000e+00    0.00000e+00    7.13729761E+10
    -3.96803480386040e-04    -1.54803485776185e-03    6.74276007286424e-05    1.4226875E+04    167.13    167.13    0.0868910923773325    0.00000e+00    0.00000e+00    7.14232034E+10
    -4.00160752101945e-04    -1.56167499371713e-03    6.80695182831155e-05    1.3978237E+04    165.86    165.86    0.0862252790587786    0.00000e+00    0.00000e+00    7.14734307E+10
    -4.03515750041685e-04    -1.57531600233704e-03    6.87108734537185e-05    1.3731985E+04    164.59    164.59    0.0855950291166971    0.00000e+00    0.00000e+00    7.15236580E+10
    -4.06868042721085e-04    -1.58895710791968e-03    6.93518019882821e-05    1.3488249E+04    163.32    163.32    0.0850656292097957    0.00000e+00    0.00000e+00    7.15738853E+10
    -4.10217251985474e-04    -1.60259782565138e-03    6.99924687234579e-05    1.3247159E+04    162.06    162.06    0.0844100742896826    0.00000e+00    0.00000e+00    7.16241125E+10
    -4.13563057857820e-04    -1.61623757375572e-03    7.06330481921711e-05    1.3008862E+04    160.79    160.79    0.0836325844999519    0.00000e+00    0.00000e+00    7.16743398E+10
    -4.16905198538738e-04    -1.62987581893764e-03    7.12737100792101e-05    1.2773513E+04    159.53    159.53    0.0830016206408981    0.00000e+00    0.00000e+00    7.17245671E+10
    -4.20243470406480e-04    -1.64351207638347e-03    7.19146240693633e-05    1.2541284E+04    158.27    158.27    0.0823271993571096    0.00000e+00    0.00000e+00    7.17747944E+10
    -4.23577674687438e-04    -1.65714566735406e-03    7.25559598474191e-05    1.2312322E+04    157.02    157.02    0.0814154281692460    0.00000e+00    0.00000e+00    7.18250217E+10
    -4.26907588367318e-04    -1.67077601007298e-03    7.31978870981658e-05    1.2086765E+04    155.77    155.77    0.0805494000537851    0.00000e+00    0.00000e+00    7.18752490E+10
    -4.30232964191143e-04    -1.68440252276382e-03    7.38405609619814e-05    1.1864730E+04    154.53    154.53    0.0796951981529641    0.00000e+00    0.00000e+00    7.19254763E+10
    -4.33553569448345e-04    -1.69802447820606e-03    7.44841608199279e-05    1.1646332E+04    153.30    153.30    0.0789557854465074    0.00000e+00    0.00000e+00    7.19757036E+10
    -4.36869181124633e-04    -1.71164129462328e-03    7.51288418123833e-05    1.1431700E+04    152.08    152.08    0.0781012377973018    0.00000e+00    0.00000e+00    7.20259308E+10
    -4.40179595598258e-04    -1.72525239023906e-03    7.57747639278624e-05    1.1220960E+04    150.87    150.87    0.0775257413905509    0.00000e+00    0.00000e+00    7.20761581E+10
    -4.43484643184434e-04    -1.73885718327699e-03    7.64220871548798e-05    1.1014209E+04    149.67    149.67    0.0768815743424989    0.00000e+00    0.00000e+00    7.21263854E+10
    -4.46784197831603e-04    -1.75245523740475e-03    7.70709617856768e-05    1.0811523E+04    148.48    148.48    0.0765491874314176    0.00000e+00    0.00000e+00    7.21766127E+10
    -4.50078167425166e-04    -1.76604611629003e-03    7.77215284162209e-05    1.0612959E+04    147.31    147.31    0.0761049248776563    0.00000e+00    0.00000e+00    7.22268400E+10
    -4.53366513180027e-04    -1.77962933511915e-03    7.83739276424796e-05    1.0418557E+04    146.15    146.15    0.0756077008898715    0.00000e+00    0.00000e+00    7.22770673E+10
    -4.56649225399914e-04    -1.79320455452253e-03    7.90282564271891e-05    1.0228339E+04    145.01    145.01    0.0752808528989826    0.00000e+00    0.00000e+00    7.23272946E+10
    -4.59926328325511e-04    -1.80677128968649e-03    7.96845971886752e-05    1.0042313E+04    143.88    143.88    0.0744546421872749    0.00000e+00    0.00000e+00    7.23775219E+10
    -4.63197841349365e-04    -1.82032905579735e-03    8.03429984083060e-05    9.8604705E+03    142.77    142.77    0.0736806892718279    0.00000e+00    0.00000e+00    7.24277492E+10
    -4.66463808104706e-04    -1.83387746500416e-03    8.10035231118600e-05    9.6828000E+03    141.67    141.67    0.0730012366644329    0.00000e+00    0.00000e+00    7.24779764E+10
    -4.69724252832220e-04    -1.84741603249325e-03    8.16662391732527e-05    9.5092740E+03    140.60    140.60    0.0723353681773432    0.00000e+00    0.00000e+00    7.25282037E+10
    -4.72979204620727e-04    -1.86094437041367e-03    8.23311950738521e-05    9.3398520E+03    139.54    139.54    0.0717004150886758    0.00000e+00    0.00000e+00    7.25784310E+10
    -4.76228711951595e-04    -1.87446218787720e-03    8.29984441431632e-05    9.1744919E+03    138.49    138.49    0.0710356671808812    0.00000e+00    0.00000e+00    7.26286583E+10
    -4.79472833002466e-04    -1.88796914551428e-03    8.36680300144172e-05    9.0131465E+03    137.47    137.47    0.0709699367394024    0.00000e+00    0.00000e+00    7.26788856E+10
    -4.82711659887939e-04    -1.90146514636217e-03    8.43399817764350e-05    8.8557600E+03    136.47    136.47    0.0704376500883278    0.00000e+00    0.00000e+00    7.27291129E+10
    -4.85945284722614e-04    -1.91494999649539e-03    8.50143236699007e-05    8.7022788E+03    135.48    135.48    0.0698847102572653    0.00000e+00    0.00000e+00    7.27793402E+10
    -4.89173901431963e-04    -1.92842355046984e-03    8.56910750873615e-05    8.5526395E+03    134.51    134.51    0.0694693359019601    0.00000e+00    0.00000e+00    7.28295675E+10
    -4.92397621523132e-04    -1.94188566284142e-03    8.63702408769542e-05    8.4067841E+03    133.56    133.56    0.0692207682688738    0.00000e+00    0.00000e+00    7.28797947E+10
    -4.95616638921595e-04    -1.95533633361012e-03    8.70518307349525e-05    8.2646532E+03    132.62    132.62    0.0687900180571391    0.00000e+00    0.00000e+00    7.29300220E+10
    -4.98831099071456e-04    -1.96877546581322e-03    8.77358349650827e-05    8.1261906E+03    131.70    131.70    0.0680243777349250    0.00000e+00    0.00000e+00    7.29802493E+10
    -5.02041098935450e-04    -1.98220296248796e-03    8.84222293266607e-05    7.9913351E+03    130.80    130.80    0.0673269074415041    0.00000e+00    0.00000e+00    7.30304766E+10
    -5.05246929401787e-04    -1.99561882363436e-03    8.91109992752762e-05    7.8600220E+03    129.92    129.92    0.0666841107653183    0.00000e+00    0.00000e+00    7.30807039E+10
    -5.08448638951835e-04    -2.00902304925241e-03    8.98021060258347e-05    7.7321846E+03    129.05    129.05    0.0661768447171087    0.00000e+00    0.00000e+00    7.31309312E+10
    -5.11646421511065e-04    -2.02241578478622e-03    9.04955156413784e-05    7.6077533E+03    128.19    128.19    0.0659501136659450    0.00000e+00    0.00000e+00    7.31811585E+10
    -5.14840422523583e-04    -2.03579703023579e-03    9.11911844886761e-05    7.4866593E+03    127.36    127.36    0.0656328854134442    0.00000e+00    0.00000e+00    7.32313858E+10
    -5.18030884396228e-04    -2.04916702800796e-03    9.18890786307701e-05    7.3688315E+03    126.54    126.54    0.0653011512327612    0.00000e+00    0.00000e+00    7.32816130E+10
    -5.21217952573106e-04    -2.06252602050956e-03    9.25891398900187e-05    7.2541982E+03    125.74    125.74    0.0671171048628884    0.00000e+00    0.00000e+00    7.33318403E+10
    -5.24401869461057e-04    -2.07587410470334e-03    9.32913197850537e-05    7.1426892E+03    124.95    124.95    0.0662840872665209    0.00000e+00    0.00000e+00    7.33820676E+10
    -5.27582877466921e-04    -2.08921166844024e-03    9.39955552900966e-05    7.0342327E+03    124.18    124.18    0.0655777307155942    0.00000e+00    0.00000e+00    7.34322949E+10
    -5.30761122034802e-04    -2.10253880868300e-03    9.47017979237793e-05    6.9287572E+03    123.43    123.43    0.0647795783047112    0.00000e+00    0.00000e+00    7.34825222E+10
    -5.33936894052911e-04    -2.11585586480119e-03    9.54099701159128e-05    6.8261914E+03    122.70    122.70    0.0650307184158063    0.00000e+00    0.00000e+00    7.35327495E+10
    -5.37110435928085e-04    -2.12916303072028e-03    9.61200136888554e-05    6.7264644E+03    121.98    121.98    0.0658763892413927    0.00000e+00    0.00000e+00    7.35829768E+10
    -5.40281844623063e-04    -2.14246064580986e-03    9.68318607686917e-05    6.6295033E+03    121.27    121.27    0.0657191974747109    0.00000e+00    0.00000e+00    7.36332041E+10
    -5.43451411026053e-04    -2.15574895247676e-03    9.75454337852328e-05    6.5352402E+03    120.58    120.58    0.0652425472568371    0.00000e+00    0.00000e+00    7.36834314E+10
    -5.46619280581159e-04    -2.16902833857193e-03    9.82606697127000e-05    6.4436051E+03    119.91    119.91    0.0646064158156294    0.00000e+00    0.00000e+00    7.37336586E+10
    -5.49785647213854e-04    -2.18229904650220e-03    9.89774909809045e-05    6.3545262E+03    119.25    119.25    0.0642270881891306    0.00000e+00    0.00000e+00    7.37838859E+10
    -5.52950753330977e-04    -2.19556151259990e-03    9.96958297159309e-05    6.2679344E+03    118.61    118.61    0.0631653456205015    0.00000e+00    0.00000e+00    7.38341132E+10
    -5.56114792858002e-04    -2.20881607623459e-03    1.00415608347590e-04    6.1837605E+03    117.98    117.98    0.0622892324262485    0.00000e+00    0.00000e+00    7.38843405E+10
    -5.59277959720402e-04    -2.22206307677586e-03    1.01136759001967e-04    6.1019364E+03    117.37    117.37    0.0614374158991370    0.00000e+00    0.00000e+00    7.39345678E+10
    -5.62440447843647e-04    -2.23530295055602e-03    1.01859208957009e-04    6.0223928E+03    116.77    116.77    0.0609066415504522    0.00000e+00    0.00000e+00    7.39847951E+10
    -5.65602548115948e-04    -2.24853603694464e-03    1.02582885490665e-04    5.9450559E+03    116.18    116.18    0.0603794335887347    0.00000e+00    0.00000e+00    7.40350224E+10
    -5.68764454462776e-04    -2.26176262682993e-03    1.03307706184607e-04    5.8698573E+03    115.61    115.61    0.0599187860499500    0.00000e+00    0.00000e+00    7.40852497E+10
    -5.71926312328236e-04    -2.27498320502558e-03    1.04033588620512e-04    5.7967265E+03    115.05    115.05    0.0609731788102948    0.00000e+00    0.00000e+00    7.41354769E+10
    -5.75088461081905e-04    -2.28819811090116e-03    1.04760450380052e-04    5.7255904E+03    114.50    114.50    0.0610989915139834    0.00000e+00    0.00000e+00    7.41857042E+10
    -5.78250949205151e-04    -2.30140778078899e-03    1.05488223589313e-04    5.6563789E+03    113.96    113.96    0.0608699640147902    0.00000e+00    0.00000e+00    7.42359315E+10
    -5.81414019104814e-04    -2.31461260254000e-03    1.06216825829968e-04    5.5890226E+03    113.44    113.44    0.0602502727687285    0.00000e+00    0.00000e+00    7.42861588E+10
    -5.84577864706366e-04    -2.32781296400514e-03    1.06946184379966e-04    5.5234509E+03    112.92    112.92    0.0601147872980496    0.00000e+00    0.00000e+00    7.43363861E+10
    -5.87742631453913e-04    -2.34100939847947e-03    1.07676231365392e-04    5.4595938E+03    112.42    112.42    0.0591298337188203    0.00000e+00    0.00000e+00    7.43866134E+10
    -5.90908513272927e-04    -2.35420219685119e-03    1.08406898912329e-04    5.3973826E+03    111.93    111.93    0.0581794548989119    0.00000e+00    0.00000e+00    7.44368407E+10
    -5.94075704088879e-04    -2.36739189241536e-03    1.09138123994999e-04    5.3367461E+03    111.44    111.44    0.0572706326449177    0.00000e+00    0.00000e+00    7.44870680E+10
    -5.97244300864507e-04    -2.38057872757880e-03    1.09869843587624e-04    5.2776195E+03    110.97    110.97    0.0566955419393327    0.00000e+00    0.00000e+00    7.45372952E+10
    -6.00414546006650e-04    -2.39376318715520e-03    1.10601994664425e-04    5.2199366E+03    110.50    110.50    0.0562286139125199    0.00000e+00    0.00000e+00    7.45875225E+10
    -6.03586487996677e-04    -2.40694556203278e-03    1.11334519047761e-04    5.1636324E+03    110.05    110.05    0.0557508796108756    0.00000e+00    0.00000e+00    7.46377498E+10
    -6.06760272278693e-04    -2.42012619158111e-03    1.12067353711852e-04    5.1086433E+03    109.60    109.60    0.0566667260606493    0.00000e+00    0.00000e+00    7.46879771E+10
    -6.09935995815433e-04    -2.43330536668839e-03    1.12800450175332e-04    5.0549080E+03    109.15    109.15    0.0572388019597599    0.00000e+00    0.00000e+00    7.47382044E+10
    -6.13113755569633e-04    -2.44648342672420e-03    1.13533750260557e-04    5.0023665E+03    108.72    108.72    0.0568846967631734    0.00000e+00    0.00000e+00    7.47884317E+10
    -6.16293600022663e-04    -2.45966071105813e-03    1.14267205486160e-04    4.9509597E+03    108.29    108.29    0.0565110792922846    0.00000e+00    0.00000e+00    7.48386590E+10
    -6.19475626137257e-04    -2.47283751057837e-03    1.15000767370774e-04    4.9006338E+03    107.87    107.87    0.0535847107653281    0.00000e+00    0.00000e+00    7.48888863E+10
    -6.22659930876152e-04    -2.48601406769178e-03    1.15734401977439e-04    4.8513345E+03    107.46    107.46    0.0553120808242886    0.00000e+00    0.00000e+00    7.49391135E+10
    -6.25846465757981e-04    -2.49919077024928e-03    1.16468055976652e-04    4.8030098E+03    107.04    107.04    0.0545934668535884    0.00000e+00    0.00000e+00    7.49893408E+10
    -6.29035376226847e-04    -2.51236781217637e-03    1.17201700279591e-04    4.7556107E+03    106.64    106.64    0.0537028639291010    0.00000e+00    0.00000e+00    7.50395681E+10
    -6.32226710764119e-04    -2.52554548436124e-03    1.17935286404888e-04    4.7090896E+03    106.23    106.23    0.0530263793244825    0.00000e+00    0.00000e+00    7.50897954E+10
    -6.35420420888428e-04    -2.53872398072937e-03    1.18668785263722e-04    4.6634006E+03    105.84    105.84    0.0524425630645647    0.00000e+00    0.00000e+00    7.51400227E+10
    -6.38616555081142e-04    -2.55190354368759e-03    1.19402158071000e-04    4.6185015E+03    105.44    105.44    0.0521070912091524    0.00000e+00    0.00000e+00    7.51902500E+10
    -6.41815161823631e-04    -2.56508427019865e-03    1.20135366041626e-04    4.5743494E+03    105.05    105.05    0.0521368343130283    0.00000e+00    0.00000e+00    7.52404773E+10
    -6.45016144153157e-04    -2.57826640266939e-03    1.20868375238643e-04    4.5309072E+03    104.66    104.66    0.0533893320415259    0.00000e+00    0.00000e+00    7.52907046E+10
    -6.48219502069720e-04    -2.59145013502527e-03    1.21601156573229e-04    4.4881378E+03    104.28    104.28    0.0536519034717375    0.00000e+00    0.00000e+00    7.53409319E+10
    -6.51425235573320e-04    -2.60463556422904e-03    1.22333680956565e-04    4.4460062E+03    103.90    103.90    0.0505071236417972    0.00000e+00    0.00000e+00    7.53911591E+10
    -6.54633247701222e-04    -2.61782288420617e-03    1.23065919299829e-04    4.4044807E+03    103.52    103.52    0.0503450767861203    0.00000e+00    0.00000e+00    7.54413864E+10
    -6.57843538453425e-04    -2.63101224040075e-03    1.23797847362337e-04    4.3635305E+03    103.14    103.14    0.0521556301531798    0.00000e+00    0.00000e+00    7.54916137E+10
    -6.61056107829929e-04    -2.64420377825690e-03    1.24529431207131e-04    4.3231272E+03    102.76    102.76    0.0514145250776128    0.00000e+00    0.00000e+00    7.55418410E+10
    -6.64270858867999e-04    -2.65739769170009e-03    1.25260651441665e-04    4.2832441E+03    102.39    102.39    0.0505585873904307    0.00000e+00    0.00000e+00    7.55920683E+10
    -6.67487743086265e-04    -2.67059398073031e-03    1.25991478977116e-04    4.2438571E+03    102.02    102.02    0.0498803973489928    0.00000e+00    0.00000e+00    7.56422956E+10
    -6.70706712003359e-04    -2.68379279079168e-03    1.26721884724665e-04    4.2049431E+03    101.64    101.64    0.0492421038002500    0.00000e+00    0.00000e+00    7.56925229E+10
    -6.73927765619283e-04    -2.69699421884692e-03    1.27451844443628e-04    4.1664813E+03    101.27    101.27    0.0489524788004305    0.00000e+00    0.00000e+00    7.57427502E+10
    -6.77150710008563e-04    -2.71019826489605e-03    1.28181333893320e-04    4.1284510E+03    100.91    100.91    0.0487202505817773    0.00000e+00    0.00000e+00    7.57929774E+10
    -6.80375593652567e-04    -2.72340507438315e-03    1.28910328833057e-04    4.0908347E+03    100.54    100.54    0.0498537479358674    0.00000e+00    0.00000e+00    7.58432047E+10
    -6.83602222625824e-04    -2.73661469578961e-03    1.29638800174019e-04    4.0536167E+03    100.17    100.17    0.0502266497014454    0.00000e+00    0.00000e+00    7.58934320E+10
    -6.86830596928332e-04    -2.74982712911541e-03    1.30366728523657e-04    4.0167814E+03    99.80    99.80    0.0475503614286854    0.00000e+00    0.00000e+00    7.59436593E+10
    -6.90060571115988e-04    -2.76304251980467e-03    1.31094089641289e-04    3.9803159E+03    99.44    99.44    0.0474036523566081    0.00000e+00    0.00000e+00    7.59938866E+10
    -6.93292048226056e-04    -2.77626086785739e-03    1.31820864134367e-04    3.9442076E+03    99.07    99.07    0.0495857178342580    0.00000e+00    0.00000e+00    7.60441139E+10
    -6.96524979777167e-04    -2.78948222175493e-03    1.32547027762206e-04    3.9084453E+03    98.70    98.70    0.0483076022823662    0.00000e+00    0.00000e+00    7.60943412E+10
    -6.99759317287953e-04    -2.80270658149729e-03    1.33272556284124e-04    3.8730195E+03    98.34    98.34    0.0478483454950938    0.00000e+00    0.00000e+00    7.61445685E+10
    -7.02994866832942e-04    -2.81593404404721e-03    1.33997425459435e-04    3.8379222E+03    97.97    97.97    0.0471061895028192    0.00000e+00    0.00000e+00    7.61947957E+10
    -7.06231628412133e-04    -2.82916451244195e-03    1.34721620743729e-04    3.8031454E+03    97.61    97.61    0.0465943179469672    0.00000e+00    0.00000e+00    7.62450230E+10
    -7.09469456581423e-04    -2.84239808364425e-03    1.35445108200048e-04    3.7686822E+03    97.25    97.25    0.0462169061802229    0.00000e+00    0.00000e+00    7.62952503E+10
    -7.12708205896707e-04    -2.85563466069138e-03    1.36167863587710e-04    3.7345249E+03    96.89    96.89    0.0460219654139393    0.00000e+00    0.00000e+00    7.63454776E+10
    -7.15947876357986e-04    -2.86887434054606e-03    1.36889857817892e-04    3.7006701E+03    96.52    96.52    0.0467354010588446    0.00000e+00    0.00000e+00    7.63957049E+10
    -7.19188274039785e-04    -2.88211702624557e-03    1.37611061801773e-04    3.6671140E+03    96.16    96.16    0.0452058480596842    0.00000e+00    0.00000e+00    7.64459322E+10
    -7.22429301979371e-04    -2.89536281475264e-03    1.38331446450534e-04    3.6338521E+03    95.80    95.80    0.0449297005842794    0.00000e+00    0.00000e+00    7.64961595E+10
    -7.25670911695374e-04    -2.90861165758589e-03    1.39050987523490e-04    3.6008809E+03    95.44    95.44    0.0447629578378339    0.00000e+00    0.00000e+00    7.65463868E+10
    -7.28912957743689e-04    -2.92186360322671e-03    1.39769655931819e-04    3.5681973E+03    95.08    95.08    0.0466083463299746    0.00000e+00    0.00000e+00    7.65966140E+10
    -7.32155343161582e-04    -2.93511860319372e-03    1.40487427434839e-04    3.5358015E+03    94.72    94.72    0.0455859494112877    0.00000e+00    0.00000e+00    7.66468413E+10
    -7.35398019467683e-04    -2.94837665748691e-03    1.41204272943727e-04    3.5036904E+03    94.36    94.36    0.0450887940109139    0.00000e+00    0.00000e+00    7.66970686E+10
    -7.38640792736520e-04    -2.96163776610630e-03    1.41920168217801e-04    3.4718620E+03    94.00    94.00    0.0445098418437586    0.00000e+00    0.00000e+00    7.67472959E+10
    -7.41883662968094e-04    -2.97490188057052e-03    1.42635084168239e-04    3.4403164E+03    93.65    93.65    0.0440973793558407    0.00000e+00    0.00000e+00    7.67975232E+10
    -7.45126484718299e-04    -2.98816895239818e-03    1.43349001402493e-04    3.4090517E+03    93.29    93.29    0.0436391522377782    0.00000e+00    0.00000e+00    7.68477505E+10
    -7.48369161024400e-04    -3.00143898158930e-03    1.44061895679881e-04    3.3780692E+03    92.94    92.94    0.0433070713057712    0.00000e+00    0.00000e+00    7.68979778E+10
    -7.51611594923661e-04    -3.01471187118114e-03    1.44773737911580e-04    3.3473666E+03    92.59    92.59    0.0439961931222634    0.00000e+00    0.00000e+00    7.69482051E+10
    -7.54853640971977e-04    -3.02798766965507e-03    1.45484513553181e-04    3.3169451E+03    92.23    92.23    0.0427792407084069    0.00000e+00    0.00000e+00    7.69984324E+10
    -7.58095250687979e-04    -3.04126628004835e-03    1.46194193515863e-04    3.2868034E+03    91.88    91.88    0.0425751085052190    0.00000e+00    0.00000e+00    7.70486596E+10
    -7.61336327108933e-04    -3.05454775084234e-03    1.46902772951489e-04    3.2569437E+03    91.53    91.53    0.0424281512415812    0.00000e+00    0.00000e+00    7.70988869E+10
    -7.64576821753469e-04    -3.06783198507432e-03    1.47610222771237e-04    3.2273644E+03    91.18    91.18    0.0443258348984675    0.00000e+00    0.00000e+00    7.71491142E+10
    -7.67816540696115e-04    -3.08111893426291e-03    1.48316523582562e-04    3.1980662E+03    90.84    90.84    0.0434234013244113    0.00000e+00    0.00000e+00    7.71993415E+10
    -7.71055532418240e-04    -3.09440864688949e-03    1.49021670537325e-04    3.1690497E+03    90.49    90.49    0.0427488926067178    0.00000e+00    0.00000e+00    7.72495688E+10
    -7.74293651475739e-04    -3.10770097750994e-03    1.49725634546707e-04    3.1403153E+03    90.15    90.15    0.0421913900808184    0.00000e+00    0.00000e+00    7.72997961E+10
    -7.77530800905875e-04    -3.12099592612427e-03    1.50428405914433e-04    3.1118633E+03    89.80    89.80    0.0417350944485789    0.00000e+00    0.00000e+00    7.73500234E+10
    -7.80766932227281e-04    -3.13429344425111e-03    1.51129970096093e-04    3.0836929E+03    89.46    89.46    0.0413769245175337    0.00000e+00    0.00000e+00    7.74002507E+10
    -7.84001996958589e-04    -3.14759343492773e-03    1.51830307699139e-04    3.0558060E+03    89.12    89.12    0.0410421194672030    0.00000e+00    0.00000e+00    7.74504779E+10
    -7.87235898137062e-04    -3.16089594663548e-03    1.52529409027299e-04    3.0282017E+03    88.78    88.78    0.0411642763432749    0.00000e+00    0.00000e+00    7.75007052E+10
    -7.90468538799964e-04    -3.17420083393028e-03    1.53227254688025e-04    3.0008807E+03    88.45    88.45    0.0405952979898216    0.00000e+00    0.00000e+00    7.75509325E+10
    -7.93699918947295e-04    -3.18750814529347e-03    1.53923834985043e-04    2.9738417E+03    88.11    88.11    0.0403992886646718    0.00000e+00    0.00000e+00    7.76011598E+10
    -7.96929990097688e-04    -3.20081783224371e-03    1.54619140222080e-04    2.9470854E+03    87.78    87.78    0.0424251131362259    0.00000e+00    0.00000e+00    7.76513871E+10
    -8.00158606807037e-04    -3.21412984629962e-03    1.55313160702862e-04    2.9206121E+03    87.45    87.45    0.0421605994796171    0.00000e+00    0.00000e+00    7.77016144E+10
    -8.03385817556710e-04    -3.22744413897982e-03    1.56005886731116e-04    2.8944212E+03    87.12    87.12    0.0411862321469906    0.00000e+00    0.00000e+00    7.77518417E+10
    -8.06611573865341e-04    -3.24076071028433e-03    1.56697313458703e-04    2.8685111E+03    86.79    86.79    0.0404608913778103    0.00000e+00    0.00000e+00    7.78020690E+10
    -8.09835778770192e-04    -3.25407941476904e-03    1.57387431189352e-04    2.8428837E+03    86.47    86.47    0.0398742722597142    0.00000e+00    0.00000e+00    7.78522962E+10
    -8.13058383789895e-04    -3.26740030091531e-03    1.58076239923062e-04    2.8175363E+03    86.14    86.14    0.0396221492625332    0.00000e+00    0.00000e+00    7.79025235E+10
    -8.16279437405819e-04    -3.28072327176041e-03    1.58763725115423e-04    2.7924687E+03    85.82    85.82    0.0392689597906415    0.00000e+00    0.00000e+00    7.79527508E+10
    -8.19498745692490e-04    -3.29404827882296e-03    1.59449896462708e-04    2.7676809E+03    85.50    85.50    0.0390291579774541    0.00000e+00    0.00000e+00    7.80029781E+10
    -8.22716405612646e-04    -3.30737532210298e-03    1.60134744268643e-04    2.7431708E+03    85.19    85.19    0.0390586392267345    0.00000e+00    0.00000e+00    7.80532054E+10
    -8.25932271722182e-04    -3.32070425615636e-03    1.60818268533229e-04    2.7189381E+03    84.87    84.87    0.0385970294757047    0.00000e+00    0.00000e+00    7.81034327E+10
    -8.29146392502466e-04    -3.33403512946446e-03    1.61500469256466e-04    2.6949822E+03    84.56    84.56    0.0384520666433306    0.00000e+00    0.00000e+00    7.81536600E+10
    -8.32358719472129e-04    -3.34736789354592e-03    1.62181351286489e-04    2.6713003E+03    84.25    84.25    0.0400892970159603    0.00000e+00    0.00000e+00    7.82038873E+10
    -8.35569155668437e-04    -3.36070245143800e-03    1.62860919471437e-04    2.6478925E+03    83.94    83.94    0.0399463292366849    0.00000e+00    0.00000e+00    7.82541145E+10
    -8.38777749572756e-04    -3.37403885162206e-03    1.63539178659446e-04    2.6247565E+03    83.63    83.63    0.0392516604756524    0.00000e+00    0.00000e+00    7.83043418E+10
    -8.41984501185087e-04    -3.38737694865401e-03    1.64216124002380e-04    2.6018910E+03    83.33    83.33    0.0385295305825761    0.00000e+00    0.00000e+00    7.83545691E+10
    -8.45189313542693e-04    -3.40071679101521e-03    1.64891774892784e-04    2.5792935E+03    83.02    83.02    0.0379665816609134    0.00000e+00    0.00000e+00    7.84047964E+10
    -8.48392186645575e-04    -3.41405823326156e-03    1.65566121634387e-04    2.5569640E+03    82.72    82.72    0.0375941721114351    0.00000e+00    0.00000e+00    7.84550237E+10
    -8.51593120493733e-04    -3.42740127539306e-03    1.66239183619734e-04    2.5348994E+03    82.42    82.42    0.0373552322962783    0.00000e+00    0.00000e+00    7.85052510E+10
    -8.54792066605798e-04    -3.44074586892833e-03    1.66910960848827e-04    2.5130981E+03    82.13    82.13    0.0371055852906812    0.00000e+00    0.00000e+00    7.85554783E+10
    -8.57989024981770e-04    -3.45409196538602e-03    1.67581463017938e-04    2.4915582E+03    81.83    81.83    0.0369309123444659    0.00000e+00    0.00000e+00    7.86057056E+10
    -8.61183947140282e-04    -3.46743946780338e-03    1.68250709519616e-04    2.4702783E+03    81.54    81.54    0.0367997909648076    0.00000e+00    0.00000e+00    7.86559329E+10
    -8.64376881562702e-04    -3.48078842466179e-03    1.68918700353859e-04    2.4492557E+03    81.25    81.25    0.0366566879991681    0.00000e+00    0.00000e+00    7.87061601E+10
    -8.67567731286292e-04    -3.49413873899850e-03    1.69585454913215e-04    2.4284881E+03    80.96    80.96    0.0379800814770170    0.00000e+00    0.00000e+00    7.87563874E+10
    -8.70756593273790e-04    -3.50749036233216e-03    1.70250987742095e-04    2.4079736E+03    80.68    80.68    0.0378911948444663    0.00000e+00    0.00000e+00    7.88066147E+10
    -8.73943370562459e-04    -3.52084329466275e-03    1.70915303688635e-04    2.3877105E+03    80.40    80.40    0.0373512586672609    0.00000e+00    0.00000e+00    7.88568420E+10
    -8.77128160115036e-04    -3.53419743902754e-03    1.71578426993520e-04    2.3676957E+03    80.11    80.11    0.0367238815268174    0.00000e+00    0.00000e+00    7.89070693E+10
    -8.80310864968784e-04    -3.54755279542654e-03    1.72240367353023e-04    2.3479266E+03    79.84    79.84    0.0362224491579795    0.00000e+00    0.00000e+00    7.89572966E+10
    -8.83491485123703e-04    -3.56090921841563e-03    1.72901134463418e-04    2.3284022E+03    79.56    79.56    0.0358877547183852    0.00000e+00    0.00000e+00    7.90075239E+10
    -8.86670117542529e-04    -3.57426675647620e-03    1.73560752565388e-04    2.3091186E+03    79.29    79.29    0.0355838073673967    0.00000e+00    0.00000e+00    7.90577512E+10
    -8.89846616781159e-04    -3.58762531264549e-03    1.74219226507071e-04    2.2900742E+03    79.01    79.01    0.0353740457117949    0.00000e+00    0.00000e+00    7.91079784E+10
    -8.93021079802328e-04    -3.60098488692351e-03    1.74876580529151e-04    2.2712663E+03    78.74    78.74    0.0352081984267014    0.00000e+00    0.00000e+00    7.91582057E+10
    -8.96193458124669e-04    -3.61434533386616e-03    1.75532829176037e-04    2.2526920E+03    78.47    78.47    0.0351020473434582    0.00000e+00    0.00000e+00    7.92084330E+10
    -8.99363800229548e-04    -3.62770675043617e-03    1.76187986992141e-04    2.2343495E+03    78.21    78.21    0.0359124662044086    0.00000e+00    0.00000e+00    7.92586603E+10
    -9.02532057635599e-04    -3.64106903967081e-03    1.76842073370010e-04    2.2162359E+03    77.95    77.95    0.0360299141568106    0.00000e+00    0.00000e+00    7.93088876E+10
    -9.05698230342821e-04    -3.65443215308870e-03    1.77495107702191e-04    2.1983479E+03    77.68    77.68    0.0360443603120008    0.00000e+00    0.00000e+00    7.93591149E+10
    -9.08862415313950e-04    -3.66779609068985e-03    1.78147104533095e-04    2.1806828E+03    77.42    77.42    0.0357877615660975    0.00000e+00    0.00000e+00    7.94093422E+10
    -9.12024564067619e-04    -3.68116075551153e-03    1.78798083255268e-04    2.1632395E+03    77.17    77.17    0.0350790968824592    0.00000e+00    0.00000e+00    7.94595695E+10
    -9.15184628122459e-04    -3.69452614755372e-03    1.79448058413121e-04    2.1460138E+03    76.91    76.91    0.0346628868636605    0.00000e+00    0.00000e+00    7.95097967E+10
    -9.18342704441207e-04    -3.70789221833507e-03    1.80097049399201e-04    2.1290034E+03    76.66    76.66    0.0343159238394709    0.00000e+00    0.00000e+00    7.95600240E+10
    -9.21498793023862e-04    -3.72125887089284e-03    1.80745075606056e-04    2.1122056E+03    76.41    76.41    0.0340635431096333    0.00000e+00    0.00000e+00    7.96102513E+10
    -9.24652845389056e-04    -3.73462610522702e-03    1.81392151578096e-04    2.0956181E+03    76.16    76.16    0.0338558762435745    0.00000e+00    0.00000e+00    7.96604786E+10
    -9.27804910018158e-04    -3.74799392133762e-03    1.82038291859732e-04    2.0792382E+03    75.91    75.91    0.0336225565582512    0.00000e+00    0.00000e+00    7.97107059E+10
    -9.30954938429799e-04    -3.76136222226191e-03    1.82683525539784e-04    2.0630626E+03    75.67    75.67    0.0335072796773672    0.00000e+00    0.00000e+00    7.97609332E+10
    -9.34103027586716e-04    -3.77473105648124e-03    1.83327867162663e-04    2.0470891E+03    75.42    75.42    0.0341832305287947    0.00000e+00    0.00000e+00    7.98111605E+10
    -9.37249129007540e-04    -3.78810032703288e-03    1.83971331272778e-04    2.0313151E+03    75.18    75.18    0.0343667948524227    0.00000e+00    0.00000e+00    7.98613878E+10
    -9.40393291173639e-04    -3.80146998543547e-03    1.84613937262679e-04    2.0157381E+03    74.94    74.94    0.0343560304194597    0.00000e+00    0.00000e+00    7.99116151E+10
    -9.43535514085015e-04    -3.81484008017038e-03    1.85255704524910e-04    2.0003548E+03    74.71    74.71    0.0342004155160252    0.00000e+00    0.00000e+00    7.99618423E+10
    -9.46675846223033e-04    -3.82821051427485e-03    1.85896652452021e-04    1.9851634E+03    74.47    74.47    0.0334833511914787    0.00000e+00    0.00000e+00    8.00120696E+10
    -9.49814239106328e-04    -3.84158123926754e-03    1.86536795588422e-04    1.9701607E+03    74.24    74.24    0.0331603515508219    0.00000e+00    0.00000e+00    8.00622969E+10
    -9.52950789697634e-04    -3.85495225514844e-03    1.87176153326658e-04    1.9553438E+03    74.01    74.01    0.0327754571659354    0.00000e+00    0.00000e+00    8.01125242E+10
    -9.56085401034216e-04    -3.86832351343618e-03    1.87814740211142e-04    1.9407108E+03    73.78    73.78    0.0325909934103090    0.00000e+00    0.00000e+00    8.01627515E+10
    -9.59218218560178e-04    -3.88169501413075e-03    1.88452575634420e-04    1.9262588E+03    73.55    73.55    0.0323984737813692    0.00000e+00    0.00000e+00    8.02129788E+10
    -9.62349145312783e-04    -3.89506666026944e-03    1.89089678989040e-04    1.9119856E+03    73.33    73.33    0.0322476049806051    0.00000e+00    0.00000e+00    8.02632061E+10
    -9.65478229773400e-04    -3.90843845185222e-03    1.89726064819412e-04    1.8978871E+03    73.10    73.10    0.0321171999827339    0.00000e+00    0.00000e+00    8.03134334E+10
    -9.68605520423397e-04    -3.92181038887911e-03    1.90361747669946e-04    1.8839623E+03    72.88    72.88    0.0324666207748471    0.00000e+00    0.00000e+00    8.03636606E+10
