    4.21780829133689e-05    -4.11271750830708e-05    4.55451779240805e-07    5.1805576E+06    476.18    476.18    1.2717937914896671    0.00000e+00    0.00000e+00    6.65511565E+10
    5.40692530292331e-05    -4.62249017342202e-05    6.39176611845560e-07    2.2863244E+06    337.37    337.37    0.9300923203488461    0.00000e+00    0.00000e+00    6.66013838E+10
    6.46209173659631e-05    -5.08480442729315e-05    8.23205146284573e-07    1.2164259E+06    259.07    259.07    0.7845784826164331    0.00000e+00    0.00000e+00    6.66516110E+10
    7.36512800046026e-05    -5.49828941075577e-05    9.97702292234340e-07    7.3078894E+05    210.34    210.34    0.7055892754145890    0.00000e+00    0.00000e+00    6.67018383E+10
    8.09649561835278e-05    -5.84405998256413e-05    1.15078264837699e-06    4.8387381E+05    181.04    181.04    0.6347016376400386    0.00000e+00    0.00000e+00    6.67520656E+10
    8.65993832151938e-05    -6.09228458729221e-05    1.27177755029013e-06    3.5470723E+05    170.37    170.37    0.5879321296347726    0.00000e+00    0.00000e+00    6.68022929E+10
    9.09758641884849e-05    -6.23376194608624e-05    1.35006826936052e-06    3.0457209E+05    287.86    287.86    0.5450352274779114    0.00000e+00    0.00000e+00    6.68525202E+10
    9.61088726704635e-05    -6.33646875480193e-05    1.45210496860618e-06    3.9015433E+05    2149.68    2149.68    0.5050897620260580    0.00000e+00    0.00000e+00    6.69027475E+10
    1.08427440467997e-04    -6.61818768231683e-05    1.27173188084137e-06    6.1497920E+05    4023.03    4023.03    0.4729727783911430    0.00000e+00    0.00000e+00    6.69529748E+10
    1.25165720074766e-04    -6.91932485220120e-05    2.40835864846911e-07    8.9769934E+05    4363.01    4363.01    0.4482003639525636    0.00000e+00    0.00000e+00    6.70032021E+10
    1.41760334843413e-04    -7.11993251161175e-05    -7.32308835173021e-07    1.1267489E+06    3692.58    3692.58    0.4256261488791262    0.00000e+00    0.00000e+00    6.70534293E+10
    1.56629808001746e-04    -7.33710964820158e-05    -1.80680832945173e-06    1.2697419E+06    2906.94    2906.94    0.4060923042852403    0.00000e+00    0.00000e+00    6.71036566E+10
    1.71016256441453e-04    -7.64329712220207e-05    -3.01015021077422e-06    1.2762532E+06    2442.81    2442.81    0.3865174791844372    0.00000e+00    0.00000e+00    6.71538839E+10
    1.85866676422118e-04    -7.98098100180953e-05    -4.22689520264329e-06    1.2121553E+06    2171.39    2171.39    0.3732317129480621    0.00000e+00    0.00000e+00    6.72041112E+10
    2.01212401451953e-04    -8.28835675414243e-05    -5.28536457496295e-06    1.1049020E+06    1944.42    1944.42    0.3610919018524940    0.00000e+00    0.00000e+00    6.72543385E+10
    2.16610103356539e-04    -8.57201008824495e-05    -6.23606335663046e-06    9.9976805E+05    1767.71    1767.71    0.3526731258373192    0.00000e+00    0.00000e+00    6.73045658E+10
    2.31735921748759e-04    -8.87189207550893e-05    -7.13809072322403e-06    9.3538955E+05    1636.03    1636.03    0.3415784602089687    0.00000e+00    0.00000e+00    6.73547931E+10
    2.46389075890718e-04    -9.20031455936616e-05    -7.98710032009250e-06    8.8999358E+05    1512.58    1512.58    0.3338818631356633    0.00000e+00    0.00000e+00    6.74050204E+10
    2.60560145852592e-04    -9.53998859913457e-05    -8.80836742368683e-06    8.3835392E+05    1395.16    1395.16    0.3234453822158385    0.00000e+00    0.00000e+00    6.74552477E+10
    2.74377558778507e-04    -9.87074885456210e-05    -9.63246341511044e-06    7.7253289E+05    1290.06    1290.06    0.3183477721892981    0.00000e+00    0.00000e+00    6.75054749E+10
    2.88037766020185e-04    -1.01864178297241e-04    -1.04727555771789e-05    6.9904254E+05    1200.08    1200.08    0.3143877326711366    0.00000e+00    0.00000e+00    6.75557022E+10
    3.01707029581427e-04    -1.04912555824363e-04    -1.13407892628941e-05    6.2755665E+05    1122.10    1122.10    0.3109513315383852    0.00000e+00    0.00000e+00    6.76059295E+10
    3.15434325340297e-04    -1.07929803465022e-04    -1.22335023890462e-05    5.6410092E+05    1052.43    1052.43    0.3108667992075090    0.00000e+00    0.00000e+00    6.76561568E+10
    3.29191582584660e-04    -1.10994970089922e-04    -1.31489101284247e-05    5.1031079E+05    989.89    989.89    0.3075251338566569    0.00000e+00    0.00000e+00    6.77063841E+10
    3.42929200026802e-04    -1.14154612356859e-04    -1.41013789648419e-05    4.6413862E+05    932.54    932.54    0.3073327398345217    0.00000e+00    0.00000e+00    6.77566114E+10
    3.56604441340731e-04    -1.17414412282177e-04    -1.51145159308722e-05    4.2262148E+05    878.42    878.42    0.3097624688369793    0.00000e+00    0.00000e+00    6.78068387E+10
    3.70192750713501e-04    -1.20749862534296e-04    -1.62047605736282e-05    3.8373409E+05    826.74    826.74    0.3107299712696624    0.00000e+00    0.00000e+00    6.78570660E+10
    3.83682080525136e-04    -1.24123622763495e-04    -1.73783063878861e-05    3.4672170E+05    777.60    777.60    0.3116901521265653    0.00000e+00    0.00000e+00    6.79072932E+10
    3.97068314707483e-04    -1.27498502912298e-04    -1.86322837614674e-05    3.1170341E+05    731.29    731.29    0.3069344362151570    0.00000e+00    0.00000e+00    6.79575205E+10
    4.10357794623490e-04    -1.30843780337732e-04    -1.99575481387191e-05    2.7916242E+05    688.32    688.32    0.3004477193214142    0.00000e+00    0.00000e+00    6.80077478E+10
    4.23561263744332e-04    -1.34138898939719e-04    -2.13419709357809e-05    2.4950531E+05    648.94    648.94    0.2935133202792575    0.00000e+00    0.00000e+00    6.80579751E+10
    4.36685868223668e-04    -1.37373483705483e-04    -2.27730594737178e-05    2.2290777E+05    613.04    613.04    0.2863017716954798    0.00000e+00    0.00000e+00    6.81082024E+10
    4.49733973952262e-04    -1.40545668102350e-04    -2.42400169518516e-05    1.9933728E+05    580.47    580.47    0.2768307530779279    0.00000e+00    0.00000e+00    6.81584297E+10
    4.62705595474524e-04    -1.43659446995055e-04    -2.57348226126420e-05    1.7863157E+05    550.97    550.97    0.2700599969808489    0.00000e+00    0.00000e+00    6.82086570E+10
    4.75599540148798e-04    -1.46722175007139e-04    -2.72519098254026e-05    1.6055174E+05    524.34    524.34    0.2643672151859920    0.00000e+00    0.00000e+00    6.82588843E+10
    4.88414392319137e-04    -1.49742360618705e-04    -2.87874849230785e-05    1.4482622E+05    500.32    500.32    0.2576601607304004    0.00000e+00    0.00000e+00    6.83091115E+10
    5.01149623538626e-04    -1.52728284447427e-04    -3.03388814304238e-05    1.3116963E+05    478.48    478.48    0.2516889279228225    0.00000e+00    0.00000e+00    6.83593388E+10
    5.13806121016304e-04    -1.55687349598216e-04    -3.19041945144854e-05    1.1930144E+05    458.64    458.64    0.2474782535394445    0.00000e+00    0.00000e+00    6.84095661E+10
    5.26387084522464e-04    -1.58626270740555e-04    -3.34821922636995e-05    1.0896321E+05    440.61    440.61    0.2428476816508253    0.00000e+00    0.00000e+00    6.84597934E+10
    5.38897701563496e-04    -1.61551500744539e-04    -3.50722473291628e-05    9.9928023E+04    424.15    424.15    0.2373968801036980    0.00000e+00    0.00000e+00    6.85100207E+10
    5.51344177754516e-04    -1.64469128870004e-04    -3.66740344008952e-05    9.2003315E+04    409.03    409.03    0.2326314607307549    0.00000e+00    0.00000e+00    6.85602480E+10
    5.63732718710645e-04    -1.67384735322418e-04    -3.82873595534244e-05    8.5030153E+04    395.10    395.10    0.2282224933128068    0.00000e+00    0.00000e+00    6.86104753E+10
    5.76068996751949e-04    -1.70303071275857e-04    -3.99119663203130e-05    7.8881517E+04    382.27    382.27    0.2234359042925186    0.00000e+00    0.00000e+00    6.86607026E+10
    5.88357569127033e-04    -1.73227801921749e-04    -4.15473679486252e-05    7.3458645E+04    370.53    370.53    0.2204886259619683    0.00000e+00    0.00000e+00    6.87109298E+10
    6.00602508270816e-04    -1.76161588887205e-04    -4.31928328545162e-05    6.8687227E+04    359.94    359.94    0.2161635133633663    0.00000e+00    0.00000e+00    6.87611571E+10
    6.12807886618221e-04    -1.79106361730675e-04    -4.48473938346922e-05    6.4515245E+04    350.59    350.59    0.2124010565878327    0.00000e+00    0.00000e+00    6.88113844E+10
    6.24979764340262e-04    -1.82063715489169e-04    -4.65098136446389e-05    6.0907818E+04    342.62    342.62    0.2077355724371892    0.00000e+00    0.00000e+00    6.88616117E+10
    6.37127207452774e-04    -1.85035361554983e-04    -4.81785534857326e-05    5.7838558E+04    336.17    336.17    0.2036432809673504    0.00000e+00    0.00000e+00    6.89118390E+10
    6.49263208962412e-04    -1.88023757933479e-04    -4.98516067141471e-05    5.5284386E+04    331.37    331.37    0.2103034412048294    0.00000e+00    0.00000e+00    6.89620663E+10
    6.61404107090230e-04    -1.91032264383467e-04    -5.15266719193382e-05    5.3214652E+04    328.28    328.28    0.2086851963104764    0.00000e+00    0.00000e+00    6.90122936E+10
    6.73569051976630e-04    -1.94065249076215e-04    -5.32013929068158e-05    5.1591095E+04    326.81    326.81    0.2033882126040036    0.00000e+00    0.00000e+00    6.90625209E+10
    6.85779133016742e-04    -1.97127981936436e-04    -5.48734183302263e-05    5.0365308E+04    326.75    326.75    0.2014144597156216    0.00000e+00    0.00000e+00    6.91127482E+10
    6.98055536568429e-04    -2.00226004384504e-04    -5.65405083503632e-05    4.9475837E+04    327.75    327.75    0.1989687067515398    0.00000e+00    0.00000e+00    6.91629754E+10
    7.10417121883888e-04    -2.03364246975557e-04    -5.82006025090817e-05    4.8855423E+04    329.38    329.38    0.1949621247166322    0.00000e+00    0.00000e+00    6.92132027E+10
    7.22877948559870e-04    -2.06546505800719e-04    -5.98518197292990e-05    4.8432120E+04    331.23    331.23    0.1898521556962664    0.00000e+00    0.00000e+00    6.92634300E+10
    7.35446888686739e-04    -2.09775190383983e-04    -6.14927831401609e-05    4.8133614E+04    332.90    332.90    0.1872965748450116    0.00000e+00    0.00000e+00    6.93136573E+10
    7.48127917736680e-04    -2.13051265504576e-04    -6.31229836873021e-05    4.7892948E+04    334.12    334.12    0.1850835578510325    0.00000e+00    0.00000e+00    6.93638846E+10
    7.60920114563700e-04    -2.16374047575207e-04    -6.47424650039541e-05    4.7653618E+04    334.71    334.71    0.1817110326404885    0.00000e+00    0.00000e+00    6.94141119E+10
    7.73818970400564e-04    -2.19741228882753e-04    -6.63514646488204e-05    4.7371943E+04    334.60    334.60    0.1761289554350481    0.00000e+00    0.00000e+00    6.94643392E+10
    7.86817697855737e-04    -2.23149095754419e-04    -6.79504771318558e-05    4.7017761E+04    333.78    333.78    0.1750745253161163    0.00000e+00    0.00000e+00    6.95145665E+10
    7.99908733835793e-04    -2.26593212145021e-04    -6.95399824186048e-05    4.6572811E+04    332.30    332.30    0.1731142245421541    0.00000e+00    0.00000e+00    6.95647937E+10
    8.13084466765939e-04    -2.30069083831736e-04    -7.11203732081488e-05    4.6028868E+04    330.23    330.23    0.1717537682364879    0.00000e+00    0.00000e+00    6.96150210E+10
    8.26336897220436e-04    -2.33572119629003e-04    -7.26922312769054e-05    4.5386392E+04    327.67    327.67    0.1678927057438581    0.00000e+00    0.00000e+00    6.96652483E+10
    8.39658268180387e-04    -2.37098154987303e-04    -7.42559978053242e-05    4.4652780E+04    324.68    324.68    0.1671027234674707    0.00000e+00    0.00000e+00    6.97154756E+10
    8.53041258959207e-04    -2.40643747729498e-04    -7.58120364036661e-05    4.3839420E+04    321.35    321.35    0.1645891346620175    0.00000e+00    0.00000e+00    6.97657029E+10
    8.66478791277152e-04    -2.44205431437769e-04    -7.73608124930650e-05    4.2959638E+04    317.75    317.75    0.1621036394371805    0.00000e+00    0.00000e+00    6.98159302E+10
    8.79964126224054e-04    -2.47779666972244e-04    -7.89030096608112e-05    4.2027431E+04    313.96    313.96    0.1583707461976771    0.00000e+00    0.00000e+00    6.98661575E+10
    8.93490767296587e-04    -2.51363104270387e-04    -8.04396557119088e-05    4.1056512E+04    310.03    310.03    0.1569385919495790    0.00000e+00    0.00000e+00    6.99163848E+10
    9.07052411916896e-04    -2.54952543561901e-04    -8.19719287436027e-05    4.0059231E+04    306.00    306.00    0.1547332888866681    0.00000e+00    0.00000e+00    6.99666120E+10
    9.20643436246280e-04    -2.58544949913145e-04    -8.35011183602848e-05    3.9046271E+04    301.90    301.90    0.1525880165457888    0.00000e+00    0.00000e+00    7.00168393E+10
    9.34258846703824e-04    -2.62137506556629e-04    -8.50286014328093e-05    3.8026690E+04    297.76    297.76    0.1483883308262093    0.00000e+00    0.00000e+00    7.00670666E+10
    9.47894086040926e-04    -2.65727896082959e-04    -8.65557160469363e-05    3.7007885E+04    293.61    293.61    0.1473008170751564    0.00000e+00    0.00000e+00    7.01172939E+10
    9.61545227266767e-04    -2.69314237415051e-04    -8.80837518070573e-05    3.5995992E+04    289.47    289.47    0.1458687508202662    0.00000e+00    0.00000e+00    7.01675212E+10
    9.75208731241477e-04    -2.72895037326768e-04    -8.96138722660071e-05    3.4996108E+04    285.35    285.35    0.1436274404471026    0.00000e+00    0.00000e+00    7.02177485E+10
    9.88881592120233e-04    -2.76469132265276e-04    -9.11471294694737e-05    3.4012104E+04    281.28    281.28    0.1414693919592336    0.00000e+00    0.00000e+00    7.02679758E+10
    1.00256085253958e-03    -2.80035591388306e-04    -9.26844833485457e-05    3.3046767E+04    277.26    277.26    0.1402113399318616    0.00000e+00    0.00000e+00    7.03182031E+10
    1.01624379754290e-03    -2.83593619601422e-04    -9.42268065678490e-05    3.2102082E+04    273.30    273.30    0.1391818085437457    0.00000e+00    0.00000e+00    7.03684303E+10
    1.02992785761769e-03    -2.87142547861743e-04    -9.57748554367262e-05    3.1179517E+04    269.40    269.40    0.1372049993552296    0.00000e+00    0.00000e+00    7.04186576E+10
    1.04361075413964e-03    -2.90681779848442e-04    -9.73292505166892e-05    3.0280173E+04    265.57    265.57    0.1342316273155226    0.00000e+00    0.00000e+00    7.04688849E+10
    1.05729020848446e-03    -2.94210772570196e-04    -9.88904960139662e-05    2.9404801E+04    261.82    261.82    0.1334164314551471    0.00000e+00    0.00000e+00    7.05191122E+10
    1.07096442684153e-03    -2.97729070302145e-04    -1.00458989475776e-04    2.8553800E+04    258.15    258.15    0.1320851582597709    0.00000e+00    0.00000e+00    7.05693395E+10
    1.08463171236295e-03    -3.01236323978438e-04    -1.02035041182874e-04    2.7727309E+04    254.55    254.55    0.1285802414722766    0.00000e+00    0.00000e+00    7.06195668E+10
    1.09829061060769e-03    -3.04732417243792e-04    -1.03618946871606e-04    2.6925263E+04    251.04    251.04    0.1267347337478169    0.00000e+00    0.00000e+00    7.06697941E+10
    1.11193966713470e-03    -3.08217456757216e-04    -1.05210915011855e-04    2.6147395E+04    247.60    247.60    0.1258250006608995    0.00000e+00    0.00000e+00    7.07200214E+10
    1.12557781535389e-03    -3.11691709166236e-04    -1.06811086199588e-04    2.5393314E+04    244.23    244.23    0.1246483558204710    0.00000e+00    0.00000e+00    7.07702487E+10
    1.13920384323105e-03    -3.15155538081112e-04    -1.08419538004995e-04    2.4662508E+04    240.95    240.95    0.1228763814236379    0.00000e+00    0.00000e+00    7.08204759E+10
    1.15281678113882e-03    -3.18609370137884e-04    -1.10036294668759e-04    2.3954500E+04    237.73    237.73    0.1202176249280649    0.00000e+00    0.00000e+00    7.08707032E+10
    1.16641541704300e-03    -3.22053578643085e-04    -1.11661268924418e-04    2.3268877E+04    234.58    234.58    0.1201255927441178    0.00000e+00    0.00000e+00    7.09209305E+10
    1.17999878131622e-03    -3.25488498118157e-04    -1.13294305631594e-04    2.2605166E+04    231.50    231.50    0.1193289543036068    0.00000e+00    0.00000e+00    7.09711578E+10
    1.19356566192429e-03    -3.28914443691991e-04    -1.14935235105498e-04    2.1962856E+04    228.50    228.50    0.1179271446848161    0.00000e+00    0.00000e+00    7.10213851E+10
    1.20711518620257e-03    -3.32331677163976e-04    -1.16583858572521e-04    2.1341391E+04    225.56    225.56    0.1154284396859055    0.00000e+00    0.00000e+00    7.10716124E+10
    1.22064643300507e-03    -3.35740431244678e-04    -1.18239972410918e-04    2.0740216E+04    222.69    222.69    0.1143562705469344    0.00000e+00    0.00000e+00    7.11218397E+10
    1.23415882055538e-03    -3.39140958037211e-04    -1.19903368150805e-04    2.0158770E+04    219.88    219.88    0.1128290496570108    0.00000e+00    0.00000e+00    7.11720670E+10
    1.24765171859571e-03    -3.42533509644690e-04    -1.21573871259257e-04    1.9596481E+04    217.13    217.13    0.1121669580211059    0.00000e+00    0.00000e+00    7.12222942E+10
    1.26112469079374e-03    -3.45918386651598e-04    -1.23251312051485e-04    1.9052784E+04    214.44    214.44    0.1107966729347707    0.00000e+00    0.00000e+00    7.12725215E+10
    1.27457720385443e-03    -3.49295855705458e-04    -1.24935501450155e-04    1.8527124E+04    211.81    211.81    0.1093891489981922    0.00000e+00    0.00000e+00    7.13227488E+10
    1.28800872448273e-03    -3.52666178605658e-04    -1.26626221289109e-04    1.8018946E+04    209.23    209.23    0.1088352997705915    0.00000e+00    0.00000e+00    7.13729761E+10
    1.30141876786496e-03    -3.56029631695998e-04    -1.28323253402191e-04    1.7527736E+04    206.72    206.72    0.1082381769007452    0.00000e+00    0.00000e+00    7.14232034E+10
    1.31480684918743e-03    -3.59386457383316e-04    -1.30026374775108e-04    1.7053019E+04    204.26    204.26    0.1058987674426655    0.00000e+00    0.00000e+00    7.14734307E+10
    1.32817253211783e-03    -3.62736844744949e-04    -1.31735352697293e-04    1.6594339E+04    201.85    201.85    0.1055469828849600    0.00000e+00    0.00000e+00    7.15236580E+10
    1.34151542880522e-03    -3.66080924680591e-04    -1.33449964154452e-04    1.6151273E+04    199.51    199.51    0.1048877627193441    0.00000e+00    0.00000e+00    7.15738853E+10
    1.35483524836140e-03    -3.69418794152978e-04    -1.35169986132292e-04    1.5723437E+04    197.21    197.21    0.1036158384255504    0.00000e+00    0.00000e+00    7.16241125E+10
    1.36813189382361e-03    -3.72750540428573e-04    -1.36895205312794e-04    1.5310472E+04    194.98    194.98    0.0998311651537737    0.00000e+00    0.00000e+00    7.16743398E+10
    1.38140536519187e-03    -3.76076245925701e-04    -1.38625427770485e-04    1.4912035E+04    192.79    192.79    0.1002286066513401    0.00000e+00    0.00000e+00    7.17245671E+10
    1.39465585639164e-03    -3.79396022151509e-04    -1.40360464428030e-04    1.4527806E+04    190.67    190.67    0.1001253792723135    0.00000e+00    0.00000e+00    7.17747944E+10
    1.40788360982977e-03    -3.82710019398238e-04    -1.42100160145050e-04    1.4157482E+04    188.60    188.60    0.0990522020630261    0.00000e+00    0.00000e+00    7.18250217E+10
    1.42108906183857e-03    -3.86018441287634e-04    -1.43844330692346e-04    1.3800773E+04    186.58    186.58    0.0971914285411818    0.00000e+00    0.00000e+00    7.18752490E+10
    1.43427269723172e-03    -3.89321525378402e-04    -1.45592791840720e-04    1.3457415E+04    184.63    184.63    0.0965641622633862    0.00000e+00    0.00000e+00    7.19254763E+10
    1.44743495234153e-03    -3.92619514077380e-04    -1.47345344816563e-04    1.3127122E+04    182.73    182.73    0.0960457521519013    0.00000e+00    0.00000e+00    7.19757036E+10
    1.46057650590715e-03    -3.95912644943275e-04    -1.49101776301855e-04    1.2809625E+04    180.89    180.89    0.0956461442912710    0.00000e+00    0.00000e+00    7.20259308E+10
    1.47369784274228e-03    -3.99201131294104e-04    -1.50861887522986e-04    1.2504654E+04    179.10    179.10    0.0937732908438323    0.00000e+00    0.00000e+00    7.20761581E+10
    1.48679978703016e-03    -4.02485171903477e-04    -1.52625455465664e-04    1.2211934E+04    177.38    177.38    0.0936780687702033    0.00000e+00    0.00000e+00    7.21263854E+10
    1.49988301750995e-03    -4.05764941304320e-04    -1.54392266811868e-04    1.1931176E+04    175.72    175.72    0.0921465579230754    0.00000e+00    0.00000e+00    7.21766127E+10
    1.51294855229038e-03    -4.09040623725831e-04    -1.56162108243579e-04    1.1662140E+04    174.12    174.12    0.0893908230471185    0.00000e+00    0.00000e+00    7.22268400E+10
    1.52599736099881e-03    -4.12312422789756e-04    -1.57934780987188e-04    1.1404560E+04    172.58    172.58    0.0898049380767561    0.00000e+00    0.00000e+00    7.22770673E+10
    1.53903065566945e-03    -4.15580576054800e-04    -1.59710081420949e-04    1.1158143E+04    171.10    171.10    0.0894580887605690    0.00000e+00    0.00000e+00    7.23272946E+10
    1.55204964833649e-03    -4.18845364712896e-04    -1.61487810771252e-04    1.0922581E+04    169.69    169.69    0.0887315482175579    0.00000e+00    0.00000e+00    7.23775219E+10
    1.56505564799688e-03    -4.22107094196665e-04    -1.63267770264488e-04    1.0697531E+04    168.34    168.34    0.0875012166067689    0.00000e+00    0.00000e+00    7.24277492E+10
    1.57804991516618e-03    -4.25366094179409e-04    -1.65049746582637e-04    1.0482641E+04    167.05    167.05    0.0867433755950734    0.00000e+00    0.00000e+00    7.24779764E+10
    1.59103375884135e-03    -4.28622679790021e-04    -1.66833526407680e-04    1.0277537E+04    165.82    165.82    0.0866671826693279    0.00000e+00    0.00000e+00    7.25282037E+10
    1.60400843953794e-03    -4.31877180701805e-04    -1.68618877029050e-04    1.0081830E+04    164.65    164.65    0.0860894911140620    0.00000e+00    0.00000e+00    7.25784310E+10
    1.61697521777152e-03    -4.35129892651105e-04    -1.70405565736180e-04    9.8951180E+03    163.53    163.53    0.0855987082407342    0.00000e+00    0.00000e+00    7.26286583E+10
    1.62993545102042e-03    -4.38381111374267e-04    -1.72193374362913e-04    9.7169938E+03    162.47    162.47    0.0836346095559469    0.00000e+00    0.00000e+00    7.26788856E+10
    1.64289044828155e-03    -4.41631098670679e-04    -1.73982084743093e-04    9.5470522E+03    161.46    161.46    0.0830829283305746    0.00000e+00    0.00000e+00    7.27291129E+10
    1.65584151855187e-03    -4.44880126036003e-04    -1.75771507799384e-04    9.3848812E+03    160.50    160.50    0.0808765622662948    0.00000e+00    0.00000e+00    7.27793402E+10
    1.66879006779105e-03    -4.48128469814036e-04    -1.77561430213767e-04    9.2300718E+03    159.58    159.58    0.0814775699015046    0.00000e+00    0.00000e+00    7.28295675E+10
    1.68173745347739e-03    -4.51376411196714e-04    -1.79351672605179e-04    9.0822058E+03    158.70    158.70    0.0810750003492769    0.00000e+00    0.00000e+00    7.28797947E+10
    1.69468488764511e-03    -4.54624255616656e-04    -1.81142041048149e-04    8.9408766E+03    157.86    157.86    0.0803440075607540    0.00000e+00    0.00000e+00    7.29300220E+10
    1.70763367929112e-03    -4.57872308506481e-04    -1.82932341617203e-04    8.8056821E+03    157.06    157.06    0.0794397326302268    0.00000e+00    0.00000e+00    7.29802493E+10
    1.72058494348692e-03    -4.61120880146944e-04    -1.84722394931280e-04    8.6762328E+03    156.29    156.29    0.0792754914860177    0.00000e+00    0.00000e+00    7.30304766E+10
    1.73353964985984e-03    -4.64370251729982e-04    -1.86511992520496e-04    8.5521471E+03    155.55    155.55    0.0794425532306192    0.00000e+00    0.00000e+00    7.30807039E+10
    1.74649876803727e-03    -4.67620675358707e-04    -1.88300940459380e-04    8.4330524E+03    154.83    154.83    0.0787877754262347    0.00000e+00    0.00000e+00    7.31309312E+10
    1.75946312220245e-03    -4.70872388591824e-04    -1.90089035126185e-04    8.3185865E+03    154.14    154.14    0.0783197152803563    0.00000e+00    0.00000e+00    7.31811585E+10
    1.77243339109454e-03    -4.74125590202942e-04    -1.91876072899165e-04    8.2084044E+03    153.46    153.46    0.0778826304398219    0.00000e+00    0.00000e+00    7.32313858E+10
    1.78541030193407e-03    -4.77380449876849e-04    -1.93661850156574e-04    8.1021711E+03    152.80    152.80    0.0760132344589145    0.00000e+00    0.00000e+00    7.32816130E+10
    1.79839453346017e-03    -4.80637132450198e-04    -1.95446182669214e-04    7.9995627E+03    152.15    152.15    0.0760377060352141    0.00000e+00    0.00000e+00    7.33318403E+10
    1.81138661896792e-03    -4.83895783367091e-04    -1.97228871663475e-04    7.9002604E+03    151.52    151.52    0.0765144767866851    0.00000e+00    0.00000e+00    7.33820676E+10
    1.82438704327097e-03    -4.87156543223498e-04    -1.99009752302705e-04    7.8039636E+03    150.89    150.89    0.0760339209154282    0.00000e+00    0.00000e+00    7.34322949E+10
    1.83739629118302e-03    -4.90419533222837e-04    -2.00788659750253e-04    7.7103944E+03    150.26    150.26    0.0744274158180796    0.00000e+00    0.00000e+00    7.34825222E+10
    1.85041465359228e-03    -4.93684898809214e-04    -2.02565463106425e-04    7.6192989E+03    149.64    149.64    0.0738258014412816    0.00000e+00    0.00000e+00    7.35327495E+10
    1.86344246986832e-03    -4.96952736945365e-04    -2.04340046015937e-04    7.5304436E+03    149.02    149.02    0.0736138194877045    0.00000e+00    0.00000e+00    7.35829768E+10
    1.87647983697388e-03    -5.00223047631290e-04    -2.06112282427233e-04    7.4436197E+03    148.40    148.40    0.0730361910806210    0.00000e+00    0.00000e+00    7.36332041E+10
    1.88952685187169e-03    -5.03495927829724e-04    -2.07882070529439e-04    7.3586323E+03    147.77    147.77    0.0723996673479344    0.00000e+00    0.00000e+00    7.36834314E+10
    1.90258361152449e-03    -5.06771280577932e-04    -2.09649303663546e-04    7.2753131E+03    147.15    147.15    0.0720165378758047    0.00000e+00    0.00000e+00    7.37336586E+10
    1.91565001896955e-03    -5.10049105875913e-04    -2.11413880018680e-04    7.1935056E+03    146.52    146.52    0.0718601052597026    0.00000e+00    0.00000e+00    7.37838859E+10
    1.92872607420686e-03    -5.13329355242301e-04    -2.13175717176517e-04    7.1130706E+03    145.89    145.89    0.0712633917801080    0.00000e+00    0.00000e+00    7.38341132E+10
    1.94181163179232e-03    -5.16611931714357e-04    -2.14934732718729e-04    7.0338870E+03    145.26    145.26    0.0706945317282975    0.00000e+00    0.00000e+00    7.38843405E+10
    1.95490669172592e-03    -5.19896738329346e-04    -2.16690858771401e-04    6.9558456E+03    144.62    144.62    0.0700807681275442    0.00000e+00    0.00000e+00    7.39345678E+10
    1.96801096311947e-03    -5.23183823568637e-04    -2.18444032308756e-04    6.8788521E+03    143.97    143.97    0.0702028591831775    0.00000e+00    0.00000e+00    7.39847951E+10
    1.98112439749160e-03    -5.26472993506757e-04    -2.20194195153151e-04    6.8028224E+03    143.32    143.32    0.0698803636923776    0.00000e+00    0.00000e+00    7.40350224E+10
    1.99424675243545e-03    -5.29764248143705e-04    -2.21941284278808e-04    6.7276855E+03    142.67    142.67    0.0687190021166483    0.00000e+00    0.00000e+00    7.40852497E+10
    2.00737773706283e-03    -5.33057490516746e-04    -2.23685246356221e-04    6.6533797E+03    142.01    142.01    0.0679001494690418    0.00000e+00    0.00000e+00    7.41354769E+10
    2.02051706048553e-03    -5.36352720625879e-04    -2.25426018359613e-04    6.5798507E+03    141.35    141.35    0.0674741206211130    0.00000e+00    0.00000e+00    7.41857042E+10
    2.03366438333396e-03    -5.39649793027001e-04    -2.27163542111342e-04    6.5070535E+03    140.69    140.69    0.0670872269636853    0.00000e+00    0.00000e+00    7.42359315E+10
    2.04681931775719e-03    -5.42948610757375e-04    -2.28897759433765e-04    6.4349512E+03    140.02    140.02    0.0668644023416196    0.00000e+00    0.00000e+00    7.42861588E+10
    2.05998152438563e-03    -5.46249076854264e-04    -2.30628607301105e-04    6.3635140E+03    139.35    139.35    0.0658539174890226    0.00000e+00    0.00000e+00    7.43363861E+10
    2.07315066384971e-03    -5.49551142836301e-04    -2.32356022687582e-04    6.2927121E+03    138.67    138.67    0.0660754236307226    0.00000e+00    0.00000e+00    7.43866134E+10
    2.08632634829849e-03    -5.52854711740749e-04    -2.34079937719282e-04    6.2225267E+03    138.00    138.00    0.0656938969574169    0.00000e+00    0.00000e+00    7.44368407E+10
    2.09950833532512e-03    -5.56159686604873e-04    -2.35800313611109e-04    6.1529343E+03    137.32    137.32    0.0632571254022999    0.00000e+00    0.00000e+00    7.44870680E+10
    2.11269623707866e-03    -5.59466018947304e-04    -2.37517092185423e-04    6.0839194E+03    136.64    136.64    0.0644766965384368    0.00000e+00    0.00000e+00    7.45372952E+10
    2.12588976267091e-03    -5.62773660286674e-04    -2.39230244353402e-04    6.0154695E+03    135.96    135.96    0.0645650186756683    0.00000e+00    0.00000e+00    7.45875225E+10
    2.13908852425090e-03    -5.66082562141614e-04    -2.40939731329952e-04    5.9475741E+03    135.27    135.27    0.0639223725628940    0.00000e+00    0.00000e+00    7.46377498E+10
    2.15229223093045e-03    -5.69392676030758e-04    -2.42645519178115e-04    5.8802266E+03    134.59    134.59    0.0635773023668667    0.00000e+00    0.00000e+00    7.46879771E+10
    2.16550039789586e-03    -5.72703953472736e-04    -2.44347583657207e-04    5.8134245E+03    133.91    133.91    0.0625228206692730    0.00000e+00    0.00000e+00    7.47382044E+10
    2.17871278274030e-03    -5.76016249023445e-04    -2.46045890830271e-04    5.7471677E+03    133.22    133.22    0.0628453028785406    0.00000e+00    0.00000e+00    7.47884317E+10
    2.19192890065008e-03    -5.79329611164251e-04    -2.47740421304758e-04    5.6814558E+03    132.54    132.54    0.0622681888737827    0.00000e+00    0.00000e+00    7.48386590E+10
    2.20514846073700e-03    -5.82643845969684e-04    -2.49431165384397e-04    5.6162930E+03    131.85    131.85    0.0617715396299273    0.00000e+00    0.00000e+00    7.48888863E+10
    2.21837107515011e-03    -5.85958953439743e-04    -2.51118108524775e-04    5.5516833E+03    131.17    131.17    0.0607874966879383    0.00000e+00    0.00000e+00    7.49391135E+10
    2.23159645300120e-03    -5.89274788130324e-04    -2.52801245877756e-04    5.4876333E+03    130.49    130.49    0.0610658035999766    0.00000e+00    0.00000e+00    7.49893408E+10
    2.24482435188343e-03    -5.92591350041426e-04    -2.54480591987752e-04    5.4241482E+03    129.81    129.81    0.0608058948015754    0.00000e+00    0.00000e+00    7.50395681E+10
    2.25805443242723e-03    -5.95908542210314e-04    -2.56156156551034e-04    5.3612359E+03    129.13    129.13    0.0605039334125917    0.00000e+00    0.00000e+00    7.50897954E+10
    2.27128640374439e-03    -5.99226316155619e-04    -2.57827949263878e-04    5.2989036E+03    128.46    128.46    0.0595241800545259    0.00000e+00    0.00000e+00    7.51400227E+10
    2.28452002342806e-03    -6.02544671877341e-04    -2.59495989518830e-04    5.2371602E+03    127.78    127.78    0.0595583798346526    0.00000e+00    0.00000e+00    7.51902500E+10
    2.29775504907140e-03    -6.05863512412745e-04    -2.61160296708437e-04    5.1760134E+03    127.11    127.11    0.0595889823074337    0.00000e+00    0.00000e+00    7.52404773E+10
    2.31099109282348e-03    -6.09182886243197e-04    -2.62820899921521e-04    5.1154706E+03    126.45    126.45    0.0591441464912037    0.00000e+00    0.00000e+00    7.52907046E+10
    2.32422800924018e-03    -6.12502647924595e-04    -2.64477813702491e-04    5.0555384E+03    125.79    125.79    0.0580223471234998    0.00000e+00    0.00000e+00    7.53409319E+10
    2.33746541047056e-03    -6.15822748975569e-04    -2.66131071988306e-04    4.9962265E+03    125.13    125.13    0.0581497836642644    0.00000e+00    0.00000e+00    7.53911591E+10
    2.35070319955189e-03    -6.19143189396120e-04    -2.67780703867786e-04    4.9375409E+03    124.47    124.47    0.0577393092754721    0.00000e+00    0.00000e+00    7.54413864E+10
    2.36394103711459e-03    -6.22463872223512e-04    -2.69426757822300e-04    4.8794908E+03    123.82    123.82    0.0574721827936043    0.00000e+00    0.00000e+00    7.54916137E+10
    2.37717882619591e-03    -6.25784797457744e-04    -2.71069272636941e-04    4.8220836E+03    123.17    123.17    0.0567095260756790    0.00000e+00    0.00000e+00    7.55418410E+10
    2.39041637287040e-03    -6.29105916617449e-04    -2.72708296793079e-04    4.7653258E+03    122.53    122.53    0.0568670217081984    0.00000e+00    0.00000e+00    7.55920683E+10
    2.40365353169394e-03    -6.32427181221258e-04    -2.74343888468354e-04    4.7092249E+03    121.89    121.89    0.0566529539293507    0.00000e+00    0.00000e+00    7.56422956E+10
    2.41689010874107e-03    -6.35748591269171e-04    -2.75976100992272e-04    4.6537877E+03    121.25    121.25    0.0563862100128979    0.00000e+00    0.00000e+00    7.56925229E+10
    2.43012600704904e-03    -6.39070146761189e-04    -2.77604992542474e-04    4.5990219E+03    120.62    120.62    0.0554129240465301    0.00000e+00    0.00000e+00    7.57427502E+10
    2.44336112965512e-03    -6.42391799215943e-04    -2.79230621296602e-04    4.5449326E+03    120.00    120.00    0.0557980061165618    0.00000e+00    0.00000e+00    7.57929774E+10
    2.45659523415247e-03    -6.45713597114801e-04    -2.80853045432299e-04    4.4915266E+03    119.38    119.38    0.0556173972215792    0.00000e+00    0.00000e+00    7.58432047E+10
    2.46982822357836e-03    -6.49035443495027e-04    -2.82472318279068e-04    4.4388091E+03    118.76    118.76    0.0545077734173946    0.00000e+00    0.00000e+00    7.58934320E+10
    2.48306004945141e-03    -6.52357435319358e-04    -2.84088493166414e-04    4.3867838E+03    118.16    118.16    0.0540868617072050    0.00000e+00    0.00000e+00    7.59436593E+10
    2.49629066329025e-03    -6.55679475625056e-04    -2.85701618575707e-04    4.3354544E+03    117.55    117.55    0.0540232735815852    0.00000e+00    0.00000e+00    7.59938866E+10
    2.50951991965079e-03    -6.59001612893491e-04    -2.87311752684587e-04    4.2848239E+03    116.95    116.95    0.0538722614232329    0.00000e+00    0.00000e+00    7.60441139E+10
    2.52274781853303e-03    -6.62323798643295e-04    -2.88918963366970e-04    4.2348955E+03    116.36    116.36    0.0510355133889478    0.00000e+00    0.00000e+00    7.60943412E+10
    2.53597435993695e-03    -6.65646081355834e-04    -2.90523303952361e-04    4.1856701E+03    115.77    115.77    0.0531004106260792    0.00000e+00    0.00000e+00    7.61445685E+10
    2.54919949538121e-03    -6.68968509512477e-04    -2.92124852010949e-04    4.1371497E+03    115.19    115.19    0.0531404219067539    0.00000e+00    0.00000e+00    7.61947957E+10
    2.56242327334715e-03    -6.72291034631857e-04    -2.93723675416648e-04    4.0893339E+03    114.61    114.61    0.0531040229820020    0.00000e+00    0.00000e+00    7.62450230E+10
    2.57564564535342e-03    -6.75613753676710e-04    -2.95319846891513e-04    4.0422237E+03    114.04    114.04    0.0521734436175284    0.00000e+00    0.00000e+00    7.62952503E+10
    2.58886665988138e-03    -6.78936666647034e-04    -2.96913439157593e-04    3.9958178E+03    113.48    113.48    0.0517995065902879    0.00000e+00    0.00000e+00    7.63454776E+10
    2.60208621996830e-03    -6.82259773542832e-04    -2.98504520088806e-04    3.9501145E+03    112.92    112.92    0.0522481788720720    0.00000e+00    0.00000e+00    7.63957049E+10
    2.61530437409554e-03    -6.85583171326837e-04    -3.00093167255339e-04    3.9051119E+03    112.37    112.37    0.0513122618744463    0.00000e+00    0.00000e+00    7.64459322E+10
    2.62852117074447e-03    -6.88906763036316e-04    -3.01679453379245e-04    3.8608068E+03    111.82    111.82    0.0511780742221094    0.00000e+00    0.00000e+00    7.64961595E+10
    2.64173660991510e-03    -6.92230694115371e-04    -3.03263456030714e-04    3.8171992E+03    111.28    111.28    0.0506444808754669    0.00000e+00    0.00000e+00    7.65463868E+10
    2.65495074008879e-03    -6.95554916082635e-04    -3.04845262476207e-04    3.7742845E+03    110.74    110.74    0.0505095987622783    0.00000e+00    0.00000e+00    7.65966140E+10
    2.66816360974691e-03    -6.98879477419475e-04    -3.06424959982187e-04    3.7320581E+03    110.22    110.22    0.0479099945817412    0.00000e+00    0.00000e+00    7.66468413E+10
    2.68137531585220e-03    -7.02204426607261e-04    -3.08002626118843e-04    3.6905187E+03    109.69    109.69    0.0503369627377070    0.00000e+00    0.00000e+00    7.66970686E+10
    2.69458590688601e-03    -7.05529763645991e-04    -3.09578348152638e-04    3.6496599E+03    109.18    109.18    0.0501222229319357    0.00000e+00    0.00000e+00    7.67472959E+10
    2.70779552829247e-03    -7.08855633979770e-04    -3.11152223046308e-04    3.6094749E+03    108.67    108.67    0.0497448739164103    0.00000e+00    0.00000e+00    7.67975232E+10
    2.72100413159019e-03    -7.12181989127231e-04    -3.12724328370042e-04    3.5699595E+03    108.17    108.17    0.0491448852752929    0.00000e+00    0.00000e+00    7.68477505E+10
    2.73421191070466e-03    -7.15508974532477e-04    -3.14294751390302e-04    3.5311055E+03    107.67    107.67    0.0498123543880681    0.00000e+00    0.00000e+00    7.68979778E+10
    2.74741886563587e-03    -7.18836493232772e-04    -3.15863579373552e-04    3.4929071E+03    107.18    107.18    0.0486120765214675    0.00000e+00    0.00000e+00    7.69482051E+10
    2.76062509334656e-03    -7.22164690672221e-04    -3.17430889889980e-04    3.4553538E+03    106.70    106.70    0.0481385809669990    0.00000e+00    0.00000e+00    7.69984324E+10
    2.77383069079946e-03    -7.25493615332192e-04    -3.18996779902322e-04    3.4184397E+03    106.22    106.22    0.0481450062400125    0.00000e+00    0.00000e+00    7.70486596E+10
    2.78703575495731e-03    -7.28823218731316e-04    -3.20561326980767e-04    3.3821534E+03    105.75    105.75    0.0479480390030783    0.00000e+00    0.00000e+00    7.70988869E+10
    2.80024033430148e-03    -7.32153646313698e-04    -3.22124623239915e-04    3.3464868E+03    105.28    105.28    0.0474387916807717    0.00000e+00    0.00000e+00    7.71491142E+10
    2.81344462275745e-03    -7.35484801116601e-04    -3.23686760794365e-04    3.3114297E+03    104.82    104.82    0.0474750464899858    0.00000e+00    0.00000e+00    7.71993415E+10
    2.82664871728794e-03    -7.38816877065499e-04    -3.25247817214307e-04    3.2769711E+03    104.37    104.37    0.0475738519363728    0.00000e+00    0.00000e+00    7.72495688E+10
    2.83985266637432e-03    -7.42149825679023e-04    -3.26807889462476e-04    3.2431023E+03    103.92    103.92    0.0472460943062884    0.00000e+00    0.00000e+00    7.72997961E+10
    2.85305671242345e-03    -7.45483743919909e-04    -3.28367055109061e-04    3.2098115E+03    103.47    103.47    0.0465472723095554    0.00000e+00    0.00000e+00    7.73500234E+10
    2.86626080695394e-03    -7.48818680269525e-04    -3.29925396572388e-04    3.1770894E+03    103.04    103.04    0.0462756079197095    0.00000e+00    0.00000e+00    7.74002507E+10
    2.87946519237264e-03    -7.52154683209240e-04    -3.31483001118920e-04    3.1449255E+03    102.61    102.61    0.0472815452836346    0.00000e+00    0.00000e+00    7.74504779E+10
    2.89266986867954e-03    -7.55491752739053e-04    -3.33039946318845e-04    3.1133100E+03    102.18    102.18    0.0458193546425757    0.00000e+00    0.00000e+00    7.75007052E+10
    2.90587498131877e-03    -7.58829937340333e-04    -3.34596300046080e-04    3.0822309E+03    101.76    101.76    0.0453519201185925    0.00000e+00    0.00000e+00    7.75509325E+10
    2.91908057877167e-03    -7.62169333975815e-04    -3.36152144718949e-04    3.0516787E+03    101.34    101.34    0.0454173830178051    0.00000e+00    0.00000e+00    7.76011598E+10
    2.93228685496372e-03    -7.65509894164132e-04    -3.37707557907643e-04    3.0216410E+03    100.93    100.93    0.0452503661090642    0.00000e+00    0.00000e+00    7.76513871E+10
    2.94549380989493e-03    -7.68851666386652e-04    -3.39262607486075e-04    2.9921068E+03    100.53    100.53    0.0429865809882646    0.00000e+00    0.00000e+00    7.77016144E+10
    2.95870168597214e-03    -7.72194699124743e-04    -3.40817375872573e-04    2.9630665E+03    100.13    100.13    0.0447366831104733    0.00000e+00    0.00000e+00    7.77518417E+10
    2.97191053167670e-03    -7.75539089341141e-04    -3.42371926092914e-04    2.9345076E+03    99.73    99.73    0.0448028377964823    0.00000e+00    0.00000e+00    7.78020690E+10
    2.98512044397137e-03    -7.78884788554478e-04    -3.43926335717287e-04    2.9064209E+03    99.34    99.34    0.0445938678529822    0.00000e+00    0.00000e+00    7.78522962E+10
    2.99833151981886e-03    -7.82231845246122e-04    -3.45480667771471e-04    2.8787938E+03    98.95    98.95    0.0443133350960565    0.00000e+00    0.00000e+00    7.79025235E+10
    3.01154385618193e-03    -7.85580356378809e-04    -3.47034994977519e-04    2.8516158E+03    98.57    98.57    0.0436097076452321    0.00000e+00    0.00000e+00    7.79527508E+10
    3.02475759850468e-03    -7.88930273471172e-04    -3.48589370664935e-04    2.8248768E+03    98.19    98.19    0.0445609569545408    0.00000e+00    0.00000e+00    7.80029781E+10
    3.03797274678710e-03    -7.92281741967314e-04    -3.50143862707634e-04    2.7985659E+03    97.82    97.82    0.0433291379690881    0.00000e+00    0.00000e+00    7.80532054E+10
    3.05118939799193e-03    -7.95634616423131e-04    -3.51698519586985e-04    2.7726737E+03    97.45    97.45    0.0431916884700586    0.00000e+00    0.00000e+00    7.81034327E+10
    3.06440764908191e-03    -7.98989090764096e-04    -3.53253414025039e-04    2.7471889E+03    97.09    97.09    0.0429507438748435    0.00000e+00    0.00000e+00    7.81536600E+10
    3.07762759701977e-03    -8.02345019546105e-04    -3.54808589655029e-04    2.7221019E+03    96.73    96.73    0.0423409098185572    0.00000e+00    0.00000e+00    7.82038873E+10
    3.09084929028689e-03    -8.05702548213261e-04    -3.56364104654595e-04    2.6974029E+03    96.37    96.37    0.0407393761001699    0.00000e+00    0.00000e+00    7.82541145E+10
    3.10407287432736e-03    -8.09061628284196e-04    -3.57920022049517e-04    2.6730818E+03    96.02    96.02    0.0421984747525891    0.00000e+00    0.00000e+00    7.83043418E+10
    3.11729834914119e-03    -8.12422356721647e-04    -3.59476385473025e-04    2.6491305E+03    95.67    95.67    0.0422835675985526    0.00000e+00    0.00000e+00    7.83545691E+10
    3.13052586017247e-03    -8.15784636562878e-04    -3.61033253102761e-04    2.6255385E+03    95.32    95.32    0.0420298596275537    0.00000e+00    0.00000e+00    7.84047964E+10
    3.14375540742122e-03    -8.19148613251993e-04    -3.62590673420095e-04    2.6022965E+03    94.98    94.98    0.0418955531545781    0.00000e+00    0.00000e+00    7.84550237E+10
    3.15698713633154e-03    -8.22514238307624e-04    -3.64148690058255e-04    2.5793963E+03    94.64    94.64    0.0416344778950609    0.00000e+00    0.00000e+00    7.85052510E+10
    3.17022099842205e-03    -8.25881511729770e-04    -3.65707346650475e-04    2.5568299E+03    94.31    94.31    0.0410453630695592    0.00000e+00    0.00000e+00    7.85554783E+10
    3.18345713913686e-03    -8.29250481999800e-04    -3.67266686829986e-04    2.5345879E+03    93.98    93.98    0.0409271362485478    0.00000e+00    0.00000e+00    7.86057056E+10
    3.19669550999460e-03    -8.32621149117714e-04    -3.68826754230018e-04    2.5126629E+03    93.65    93.65    0.0407520471585565    0.00000e+00    0.00000e+00    7.86559329E+10
    3.20993625643939e-03    -8.35993513083512e-04    -3.70387582787529e-04    2.4910468E+03    93.32    93.32    0.0406535656381371    0.00000e+00    0.00000e+00    7.87061601E+10
    3.22317932998984e-03    -8.39367573897194e-04    -3.71949216135751e-04    2.4697317E+03    93.00    93.00    0.0389661087274184    0.00000e+00    0.00000e+00    7.87563874E+10
    3.23642482760870e-03    -8.42743331558759e-04    -3.73511688211641e-04    2.4487101E+03    92.68    92.68    0.0387924139913677    0.00000e+00    0.00000e+00    7.88066147E+10
    3.24967279777733e-03    -8.46120786068209e-04    -3.75075042648431e-04    2.4279760E+03    92.36    92.36    0.0399425151822710    0.00000e+00    0.00000e+00    7.88568420E+10
    3.26292328897710e-03    -8.49499985906911e-04    -3.76639308534941e-04    2.4075215E+03    92.04    92.04    0.0401332634582140    0.00000e+00    0.00000e+00    7.89070693E+10
    3.27617634968938e-03    -8.52880931074864e-04    -3.78204519808130e-04    2.3873396E+03    91.73    91.73    0.0399454200876926    0.00000e+00    0.00000e+00    7.89572966E+10
    3.28943197991418e-03    -8.56263573090702e-04    -3.79770710404954e-04    2.3674249E+03    91.42    91.42    0.0397154588292595    0.00000e+00    0.00000e+00    7.90075239E+10
    3.30269022813285e-03    -8.59648008917159e-04    -3.81337909414235e-04    2.3477707E+03    91.12    91.12    0.0394921665233131    0.00000e+00    0.00000e+00    7.90577512E+10
    3.31595109434539e-03    -8.63034141591501e-04    -3.82906155621067e-04    2.3283707E+03    90.81    90.81    0.0391953089657487    0.00000e+00    0.00000e+00    7.91079784E+10
    3.32921467551456e-03    -8.66422019595094e-04    -3.84475478114272e-04    2.3092191E+03    90.51    90.51    0.0392389073327137    0.00000e+00    0.00000e+00    7.91582057E+10
    3.34248087467760e-03    -8.69811691409308e-04    -3.86045910830806e-04    2.2903099E+03    90.21    90.21    0.0391312213265258    0.00000e+00    0.00000e+00    7.92084330E+10
    3.35574983727862e-03    -8.73203108552773e-04    -3.87617478011354e-04    2.2716392E+03    89.91    89.91    0.0380864962090772    0.00000e+00    0.00000e+00    7.92586603E+10
    3.36902151483626e-03    -8.76596222544123e-04    -3.89190213592873e-04    2.2531997E+03    89.61    89.61    0.0370880583633616    0.00000e+00    0.00000e+00    7.93088876E+10
    3.38229595583188e-03    -8.79991081864724e-04    -3.90764151512322e-04    2.2349877E+03    89.32    89.32    0.0369135539039921    0.00000e+00    0.00000e+00    7.93591149E+10
    3.39557320874685e-03    -8.83387734995946e-04    -3.92339311162246e-04    2.2169977E+03    89.03    89.03    0.0379100077443491    0.00000e+00    0.00000e+00    7.94093422E+10
    3.40885322509980e-03    -8.86786084975051e-04    -3.93915726479605e-04    2.1992256E+03    88.74    88.74    0.0381367347084537    0.00000e+00    0.00000e+00    7.94595695E+10
    3.42213605337210e-03    -8.90186131802040e-04    -3.95493416856946e-04    2.1816668E+03    88.45    88.45    0.0382298324405181    0.00000e+00    0.00000e+00    7.95097967E+10
    3.43542174204513e-03    -8.93587972439650e-04    -3.97072406534951e-04    2.1643159E+03    88.16    88.16    0.0377276981762750    0.00000e+00    0.00000e+00    7.95600240E+10
    3.44871019415613e-03    -8.96991509925143e-04    -3.98652719754306e-04    2.1471706E+03    87.88    87.88    0.0374997463684461    0.00000e+00    0.00000e+00    7.96102513E+10
    3.46200145818648e-03    -9.00396792739888e-04    -4.00234371059421e-04    2.1302252E+03    87.59    87.59    0.0378175100509822    0.00000e+00    0.00000e+00    7.96604786E+10
    3.47529558261756e-03    -9.03803772402517e-04    -4.01817384690980e-04    2.1134768E+03    87.31    87.31    0.0374981425628880    0.00000e+00    0.00000e+00    7.97107059E+10
    3.48859242200524e-03    -9.07212400431662e-04    -4.03401775193393e-04    2.0969211E+03    87.03    87.03    0.0370472665857689    0.00000e+00    0.00000e+00    7.97609332E+10
    3.50189212179365e-03    -9.10622725308691e-04    -4.04987557111071e-04    2.0805554E+03    86.76    86.76    0.0355329510954675    0.00000e+00    0.00000e+00    7.98111605E+10
    3.51519458502004e-03    -9.14034747033604e-04    -4.06574754684698e-04    2.0643750E+03    86.48    86.48    0.0353842237371151    0.00000e+00    0.00000e+00    7.98613878E+10
    3.52849981168441e-03    -9.17448368643664e-04    -4.08163372762411e-04    2.0483780E+03    86.21    86.21    0.0352015861983279    0.00000e+00    0.00000e+00    7.99116151E+10
    3.54180780178676e-03    -9.20863638620240e-04    -4.09753440433030e-04    2.0325598E+03    85.93    85.93    0.0361013160919746    0.00000e+00    0.00000e+00    7.99618423E+10
    3.55511860380846e-03    -9.24280508481964e-04    -4.11344957696555e-04    2.0169185E+03    85.66    85.66    0.0364013892065974    0.00000e+00    0.00000e+00    8.00120696E+10
    3.56843212078678e-03    -9.27698978228835e-04    -4.12937948793671e-04    2.0014511E+03    85.39    85.39    0.0365866963066526    0.00000e+00    0.00000e+00    8.00622969E+10
    3.58174835272171e-03    -9.31119047860854e-04    -4.14532413724378e-04    1.9861545E+03    85.12    85.12    0.0364341196268311    0.00000e+00    0.00000e+00    8.01125242E+10
    3.59506729961326e-03    -9.34540668896653e-04    -4.16128371881222e-04    1.9710257E+03    84.86    84.86    0.0363872823130230    0.00000e+00    0.00000e+00    8.01627515E+10
    3.60838896146141e-03    -9.37963841336231e-04    -4.17725823264205e-04    1.9560623E+03    84.59    84.59    0.0361086950394993    0.00000e+00    0.00000e+00    8.02129788E+10
    3.62171319282208e-03    -9.41388565179589e-04    -4.19324777569598e-04    1.9412622E+03    84.33    84.33    0.0355954707235567    0.00000e+00    0.00000e+00    8.02632061E+10
    3.63504009065800e-03    -9.44814743463990e-04    -4.20925244493677e-04    1.9266219E+03    84.07    84.07    0.0342140128452355    0.00000e+00    0.00000e+00    8.03134334E+10
    3.64836955800643e-03    -9.48242424670803e-04    -4.22527228884578e-04    1.9121397E+03    83.81    83.81    0.0340405734500261    0.00000e+00    0.00000e+00    8.03636606E+10
