    3.63679894621170e-05    6.42957916151374e-06    3.20974000386127e-05    9.0052413E+06    593.85    593.85    1.4006792972411291    0.00000e+00    0.00000e+00    6.92634300E+10
    4.27393677108409e-05    1.71268509847871e-05    4.40133615868742e-05    1.0139735E+07    1544.49    1544.49    0.9446016704500383    0.00000e+00    0.00000e+00    6.93136573E+10
    4.72039611466053e-05    2.42956144151739e-05    5.06530958436206e-05    9.4620766E+06    1449.12    1449.12    0.7585098608189554    0.00000e+00    0.00000e+00    6.93638846E+10
    5.14247107540641e-05    2.96665718759093e-05    5.58420954576304e-05    6.6911956E+06    1224.24    1224.24    0.6547330992565191    0.00000e+00    0.00000e+00    6.94141119E+10
    5.53210904352261e-05    3.41647342957674e-05    5.97821229145027e-05    5.0701562E+06    1103.38    1103.38    0.5836275515981033    0.00000e+00    0.00000e+00    6.94643392E+10
    5.84592118228591e-05    3.77671728965138e-05    6.23489301640427e-05    4.0695656E+06    1005.77    1005.77    0.5720424125358075    0.00000e+00    0.00000e+00    6.95145665E+10
    6.09569331228410e-05    4.06050840780207e-05    6.33440926628458e-05    3.2390403E+06    906.53    906.53    0.5773026133270597    0.00000e+00    0.00000e+00    6.95647937E+10
    6.28469889549201e-05    4.30645400037799e-05    6.25685265209012e-05    2.5429395E+06    816.58    816.58    0.5881623909754140    0.00000e+00    0.00000e+00    6.96150210E+10
    6.39306929763042e-05    4.53404202595597e-05    6.00959137214640e-05    2.0545670E+06    747.87    747.87    0.5834976469197867    0.00000e+00    0.00000e+00    6.96652483E+10
    6.40861727238361e-05    4.74195204599412e-05    5.64648774161101e-05    1.8682999E+06    804.86    804.86    0.5427240648513206    0.00000e+00    0.00000e+00    6.97154756E+10
    6.35813604783808e-05    4.99373654061986e-05    5.46780626574232e-05    2.4616915E+06    1619.07    1619.07    0.5130276061699373    0.00000e+00    0.00000e+00    6.97657029E+10
    6.34861188307268e-05    5.37764982878951e-05    5.69547670964609e-05    2.9844598E+06    2063.16    2063.16    0.5014459759095569    0.00000e+00    0.00000e+00    6.98159302E+10
    6.43272511749046e-05    5.89626181086392e-05    6.07633373237003e-05    3.1369982E+06    2221.80    2221.80    0.4783249192444349    0.00000e+00    0.00000e+00    6.98661575E+10
    6.56754889332494e-05    6.54866540044572e-05    6.47921681025414e-05    3.1710339E+06    2238.77    2238.77    0.4676053703093254    0.00000e+00    0.00000e+00    6.99163848E+10
    6.74908495214800e-05    7.28370499715896e-05    6.85847200857570e-05    2.8526994E+06    2042.36    2042.36    0.4525944963200994    0.00000e+00    0.00000e+00    6.99666120E+10
    6.98141057701777e-05    8.01236396101511e-05    7.18651439850693e-05    2.3154872E+06    1758.49    1758.49    0.4385475784159010    0.00000e+00    0.00000e+00    7.00168393E+10
    7.23442756498362e-05    8.68407380100606e-05    7.45980096166629e-05    1.8398291E+06    1524.04    1524.04    0.4222883152667583    0.00000e+00    0.00000e+00    7.00670666E+10
    7.47641164800846e-05    9.29376579009579e-05    7.67692622319224e-05    1.5150342E+06    1370.54    1370.54    0.4206002686380113    0.00000e+00    0.00000e+00    7.01172939E+10
    7.69933625078785e-05    9.85811364040502e-05    7.83475877151849e-05    1.2902258E+06    1262.43    1262.43    0.4166446842676979    0.00000e+00    0.00000e+00    7.01675212E+10
    7.90698146559338e-05    1.03929193690558e-04    7.94519981288892e-05    1.1186617E+06    1175.52    1175.52    0.4167168265491290    0.00000e+00    0.00000e+00    7.02177485E+10
    8.10357583735170e-05    1.09066371570195e-04    8.02850049957716e-05    9.7450708E+05    1098.96    1098.96    0.4103627752397820    0.00000e+00    0.00000e+00    7.02679758E+10
    8.29208206246807e-05    1.14011185077440e-04    8.09872818535429e-05    8.4771977E+05    1026.12    1026.12    0.4216979930347445    0.00000e+00    0.00000e+00    7.03182031E+10
    8.47410245015856e-05    1.18761137421837e-04    8.15877963196492e-05    7.3627460E+05    957.78    957.78    0.4136364491067555    0.00000e+00    0.00000e+00    7.03684303E+10
    8.65011454189906e-05    1.23313120947690e-04    8.20424012602888e-05    6.3980158E+05    895.37    895.37    0.4063186754324022    0.00000e+00    0.00000e+00    7.04186576E+10
    8.82063127056418e-05    1.27660479163157e-04    8.22850650520945e-05    5.5983976E+05    843.70    843.70    0.3901311650049903    0.00000e+00    0.00000e+00    7.04688849E+10
    8.98672504401654e-05    1.31808612892645e-04    8.22892974755306e-05    5.1313201E+05    830.36    830.36    0.3818792881362793    0.00000e+00    0.00000e+00    7.05191122E+10
    9.15707596640272e-05    1.35981394549681e-04    8.24220152207344e-05    5.4682374E+05    994.51    994.51    0.3694307061147286    0.00000e+00    0.00000e+00    7.05693395E+10
    9.35723517315824e-05    1.40799952878092e-04    8.37470982776693e-05    6.6690074E+05    1270.84    1270.84    0.3598583703534717    0.00000e+00    0.00000e+00    7.06195668E+10
    9.60133013495063e-05    1.46491650949908e-04    8.67133192783914e-05    7.7762336E+05    1400.46    1400.46    0.3482953427554690    0.00000e+00    0.00000e+00    7.06697941E+10
    9.87291500208930e-05    1.52673069017286e-04    9.06248736277721e-05    8.1117183E+05    1405.92    1405.92    0.3440661386894754    0.00000e+00    0.00000e+00    7.07200214E+10
    1.01517662566804e-04    1.58948099758349e-04    9.47767064856475e-05    7.7335208E+05    1346.54    1346.54    0.3372412419754474    0.00000e+00    0.00000e+00    7.07702487E+10
    1.04240633151166e-04    1.65129808713936e-04    9.87697967999172e-05    7.0187005E+05    1268.99    1268.99    0.3349940548921443    0.00000e+00    0.00000e+00    7.08204759E+10
    1.06809054830265e-04    1.71139593041927e-04    1.02404095901345e-04    6.2208018E+05    1193.13    1193.13    0.3284851058606581    0.00000e+00    0.00000e+00    7.08707032E+10
    1.09193334577004e-04    1.76945566546517e-04    1.05605335182122e-04    5.4669722E+05    1126.95    1126.95    0.3263134920162178    0.00000e+00    0.00000e+00    7.09209305E+10
    1.11409936663994e-04    1.82547889216220e-04    1.08368215628713e-04    4.8207035E+05    1071.44    1071.44    0.3218624840426268    0.00000e+00    0.00000e+00    7.09711578E+10
    1.13504588717638e-04    1.87969870892824e-04    1.10754245552841e-04    4.2999270E+05    1025.34    1025.34    0.3183270938435659    0.00000e+00    0.00000e+00    7.10213851E+10
    1.15532927955980e-04    1.93246335743043e-04    1.12866850257096e-04    3.8947601E+05    986.56    986.56    0.3138351904981533    0.00000e+00    0.00000e+00    7.10716124E+10
    1.17542795793072e-04    1.98406678020362e-04    1.14798837624455e-04    3.5768520E+05    952.60    952.60    0.3128308581801769    0.00000e+00    0.00000e+00    7.11218397E+10
    1.19564788820328e-04    2.03465190032101e-04    1.16600928862233e-04    3.3129316E+05    920.82    920.82    0.3125130989947768    0.00000e+00    0.00000e+00    7.11720670E+10
    1.21606591334595e-04    2.08425672717520e-04    1.18282723281318e-04    3.0765591E+05    889.42    889.42    0.3102946183339564    0.00000e+00    0.00000e+00    7.12222942E+10
    1.23656407819010e-04    2.13290773159317e-04    1.19830602465407e-04    2.8557929E+05    858.73    858.73    0.3095920654195402    0.00000e+00    0.00000e+00    7.12725215E+10
    1.25694293038733e-04    2.18068859241629e-04    1.21235073762624e-04    2.6596661E+05    832.31    832.31    0.3098550847657422    0.00000e+00    0.00000e+00    7.13227488E+10
    1.27706114674960e-04    2.22785781229932e-04    1.22528372434625e-04    2.5210944E+05    820.65    820.65    0.3113874298726255    0.00000e+00    0.00000e+00    7.13729761E+10
    1.29696963271341e-04    2.27518382092683e-04    1.23858187273088e-04    2.4797005E+05    841.24    841.24    0.3083080900894655    0.00000e+00    0.00000e+00    7.14232034E+10
    1.31687356142863e-04    2.32387409525297e-04    1.25510926808264e-04    2.5461706E+05    895.46    895.46    0.3022597937887601    0.00000e+00    0.00000e+00    7.14734307E+10
    1.33684429746910e-04    2.37480270586343e-04    1.27744860984354e-04    2.6703092E+05    950.96    950.96    0.3027153958341294    0.00000e+00    0.00000e+00    7.15236580E+10
    1.35665727513774e-04    2.42798817264082e-04    1.30615656108223e-04    2.7773300E+05    983.98    983.98    0.2960067505984402    0.00000e+00    0.00000e+00    7.15738853E+10
    1.37597196130494e-04    2.48287213566861e-04    1.34001943922942e-04    2.8232718E+05    994.12    994.12    0.2954762651190366    0.00000e+00    0.00000e+00    7.16241125E+10
    1.39460170270346e-04    2.53891940912422e-04    1.37714249545661e-04    2.8043764E+05    988.94    988.94    0.2941161227324245    0.00000e+00    0.00000e+00    7.16743398E+10
    1.41259260511439e-04    2.59588656805837e-04    1.41586597012650e-04    2.7352626E+05    974.38    974.38    0.2931236264032963    0.00000e+00    0.00000e+00    7.17245671E+10
    1.43009559103664e-04    2.65371150783851e-04    1.45494364967181e-04    2.6314695E+05    953.86    953.86    0.2925225823228949    0.00000e+00    0.00000e+00    7.17747944E+10
    1.44728936279309e-04    2.71234904382955e-04    1.49353520653908e-04    2.5046495E+05    929.55    929.55    0.2923349186523828    0.00000e+00    0.00000e+00    7.18250217E+10
    1.46436076757642e-04    2.77172383598546e-04    1.53109134682760e-04    2.3630810E+05    902.93    902.93    0.2924004729651644    0.00000e+00    0.00000e+00    7.18752490E+10
    1.48147682369979e-04    2.83168307103395e-04    1.56730542588407e-04    2.2141751E+05    875.08    875.08    0.2953968188642882    0.00000e+00    0.00000e+00    7.19254763E+10
    1.49876072231955e-04    2.89198957812221e-04    1.60198972385117e-04    2.0649928E+05    846.93    846.93    0.2926994440111393    0.00000e+00    0.00000e+00    7.19757036E+10
    1.51629488176150e-04    2.95234393632080e-04    1.63500059043518e-04    1.9204787E+05    819.25    819.25    0.2917676624463036    0.00000e+00    0.00000e+00    7.20259308E+10
    1.53410839084651e-04    3.01243673753843e-04    1.66626326736648e-04    1.7837359E+05    792.64    792.64    0.2894924621480571    0.00000e+00    0.00000e+00    7.20761581E+10
    1.55218709301508e-04    3.07198950479668e-04    1.69576621607945e-04    1.6565301E+05    767.52    767.52    0.2886939645336476    0.00000e+00    0.00000e+00    7.21263854E+10
    1.57049142747085e-04    3.13077345451942e-04    1.72352616264610e-04    1.5403248E+05    744.23    744.23    0.2869313575342778    0.00000e+00    0.00000e+00    7.21766127E+10
    1.58896787078340e-04    3.18864285171411e-04    1.74963502774037e-04    1.4367963E+05    723.18    723.18    0.2773470388552218    0.00000e+00    0.00000e+00    7.22268400E+10
    1.60756241470868e-04    3.24554834234802e-04    1.77430409316447e-04    1.3481557E+05    705.23    705.23    0.2781057963776269    0.00000e+00    0.00000e+00    7.22770673E+10
    1.62623195931042e-04    3.30153578979539e-04    1.79790487164225e-04    1.2766788E+05    691.67    691.67    0.2764325490336508    0.00000e+00    0.00000e+00    7.23272946E+10
    1.64496840820016e-04    3.35673580286189e-04    1.82100154085442e-04    1.2237708E+05    683.79    683.79    0.2745701820825126    0.00000e+00    0.00000e+00    7.23775219E+10
    1.66380099564286e-04    3.41137517738756e-04    1.84433756258094e-04    1.1895554E+05    682.39    682.39    0.2723751093926500    0.00000e+00    0.00000e+00    7.24277492E+10
    1.68278644483921e-04    3.46573685063670e-04    1.86871409142987e-04    1.1714909E+05    686.40    686.40    0.2684290006389250    0.00000e+00    0.00000e+00    7.24779764E+10
    1.70198269102411e-04    3.52008780950347e-04    1.89480172168490e-04    1.1645337E+05    692.92    692.92    0.2679761984506490    0.00000e+00    0.00000e+00    7.25282037E+10
    1.72144325762795e-04    3.57464651103261e-04    1.92301981718020e-04    1.1629282E+05    699.14    699.14    0.2688208596819557    0.00000e+00    0.00000e+00    7.25784310E+10
    1.74121197180751e-04    3.62954865457344e-04    1.95348027291336e-04    1.1617173E+05    703.21    703.21    0.2684462128639133    0.00000e+00    0.00000e+00    7.26286583E+10
    1.76131225006357e-04    3.68483656436033e-04    1.98607051514765e-04    1.1574877E+05    704.36    704.36    0.2636039174395421    0.00000e+00    0.00000e+00    7.26788856E+10
    1.78176435760802e-04    3.74047334607215e-04    2.02055419721350e-04    1.1483150E+05    702.53    702.53    0.2602123995829185    0.00000e+00    0.00000e+00    7.27291129E+10
    1.80257643931069e-04    3.79637246046681e-04    2.05661779010335e-04    1.1334678E+05    698.04    698.04    0.2581670521956350    0.00000e+00    0.00000e+00    7.27793402E+10
    1.82372881173613e-04    3.85242962412152e-04    2.09393118418174e-04    1.1129887E+05    691.38    691.38    0.2534055231135866    0.00000e+00    0.00000e+00    7.28295675E+10
    1.84517876279904e-04    3.90855102558898e-04    2.13220014602560e-04    1.0874409E+05    683.05    683.05    0.2517195470782079    0.00000e+00    0.00000e+00    7.28797947E+10
    1.86688537422472e-04    3.96466757891962e-04    2.17113907189537e-04    1.0577120E+05    673.44    673.44    0.2511124881235710    0.00000e+00    0.00000e+00    7.29300220E+10
    1.88882561736333e-04    4.02073763861824e-04    2.21048601695918e-04    1.0247646E+05    662.85    662.85    0.2469542196340616    0.00000e+00    0.00000e+00    7.29802493E+10
    1.91098460843486e-04    4.07673070990431e-04    2.24999232027996e-04    9.8945754E+04    651.58    651.58    0.2436847165449952    0.00000e+00    0.00000e+00    7.30304766E+10
    1.93334916050718e-04    4.13262744871194e-04    2.28942624091815e-04    9.5253519E+04    639.88    639.88    0.2422331441403112    0.00000e+00    0.00000e+00    7.30807039E+10
    1.95591316492791e-04    4.18841117745050e-04    2.32856379495308e-04    9.1465715E+04    627.90    627.90    0.2404075809549477    0.00000e+00    0.00000e+00    7.31309312E+10
    1.97867652473431e-04    4.24406730322819e-04    2.36719767605470e-04    8.7642318E+04    615.80    615.80    0.2400969672609295    0.00000e+00    0.00000e+00    7.31811585E+10
    2.00163574926788e-04    4.29959000828085e-04    2.40515689043770e-04    8.3839964E+04    603.77    603.77    0.2360408264808126    0.00000e+00    0.00000e+00    7.32313858E+10
    2.02478671761232e-04    4.35498535277947e-04    2.44230573875271e-04    8.0117617E+04    592.00    592.00    0.2339072898117536    0.00000e+00    0.00000e+00    7.32816130E+10
    2.04812099400960e-04    4.41027272927131e-04    2.47855341539729e-04    7.6541024E+04    580.75    580.75    0.2306240299657547    0.00000e+00    0.00000e+00    7.33318403E+10
    2.07162626419220e-04    4.46548597775131e-04    2.51386617733921e-04    7.3174936E+04    570.22    570.22    0.2294680953774305    0.00000e+00    0.00000e+00    7.33820676E+10
    2.09529186225914e-04    4.52067265844159e-04    2.54827524657954e-04    7.0076261E+04    560.70    560.70    0.2278481679037879    0.00000e+00    0.00000e+00    7.34322949E+10
    2.11911453995877e-04    4.57588973694967e-04    2.58187734344766e-04    6.7289884E+04    552.45    552.45    0.2262065543694478    0.00000e+00    0.00000e+00    7.34825222E+10
    2.14309817580052e-04    4.63119805739253e-04    2.61482222688968e-04    6.4849214E+04    545.72    545.72    0.2222540390253877    0.00000e+00    0.00000e+00    7.35327495E+10
    2.16725169035613e-04    4.68665686400202e-04    2.64730246489971e-04    6.2767615E+04    540.58    540.58    0.2188580736777299    0.00000e+00    0.00000e+00    7.35829768E+10
    2.19158773726268e-04    4.74232380112480e-04    2.67955837961950e-04    6.1037119E+04    536.97    536.97    0.2176344747148251    0.00000e+00    0.00000e+00    7.36332041E+10
    2.21610646196428e-04    4.79825195585896e-04    2.71185215828778e-04    5.9630250E+04    534.68    534.68    0.2157378398008338    0.00000e+00    0.00000e+00    7.36834314E+10
    2.24079288371817e-04    4.85448059811268e-04    2.74442436545313e-04    5.8502631E+04    533.42    533.42    0.2148816829707541    0.00000e+00    0.00000e+00    7.37336586E+10
    2.26561597444876e-04    4.91103265957306e-04    2.77746795696062e-04    5.7599443E+04    532.79    532.79    0.2139093123296710    0.00000e+00    0.00000e+00    7.37838859E+10
    2.29052831937805e-04    4.96791051582715e-04    2.81111300832089e-04    5.6862828E+04    532.39    532.39    0.2108071105270183    0.00000e+00    0.00000e+00    7.38341132E+10
    2.31547111060651e-04    5.02509913765083e-04    2.84542705407972e-04    5.6238085E+04    531.90    531.90    0.2085167602244480    0.00000e+00    0.00000e+00    7.38843405E+10
    2.34037996487729e-04    5.08257476917373e-04    2.88042226306051e-04    5.5677166E+04    531.12    531.12    0.2060909281445298    0.00000e+00    0.00000e+00    7.39345678E+10
    2.36519398959205e-04    5.14030638232025e-04    2.91607405520964e-04    5.5140082E+04    529.88    529.88    0.2040171708607525    0.00000e+00    0.00000e+00    7.39847951E+10
    2.38986339438573e-04    5.19826343382849e-04    2.95232997368679e-04    5.4595139E+04    528.11    528.11    0.2027101145248981    0.00000e+00    0.00000e+00    7.40350224E+10
    2.41435283634098e-04    5.25641635006390e-04    2.98912049621010e-04    5.4018261E+04    525.78    525.78    0.2007016429538673    0.00000e+00    0.00000e+00    7.40852497E+10
    2.43863914136385e-04    5.31473264850984e-04    3.02637265832056e-04    5.3391626E+04    522.92    522.92    0.1980429761654789    0.00000e+00    0.00000e+00    7.41354769E+10
    2.46270921948494e-04    5.37317984664968e-04    3.06400602942848e-04    5.2703460E+04    519.57    519.57    0.1960633963169722    0.00000e+00    0.00000e+00    7.41857042E+10
    2.48655938612029e-04    5.43172400752575e-04    3.10193096748422e-04    5.1948783E+04    515.75    515.75    0.1945862633321480    0.00000e+00    0.00000e+00    7.42359315E+10
    2.51019322889112e-04    5.49033167899404e-04    3.14005385496595e-04    5.1128598E+04    511.54    511.54    0.1934337553838109    0.00000e+00    0.00000e+00    7.42861588E+10
    2.53361913507412e-04    5.54897280260632e-04    3.17828349842027e-04    5.0248244E+04    506.99    506.99    0.1923828278504971    0.00000e+00    0.00000e+00    7.43363861E+10
    2.55684476472546e-04    5.60762362249223e-04    3.21653878851831e-04    4.9316088E+04    502.17    502.17    0.1903235952864599    0.00000e+00    0.00000e+00    7.43866134E+10
    2.57987835967771e-04    5.66626862461396e-04    3.25475025145959e-04    4.8343113E+04    497.16    497.16    0.1882193446107058    0.00000e+00    0.00000e+00    7.44368407E+10
    2.60273179786606e-04    5.72490296083471e-04    3.29285272828535e-04    4.7341979E+04    492.03    492.03    0.1870774124462442    0.00000e+00    0.00000e+00    7.44870680E+10
    2.62542136903020e-04    5.78352954003656e-04    3.33079516811498e-04    4.6325878E+04    486.86    486.86    0.1847744723278291    0.00000e+00    0.00000e+00    7.45372952E+10
    2.64796874434166e-04    5.84215417998369e-04    3.36854663983561e-04    4.5307874E+04    481.74    481.74    0.1827001300001371    0.00000e+00    0.00000e+00    7.45875225E+10
    2.67040083095976e-04    5.90078803139076e-04    3.40609710780406e-04    4.4300816E+04    476.73    476.73    0.1809978583970214    0.00000e+00    0.00000e+00    7.46377498E+10
    2.69274948114334e-04    5.95944466904084e-04    3.44345539562932e-04    4.3316294E+04    471.89    471.89    0.1777582036796502    0.00000e+00    0.00000e+00    7.46879771E+10
    2.71504829248050e-04    6.01813912215805e-04    3.48064642273459e-04    4.2363864E+04    467.26    467.26    0.1763813669943735    0.00000e+00    0.00000e+00    7.47382044E+10
    2.73732984445061e-04    6.07688448071177e-04    3.51770829547522e-04    4.1450283E+04    462.87    462.87    0.1758916741319475    0.00000e+00    0.00000e+00    7.47884317E+10
    2.75962448639012e-04    6.13569141060299e-04    3.55468799229690e-04    4.0579178E+04    458.75    458.75    0.1749993674339102    0.00000e+00    0.00000e+00    7.48386590E+10
    2.78195878608873e-04    6.19456718403694e-04    3.59163792155856e-04    3.9751120E+04    454.89    454.89    0.1731485244174388    0.00000e+00    0.00000e+00    7.48888863E+10
    2.80435485105032e-04    6.25351713396409e-04    3.62861083098870e-04    3.8964029E+04    451.26    451.26    0.1719261396075922    0.00000e+00    0.00000e+00    7.49391135E+10
    2.82683032849288e-04    6.31254223001181e-04    3.66565723817290e-04    3.8213891E+04    447.80    447.80    0.1703595187415409    0.00000e+00    0.00000e+00    7.49893408E+10
    2.84939918105042e-04    6.37164392662115e-04    3.70282363674318e-04    3.7495279E+04    444.46    444.46    0.1694670293763689    0.00000e+00    0.00000e+00    7.50395681E+10
    2.87207314121402e-04    6.43082125416474e-04    3.74015041167916e-04    3.6802214E+04    441.22    441.22    0.1676378894320760    0.00000e+00    0.00000e+00    7.50897954E+10
    2.89486297184741e-04    6.49007227338786e-04    3.77767116056896e-04    3.6128858E+04    438.01    438.01    0.1658227910933251    0.00000e+00    0.00000e+00    7.51400227E+10
    2.91777870859378e-04    6.54938971208530e-04    3.81541119068672e-04    3.5469963E+04    434.81    434.81    0.1642456578474090    0.00000e+00    0.00000e+00    7.51902500E+10
    2.94082956291308e-04    6.60876338916974e-04    3.85338533733109e-04    3.4821313E+04    431.59    431.59    0.1622096871824070    0.00000e+00    0.00000e+00    7.52404773E+10
    2.96402324334284e-04    6.66818021467180e-04    3.89159733356742e-04    3.4179913E+04    428.33    428.33    0.1606434423075273    0.00000e+00    0.00000e+00    7.52907046E+10
    2.98736527675901e-04    6.72762322011264e-04    3.93004063441100e-04    3.3544010E+04    425.04    425.04    0.1591013682542129    0.00000e+00    0.00000e+00    7.53409319E+10
    3.01085866900642e-04    6.78707592182710e-04    3.96870006519362e-04    3.2913047E+04    421.72    421.72    0.1585058595059664    0.00000e+00    0.00000e+00    7.53911591E+10
    3.03450385641739e-04    6.84652038170898e-04    4.00755414866920e-04    3.2287466E+04    418.39    418.39    0.1577140498614578    0.00000e+00    0.00000e+00    7.54413864E+10
    3.05829923910677e-04    6.90594254016154e-04    4.04657767452633e-04    3.1668487E+04    415.05    415.05    0.1565655505556355    0.00000e+00    0.00000e+00    7.54916137E+10
    3.08224282933846e-04    6.96533076165641e-04    4.08574577182317e-04    3.1057763E+04    411.71    411.71    0.1551209319106857    0.00000e+00    0.00000e+00    7.55418410E+10
    3.10633152430491e-04    7.02468068287048e-04    4.12503589672355e-04    3.0457189E+04    408.39    408.39    0.1550015238161155    0.00000e+00    0.00000e+00    7.55920683E+10
    3.13056309386318e-04    7.08399133417638e-04    4.16442923845663e-04    2.9868739E+04    405.10    405.10    0.1537204957471213    0.00000e+00    0.00000e+00    7.56422956E+10
    3.15493627749771e-04    7.14326368520147e-04    4.20391067083557e-04    2.9294284E+04    401.86    401.86    0.1518651352565459    0.00000e+00    0.00000e+00    7.56925229E+10
    3.17945015406249e-04    7.20250064482784e-04    4.24346632818909e-04    2.8735556E+04    398.69    398.69    0.1503344532316951    0.00000e+00    0.00000e+00    7.57427502E+10
    3.20410351152333e-04    7.26170463712389e-04    4.28308292662232e-04    2.8194053E+04    395.60    395.60    0.1482854442132201    0.00000e+00    0.00000e+00    7.57929774E+10
    3.22889421670002e-04    7.32087808615803e-04    4.32274747312862e-04    2.7670993E+04    392.59    392.59    0.1473144063750099    0.00000e+00    0.00000e+00    7.58432047E+10
    3.25381843956450e-04    7.38002244637131e-04    4.36244716862680e-04    2.7167318E+04    389.68    389.68    0.1465388889288588    0.00000e+00    0.00000e+00    7.58934320E+10
    3.27887041083394e-04    7.43913820257740e-04    4.40216921403567e-04    2.6683576E+04    386.87    386.87    0.1456074779577896    0.00000e+00    0.00000e+00    7.59436593E+10
    3.30404242197083e-04    7.49822632440367e-04    4.44190153749458e-04    2.6220004E+04    384.16    384.16    0.1442444045593836    0.00000e+00    0.00000e+00    7.59938866E+10
    3.32932438885059e-04    7.55728826629116e-04    4.48163361854666e-04    2.5776468E+04    381.55    381.55    0.1433832264895305    0.00000e+00    0.00000e+00    7.60441139E+10
    3.35470482138899e-04    7.61632596749459e-04    4.52135736080342e-04    2.5352465E+04    379.04    379.04    0.1433313284330655    0.00000e+00    0.00000e+00    7.60943412E+10
    3.38017150228126e-04    7.67534379133710e-04    4.56106767372121e-04    2.4947234E+04    376.62    376.62    0.1424249662431390    0.00000e+00    0.00000e+00    7.61445685E+10
    3.40571303840589e-04    7.73434610114181e-04    4.60076247260121e-04    2.4559733E+04    374.28    374.28    0.1411953488934795    0.00000e+00    0.00000e+00    7.61947957E+10
    3.43131856993642e-04    7.79333774504553e-04    4.64044219377572e-04    2.4188687E+04    372.02    372.02    0.1397267124158217    0.00000e+00    0.00000e+00    7.62450230E+10
    3.45697786730419e-04    7.85232308637141e-04    4.68010882498085e-04    2.3832676E+04    369.83    369.83    0.1387570333819624    0.00000e+00    0.00000e+00    7.62952503E+10
    3.48268128271695e-04    7.91130309474679e-04    4.71976411154583e-04    2.3490123E+04    367.69    367.69    0.1371014745738845    0.00000e+00    0.00000e+00    7.63454776E+10
    3.50841907141969e-04    7.97027873979904e-04    4.75940858676573e-04    2.3159379E+04    365.59    365.59    0.1358322123641559    0.00000e+00    0.00000e+00    7.63957049E+10
    3.53418148865743e-04    8.02924759745975e-04    4.79904205671507e-04    2.2838764E+04    363.52    363.52    0.1351953407691981    0.00000e+00    0.00000e+00    7.64459322E+10
    3.55995845030561e-04    8.08820530440580e-04    4.83866374569195e-04    2.2526619E+04    361.47    361.47    0.1341434086687861    0.00000e+00    0.00000e+00    7.64961595E+10
    3.58573962983281e-04    8.14714604287301e-04    4.87827234469945e-04    2.2221413E+04    359.42    359.42    0.1326603923203198    0.00000e+00    0.00000e+00    7.65463868E+10
    3.61151450678216e-04    8.20606447991089e-04    4.91786659322198e-04    2.1921814E+04    357.38    357.38    0.1319255552921617    0.00000e+00    0.00000e+00    7.65966140E+10
    3.63727285158498e-04    8.26495576738263e-04    4.95744581252040e-04    2.1626592E+04    355.33    355.33    0.1305337384288798    0.00000e+00    0.00000e+00    7.66468413E+10
    3.66300458011671e-04    8.32381554196510e-04    4.99701048740839e-04    2.1334699E+04    353.27    353.27    0.1306996048442131    0.00000e+00    0.00000e+00    7.66970686E+10
    3.68870033547330e-04    8.38263992514884e-04    5.03656304195435e-04    2.1045264E+04    351.20    351.20    0.1291824458903063    0.00000e+00    0.00000e+00    7.67472959E+10
    3.71435226367312e-04    8.44142649286546e-04    5.07610541541300e-04    2.0757654E+04    349.10    349.10    0.1284184298077708    0.00000e+00    0.00000e+00    7.67975232E+10
    3.73995430454515e-04    8.50017088179182e-04    5.11564051666644e-04    2.0471427E+04    347.00    347.00    0.1284990820214958    0.00000e+00    0.00000e+00    7.68477505E+10
    3.76550170691532e-04    8.55886824379111e-04    5.15516883052835e-04    2.0186312E+04    344.87    344.87    0.1277365550202229    0.00000e+00    0.00000e+00    7.68979778E+10
    3.79099044683008e-04    8.61751421554021e-04    5.19469132662608e-04    1.9902200E+04    342.74    342.74    0.1269727864803248    0.00000e+00    0.00000e+00    7.69482051E+10
    3.81641688818682e-04    8.67610200964757e-04    5.23420800495964e-04    1.9619128E+04    340.60    340.60    0.1270731589348214    0.00000e+00    0.00000e+00    7.69984324E+10
    3.84177758880839e-04    8.73462774760375e-04    5.27371935034270e-04    1.9337233E+04    338.44    338.44    0.1263786239933169    0.00000e+00    0.00000e+00    7.70486596E+10
    3.86706886411083e-04    8.79308658127194e-04    5.31322536277527e-04    1.9056719E+04    336.29    336.29    0.1254067466652115    0.00000e+00    0.00000e+00    7.70988869E+10
    3.89228751432384e-04    8.85147414732901e-04    5.35272749669840e-04    1.8777865E+04    334.13    334.13    0.1240003980000192    0.00000e+00    0.00000e+00    7.71491142E+10
    3.91743111537902e-04    8.90978899133391e-04    5.39222914580784e-04    1.8501024E+04    331.98    331.98    0.1227392135908504    0.00000e+00    0.00000e+00    7.71993415E+10
    3.94249830979805e-04    8.96802917403191e-04    5.43173370379937e-04    1.8226571E+04    329.84    329.84    0.1219524442138958    0.00000e+00    0.00000e+00    7.72495688E+10
    3.96748919454368e-04    9.02619614986407e-04    5.47124553399612e-04    1.7954914E+04    327.71    327.71    0.1206522951702254    0.00000e+00    0.00000e+00    7.72997961E+10
    3.99240503013147e-04    9.08429088845775e-04    5.51077093897593e-04    1.7686453E+04    325.60    325.60    0.1195993905998009    0.00000e+00    0.00000e+00    7.73500234E+10
    4.01724828911119e-04    9.14231484425398e-04    5.55031379724827e-04    1.7421630E+04    323.50    323.50    0.1204794118441082    0.00000e+00    0.00000e+00    7.74002507E+10
    4.04202207429042e-04    9.20026995650749e-04    5.58987895694994e-04    1.7160857E+04    321.43    321.43    0.1191744859810789    0.00000e+00    0.00000e+00    7.74504779E+10
    4.06672953695807e-04    9.25815816447302e-04    5.62946835733566e-04    1.6904509E+04    319.39    319.39    0.1184272244961393    0.00000e+00    0.00000e+00    7.75007052E+10
    4.09137344055212e-04    9.31597946815054e-04    5.66908442247385e-04    1.6652918E+04    317.39    317.39    0.1178319397901176    0.00000e+00    0.00000e+00    7.75509325E+10
    4.11595625762236e-04    9.37373580679481e-04    5.70872763717817e-04    1.6406337E+04    315.41    315.41    0.1178799614172343    0.00000e+00    0.00000e+00    7.76011598E+10
    4.14047997590487e-04    9.43142960447420e-04    5.74840042551705e-04    1.6164986E+04    313.47    313.47    0.1170100139822409    0.00000e+00    0.00000e+00    7.76513871E+10
    4.16494648617301e-04    9.48906328525714e-04    5.78810278749047e-04    1.5929032E+04    311.56    311.56    0.1155548425507458    0.00000e+00    0.00000e+00    7.77016144E+10
    4.18935758223739e-04    9.54664169728044e-04    5.82783569272580e-04    1.5698617E+04    309.69    309.69    0.1147316972392563    0.00000e+00    0.00000e+00    7.77518417E+10
    4.21371563968507e-04    9.60416968868089e-04    5.86760059566409e-04    1.5473859E+04    307.86    307.86    0.1137895373946252    0.00000e+00    0.00000e+00    7.78020690E+10
    4.23802376132359e-04    9.66165404685005e-04    5.90739895074637e-04    1.5254836E+04    306.07    306.07    0.1130116348137390    0.00000e+00    0.00000e+00    7.78522962E+10
    4.26228577718103e-04    9.71910204399312e-04    5.94723172760001e-04    1.5041570E+04    304.31    304.31    0.1124200959519929    0.00000e+00    0.00000e+00    7.79025235E+10
    4.28650605058053e-04    9.77652046750165e-04    5.98709989585237e-04    1.4834049E+04    302.60    302.60    0.1120045548516956    0.00000e+00    0.00000e+00    7.79527508E+10
    4.31068918725206e-04    9.83391610476717e-04    6.02700345550345e-04    1.4632213E+04    300.92    300.92    0.1109529405418101    0.00000e+00    0.00000e+00    7.80029781E+10
    4.33483974444422e-04    9.89129574318120e-04    6.06694046729853e-04    1.4435957E+04    299.28    299.28    0.1113577287042989    0.00000e+00    0.00000e+00    7.80532054E+10
    4.35896179459193e-04    9.94866520050794e-04    6.10690996161025e-04    1.4245171E+04    297.68    297.68    0.1103515276824935    0.00000e+00    0.00000e+00    7.81034327E+10
    4.38305897379780e-04    1.00060307793252e-03    6.14690902955651e-04    1.4059735E+04    296.12    296.12    0.1093726948920842    0.00000e+00    0.00000e+00    7.81536600E+10
    4.40713433638802e-04    1.00633982973972e-03    6.18693524706891e-04    1.3879476E+04    294.60    294.60    0.1094375674504370    0.00000e+00    0.00000e+00    7.82038873E+10
    4.43119064580057e-04    1.01207750269292e-03    6.22698667489273e-04    1.3704188E+04    293.10    293.10    0.1088650780662322    0.00000e+00    0.00000e+00    7.82541145E+10
    4.45523076243617e-04    1.01781682401263e-03    6.26706137377324e-04    1.3533648E+04    291.65    291.65    0.1081805606830146    0.00000e+00    0.00000e+00    7.83043418E+10
    4.47925764365828e-04    1.02355856940075e-03    6.30715837408309e-04    1.3367629E+04    290.22    290.22    0.1068362390036161    0.00000e+00    0.00000e+00    7.83545691E+10
    4.50327482860676e-04    1.02930351455916e-03    6.34727816063595e-04    1.3205909E+04    288.82    288.82    0.1059255667166703    0.00000e+00    0.00000e+00    7.84047964E+10
    4.52728605034697e-04    1.03505243518975e-03    6.38742024861814e-04    1.3048256E+04    287.44    287.44    0.1048374860294857    0.00000e+00    0.00000e+00    7.84550237E+10
    4.55129533283245e-04    1.04080596155032e-03    6.42758463802966e-04    1.2894416E+04    286.10    286.10    0.1037074817218217    0.00000e+00    0.00000e+00    7.85052510E+10
    4.57530670001677e-04    1.04656467541728e-03    6.46777084405683e-04    1.2744142E+04    284.77    284.77    0.1030836432441136    0.00000e+00    0.00000e+00    7.85554783E+10
    4.59932427281620e-04    1.05232906160430e-03    6.50797935151333e-04    1.2597174E+04    283.46    283.46    0.1033281718628625    0.00000e+00    0.00000e+00    7.86057056E+10
    4.62335168733335e-04    1.05809950796234e-03    6.54821016039916e-04    1.2453258E+04    282.18    282.18    0.1033663981717836    0.00000e+00    0.00000e+00    7.86559329E+10
    4.64739209485716e-04    1.06387635386097e-03    6.58846181627328e-04    1.2312135E+04    280.90    280.90    0.1025809068598493    0.00000e+00    0.00000e+00    7.87061601E+10
    4.67144801641877e-04    1.06965984170703e-03    6.62873528876305e-04    1.2173560E+04    279.64    279.64    0.1028995010459225    0.00000e+00    0.00000e+00    7.87563874E+10
    4.69552158519837e-04    1.07545026238873e-03    6.66903009305478e-04    1.2037303E+04    278.39    278.39    0.1022812357708931    0.00000e+00    0.00000e+00    7.88066147E+10
    4.71961454652521e-04    1.08124795527564e-03    6.70934719877585e-04    1.1903169E+04    277.16    277.16    0.1014168127602797    0.00000e+00    0.00000e+00    7.88568420E+10
    4.74372869420992e-04    1.08705321125599e-03    6.74968806036730e-04    1.1770965E+04    275.93    275.93    0.1006006210828656    0.00000e+00    0.00000e+00    7.89070693E+10
    4.76786587054448e-04    1.09286632121796e-03    6.79005461708384e-04    1.1640520E+04    274.71    274.71    0.0991642882016832    0.00000e+00    0.00000e+00    7.89572966E+10
    4.79202816022772e-04    1.09868752756841e-03    6.83044832336652e-04    1.1511679E+04    273.49    273.49    0.0980014617980646    0.00000e+00    0.00000e+00    7.90075239E+10
    4.81621740555163e-04    1.10451702423281e-03    6.87087160328376e-04    1.1384300E+04    272.28    272.28    0.0973097779054972    0.00000e+00    0.00000e+00    7.90577512E+10
    4.84043520640136e-04    1.11035481121115e-03    6.91132542646290e-04    1.1258269E+04    271.08    271.08    0.0977335036015081    0.00000e+00    0.00000e+00    7.91079784E+10
    4.86468253240427e-04    1.11620098546618e-03    6.95181076253131e-04    1.1133499E+04    269.87    269.87    0.0976570739227014    0.00000e+00    0.00000e+00    7.91582057E+10
    4.88896054711319e-04    1.12205545003516e-03    6.99232906593004e-04    1.1009923E+04    268.67    268.67    0.0968619071441305    0.00000e+00    0.00000e+00    7.92084330E+10
    4.91326813545666e-04    1.12791810795534e-03    7.03288033665909e-04    1.0887479E+04    267.47    267.47    0.0972560313044145    0.00000e+00    0.00000e+00    7.92586603E+10
    4.93760432780731e-04    1.13378891074537e-03    7.07346602915949e-04    1.0766123E+04    266.27    266.27    0.0967601160619746    0.00000e+00    0.00000e+00    7.93088876E+10
    4.96196863935147e-04    1.13966776144250e-03    7.11408808268598e-04    1.0645836E+04    265.07    265.07    0.0961521689114190    0.00000e+00    0.00000e+00    7.93591149E+10
    4.98635864602073e-04    1.14555456308401e-03    7.15474843649327e-04    1.0526608E+04    263.88    263.88    0.0955781679412629    0.00000e+00    0.00000e+00    7.94093422E+10
    5.01077386300141e-04    1.15144931566988e-03    7.19545048427714e-04    1.0408450E+04    262.68    262.68    0.0946439551814116    0.00000e+00    0.00000e+00    7.94595695E+10
    5.03521332066614e-04    1.15735192223739e-03    7.23619665010599e-04    1.0291362E+04    261.49    261.49    0.0936870297938532    0.00000e+00    0.00000e+00    7.95097967E+10
    5.05967556457388e-04    1.16326218886106e-03    7.27699081248927e-04    1.0175366E+04    260.30    260.30    0.0928925161380169    0.00000e+00    0.00000e+00    7.95600240E+10
    5.08415914028360e-04    1.16917997009679e-03    7.31783491068171e-04    1.0060475E+04    259.11    259.11    0.0916522338325503    0.00000e+00    0.00000e+00    7.96102513E+10
    5.10866404779528e-04    1.17510507201910e-03    7.35873282319275e-04    9.9467119E+03    257.92    257.92    0.0914262555103234    0.00000e+00    0.00000e+00    7.96604786E+10
    5.13318786304052e-04    1.18103720373979e-03    7.39968648927711e-04    9.8340982E+03    256.73    256.73    0.0913571052228720    0.00000e+00    0.00000e+00    7.97107059E+10
    5.15772864676461e-04    1.18697602588928e-03    7.44069736337585e-04    9.7226597E+03    255.55    255.55    0.0916664543933798    0.00000e+00    0.00000e+00    7.97609332E+10
    5.18228494452649e-04    1.19292124757935e-03    7.48176835437104e-04    9.6124229E+03    254.38    254.38    0.0914047152344649    0.00000e+00    0.00000e+00    7.98111605E+10
    5.20685287781671e-04    1.19887262640318e-03    7.52290091670374e-04    9.5034191E+03    253.20    253.20    0.0916305444750180    0.00000e+00    0.00000e+00    7.98613878E+10
    5.23143099219424e-04    1.20482982299118e-03    7.56409747444234e-04    9.3956722E+03    252.03    252.03    0.0910342513407813    0.00000e+00    0.00000e+00    7.99116151E+10
    5.25601637877699e-04    1.21079264341789e-03    7.60535948202789e-04    9.2892044E+03    250.87    250.87    0.0900332355724699    0.00000e+00    0.00000e+00    7.99618423E+10
    5.28060612868286e-04    1.21676084527645e-03    7.64669033315616e-04    9.1840378E+03    249.71    249.71    0.0892795214759715    0.00000e+00    0.00000e+00    8.00120696E+10
    5.30519830265714e-04    1.22273413767866e-03    7.68809099745451e-04    9.0801947E+03    248.56    248.56    0.0885450755277531    0.00000e+00    0.00000e+00    8.00622969E+10
    5.32979144625879e-04    1.22871232669906e-03    7.72956389899134e-04    8.9776930E+03    247.41    247.41    0.0873625868646472    0.00000e+00    0.00000e+00    8.01125242E+10
    5.35438313541939e-04    1.23469512144942e-03    7.77110952258034e-04    8.8765531E+03    246.27    246.27    0.0868995253494400    0.00000e+00    0.00000e+00    8.01627515E+10
    5.37897143088422e-04    1.24068218256018e-03    7.81272883784887e-04    8.7767951E+03    245.13    245.13    0.0864261844574998    0.00000e+00    0.00000e+00    8.02129788E+10
    5.40355487821224e-04    1.24667321914312e-03    7.85442184479693e-04    8.6784413E+03    244.01    244.01    0.0862566927165968    0.00000e+00    0.00000e+00    8.02632061E+10
    5.42813153814873e-04    1.25266789182867e-03    7.89618805861084e-04    8.5815098E+03    242.89    242.89    0.0863403105944042    0.00000e+00    0.00000e+00    8.03134334E+10
    5.45269850181159e-04    1.25866590972862e-03    7.93802602484955e-04    8.4860203E+03    241.78    241.78    0.0858517798708454    0.00000e+00    0.00000e+00    8.03636606E+10
