    3.83187168175049e-05    1.09299174251727e-06    -3.36489109619868e-05    5.6293811E+06    489.88    489.88    1.3598605610778582    0.00000e+00    0.00000e+00    7.04186576E+10
    4.08675268135747e-05    2.38076528388329e-06    -4.53152283710619e-05    3.2503683E+06    428.47    428.47    0.9427969243238628    0.00000e+00    0.00000e+00    7.04688849E+10
    4.19957750311655e-05    2.54751379821199e-06    -5.42167769842580e-05    3.3854606E+06    710.77    710.77    0.7708929626194301    0.00000e+00    0.00000e+00    7.05191122E+10
    4.20826415224783e-05    1.72215593373918e-06    -5.83862570601257e-05    4.0446964E+06    884.55    884.55    0.6821578492645334    0.00000e+00    0.00000e+00    7.05693395E+10
    4.14281760203108e-05    4.07477220807673e-07    -5.82753607787088e-05    4.3695417E+06    925.96    925.96    0.6412595777408382    0.00000e+00    0.00000e+00    7.06195668E+10
    4.05505473870327e-05    -8.52008024042026e-07    -5.48505496688884e-05    4.8045334E+06    1024.29    1024.29    0.5963704061076930    0.00000e+00    0.00000e+00    7.06697941E+10
    4.07594458452039e-05    -9.44856728328774e-07    -5.03549936073799e-05    7.7842599E+06    2056.54    2056.54    0.6254182388455125    0.00000e+00    0.00000e+00    7.07200214E+10
    4.44479214210546e-05    2.79396771793255e-06    -4.97376318658551e-05    1.1630171E+07    2969.50    2969.50    0.6488356199765971    0.00000e+00    0.00000e+00    7.07702487E+10
    5.08467061871717e-05    8.27903572630941e-06    -5.06491979416245e-05    9.5481939E+06    2624.78    2624.78    0.6378928994580570    0.00000e+00    0.00000e+00    7.08204759E+10
    5.81734529429395e-05    1.46758681477326e-05    -5.27569690534795e-05    7.9340688E+06    2403.20    2403.20    0.5866656958513968    0.00000e+00    0.00000e+00    7.08707032E+10
    6.60209914030921e-05    2.17957240587827e-05    -5.60362778813252e-05    6.6238056E+06    2183.61    2183.61    0.5662311969308561    0.00000e+00    0.00000e+00    7.09209305E+10
    7.42265890074281e-05    2.85647304899012e-05    -5.93769592730627e-05    4.9919968E+06    1849.79    1849.79    0.5277658445948793    0.00000e+00    0.00000e+00    7.09711578E+10
    8.20542985880232e-05    3.49208254721418e-05    -6.21328487063721e-05    3.7038862E+06    1585.25    1585.25    0.4981867388689659    0.00000e+00    0.00000e+00    7.10213851E+10
    8.93911924941367e-05    4.08283199311834e-05    -6.41367145500917e-05    2.9221320E+06    1424.22    1424.22    0.4687438961778031    0.00000e+00    0.00000e+00    7.10716124E+10
    9.63819294319380e-05    4.64009904265223e-05    -6.55173911918395e-05    2.4094176E+06    1293.92    1293.92    0.4658514995755623    0.00000e+00    0.00000e+00    7.11218397E+10
    1.03029481309292e-04    5.17201707557427e-05    -6.63211783381615e-05    1.9647012E+06    1170.55    1170.55    0.4562736979846020    0.00000e+00    0.00000e+00    7.11720670E+10
    1.09254542304244e-04    5.67392674152077e-05    -6.66068741923025e-05    1.5640320E+06    1051.25    1051.25    0.4668207280121160    0.00000e+00    0.00000e+00    7.12222942E+10
    1.14992438271732e-04    6.14065978120700e-05    -6.64927005704012e-05    1.2364056E+06    945.47    945.47    0.4582210328055938    0.00000e+00    0.00000e+00    7.12725215E+10
    1.20226462532307e-04    6.57111566757686e-05    -6.60949594264189e-05    9.8560202E+05    858.26    858.26    0.4607656903362591    0.00000e+00    0.00000e+00    7.13227488E+10
    1.24996253452535e-04    6.96910697541857e-05    -6.54772195302228e-05    7.9839473E+05    789.89    789.89    0.4558746549518362    0.00000e+00    0.00000e+00    7.13729761E+10
    1.29373102884223e-04    7.34014846035477e-05    -6.46552227820384e-05    6.6173387E+05    737.20    737.20    0.4364516532542528    0.00000e+00    0.00000e+00    7.14232034E+10
    1.33445915960215e-04    7.69001570776851e-05    -6.36401344409417e-05    5.8059669E+05    716.22    716.22    0.4163477033920817    0.00000e+00    0.00000e+00    7.14734307E+10
    1.37452362891399e-04    8.03816332105536e-05    -6.27511558345752e-05    6.0164437E+05    869.09    869.09    0.3985897696071995    0.00000e+00    0.00000e+00    7.15236580E+10
    1.42048459614096e-04    8.44744206102067e-05    -6.32425048041061e-05    7.4058278E+05    1210.59    1210.59    0.3800442687597882    0.00000e+00    0.00000e+00    7.15738853E+10
    1.47690774564354e-04    8.95061127291069e-05    -6.59278102135828e-05    8.6626361E+05    1398.46    1398.46    0.3682596325956004    0.00000e+00    0.00000e+00    7.16241125E+10
    1.54031783599279e-04    9.51119212091770e-05    -7.01252349500298e-05    8.8328146E+05    1420.37    1420.37    0.3584592950948260    0.00000e+00    0.00000e+00    7.16743398E+10
    1.60576016833052e-04    1.00934169909042e-04    -7.50041234929179e-05    8.2471474E+05    1372.33    1372.33    0.3505109760398201    0.00000e+00    0.00000e+00    7.17245671E+10
    1.66997277076612e-04    1.06706696117772e-04    -8.00527937869306e-05    7.4071534E+05    1306.00    1306.00    0.3426483552231139    0.00000e+00    0.00000e+00    7.17747944E+10
    1.73124575392767e-04    1.12250046051305e-04    -8.49132884987574e-05    6.6498186E+05    1250.41    1250.41    0.3349954361898410    0.00000e+00    0.00000e+00    7.18250217E+10
    1.78932900243711e-04    1.17492011559976e-04    -8.93984743956269e-05    5.9573076E+05    1193.90    1193.90    0.3281519751094253    0.00000e+00    0.00000e+00    7.18752490E+10
    1.84454734146076e-04    1.22462015986092e-04    -9.34897734172790e-05    5.2982434E+05    1136.70    1136.70    0.3226368365531312    0.00000e+00    0.00000e+00    7.19254763E+10
    1.89721968143806e-04    1.27216355894303e-04    -9.72271390591739e-05    4.6931380E+05    1083.32    1083.32    0.3222500995547962    0.00000e+00    0.00000e+00    7.19757036E+10
    1.94767904088658e-04    1.31804555002134e-04    -1.00666489731291e-04    4.1647164E+05    1035.00    1035.00    0.3171603245446460    0.00000e+00    0.00000e+00    7.20259308E+10
    1.99624942078938e-04    1.36264239699378e-04    -1.03869367682310e-04    3.7221863E+05    992.31    992.31    0.3124700240914103    0.00000e+00    0.00000e+00    7.20761581E+10
    2.04325472516683e-04    1.40620571816082e-04    -1.06889359368403e-04    3.3578931E+05    954.40    954.40    0.3110494983653167    0.00000e+00    0.00000e+00    7.21263854E+10
    2.08900945265385e-04    1.44889399911483e-04    -1.09760678091048e-04    3.0553082E+05    920.06    920.06    0.3119662458404796    0.00000e+00    0.00000e+00    7.21766127E+10
    2.13375387691082e-04    1.49083237026689e-04    -1.12498503366600e-04    2.7985230E+05    888.31    888.31    0.3139514395006563    0.00000e+00    0.00000e+00    7.22268400E+10
    2.17768614128918e-04    1.53217083296996e-04    -1.15103140627677e-04    2.5753036E+05    858.40    858.40    0.3099121019180752    0.00000e+00    0.00000e+00    7.22770673E+10
    2.22102867830585e-04    1.57310748209411e-04    -1.17565111766813e-04    2.3772887E+05    830.30    830.30    0.3088519522902666    0.00000e+00    0.00000e+00    7.23272946E+10
    2.26406432826237e-04    1.61384686053143e-04    -1.19871622550966e-04    2.2024743E+05    805.01    805.01    0.3092320500932215    0.00000e+00    0.00000e+00    7.23775219E+10
    2.30712814589376e-04    1.65456805845570e-04    -1.22015124431118e-04    2.0585270E+05    785.59    785.59    0.3057235246849447    0.00000e+00    0.00000e+00    7.24277492E+10
    2.35060647922251e-04    1.69549452649256e-04    -1.24013967605102e-04    1.9610675E+05    780.26    780.26    0.2992450901034459    0.00000e+00    0.00000e+00    7.24779764E+10
    2.39504304679196e-04    1.73715272381831e-04    -1.25958952827251e-04    1.9246377E+05    798.46    798.46    0.2978972725283996    0.00000e+00    0.00000e+00    7.25282037E+10
    2.44109360758720e-04    1.78036353695782e-04    -1.28014305883904e-04    1.9456448E+05    837.66    837.66    0.2934123917366679    0.00000e+00    0.00000e+00    7.25784310E+10
    2.48918998515399e-04    1.82586373726226e-04    -1.30345222188763e-04    1.9996852E+05    880.58    880.58    0.2919307485568391    0.00000e+00    0.00000e+00    7.26286583E+10
    2.53925286397409e-04    1.87386960011478e-04    -1.33027885363678e-04    2.0542663E+05    911.65    911.65    0.2888858293571313    0.00000e+00    0.00000e+00    7.26788856E+10
    2.59076582051439e-04    1.92400020740614e-04    -1.36039242518111e-04    2.0871184E+05    926.90    926.90    0.2843155608578309    0.00000e+00    0.00000e+00    7.27291129E+10
    2.64302165705825e-04    1.97553410789746e-04    -1.39304981411023e-04    2.0922392E+05    929.27    929.27    0.2861293031798712    0.00000e+00    0.00000e+00    7.27793402E+10
    2.69537154745625e-04    2.02776487957401e-04    -1.42740550536427e-04    2.0729293E+05    922.87    922.87    0.2854058571817211    0.00000e+00    0.00000e+00    7.28295675E+10
    2.74732912662350e-04    2.08012209065859e-04    -1.46271506753590e-04    2.0332904E+05    910.46    910.46    0.2850012721204255    0.00000e+00    0.00000e+00    7.28797947E+10
    2.79856927850544e-04    2.13220751519355e-04    -1.49844287847021e-04    1.9745878E+05    893.38    893.38    0.2859129632678403    0.00000e+00    0.00000e+00    7.29300220E+10
    2.84891019797165e-04    2.18374485786201e-04    -1.53419541490227e-04    1.8971271E+05    872.39    872.39    0.2867547200895560    0.00000e+00    0.00000e+00    7.29802493E+10
    2.89821967633131e-04    2.23454193852078e-04    -1.56966491710729e-04    1.8022047E+05    848.09    848.09    0.2843939927569648    0.00000e+00    0.00000e+00    7.30304766E+10
    2.94641209548832e-04    2.28450644864498e-04    -1.60466356826522e-04    1.6935487E+05    821.37    821.37    0.2817284079814937    0.00000e+00    0.00000e+00    7.30807039E+10
    2.99348095893936e-04    2.33363465516927e-04    -1.63905145114769e-04    1.5770304E+05    793.37    793.37    0.2797490116703991    0.00000e+00    0.00000e+00    7.31309312E+10
    3.03947823871105e-04    2.38198148748372e-04    -1.67266823787035e-04    1.4592275E+05    765.23    765.23    0.2780249933753113    0.00000e+00    0.00000e+00    7.31811585E+10
    3.08450802430071e-04    2.42966548253335e-04    -1.70536300593428e-04    1.3459834E+05    737.94    737.94    0.2752145174479396    0.00000e+00    0.00000e+00    7.32313858E+10
    3.12872807408018e-04    2.47684158677066e-04    -1.73703084165888e-04    1.2415647E+05    712.43    712.43    0.2713729070322614    0.00000e+00    0.00000e+00    7.32816130E+10
    3.17233216807781e-04    2.52367744876656e-04    -1.76762345760152e-04    1.1486230E+05    689.49    689.49    0.2688359933489078    0.00000e+00    0.00000e+00    7.33318403E+10
    3.21554908986970e-04    2.57034338356723e-04    -1.79716713066371e-04    1.0687784E+05    669.69    669.69    0.2659114313549268    0.00000e+00    0.00000e+00    7.33820676E+10
    3.25864015402997e-04    2.61700645796718e-04    -1.82579911159857e-04    1.0030969E+05    653.86    653.86    0.2619255737284040    0.00000e+00    0.00000e+00    7.34322949E+10
    3.30189581243498e-04    2.66382084271700e-04    -1.85382056666481e-04    9.5228707E+04    643.01    643.01    0.2591974512345770    0.00000e+00    0.00000e+00    7.34825222E+10
    3.34562110985288e-04    2.71091845561934e-04    -1.88168596020711e-04    9.1617490E+04    637.78    637.78    0.2590640671036844    0.00000e+00    0.00000e+00    7.35327495E+10
    3.39010208635553e-04    2.75840566479581e-04    -1.90994924033748e-04    8.9342792E+04    637.88    637.88    0.2570449638026612    0.00000e+00    0.00000e+00    7.35829768E+10
    3.43557053136386e-04    2.80636188272738e-04    -1.93919116536455e-04    8.8175395E+04    642.04    642.04    0.2573109901530877    0.00000e+00    0.00000e+00    7.36332041E+10
    3.48216515007204e-04    2.85482274321962e-04    -1.96989523997248e-04    8.7816637E+04    648.38    648.38    0.2555678753510744    0.00000e+00    0.00000e+00    7.36834314E+10
    3.52992846063990e-04    2.90376449040216e-04    -2.00235046159657e-04    8.7939920E+04    654.99    654.99    0.2505562821226900    0.00000e+00    0.00000e+00    7.37336586E+10
    3.57881270891985e-04    2.95312114113299e-04    -2.03664244833291e-04    8.8240834E+04    660.22    660.22    0.2493018698168220    0.00000e+00    0.00000e+00    7.37838859E+10
    3.62869562490153e-04    3.00280916201486e-04    -2.07269207858875e-04    8.8464920E+04    663.30    663.30    0.2459833300651292    0.00000e+00    0.00000e+00    7.38341132E+10
    3.67942648001146e-04    3.05275098285878e-04    -2.11031774115914e-04    8.8416340E+04    663.92    663.92    0.2427217167859007    0.00000e+00    0.00000e+00    7.38843405E+10
    3.73085105501770e-04    3.10287611175554e-04    -2.14930679676355e-04    8.7958325E+04    662.03    662.03    0.2395010145918845    0.00000e+00    0.00000e+00    7.39345678E+10
    3.78282952965460e-04    3.15312530447329e-04    -2.18945523580496e-04    8.7009972E+04    657.76    657.76    0.2373633046364211    0.00000e+00    0.00000e+00    7.39847951E+10
    3.83525640846516e-04    3.20344634657858e-04    -2.23058837991407e-04    8.5547736E+04    651.38    651.38    0.2339658448781252    0.00000e+00    0.00000e+00    7.40350224E+10
    3.88805038819505e-04    3.25377315796668e-04    -2.27256621489978e-04    8.3603937E+04    643.25    643.25    0.2328256761566712    0.00000e+00    0.00000e+00    7.40852497E+10
    3.94112017842813e-04    3.30403005922196e-04    -2.31523272771950e-04    8.1262027E+04    633.80    633.80    0.2290270084876154    0.00000e+00    0.00000e+00    7.41354769E+10
    3.99435592038425e-04    3.35413637734789e-04    -2.35841052504733e-04    7.8632252E+04    623.46    623.46    0.2259027675344099    0.00000e+00    0.00000e+00    7.41857042E+10
    4.04763359872379e-04    3.40400804565216e-04    -2.40190534204123e-04    7.5825328E+04    612.59    612.59    0.2254300247492489    0.00000e+00    0.00000e+00    7.42359315E+10
    4.10082541656040e-04    3.45356574861655e-04    -2.44551598102355e-04    7.2936987E+04    601.48    601.48    0.2225884242274939    0.00000e+00    0.00000e+00    7.42861588E+10
    4.15380808577499e-04    3.50274180625116e-04    -2.48905055273930e-04    7.0046225E+04    590.37    590.37    0.2182430771554360    0.00000e+00    0.00000e+00    7.43363861E+10
    4.20647169910603e-04    3.55148414956666e-04    -2.53233384552413e-04    6.7209426E+04    579.43    579.43    0.2162576348664456    0.00000e+00    0.00000e+00    7.43866134E+10
    4.25873049301335e-04    3.59975733868294e-04    -2.57521091292557e-04    6.4461152E+04    568.70    568.70    0.2150446603478454    0.00000e+00    0.00000e+00    7.44368407E+10
    4.31052604744837e-04    3.64754915629525e-04    -2.61755963037732e-04    6.1823495E+04    558.28    558.28    0.2126189411043518    0.00000e+00    0.00000e+00    7.44870680E+10
    4.36182442545341e-04    3.69487172274562e-04    -2.65929074368072e-04    5.9312189E+04    548.23    548.23    0.2111996580646937    0.00000e+00    0.00000e+00    7.45372952E+10
    4.41261098565530e-04    3.74175015138272e-04    -2.70034311783056e-04    5.6941244E+04    538.67    538.67    0.2105479798568164    0.00000e+00    0.00000e+00    7.45875225E+10
    4.46289018833992e-04    3.78822056082580e-04    -2.74068732463640e-04    5.4726574E+04    529.73    529.73    0.2073451442775152    0.00000e+00    0.00000e+00    7.46377498E+10
    4.51268215327501e-04    3.83433055977834e-04    -2.78032733957043e-04    5.2683937E+04    521.55    521.55    0.2059674697314443    0.00000e+00    0.00000e+00    7.46879771E+10
    4.56201892664492e-04    3.88014283464931e-04    -2.81930180228304e-04    5.0826729E+04    514.25    514.25    0.2013893140109277    0.00000e+00    0.00000e+00    7.47382044E+10
    4.61093934202548e-04    3.92572821671753e-04    -2.85767179929803e-04    4.9164836E+04    507.90    507.90    0.1982369129848978    0.00000e+00    0.00000e+00    7.47884317E+10
    4.65949406244639e-04    3.97116519731795e-04    -2.89553099661861e-04    4.7703354E+04    502.61    502.61    0.1984329486915084    0.00000e+00    0.00000e+00    7.48386590E+10
    4.70774170188168e-04    4.01653677655280e-04    -2.93300496098818e-04    4.6442720E+04    498.40    498.40    0.1957654818842519    0.00000e+00    0.00000e+00    7.48888863E+10
    4.75574499522169e-04    4.06192721503984e-04    -2.97024204539316e-04    4.5377029E+04    495.24    495.24    0.1932369998423942    0.00000e+00    0.00000e+00    7.49391135E+10
    4.80356784090959e-04    4.10741800995887e-04    -3.00740461393536e-04    4.4491651E+04    492.98    492.98    0.1929214459710200    0.00000e+00    0.00000e+00    7.49893408E+10
    4.85127355561214e-04    4.15308275602668e-04    -3.04465842441233e-04    4.3764160E+04    491.42    491.42    0.1909149237485695    0.00000e+00    0.00000e+00    7.50395681E+10
    4.89892249863263e-04    4.19898171558383e-04    -3.08216162304688e-04    4.3166251E+04    490.31    490.31    0.1918701964935180    0.00000e+00    0.00000e+00    7.50897954E+10
    4.94656998721207e-04    4.24515789160385e-04    -3.12005373921640e-04    4.2665683E+04    489.39    489.39    0.1888024664709384    0.00000e+00    0.00000e+00    7.51400227E+10
    4.99426401790490e-04    4.29163368247879e-04    -3.15844521347747e-04    4.2227983E+04    488.40    488.40    0.1882347377194263    0.00000e+00    0.00000e+00    7.51902500E+10
    5.04203998210984e-04    4.33840855491360e-04    -3.19740828306857e-04    4.1818555E+04    487.16    487.16    0.1869904866035060    0.00000e+00    0.00000e+00    7.52404773E+10
    5.08992115088358e-04    4.38546180736411e-04    -3.23697809698158e-04    4.1406058E+04    485.50    485.50    0.1795339224290060    0.00000e+00    0.00000e+00    7.52907046E+10
    5.13792109900920e-04    4.43275882413349e-04    -3.27716003664835e-04    4.0964546E+04    483.36    483.36    0.1791385749547373    0.00000e+00    0.00000e+00    7.53409319E+10
    5.18604467462349e-04    4.48025606895315e-04    -3.31793180063957e-04    4.0475048E+04    480.69    480.69    0.1788170974976568    0.00000e+00    0.00000e+00    7.53911591E+10
    5.23428751440334e-04    4.52790627248921e-04    -3.35924728317415e-04    3.9926325E+04    477.51    477.51    0.1791712246740410    0.00000e+00    0.00000e+00    7.54413864E+10
    5.28263992207512e-04    4.57566420162522e-04    -3.40104670672521e-04    3.9313856E+04    473.86    473.86    0.1768022209276137    0.00000e+00    0.00000e+00    7.54916137E+10
    5.33108880766944e-04    4.62349238026361e-04    -3.44326791817883e-04    3.8639013E+04    469.81    469.81    0.1736016714933191    0.00000e+00    0.00000e+00    7.55418410E+10
    5.37961817233482e-04    4.67136579201845e-04    -3.48585138241499e-04    3.7907449E+04    465.42    465.42    0.1737180292134665    0.00000e+00    0.00000e+00    7.55920683E+10
    5.42821735017028e-04    4.71926669270901e-04    -3.52873654620489e-04    3.7127929E+04    460.77    460.77    0.1705831310450805    0.00000e+00    0.00000e+00    7.56422956E+10
    5.47688391710742e-04    4.76718121666401e-04    -3.57186401987262e-04    3.6311081E+04    455.92    455.92    0.1653116914268336    0.00000e+00    0.00000e+00    7.56925229E+10
    5.52562466053777e-04    4.81509952216573e-04    -3.61517746806841e-04    3.5468316E+04    450.92    450.92    0.1664671063769081    0.00000e+00    0.00000e+00    7.57427502E+10
    5.57444782229390e-04    4.86301380371389e-04    -3.65861968277792e-04    3.4610967E+04    445.84    445.84    0.1643361979584046    0.00000e+00    0.00000e+00    7.57929774E+10
    5.62335970495368e-04    4.91091775873064e-04    -3.70213364991222e-04    3.3749554E+04    440.75    440.75    0.1615772707616356    0.00000e+00    0.00000e+00    7.58432047E+10
    5.67236564146760e-04    4.95880571489591e-04    -3.74566473096947e-04    3.2893560E+04    435.70    435.70    0.1595150606746873    0.00000e+00    0.00000e+00    7.58934320E+10
    5.72146999515877e-04    5.00667524814131e-04    -3.78916274773367e-04    3.2051294E+04    430.73    430.73    0.1583776344399812    0.00000e+00    0.00000e+00    7.59436593E+10
    5.77067422046826e-04    5.05452441921210e-04    -3.83258309734615e-04    3.1230230E+04    425.88    425.88    0.1566737689414400    0.00000e+00    0.00000e+00    7.59938866E+10
    5.81998219590551e-04    5.10235613699036e-04    -3.87588927333673e-04    3.0436714E+04    421.21    421.21    0.1540760684004625    0.00000e+00    0.00000e+00    7.60441139E+10
    5.86939537591155e-04    5.15017573442660e-04    -3.91905582298715e-04    2.9675331E+04    416.72    416.72    0.1533559763953727    0.00000e+00    0.00000e+00    7.60943412E+10
    5.91891860862321e-04    5.19799242298075e-04    -3.96206873518203e-04    2.8949130E+04    412.44    412.44    0.1523006763949723    0.00000e+00    0.00000e+00    7.61445685E+10
    5.96855674217729e-04    5.24581541411276e-04    -4.00492374356097e-04    2.8259825E+04    408.38    408.38    0.1510841325265148    0.00000e+00    0.00000e+00    7.61947957E+10
    6.01831510952429e-04    5.29365294965520e-04    -4.04762433878248e-04    2.7608055E+04    404.54    404.54    0.1499611012854185    0.00000e+00    0.00000e+00    7.62450230E+10
    6.06819710435997e-04    5.34151181699961e-04    -4.09017968382513e-04    2.6993477E+04    400.93    400.93    0.1504560111706458    0.00000e+00    0.00000e+00    7.62952503E+10
    6.11820418112537e-04    5.38939637946912e-04    -4.13260238384462e-04    2.6414913E+04    397.52    397.52    0.1497908536960754    0.00000e+00    0.00000e+00    7.63454776E+10
    6.16833440056578e-04    5.43730954594581e-04    -4.17490737110235e-04    2.5870660E+04    394.32    394.32    0.1475610530775121    0.00000e+00    0.00000e+00    7.63957049E+10
    6.21858339935806e-04    5.48525228605705e-04    -4.21711078989388e-04    2.5358605E+04    391.30    391.30    0.1458950913010489    0.00000e+00    0.00000e+00    7.64459322E+10
    6.26894245085595e-04    5.53322411498916e-04    -4.25922970566079e-04    2.4876290E+04    388.45    388.45    0.1444779954926709    0.00000e+00    0.00000e+00    7.64961595E+10
    6.31940282841319e-04    5.58122648718318e-04    -4.30128200802792e-04    2.4421117E+04    385.74    385.74    0.1431962422430300    0.00000e+00    0.00000e+00    7.65463868E+10
    6.36995144206040e-04    5.62925891782542e-04    -4.34328621687788e-04    2.3990440E+04    383.15    383.15    0.1415786150648445    0.00000e+00    0.00000e+00    7.65966140E+10
    6.42057665626922e-04    5.67732237654326e-04    -4.38526104601877e-04    2.3581665E+04    380.66    380.66    0.1400230978176384    0.00000e+00    0.00000e+00    7.66468413E+10
    6.47126538107026e-04    5.72541637852301e-04    -4.42722501533320e-04    2.3192362E+04    378.25    378.25    0.1393095112339457    0.00000e+00    0.00000e+00    7.66970686E+10
    6.52200598093519e-04    5.77353995413730e-04    -4.46919528722548e-04    2.2820266E+04    375.91    375.91    0.1380977416325612    0.00000e+00    0.00000e+00    7.67472959E+10
    6.57278633552196e-04    5.82169019450406e-04    -4.51118713332658e-04    2.2463259E+04    373.61    373.61    0.1367460463943039    0.00000e+00    0.00000e+00    7.67975232E+10
    6.62359577892960e-04    5.86986370592751e-04    -4.55321281942261e-04    2.2119419E+04    371.36    371.36    0.1363990442956578    0.00000e+00    0.00000e+00    7.68477505E+10
    6.67442413007081e-04    5.91805370101611e-04    -4.59528126608532e-04    2.1787036E+04    369.14    369.14    0.1364135895575518    0.00000e+00    0.00000e+00    7.68979778E+10
    6.72525975341723e-04    5.96625436200570e-04    -4.63739824259751e-04    2.1464631E+04    366.93    366.93    0.1350580624186144    0.00000e+00    0.00000e+00    7.69482051E+10
    6.77609149825420e-04    6.01445793187738e-04    -4.67956665784126e-04    2.1151007E+04    364.75    364.75    0.1334867080197418    0.00000e+00    0.00000e+00    7.69984324E+10
    6.82690869868074e-04    6.06265713842593e-04    -4.72178680270479e-04    2.0845208E+04    362.57    362.57    0.1325994595233082    0.00000e+00    0.00000e+00    7.70486596E+10
    6.87770068879586e-04    6.11084664870086e-04    -4.76405756211663e-04    2.0546470E+04    360.41    360.41    0.1319534591444445    0.00000e+00    0.00000e+00    7.70988869E+10
    6.92845825713963e-04    6.15902209937903e-04    -4.80637748163573e-04    2.0254229E+04    358.26    358.26    0.1303972395616203    0.00000e+00    0.00000e+00    7.71491142E+10
    6.97917461632050e-04    6.20718009676468e-04    -4.84874573707883e-04    1.9968014E+04    356.12    356.12    0.1292854845857092    0.00000e+00    0.00000e+00    7.71993415E+10
    7.02984443338798e-04    6.25531870160309e-04    -4.89116160122543e-04    1.9687486E+04    353.99    353.99    0.1283399392484361    0.00000e+00    0.00000e+00    7.72495688E+10
    7.08046528427367e-04    6.30343597463953e-04    -4.93362497711277e-04    1.9412390E+04    351.87    351.87    0.1259855157257001    0.00000e+00    0.00000e+00    7.72997961E+10
    7.13103765379125e-04    6.35152997661928e-04    -4.97613489511349e-04    1.9142535E+04    349.76    349.76    0.1252413120222328    0.00000e+00    0.00000e+00    7.73500234E+10
    7.18156105712703e-04    6.39959731384656e-04    -5.01868990078656e-04    1.8877807E+04    347.67    347.67    0.1254899542686195    0.00000e+00    0.00000e+00    7.74002507E+10
    7.23203791834943e-04    6.44763362299826e-04    -5.06128902450462e-04    1.8618128E+04    345.59    345.59    0.1254568152994091    0.00000e+00    0.00000e+00    7.74504779E+10
    7.28246969189949e-04    6.49563405593755e-04    -5.10392935738556e-04    1.8363482E+04    343.53    343.53    0.1244663391405237    0.00000e+00    0.00000e+00    7.75007052E+10
    7.33285880184561e-04    6.54359231008659e-04    -5.14660750573363e-04    1.8113848E+04    341.48    341.48    0.1228340704311952    0.00000e+00    0.00000e+00    7.75509325E+10
    7.38320718744252e-04    6.59150450693592e-04    -5.18932153029411e-04    1.7869242E+04    339.46    339.46    0.1214764823327075    0.00000e+00    0.00000e+00    7.76011598E+10
    7.43351775757230e-04    6.63936579834874e-04    -5.23206900699858e-04    1.7629683E+04    337.45    337.45    0.1209457945954669    0.00000e+00    0.00000e+00    7.76513871E+10
    7.48379487555808e-04    6.68717327544295e-04    -5.27484993584705e-04    1.7395149E+04    335.46    335.46    0.1201177596418838    0.00000e+00    0.00000e+00    7.77016144E+10
    7.53404338953668e-04    6.73492354452279e-04    -5.31766528646687e-04    1.7165586E+04    333.49    333.49    0.1193706311834895    0.00000e+00    0.00000e+00    7.77518417E+10
    7.58426960208594e-04    6.78261466633353e-04    -5.36051748292647e-04    1.6940935E+04    331.55    331.55    0.1186307745745736    0.00000e+00    0.00000e+00    7.78020690E+10
    7.63448078541110e-04    6.83024421680678e-04    -5.40340943410791e-04    1.6721103E+04    329.62    329.62    0.1160652009283347    0.00000e+00    0.00000e+00    7.78522962E+10
    7.68468421171735e-04    6.87780831743307e-04    -5.44634598814801e-04    1.6505979E+04    327.72    327.72    0.1152282255422076    0.00000e+00    0.00000e+00    7.79025235E+10
    7.73488812283729e-04    6.92530260488928e-04    -5.48932956911518e-04    1.6295421E+04    325.83    325.83    0.1159831479381612    0.00000e+00    0.00000e+00    7.79527508E+10
    7.78509930616244e-04    6.97272271585229e-04    -5.53236454033255e-04    1.6089236E+04    323.97    323.97    0.1157558637337723    0.00000e+00    0.00000e+00    7.80029781E+10
    7.83532357945698e-04    7.02006283255791e-04    -5.57545235624116e-04    1.5887186E+04    322.14    322.14    0.1148251970909601    0.00000e+00    0.00000e+00    7.80532054E+10
    7.88556676048509e-04    7.06731665242830e-04    -5.61859641053678e-04    1.5689063E+04    320.32    320.32    0.1138499583568157    0.00000e+00    0.00000e+00    7.81034327E+10
    7.93583224294252e-04    7.11447884251295e-04    -5.66179718803309e-04    1.5494654E+04    318.51    318.51    0.1130569860331374    0.00000e+00    0.00000e+00    7.81536600E+10
    7.98612487496610e-04    7.16154455467506e-04    -5.70505759761217e-04    1.5303754E+04    316.72    316.72    0.1126964459164876    0.00000e+00    0.00000e+00    7.82038873E+10
    8.03644756543791e-04    7.20850894077783e-04    -5.74838006334244e-04    1.5116130E+04    314.95    314.95    0.1110450163088958    0.00000e+00    0.00000e+00    7.82541145E+10
    8.08680322324003e-04    7.25536812231179e-04    -5.79176797891966e-04    1.4931565E+04    313.19    313.19    0.1106798551836757    0.00000e+00    0.00000e+00    7.83043418E+10
    8.13719524206824e-04    7.30211870558118e-04    -5.83522570766695e-04    1.4749832E+04    311.44    311.44    0.1089951509145968    0.00000e+00    0.00000e+00    7.83545691E+10
    8.18762750043198e-04    7.34875778170392e-04    -5.87875712809378e-04    1.4570730E+04    309.70    309.70    0.1077137793605200    0.00000e+00    0.00000e+00    7.84047964E+10
    8.23810193758597e-04    7.39528098735687e-04    -5.92236466426854e-04    1.4394086E+04    307.96    307.96    0.1065870951807564    0.00000e+00    0.00000e+00    7.84550237E+10
    8.28862097759863e-04    7.44168492884427e-04    -5.96605074025964e-04    1.4219742E+04    306.24    306.24    0.1074240973270072    0.00000e+00    0.00000e+00    7.85052510E+10
    8.33918510528363e-04    7.48796718209771e-04    -6.00981681050812e-04    1.4047549E+04    304.52    304.52    0.1072484804244430    0.00000e+00    0.00000e+00    7.85554783E+10
    8.38979383582729e-04    7.53412435342142e-04    -6.05366190538662e-04    1.3877382E+04    302.81    302.81    0.1063263494983445    0.00000e+00    0.00000e+00    7.86057056E+10
    8.44044619960225e-04    7.58015450356069e-04    -6.09758602489515e-04    1.3709119E+04    301.11    301.11    0.1057333090895526    0.00000e+00    0.00000e+00    7.86559329E+10
    8.49113977254011e-04    7.62605569326078e-04    -6.14158819940633e-04    1.3542644E+04    299.41    299.41    0.1051269101994934    0.00000e+00    0.00000e+00    7.87061601E+10
    8.54187261538614e-04    7.67182840733537e-04    -6.18566697447913e-04    1.3377863E+04    297.72    297.72    0.1044818600935808    0.00000e+00    0.00000e+00    7.87563874E+10
    8.59264278888561e-04    7.71747264578447e-04    -6.22982089567250e-04    1.3214677E+04    296.03    296.03    0.1032194137178624    0.00000e+00    0.00000e+00    7.88066147E+10
    8.64344835378380e-04    7.76299131749016e-04    -6.27404996298644e-04    1.3053007E+04    294.35    294.35    0.1027286967537231    0.00000e+00    0.00000e+00    7.88568420E+10
    8.69428882526704e-04    7.80838684652086e-04    -6.31835320679359e-04    1.2892789E+04    292.68    292.68    0.1013746032256736    0.00000e+00    0.00000e+00    7.89070693E+10
    8.74516226408058e-04    7.85366262657231e-04    -6.36272868783923e-04    1.2733982E+04    291.01    291.01    0.1004645413052438    0.00000e+00    0.00000e+00    7.89572966E+10
    8.79606770059708e-04    7.89882156652662e-04    -6.40717495168231e-04    1.2576563E+04    289.34    289.34    0.0995872291900170    0.00000e+00    0.00000e+00    7.90075239E+10
    8.84700368037550e-04    7.94386754489323e-04    -6.45168957425442e-04    1.2420529E+04    287.69    287.69    0.0999297270277228    0.00000e+00    0.00000e+00    7.90577512E+10
    8.89796826416109e-04    7.98880444018160e-04    -6.49626964667349e-04    1.2265891E+04    286.04    286.04    0.0997968533391940    0.00000e+00    0.00000e+00    7.91079784E+10
    8.94895854307179e-04    8.03363710052852e-04    -6.54091129043005e-04    1.2112662E+04    284.40    284.40    0.0992364784394930    0.00000e+00    0.00000e+00    7.91582057E+10
    8.99997306266654e-04    8.07837037407082e-04    -6.58561062701467e-04    1.1960867E+04    282.76    282.76    0.0985523412557050    0.00000e+00    0.00000e+00    7.92084330E+10
    9.05100794443590e-04    8.12301104820002e-04    -6.63036426273157e-04    1.1810543E+04    281.14    281.14    0.0979011250487116    0.00000e+00    0.00000e+00    7.92586603E+10
    9.10206124912514e-04    8.16756687993503e-04    -6.67516977351235e-04    1.1661723E+04    279.52    279.52    0.0974487176249940    0.00000e+00    0.00000e+00    7.93088876E+10
    9.15313006785217e-04    8.21204514148106e-04    -6.72002376566125e-04    1.1514451E+04    277.91    277.91    0.0968642599747374    0.00000e+00    0.00000e+00    7.93591149E+10
    9.20421294617596e-04    8.25645504429806e-04    -6.76492381510984e-04    1.1368762E+04    276.31    276.31    0.0960497451726386    0.00000e+00    0.00000e+00    7.94093422E+10
    9.25530842965545e-04    8.30080434540491e-04    -6.80986701297606e-04    1.1224694E+04    274.73    274.73    0.0951106426149672    0.00000e+00    0.00000e+00    7.94595695E+10
    9.30641457903594e-04    8.34510274107525e-04    -6.85485093519149e-04    1.1082284E+04    273.15    273.15    0.0943482302125720    0.00000e+00    0.00000e+00    7.95097967E+10
    9.35753090950372e-04    8.38935750351429e-04    -6.89987315768773e-04    1.0941573E+04    271.59    271.59    0.0933004725644297    0.00000e+00    0.00000e+00    7.95600240E+10
    9.40865596661776e-04    8.43357687455461e-04    -6.94493028676900e-04    1.0802607E+04    270.04    270.04    0.0937872384902502    0.00000e+00    0.00000e+00    7.96102513E+10
    9.45978781112334e-04    8.47776812640143e-04    -6.99001941355323e-04    1.0665417E+04    268.51    268.51    0.0934579336070457    0.00000e+00    0.00000e+00    7.96604786E+10
    9.51092547339309e-04    8.52193901607364e-04    -7.03513617471729e-04    1.0530040E+04    266.98    266.98    0.0928216641314294    0.00000e+00    0.00000e+00    7.97107059E+10
    9.56206701417230e-04    8.56609681577646e-04    -7.08027863100644e-04    1.0396491E+04    265.48    265.48    0.0922506453401625    0.00000e+00    0.00000e+00    7.97609332E+10
    9.61321049420622e-04    8.61024831290142e-04    -7.12544193428388e-04    1.0264785E+04    263.98    263.98    0.0917265308833017    0.00000e+00    0.00000e+00    7.98111605E+10
    9.66435348942647e-04    8.65440174928111e-04    -7.17062511492225e-04    1.0134934E+04    262.51    262.51    0.0911887690281492    0.00000e+00    0.00000e+00    7.98613878E+10
    9.71549551501935e-04    8.69856391230706e-04    -7.21582429441209e-04    1.0006940E+04    261.04    261.04    0.0908249758303598    0.00000e+00    0.00000e+00    7.99116151E+10
    9.76663511654383e-04    8.74274255899816e-04    -7.26103898793972e-04    9.8808207E+03    259.60    259.60    0.0901933704669677    0.00000e+00    0.00000e+00    7.99618423E+10
    9.81777132437254e-04    8.78694302230492e-04    -7.30626677143675e-04    9.7565964E+03    258.17    258.17    0.0898601982989109    0.00000e+00    0.00000e+00    8.00120696E+10
    9.86890413850548e-04    8.83117160480518e-04    -7.35150716008949e-04    9.6342806E+03    256.75    256.75    0.0889747582621644    0.00000e+00    0.00000e+00    8.00622969E+10
    9.92003210450161e-04    8.87543315463576e-04    -7.39675724501585e-04    9.5138818E+03    255.35    255.35    0.0880815107119866    0.00000e+00    0.00000e+00    8.01125242E+10
    9.97115522236093e-04    8.91973155030610e-04    -7.44201557177478e-04    9.3954089E+03    253.97    253.97    0.0879411124461458    0.00000e+00    0.00000e+00    8.01627515E+10
    1.00222710680150e-03    8.96407115513933e-04    -7.48728020111158e-04    9.2788594E+03    252.60    252.60    0.0879914783010582    0.00000e+00    0.00000e+00    8.02129788E+10
    1.00733781870229e-03    9.00845584764491e-04    -7.53254870895782e-04    9.1642319E+03    251.25    251.25    0.0872923882825057    0.00000e+00    0.00000e+00    8.02632061E+10
    1.01244736705024e-03    9.05288853670492e-04    -7.57781818643142e-04    9.0515126E+03    249.92    249.92    0.0867574604666730    0.00000e+00    0.00000e+00    8.03134334E+10
    1.01755560640125e-03    9.09737310082881e-04    -7.62308669427766e-04    8.9406912E+03    248.61    248.61    0.0857906382641511    0.00000e+00    0.00000e+00    8.03636606E+10
