    2.63607369523154e-06    1.32150081712661e-05    3.43573551345954e-05    7.8463891E+06    577.13    577.13    1.4973957090099104    0.00000e+00    0.00000e+00    7.13729761E+10
    -1.07081418308175e-07    2.59024571239729e-05    4.31910288628088e-05    1.6849316E+07    3026.46    3026.46    0.8959576728871321    0.00000e+00    0.00000e+00    7.14232034E+10
    -5.51065022036934e-06    3.00278569703269e-05    4.71667604232264e-05    1.9648978E+07    3188.89    3188.89    0.7794019548979300    0.00000e+00    0.00000e+00    7.14734307E+10
    -1.10198687859384e-05    3.44848572542178e-05    5.15163647804778e-05    1.5793744E+07    2758.18    2758.18    0.7481033608266605    0.00000e+00    0.00000e+00    7.15236580E+10
    -1.62367044622628e-05    3.89720803381753e-05    5.65056744873755e-05    1.2333220E+07    2295.29    2295.29    0.7011888701708476    0.00000e+00    0.00000e+00    7.15738853E+10
    -2.16987986532143e-05    4.33500365994980e-05    6.18462850357419e-05    9.5860450E+06    1929.92    1929.92    0.6392668297338007    0.00000e+00    0.00000e+00    7.16241125E+10
    -2.61053870409160e-05    4.77169614103208e-05    6.70077714733488e-05    7.3421885E+06    1621.59    1621.59    0.5622325274943892    0.00000e+00    0.00000e+00    7.16743398E+10
    -2.91328899453713e-05    5.14097251631810e-05    7.15933865242602e-05    5.5893706E+06    1399.84    1399.84    0.5308559608894265    0.00000e+00    0.00000e+00    7.17245671E+10
    -3.12998795939328e-05    5.48516259552605e-05    7.52820720244348e-05    4.4623582E+06    1258.89    1258.89    0.5059115597467043    0.00000e+00    0.00000e+00    7.17747944E+10
    -3.29644214333618e-05    5.85123474023087e-05    7.78743271440962e-05    3.5806970E+06    1140.65    1140.65    0.4891060276238594    0.00000e+00    0.00000e+00    7.18250217E+10
    -3.42582470978346e-05    6.22293072363657e-05    7.92386849573379e-05    2.8861797E+06    1038.66    1038.66    0.4769856946112071    0.00000e+00    0.00000e+00    7.18752490E+10
    -3.52834942248053e-05    6.55499173417052e-05    7.93605428760847e-05    2.3895138E+06    956.09    956.09    0.5030029031994748    0.00000e+00    0.00000e+00    7.19254763E+10
    -3.61354699117748e-05    6.81906635257511e-05    7.84210854692411e-05    2.0087063E+06    883.69    883.69    0.5389545174029459    0.00000e+00    0.00000e+00    7.19757036E+10
    -3.68588099847355e-05    7.01531990031562e-05    7.66784760219978e-05    1.6938590E+06    819.62    819.62    0.5308413145984171    0.00000e+00    0.00000e+00    7.20259308E+10
    -3.75061370902624e-05    7.15969547529531e-05    7.44667123755448e-05    1.5875137E+06    878.14    878.14    0.4793798878297288    0.00000e+00    0.00000e+00    7.20761581E+10
    -3.90491870452737e-05    7.31092583091221e-05    7.37354872928745e-05    2.1328492E+06    1535.85    1535.85    0.4677719597465770    0.00000e+00    0.00000e+00    7.21263854E+10
    -4.28770131022994e-05    7.59419422295194e-05    7.64150282676829e-05    2.7990906E+06    1969.43    1969.43    0.4570897575737157    0.00000e+00    0.00000e+00    7.21766127E+10
    -4.78612409921917e-05    8.00131408759526e-05    8.07716997539639e-05    2.9082596E+06    1940.02    1940.02    0.4366736600446454    0.00000e+00    0.00000e+00    7.22268400E+10
    -5.29173260266433e-05    8.47628265728251e-05    8.53292295483286e-05    2.5057243E+06    1737.21    1737.21    0.4144792452086894    0.00000e+00    0.00000e+00    7.22770673E+10
    -5.74705846124774e-05    8.94646902481929e-05    8.93282006525501e-05    2.0154883E+06    1531.51    1531.51    0.4020363335945689    0.00000e+00    0.00000e+00    7.23272946E+10
    -6.14122264989077e-05    9.36999789331345e-05    9.28160569334620e-05    1.6610176E+06    1387.45    1387.45    0.3933185591295464    0.00000e+00    0.00000e+00    7.23775219E+10
    -6.48717696608428e-05    9.74397831878454e-05    9.60428701359172e-05    1.4257260E+06    1289.74    1289.74    0.3847967450185785    0.00000e+00    0.00000e+00    7.24277492E+10
    -6.79571675606552e-05    1.00770695583908e-04    9.90426644840561e-05    1.2475931E+06    1212.05    1212.05    0.3808831345954359    0.00000e+00    0.00000e+00    7.24779764E+10
    -7.07479975159622e-05    1.03821012365756e-04    1.01693562666584e-04    1.0922375E+06    1141.11    1141.11    0.3779867102503446    0.00000e+00    0.00000e+00    7.25282037E+10
    -7.33141696595799e-05    1.06690513037096e-04    1.03903159195883e-04    9.5023821E+05    1073.67    1073.67    0.3802041774561079    0.00000e+00    0.00000e+00    7.25784310E+10
    -7.57286920837465e-05    1.09430224237867e-04    1.05666009614313e-04    8.2595508E+05    1011.48    1011.48    0.3808515138630096    0.00000e+00    0.00000e+00    7.26286583E+10
    -7.80707106219032e-05    1.12072982398690e-04    1.07054666289251e-04    7.2374062E+05    956.94    956.94    0.3720298869309985    0.00000e+00    0.00000e+00    7.26788856E+10
    -8.04020147777074e-05    1.14645112902448e-04    1.08159037917861e-04    6.4178062E+05    909.77    909.77    0.3731470446795666    0.00000e+00    0.00000e+00    7.27291129E+10
    -8.27406881014645e-05    1.17153441925773e-04    1.09032167964992e-04    5.7538382E+05    868.66    868.66    0.3696206508058122    0.00000e+00    0.00000e+00    7.27793402E+10
    -8.50669259543011e-05    1.19583618983703e-04    1.09679379684863e-04    5.2663040E+05    841.19    841.19    0.3617294861460989    0.00000e+00    0.00000e+00    7.28295675E+10
    -8.74029279546752e-05    1.21954736038999e-04    1.10192142874689e-04    5.2334620E+05    900.22    900.22    0.3513338039040106    0.00000e+00    0.00000e+00    7.28797947E+10
    -9.00690008054223e-05    1.24535743481259e-04    1.11203090906949e-04    6.0147372E+05    1126.13    1126.13    0.3452635787758019    0.00000e+00    0.00000e+00    7.29300220E+10
    -9.35011422981010e-05    1.27680109269105e-04    1.13459156827581e-04    7.2016084E+05    1311.88    1311.88    0.3389072191254154    0.00000e+00    0.00000e+00    7.29802493E+10
    -9.76006346709639e-05    1.31309036634946e-04    1.16862219195667e-04    7.9679399E+05    1362.29    1362.29    0.3338472044603419    0.00000e+00    0.00000e+00    7.30304766E+10
    -1.01998132317331e-04    1.35102921855785e-04    1.20892334730763e-04    7.9764914E+05    1331.57    1331.57    0.3275149505491844    0.00000e+00    0.00000e+00    7.30807039E+10
    -1.06425324801666e-04    1.38832995899916e-04    1.25127710682167e-04    7.4485048E+05    1266.88    1266.88    0.3227642150795941    0.00000e+00    0.00000e+00    7.31309312E+10
    -1.10679545460855e-04    1.42375025261555e-04    1.29258929262322e-04    6.7308360E+05    1196.63    1196.63    0.3228760279154868    0.00000e+00    0.00000e+00    7.31811585E+10
    -1.14642756707958e-04    1.45665528437297e-04    1.33098605135341e-04    5.9957103E+05    1131.22    1131.22    0.3175971322629503    0.00000e+00    0.00000e+00    7.32313858E+10
    -1.18270554457922e-04    1.48680381098371e-04    1.36558080423361e-04    5.3088655E+05    1073.72    1073.72    0.3092316304752202    0.00000e+00    0.00000e+00    7.32816130E+10
    -1.21566642687271e-04    1.51442757338734e-04    1.39612387221804e-04    4.7185931E+05    1025.23    1025.23    0.3092656863792938    0.00000e+00    0.00000e+00    7.33318403E+10
    -1.24581577766671e-04    1.54013874581899e-04    1.42297178728779e-04    4.2521669E+05    986.13    986.13    0.3108558715588492    0.00000e+00    0.00000e+00    7.33820676E+10
    -1.27392255994083e-04    1.56478245548757e-04    1.44691557144495e-04    3.9057465E+05    955.34    955.34    0.3069277848538225    0.00000e+00    0.00000e+00    7.34322949E+10
    -1.30074730091662e-04    1.58906842114087e-04    1.46880185482086e-04    3.6510040E+05    930.37    930.37    0.3087230037263125    0.00000e+00    0.00000e+00    7.34825222E+10
    -1.32687391019161e-04    1.61337596100297e-04    1.48927679708968e-04    3.4505724E+05    908.28    908.28    0.3056260706864296    0.00000e+00    0.00000e+00    7.35327495E+10
    -1.35266245888677e-04    1.63780354073251e-04    1.50870885664908e-04    3.2732794E+05    887.03    887.03    0.3120593655919456    0.00000e+00    0.00000e+00    7.35829768E+10
    -1.37827041448571e-04    1.66231421752700e-04    1.52726151267230e-04    3.1052253E+05    866.22    866.22    0.3125692233218752    0.00000e+00    0.00000e+00    7.36332041E+10
    -1.40368905034218e-04    1.68682760927810e-04    1.54503483070315e-04    2.9558555E+05    848.41    848.41    0.3105993647599459    0.00000e+00    0.00000e+00    7.36834314E+10
    -1.42892985654042e-04    1.71130783977341e-04    1.56234607281453e-04    2.8547812E+05    841.36    841.36    0.3069937020940555    0.00000e+00    0.00000e+00    7.37336586E+10
    -1.45435658878536e-04    1.73591800033526e-04    1.58012792356616e-04    2.8349922E+05    854.82    854.82    0.3038279951062739    0.00000e+00    0.00000e+00    7.37838859E+10
    -1.48075551790503e-04    1.76107444895299e-04    1.59991792106631e-04    2.9048008E+05    888.42    888.42    0.3014070298882345    0.00000e+00    0.00000e+00    7.38341132E+10
    -1.50887592344359e-04    1.78721298464454e-04    1.62313933283862e-04    3.0357682E+05    927.89    927.89    0.2977302923224838    0.00000e+00    0.00000e+00    7.38843405E+10
    -1.53896176364536e-04    1.81459642490644e-04    1.65035997266641e-04    3.1780132E+05    958.16    958.16    0.2980489676446665    0.00000e+00    0.00000e+00    7.39345678E+10
    -1.57072006560286e-04    1.84318787541756e-04    1.68111664955873e-04    3.2867905E+05    973.17    973.17    0.2969098717508591    0.00000e+00    0.00000e+00    7.39847951E+10
    -1.60361331638783e-04    1.87274163260432e-04    1.71437709822578e-04    3.3365307E+05    974.04    974.04    0.2964762880835033    0.00000e+00    0.00000e+00    7.40350224E+10
    -1.63711777178058e-04    1.90300379954191e-04    1.74908195229296e-04    3.3197032E+05    964.22    964.22    0.2955681853873945    0.00000e+00    0.00000e+00    7.40852497E+10
    -1.67082240674226e-04    1.93378932284826e-04    1.78436063183310e-04    3.2412769E+05    946.62    946.62    0.2945483993962564    0.00000e+00    0.00000e+00    7.41354769E+10
    -1.70441902521579e-04    1.96492056679061e-04    1.81950278784063e-04    3.1123458E+05    923.14    923.14    0.2993067068930370    0.00000e+00    0.00000e+00    7.41857042E+10
    -1.73771738631270e-04    1.99620413919157e-04    1.85384766774959e-04    2.9458104E+05    895.76    895.76    0.3018617011827632    0.00000e+00    0.00000e+00    7.42359315E+10
    -1.77059526850398e-04    2.02744853864709e-04    1.88683744493847e-04    2.7542305E+05    865.88    865.88    0.3012085344486322    0.00000e+00    0.00000e+00    7.42861588E+10
    -1.80293054722337e-04    2.05845121000121e-04    1.91799700199980e-04    2.5496488E+05    834.77    834.77    0.2992257596520999    0.00000e+00    0.00000e+00    7.43363861E+10
    -1.83462233274382e-04    2.08899946549202e-04    1.94698115159262e-04    2.3431516E+05    803.50    803.50    0.2993346143285350    0.00000e+00    0.00000e+00    7.43866134E+10
    -1.86561448364106e-04    2.11891925700802e-04    1.97363659563097e-04    2.1448145E+05    773.37    773.37    0.2980369202492907    0.00000e+00    0.00000e+00    7.44368407E+10
    -1.89589793389925e-04    2.14809650789002e-04    1.99799523485506e-04    1.9636003E+05    745.77    745.77    0.2970880778690728    0.00000e+00    0.00000e+00    7.44870680E+10
    -1.92551621978697e-04    2.17648341550909e-04    2.02025215829017e-04    1.8069391E+05    721.87    721.87    0.2925528323312973    0.00000e+00    0.00000e+00    7.45372952E+10
    -1.95457236421143e-04    2.20409626960489e-04    2.04076724313179e-04    1.6804073E+05    703.14    703.14    0.2953292997860861    0.00000e+00    0.00000e+00    7.45875225E+10
    -1.98324094857922e-04    2.23102791199736e-04    2.06013836161147e-04    1.5873525E+05    691.37    691.37    0.2926275592394096    0.00000e+00    0.00000e+00    7.46377498E+10
    -2.01173979967725e-04    2.25745830552494e-04    2.07922426420255e-04    1.5286496E+05    688.13    688.13    0.2910338848942851    0.00000e+00    0.00000e+00    7.46879771E+10
    -2.04029949489226e-04    2.28363160235742e-04    2.09903748427803e-04    1.5020547E+05    693.56    693.56    0.2903778555029582    0.00000e+00    0.00000e+00    7.47382044E+10
    -2.06913926697084e-04    2.30980737173968e-04    2.12055865447069e-04    1.5014878E+05    705.20    705.20    0.2913796162595694    0.00000e+00    0.00000e+00    7.47884317E+10
    -2.09842967336602e-04    2.33620547667609e-04    2.14452667931191e-04    1.5183940E+05    718.99    718.99    0.2915499731653991    0.00000e+00    0.00000e+00    7.48386590E+10
    -2.12825802902176e-04    2.36294266030108e-04    2.17131336241373e-04    1.5435854E+05    731.43    731.43    0.2888556802981258    0.00000e+00    0.00000e+00    7.48888863E+10
    -2.15862573989773e-04    2.39003666679536e-04    2.20092272772971e-04    1.5687635E+05    740.44    740.44    0.2858162858235806    0.00000e+00    0.00000e+00    7.49391135E+10
    -2.18946483511584e-04    2.41743213043655e-04    2.23305840865659e-04    1.5875647E+05    745.24    745.24    0.2848129463687700    0.00000e+00    0.00000e+00    7.49893408E+10
    -2.22067990334366e-04    2.44502030751598e-04    2.26728164881295e-04    1.5959070E+05    745.88    745.88    0.2832767310547936    0.00000e+00    0.00000e+00    7.50395681E+10
    -2.25217781187303e-04    2.47266394728053e-04    2.30310744059222e-04    1.5919389E+05    742.86    742.86    0.2799206988095668    0.00000e+00    0.00000e+00    7.50897954E+10
    -2.28387294260788e-04    2.50024063427573e-04    2.34007283541031e-04    1.5755475E+05    736.84    736.84    0.2782021223611112    0.00000e+00    0.00000e+00    7.51400227E+10
    -2.31569291286561e-04    2.52768288243715e-04    2.37778086782512e-04    1.5476605E+05    728.27    728.27    0.2760685683748035    0.00000e+00    0.00000e+00    7.51902500E+10
    -2.34756218867472e-04    2.55496247560855e-04    2.41588824126905e-04    1.5098854E+05    717.69    717.69    0.2736647492563514    0.00000e+00    0.00000e+00    7.52404773E+10
    -2.37939655789878e-04    2.58206676015287e-04    2.45407148805409e-04    1.4641168E+05    705.56    705.56    0.2744428403730136    0.00000e+00    0.00000e+00    7.52907046E+10
    -2.41111229321508e-04    2.60899006375003e-04    2.49203147813897e-04    1.4121727E+05    692.25    692.25    0.2710555812507569    0.00000e+00    0.00000e+00    7.53409319E+10
    -2.44263410305893e-04    2.63572996233163e-04    2.52950064285310e-04    1.3558855E+05    678.22    678.22    0.2698244914852734    0.00000e+00    0.00000e+00    7.53911591E+10
    -2.47389973735368e-04    2.66228233498137e-04    2.56624510807670e-04    1.2970664E+05    663.92    663.92    0.2677638152342382    0.00000e+00    0.00000e+00    7.54413864E+10
    -2.50486236309774e-04    2.68863360691619e-04    2.60204195647921e-04    1.2373780E+05    649.66    649.66    0.2651453088406164    0.00000e+00    0.00000e+00    7.54916137E+10
    -2.53549167943604e-04    2.71477301527237e-04    2.63669968665658e-04    1.1783839E+05    635.69    635.69    0.2624947798921667    0.00000e+00    0.00000e+00    7.55418410E+10
    -2.56576906952322e-04    2.74068533690031e-04    2.67008948361375e-04    1.1216496E+05    622.32    622.32    0.2602030544469641    0.00000e+00    0.00000e+00    7.55920683E+10
    -2.59569521209844e-04    2.76635447598581e-04    2.70215627251654e-04    1.0686852E+05    609.99    609.99    0.2580549931162842    0.00000e+00    0.00000e+00    7.56422956E+10
    -2.62529337821838e-04    2.79177582679889e-04    2.73292686356151e-04    1.0208469E+05    599.07    599.07    0.2566216122219083    0.00000e+00    0.00000e+00    7.56925229E+10
    -2.65460724959573e-04    2.81696645478113e-04    2.76252454486778e-04    9.7926134E+04    589.94    589.94    0.2538598448717707    0.00000e+00    0.00000e+00    7.57427502E+10
    -2.68369771882881e-04    2.84197265963908e-04    2.79118847502422e-04    9.4468008E+04    582.92    582.92    0.2535788174369727    0.00000e+00    0.00000e+00    7.57929774E+10
    -2.71264070774011e-04    2.86686847242184e-04    2.81925889627226e-04    9.1736362E+04    578.20    578.20    0.2532431814568819    0.00000e+00    0.00000e+00    7.58432047E+10
    -2.74150840508673e-04    2.89174421391820e-04    2.84713621623111e-04    8.9702645E+04    575.67    575.67    0.2497458098842675    0.00000e+00    0.00000e+00    7.58934320E+10
    -2.77036815148898e-04    2.91669068973064e-04    2.87521371575888e-04    8.8283150E+04    574.99    574.99    0.2495851745582849    0.00000e+00    0.00000e+00    7.59436593E+10
    -2.79927948206689e-04    2.94179123933093e-04    2.90383396420266e-04    8.7349995E+04    575.54    575.54    0.2489616036547561    0.00000e+00    0.00000e+00    7.59938866E+10
    -2.82828685423504e-04    2.96710457365586e-04    2.93325449458985e-04    8.6750923E+04    576.60    576.60    0.2462053726311112    0.00000e+00    0.00000e+00    7.60441139E+10
    -2.85741387841968e-04    2.99265095791730e-04    2.96362962311514e-04    8.6332169E+04    577.52    577.52    0.2440155338230952    0.00000e+00    0.00000e+00    7.60943412E+10
    -2.88667059026402e-04    3.01842147154352e-04    2.99502402392360e-04    8.5958105E+04    577.82    577.82    0.2418878697641842    0.00000e+00    0.00000e+00    7.61445685E+10
    -2.91606222575582e-04    3.04438547430987e-04    3.02743134595600e-04    8.5522836E+04    577.25    577.25    0.2409489710326483    0.00000e+00    0.00000e+00    7.61947957E+10
    -2.94558912426464e-04    3.07049569688244e-04    3.06079840515152e-04    8.4953919E+04    575.70    575.70    0.2382467914307860    0.00000e+00    0.00000e+00    7.62450230E+10
    -2.97523960178078e-04    3.09669871279358e-04    3.09504011670913e-04    8.4210622E+04    573.21    573.21    0.2370179253311052    0.00000e+00    0.00000e+00    7.62952503E+10
    -3.00499256890910e-04    3.12294671941432e-04    3.13004977313762e-04    8.3279880E+04    569.87    569.87    0.2339549853757106    0.00000e+00    0.00000e+00    7.63454776E+10
    -3.03481244032542e-04    3.14920519801058e-04    3.16571630362265e-04    8.2167756E+04    565.80    565.80    0.2307524566344046    0.00000e+00    0.00000e+00    7.63957049E+10
    -3.06465029832930e-04    3.17545029574923e-04    3.20192631024420e-04    8.0892711E+04    561.16    561.16    0.2294350231393164    0.00000e+00    0.00000e+00    7.64459322E+10
    -3.09445892206822e-04    3.20166208678800e-04    3.23855858958200e-04    7.9481755E+04    556.08    556.08    0.2291686274146155    0.00000e+00    0.00000e+00    7.64961595E+10
    -3.12419492071771e-04    3.22782200276288e-04    3.27548684767211e-04    7.7965927E+04    550.67    550.67    0.2281963901786601    0.00000e+00    0.00000e+00    7.65463868E+10
    -3.15381844259317e-04    3.25391099049622e-04    3.31258256040768e-04    7.6376804E+04    545.07    545.07    0.2273720532633844    0.00000e+00    0.00000e+00    7.65966140E+10
    -3.18329807176809e-04    3.27991009377308e-04    3.34972151852360e-04    7.4743974E+04    539.36    539.36    0.2252704495308066    0.00000e+00    0.00000e+00    7.66468413E+10
    -3.21261446417657e-04    3.30580147145000e-04    3.38679109980176e-04    7.3094366E+04    533.64    533.64    0.2235202155592864    0.00000e+00    0.00000e+00    7.66970686E+10
    -3.24176218990540e-04    3.33156994885876e-04    3.42369773520169e-04    7.1451292E+04    527.98    527.98    0.2203003297361161    0.00000e+00    0.00000e+00    7.67472959E+10
    -3.27074658190506e-04    3.35720180577218e-04    3.46036976926134e-04    6.9834141E+04    522.43    522.43    0.2203971939152477    0.00000e+00    0.00000e+00    7.67975232E+10
    -3.29958116647726e-04    3.38269253342303e-04    3.49675998112816e-04    6.8258980E+04    517.07    517.07    0.2191963986546481    0.00000e+00    0.00000e+00    7.68477505E+10
    -3.32828315450767e-04    3.40804930705379e-04    3.53284088186643e-04    6.6739088E+04    511.93    511.93    0.2179502385127738    0.00000e+00    0.00000e+00    7.68979778E+10
    -3.35686893269873e-04    3.43328400459964e-04    3.56859889669308e-04    6.5285560E+04    507.05    507.05    0.2129130739743825    0.00000e+00    0.00000e+00    7.69482051E+10
    -3.38535459686463e-04    3.45841092806419e-04    3.60403198939065e-04    6.3906672E+04    502.46    502.46    0.2123273997599054    0.00000e+00    0.00000e+00    7.69984324E+10
    -3.41375774574201e-04    3.48344685200079e-04    3.63915131067381e-04    6.2608307E+04    498.17    498.17    0.2108858884934672    0.00000e+00    0.00000e+00    7.70486596E+10
    -3.44209665680664e-04    3.50840855096281e-04    3.67397877412094e-04    6.1393834E+04    494.20    494.20    0.2099273342540008    0.00000e+00    0.00000e+00    7.70988869E+10
    -3.47039401933880e-04    3.53331289646636e-04    3.70854962568666e-04    6.0263742E+04    490.56    490.56    0.2091267375481825    0.00000e+00    0.00000e+00    7.71491142E+10
    -3.49867790405063e-04    3.55817583888154e-04    3.74290977722657e-04    5.9215593E+04    487.23    487.23    0.2083934364768332    0.00000e+00    0.00000e+00    7.71993415E+10
    -3.52697880572266e-04    3.58301182565605e-04    3.77711061899086e-04    5.8244238E+04    484.18    484.18    0.2062803750652919    0.00000e+00    0.00000e+00    7.72495688E+10
    -3.55532891598333e-04    3.60783414068475e-04    3.81121095887906e-04    5.7342485E+04    481.38    481.38    0.2063944157202428    0.00000e+00    0.00000e+00    7.72997961E+10
    -3.58375965075916e-04    3.63265664963893e-04    3.84527537407349e-04    5.6501553E+04    478.77    478.77    0.2038944875998334    0.00000e+00    0.00000e+00    7.73500234E+10
    -3.61229840202315e-04    3.65749501200048e-04    3.87937033252983e-04    5.5711731E+04    476.30    476.30    0.1996661313111903    0.00000e+00    0.00000e+00    7.74002507E+10
    -3.64096543498715e-04    3.68236600232277e-04    3.91355832673158e-04    5.4962969E+04    473.92    473.92    0.1989598728989223    0.00000e+00    0.00000e+00    7.74504779E+10
    -3.66977228821679e-04    3.70728586186411e-04    3.94789283162776e-04    5.4245291E+04    471.58    471.58    0.1977521563520825    0.00000e+00    0.00000e+00    7.75007052E+10
    -3.69872167666868e-04    3.73226782603800e-04    3.98241573512041e-04    5.3549366E+04    469.25    469.25    0.1978386999900986    0.00000e+00    0.00000e+00    7.75509325E+10
    -3.72780889765010e-04    3.75732100934165e-04    4.01715583514221e-04    5.2867007E+04    466.89    466.89    0.1950772480529768    0.00000e+00    0.00000e+00    7.76011598E+10
    -3.75702333374145e-04    3.78244948420997e-04    4.05212883965641e-04    5.2191564E+04    464.48    464.48    0.1938663265857042    0.00000e+00    0.00000e+00    7.76513871E+10
    -3.78634893760988e-04    3.80765232949698e-04    4.08733678488047e-04    5.1518012E+04    462.00    462.00    0.1938625129135616    0.00000e+00    0.00000e+00    7.77016144E+10
    -3.81576718937276e-04    3.83292493947270e-04    4.12277094416814e-04    5.0843105E+04    459.46    459.46    0.1931631144207800    0.00000e+00    0.00000e+00    7.77518417E+10
    -3.84526015092391e-04    3.85825926623002e-04    4.15841667614625e-04    5.0165261E+04    456.86    456.86    0.1919644795554986    0.00000e+00    0.00000e+00    7.78020690E+10
    -3.87481172644910e-04    3.88364580742080e-04    4.19425720626142e-04    4.9484261E+04    454.19    454.19    0.1893126791736371    0.00000e+00    0.00000e+00    7.78522962E+10
    -3.90440727457517e-04    3.90907603032425e-04    4.23027624477398e-04    4.8800921E+04    451.48    451.48    0.1877597101707693    0.00000e+00    0.00000e+00    7.79025235E+10
    -3.93403288114946e-04    3.93454406869482e-04    4.26645890790392e-04    4.8116782E+04    448.74    448.74    0.1861242134833865    0.00000e+00    0.00000e+00    7.79527508E+10
    -3.96367477746344e-04    3.96004730453865e-04    4.30279099061037e-04    4.7433761E+04    445.97    445.97    0.1850808515513292    0.00000e+00    0.00000e+00    7.80029781E+10
    -3.99331861303215e-04    3.98558408948920e-04    4.33925702733691e-04    4.6753939E+04    443.20    443.20    0.1844910773569322    0.00000e+00    0.00000e+00    7.80532054E+10
    -4.02294989192652e-04    4.01115219340356e-04    4.37583912845872e-04    4.6079412E+04    440.42    440.42    0.1835828381097061    0.00000e+00    0.00000e+00    7.81034327E+10
    -4.05255358492243e-04    4.03674773777226e-04    4.41251504102781e-04    4.5412280E+04    437.66    437.66    0.1813766004950527    0.00000e+00    0.00000e+00    7.81536600E+10
    -4.08211529305355e-04    4.06236500179388e-04    4.44925940928868e-04    4.4754537E+04    434.91    434.91    0.1803672567370785    0.00000e+00    0.00000e+00    7.82038873E+10
    -4.11162231420145e-04    4.08799647085636e-04    4.48604522911928e-04    4.4107948E+04    432.20    432.20    0.1801832221917095    0.00000e+00    0.00000e+00    7.82541145E+10
    -4.14106524298070e-04    4.11363307894385e-04    4.52284617513674e-04    4.3473947E+04    429.52    429.52    0.1793090544829625    0.00000e+00    0.00000e+00    7.83043418E+10
    -4.17043869795946e-04    4.13926537218959e-04    4.55963897628435e-04    4.2853587E+04    426.88    426.88    0.1767958353656367    0.00000e+00    0.00000e+00    7.83545691E+10
    -4.19974137014077e-04    4.16488472091003e-04    4.59640564597455e-04    4.2247538E+04    424.28    424.28    0.1765736730606507    0.00000e+00    0.00000e+00    7.84047964E+10
    -4.22897515029799e-04    4.19048487100871e-04    4.63313411234668e-04    4.1656077E+04    421.73    421.73    0.1750570745653796    0.00000e+00    0.00000e+00    7.84550237E+10
    -4.25814338364553e-04    4.21606189549480e-04    4.66981686078868e-04    4.1079193E+04    419.23    419.23    0.1741377822253290    0.00000e+00    0.00000e+00    7.85052510E+10
    -4.28724936691641e-04    4.24161395207631e-04    4.70644914012647e-04    4.0516616E+04    416.78    416.78    0.1727837804253160    0.00000e+00    0.00000e+00    7.85554783E+10
    -4.31629605747409e-04    4.26714016808861e-04    4.74302726577609e-04    3.9967849E+04    414.38    414.38    0.1714382700657865    0.00000e+00    0.00000e+00    7.86057056E+10
    -4.34528549153604e-04    4.29263971934846e-04    4.77954750467218e-04    3.9432246E+04    412.02    412.02    0.1703496230383451    0.00000e+00    0.00000e+00    7.86559329E+10
    -4.37421922050602e-04    4.31811095748933e-04    4.81600554197298e-04    3.8909015E+04    409.70    409.70    0.1687358801512548    0.00000e+00    0.00000e+00    7.87061601E+10
    -4.40309913515741e-04    4.34355160388692e-04    4.85239589928391e-04    3.8397242E+04    407.41    407.41    0.1678191906143696    0.00000e+00    0.00000e+00    7.87563874E+10
    -4.43192799892817e-04    4.36895821636410e-04    4.88871329213582e-04    3.7896009E+04    405.16    405.16    0.1677962199453433    0.00000e+00    0.00000e+00    7.88066147E+10
    -4.46071027210417e-04    4.39432648007910e-04    4.92495311479876e-04    3.7404428E+04    402.95    402.95    0.1668473914443314    0.00000e+00    0.00000e+00    7.88568420E+10
    -4.48945211181918e-04    4.41965164385785e-04    4.96111536727272e-04    3.6921655E+04    400.76    400.76    0.1650514671167311    0.00000e+00    0.00000e+00    7.89070693E+10
    -4.51816127509207e-04    4.44492987767227e-04    4.99720489769451e-04    3.6446886E+04    398.59    398.59    0.1653138860701328    0.00000e+00    0.00000e+00    7.89572966E+10
    -4.54684595527407e-04    4.47015953315584e-04    5.03322897826936e-04    3.5979347E+04    396.44    396.44    0.1650569919474677    0.00000e+00    0.00000e+00    7.90075239E+10
    -4.57551342457039e-04    4.49534124056635e-04    5.06920069896664e-04    3.5518352E+04    394.31    394.31    0.1633056397620697    0.00000e+00    0.00000e+00    7.90577512E+10
    -4.60416911289426e-04    4.52047727852810e-04    5.10513121050103e-04    3.5063316E+04    392.20    392.20    0.1618388613873562    0.00000e+00    0.00000e+00    7.91079784E+10
    -4.63281622001597e-04    4.54557050744181e-04    5.14103311802824e-04    3.4613752E+04    390.10    390.10    0.1607591305624827    0.00000e+00    0.00000e+00    7.91582057E+10
    -4.66145581252563e-04    4.57062364226409e-04    5.17691514819452e-04    3.4169274E+04    388.01    388.01    0.1591563610730581    0.00000e+00    0.00000e+00    7.92084330E+10
    -4.69008740560955e-04    4.59563871921240e-04    5.21278554283245e-04    3.3729583E+04    385.93    385.93    0.1576854816250828    0.00000e+00    0.00000e+00    7.92586603E+10
    -4.71870944786395e-04    4.62061656247000e-04    5.24864866526516e-04    3.3294498E+04    383.87    383.87    0.1570631661650684    0.00000e+00    0.00000e+00    7.93088876E+10
    -4.74732014547821e-04    4.64555692963006e-04    5.28451033325684e-04    3.2863881E+04    381.81    381.81    0.1563081719006892    0.00000e+00    0.00000e+00    7.93591149E+10
    -4.77591867426908e-04    4.67045889954657e-04    5.32037394050323e-04    3.2437687E+04    379.75    379.75    0.1556266415360504    0.00000e+00    0.00000e+00    7.94093422E+10
    -4.80450522816202e-04    4.69532150259217e-04    5.35624675920957e-04    3.2015951E+04    377.71    377.71    0.1563292640010001    0.00000e+00    0.00000e+00    7.94595695E+10
    -4.83308087374713e-04    4.72014464180414e-04    5.39213509195371e-04    3.1598767E+04    375.68    375.68    0.1555417699211878    0.00000e+00    0.00000e+00    7.95097967E+10
    -4.86164662913316e-04    4.74493001403034e-04    5.42804911982294e-04    3.1186303E+04    373.66    373.66    0.1553295399966683    0.00000e+00    0.00000e+00    7.95600240E+10
    -4.89020263976419e-04    4.76968081904108e-04    5.46399708464985e-04    3.0778780E+04    371.65    371.65    0.1538187511660407    0.00000e+00    0.00000e+00    7.96102513E+10
    -4.91874798449424e-04    4.79440142015949e-04    5.49998771308069e-04    3.0376443E+04    369.65    369.65    0.1523083715461283    0.00000e+00    0.00000e+00    7.96604786E+10
    -4.94728072406858e-04    4.81909652007827e-04    5.53602682287965e-04    2.9979608E+04    367.67    367.67    0.1525220024282692    0.00000e+00    0.00000e+00    7.97107059E+10
    -4.97579697997776e-04    4.84377062756466e-04    5.57211780774249e-04    2.9588596E+04    365.70    365.70    0.1498582736642939    0.00000e+00    0.00000e+00    7.97609332E+10
    -5.00429287371234e-04    4.86842771809084e-04    5.60826066766921e-04    2.9203772E+04    363.75    363.75    0.1487083828250489    0.00000e+00    0.00000e+00    7.98111605E+10
    -5.03276549639022e-04    4.89306982787427e-04    5.64445540265980e-04    2.8825472E+04    361.83    361.83    0.1482158686483138    0.00000e+00    0.00000e+00    7.98613878E+10
    -5.06121096950196e-04    4.91769933250200e-04    5.68069861901851e-04    2.8454072E+04    359.92    359.92    0.1475485799442271    0.00000e+00    0.00000e+00    7.99116151E+10
    -5.08962880823387e-04    4.94231671678770e-04    5.71698886230428e-04    2.8089936E+04    358.05    358.05    0.1467969626956474    0.00000e+00    0.00000e+00    7.99618423E+10
    -5.11801804295860e-04    4.96692391998609e-04    5.75332419326240e-04    2.7733408E+04    356.19    356.19    0.1465488737857887    0.00000e+00    0.00000e+00    8.00120696E+10
    -5.14638012811719e-04    4.99152191172455e-04    5.78970606633390e-04    2.7384808E+04    354.37    354.37    0.1464596640536070    0.00000e+00    0.00000e+00    8.00622969E+10
    -5.17471603333700e-04    5.01611457051251e-04    5.82613642077351e-04    2.7044441E+04    352.58    352.58    0.1459419026064326    0.00000e+00    0.00000e+00    8.01125242E+10
    -5.20302575861803e-04    5.04070577485943e-04    5.86261719583596e-04    2.6712537E+04    350.83    350.83    0.1447998542196195    0.00000e+00    0.00000e+00    8.01627515E+10
    -5.23130978877396e-04    5.06529988808844e-04    5.89914936114861e-04    2.6389298E+04    349.10    349.10    0.1444496488032169    0.00000e+00    0.00000e+00    8.02129788E+10
    -5.25956569973639e-04    5.08990224315002e-04    5.93573388633881e-04    2.6074860E+04    347.42    347.42    0.1435423550260445    0.00000e+00    0.00000e+00    8.02632061E+10
    -5.28779203706427e-04    5.11451574892627e-04    5.97236931696554e-04    2.5769329E+04    345.77    345.77    0.1426685101305047    0.00000e+00    0.00000e+00    8.03134334E+10
    -5.31598734631655e-04    5.13914379911295e-04    6.00905274414669e-04    2.5472765E+04    344.15    344.15    0.1400907497928705    0.00000e+00    0.00000e+00    8.03636606E+10
