    4.30316706058281e-05    -3.01861573638554e-05    -2.23548141047204e-05    7.6462844E+06    627.69    627.69    1.2412432080769877    0.00000e+00    0.00000e+00    7.61947957E+10
    6.05591822825851e-05    -3.11705817244356e-05    -2.90516055987828e-05    8.3408789E+06    1258.59    1258.59    0.8188129071854612    0.00000e+00    0.00000e+00    7.62450230E+10
    7.42315341069754e-05    -3.21294554343940e-05    -3.22954527299238e-05    6.7475665E+06    1157.04    1157.04    0.6874767556815339    0.00000e+00    0.00000e+00    7.62952503E+10
    8.63978801049142e-05    -3.30639638631809e-05    -3.45122400157405e-05    4.9736765E+06    985.91    985.91    0.6266736762300080    0.00000e+00    0.00000e+00    7.63454776E+10
    9.76007558743842e-05    -3.40931442835464e-05    -3.60863078652555e-05    3.6082808E+06    846.69    846.69    0.6289739205319311    0.00000e+00    0.00000e+00    7.63957049E+10
    1.08019125537630e-04    -3.51783003219055e-05    -3.70383883659142e-05    2.6403847E+06    743.73    743.73    0.6023003615605453    0.00000e+00    0.00000e+00    7.64459322E+10
    1.17645600534151e-04    -3.61562131499347e-05    -3.73415564203087e-05    1.9862116E+06    667.92    667.92    0.5822651727680306    0.00000e+00    0.00000e+00    7.64961595E+10
    1.26499650981382e-04    -3.68882982920753e-05    -3.69719616193970e-05    1.5438584E+06    609.51    609.51    0.5508901773770352    0.00000e+00    0.00000e+00    7.65463868E+10
    1.34706140642891e-04    -3.73272898081147e-05    -3.59835899058252e-05    1.2296879E+06    560.73    560.73    0.5289051558383565    0.00000e+00    0.00000e+00    7.65966140E+10
    1.42396187378735e-04    -3.74929026463954e-05    -3.44845014009758e-05    9.9477945E+05    518.21    518.21    0.5085143753723738    0.00000e+00    0.00000e+00    7.66468413E+10
    1.49659025995059e-04    -3.74261588317308e-05    -3.25962238654790e-05    8.2048384E+05    484.47    484.47    0.4824300019303418    0.00000e+00    0.00000e+00    7.66970686E+10
    1.56619748117863e-04    -3.71784432813678e-05    -3.05111318528126e-05    7.3557272E+05    529.63    529.63    0.4483747804819319    0.00000e+00    0.00000e+00    7.67472959E+10
    1.64163201740950e-04    -3.69265743321989e-05    -2.91979044296355e-05    8.0869439E+05    942.67    942.67    0.4184571103620017    0.00000e+00    0.00000e+00    7.67975232E+10
    1.73607348008279e-04    -3.69370666698854e-05    -3.02827143110262e-05    9.6222710E+05    1440.07    1440.07    0.3943169602717616    0.00000e+00    0.00000e+00    7.68477505E+10
    1.84542679347829e-04    -3.72094568125484e-05    -3.37950100496028e-05    1.0495399E+06    1652.00    1652.00    0.3741804259013678    0.00000e+00    0.00000e+00    7.68979778E+10
    1.96158117015513e-04    -3.76754199681091e-05    -3.87128902176079e-05    1.0103909E+06    1623.68    1623.68    0.3573165559259636    0.00000e+00    0.00000e+00    7.69482051E+10
    2.08086754017467e-04    -3.81037155247159e-05    -4.40241031187929e-05    8.9541967E+05    1509.69    1509.69    0.3466479080872273    0.00000e+00    0.00000e+00    7.69984324E+10
    2.20167806744488e-04    -3.83680684261734e-05    -4.91798537257385e-05    7.6995343E+05    1401.81    1401.81    0.3356564316810690    0.00000e+00    0.00000e+00    7.70486596E+10
    2.32139083109696e-04    -3.85129433592447e-05    -5.39271832281208e-05    6.6578327E+05    1316.30    1316.30    0.3265879804735780    0.00000e+00    0.00000e+00    7.70988869E+10
    2.43782509071190e-04    -3.85749335757661e-05    -5.82598031076820e-05    5.8204513E+05    1243.35    1243.35    0.3188663767168163    0.00000e+00    0.00000e+00    7.71491142E+10
    2.54980163397314e-04    -3.85761858495044e-05    -6.22931475018942e-05    5.1331265E+05    1179.97    1179.97    0.3130933889421890    0.00000e+00    0.00000e+00    7.71993415E+10
    2.65692601646974e-04    -3.85507835518690e-05    -6.61228071242619e-05    4.5488465E+05    1122.83    1122.83    0.3118026748075471    0.00000e+00    0.00000e+00    7.72495688E+10
    2.75969929314111e-04    -3.85378719939136e-05    -6.98124089222938e-05    4.0467557E+05    1070.87    1070.87    0.3086260480777120    0.00000e+00    0.00000e+00    7.72997961E+10
    2.85905647565265e-04    -3.85749791482521e-05    -7.34057364195311e-05    3.6173972E+05    1023.18    1023.18    0.3024157071123844    0.00000e+00    0.00000e+00    7.73500234E+10
    2.95593519366362e-04    -3.86870297710438e-05    -7.69155256713763e-05    3.2493269E+05    979.11    979.11    0.3009145970413699    0.00000e+00    0.00000e+00    7.74002507E+10
    3.05112186344615e-04    -3.88801999037725e-05    -8.03309459401936e-05    2.9298772E+05    938.13    938.13    0.2969740456511096    0.00000e+00    0.00000e+00    7.74504779E+10
    3.14519554646096e-04    -3.91455282503564e-05    -8.36283189257975e-05    2.6482101E+05    899.72    899.72    0.2972704188475359    0.00000e+00    0.00000e+00    7.75007052E+10
    3.23854894178974e-04    -3.94687520771111e-05    -8.67786818588785e-05    2.3958937E+05    863.20    863.20    0.2973357219673304    0.00000e+00    0.00000e+00    7.75509325E+10
    3.33142319575748e-04    -3.98319177637977e-05    -8.97562814366962e-05    2.1669672E+05    828.13    828.13    0.2945904565035377    0.00000e+00    0.00000e+00    7.76011598E+10
    3.42394901413261e-04    -4.02158848662859e-05    -9.25446582347769e-05    1.9580749E+05    794.32    794.32    0.2945390797887718    0.00000e+00    0.00000e+00    7.76513871E+10
    3.51617909616227e-04    -4.06035753378451e-05    -9.51385859616381e-05    1.7677935E+05    761.87    761.87    0.2983843976396231    0.00000e+00    0.00000e+00    7.77016144E+10
    3.60810379405419e-04    -4.09819772640879e-05    -9.75425152068725e-05    1.5957744E+05    731.10    731.10    0.2947906328794576    0.00000e+00    0.00000e+00    7.77518417E+10
    3.69966386357654e-04    -4.13421720125366e-05    -9.97675191149566e-05    1.4422251E+05    702.51    702.51    0.2911871408068556    0.00000e+00    0.00000e+00    7.78020690E+10
    3.79077683792219e-04    -4.16785488344598e-05    -1.01829203838285e-04    1.3080192E+05    676.71    676.71    0.2883171387006653    0.00000e+00    0.00000e+00    7.78522962E+10
    3.88139026025081e-04    -4.19877232455496e-05    -1.03749216307720e-04    1.1954677E+05    655.28    655.28    0.2846529659392282    0.00000e+00    0.00000e+00    7.79025235E+10
    3.97159828137929e-04    -4.22671703361549e-05    -1.05565643486049e-04    1.1086712E+05    642.45    642.45    0.2781488063739623    0.00000e+00    0.00000e+00    7.79527508E+10
    4.06179209746691e-04    -4.25155384457325e-05    -1.07347377397358e-04    1.0520166E+05    644.89    644.89    0.2762295725329498    0.00000e+00    0.00000e+00    7.80029781E+10
    4.15277422060002e-04    -4.27313314392628e-05    -1.09201833360833e-04    1.0286115E+05    668.48    668.48    0.2742257859548335    0.00000e+00    0.00000e+00    7.80532054E+10
    4.24563829348046e-04    -4.29135607816498e-05    -1.11264924043837e-04    1.0353567E+05    708.99    708.99    0.2700985592942108    0.00000e+00    0.00000e+00    7.81034327E+10
    4.34136310644902e-04    -4.30618856488759e-05    -1.13655137910033e-04    1.0608056E+05    751.24    751.24    0.2686265591246386    0.00000e+00    0.00000e+00    7.81536600E+10
    4.44040782654309e-04    -4.31812259301768e-05    -1.16432388234132e-04    1.0907895E+05    783.55    783.55    0.2662592743175750    0.00000e+00    0.00000e+00    7.82038873E+10
    4.54264150558738e-04    -4.32780412830396e-05    -1.19593630386217e-04    1.1149587E+05    802.93    802.93    0.2618574402040721    0.00000e+00    0.00000e+00    7.82541145E+10
    4.64760933986767e-04    -4.33579153066298e-05    -1.23100113208758e-04    1.1287982E+05    811.22    811.22    0.2596106320278524    0.00000e+00    0.00000e+00    7.83043418E+10
    4.75474477611619e-04    -4.34230699020477e-05    -1.26901178520213e-04    1.1316417E+05    811.25    811.25    0.2569344376722811    0.00000e+00    0.00000e+00    7.83545691E+10
    4.86346516525100e-04    -4.34747326175341e-05    -1.30938188105855e-04    1.1248691E+05    805.66    805.66    0.2560395372646455    0.00000e+00    0.00000e+00    7.84047964E+10
    4.97323134597733e-04    -4.35152305587583e-05    -1.35157220988069e-04    1.1102563E+05    796.17    796.17    0.2528211857155485    0.00000e+00    0.00000e+00    7.84550237E+10
    5.08360354380504e-04    -4.35436067035136e-05    -1.39511400532029e-04    1.0892065E+05    783.84    783.84    0.2491808841514947    0.00000e+00    0.00000e+00    7.85052510E+10
    5.19426711465511e-04    -4.35534930240988e-05    -1.43961592577396e-04    1.0626471E+05    769.40    769.40    0.2428828546837225    0.00000e+00    0.00000e+00    7.85554783E+10
    5.30501261901728e-04    -4.35362530495985e-05    -1.48477462332143e-04    1.0312175E+05    753.29    753.29    0.2401742318440935    0.00000e+00    0.00000e+00    7.86057056E+10
    5.41571642940287e-04    -4.34836313726509e-05    -1.53036727759486e-04    9.9556440E+04    735.84    735.84    0.2349191513543421    0.00000e+00    0.00000e+00    7.86559329E+10
    5.52630097562291e-04    -4.33897200537379e-05    -1.57623365767264e-04    9.5648015E+04    717.23    717.23    0.2300191794609396    0.00000e+00    0.00000e+00    7.87061601E+10
    5.63671971556402e-04    -4.32529012696057e-05    -1.62227209812586e-04    9.1491381E+04    698.04    698.04    0.2275242610412585    0.00000e+00    0.00000e+00    7.87563874E+10
    5.74696440739360e-04    -4.30748975632632e-05    -1.66842059128468e-04    8.7183888E+04    678.77    678.77    0.2249990188498606    0.00000e+00    0.00000e+00    7.88066147E+10
    5.85702099151491e-04    -4.28602351552373e-05    -1.71460229418066e-04    8.2813697E+04    659.69    659.69    0.2224107080422970    0.00000e+00    0.00000e+00    7.88568420E+10
    5.96684874357874e-04    -4.26148011380576e-05    -1.76073483696937e-04    7.8465018E+04    641.06    641.06    0.2161313255440557    0.00000e+00    0.00000e+00    7.89070693E+10
    6.07637882004237e-04    -4.23450231715085e-05    -1.80674108579416e-04    7.4209134E+04    623.02    623.02    0.2171023232814516    0.00000e+00    0.00000e+00    7.89572966E+10
    6.18553849885363e-04    -4.20578408786211e-05    -1.85255074267125e-04    7.0098667E+04    605.68    605.68    0.2133021309273358    0.00000e+00    0.00000e+00    7.90075239E+10
    6.29426136053822e-04    -4.17607368737499e-05    -1.89809923041833e-04    6.6179319E+04    589.09    589.09    0.2103349841497470    0.00000e+00    0.00000e+00    7.90577512E+10
    6.40248631857230e-04    -4.14610211775786e-05    -1.94333239534722e-04    6.2475888E+04    573.28    573.28    0.2064014996780406    0.00000e+00    0.00000e+00    7.91079784E+10
    6.51016295233304e-04    -4.11654472446849e-05    -1.98820970703417e-04    5.8993493E+04    558.20    558.20    0.2028134140590591    0.00000e+00    0.00000e+00    7.91582057E+10
    6.61725587042173e-04    -4.08798740484052e-05    -2.03270513098452e-04    5.5726529E+04    543.83    543.83    0.1995310151737706    0.00000e+00    0.00000e+00    7.92084330E+10
    6.72374810435953e-04    -4.06088370207262e-05    -2.07680703166990e-04    5.2665802E+04    530.15    530.15    0.1963005822259947    0.00000e+00    0.00000e+00    7.92586603E+10
    6.82964062377380e-04    -4.03558500912086e-05    -2.12051264565235e-04    4.9802777E+04    517.16    517.16    0.1931962813399149    0.00000e+00    0.00000e+00    7.93088876E+10
    6.93494845788864e-04    -4.01239709797391e-05    -2.16382779069603e-04    4.7131292E+04    504.85    504.85    0.1912611570330711    0.00000e+00    0.00000e+00    7.93591149E+10
    7.03969342331972e-04    -3.99160785099562e-05    -2.20676162977952e-04    4.4645731E+04    493.20    493.20    0.1880509910317606    0.00000e+00    0.00000e+00    7.94093422E+10
    7.14390218481949e-04    -3.97346098402348e-05    -2.24932298651182e-04    4.2341732E+04    482.21    482.21    0.1846515782233521    0.00000e+00    0.00000e+00    7.94595695E+10
    7.24760674009090e-04    -3.95814053233084e-05    -2.29151932702360e-04    4.0216034E+04    471.88    471.88    0.1836786413093653    0.00000e+00    0.00000e+00    7.95097967E+10
    7.35084248053269e-04    -3.94576425716085e-05    -2.33335845681515e-04    3.8264729E+04    462.23    462.23    0.1798937279734217    0.00000e+00    0.00000e+00    7.95600240E+10
    7.45365158493510e-04    -3.93638597283209e-05    -2.37485269015395e-04    3.6483354E+04    453.29    453.29    0.1787728949645882    0.00000e+00    0.00000e+00    7.96102513E+10
    7.55608544354832e-04    -3.92999423774171e-05    -2.41602103173631e-04    3.4866540E+04    445.07    445.07    0.1772079491752321    0.00000e+00    0.00000e+00    7.96604786E+10
    7.65820756696460e-04    -3.92651390576913e-05    -2.45688985542648e-04    3.3407975E+04    437.60    437.60    0.1749073216828113    0.00000e+00    0.00000e+00    7.97107059E+10
    7.76009164686345e-04    -3.92581310759309e-05    -2.49749271033120e-04    3.2100246E+04    430.88    430.88    0.1700164958968133    0.00000e+00    0.00000e+00    7.97609332E+10
    7.86182107119802e-04    -3.92771784358343e-05    -2.53787075713198e-04    3.0935276E+04    424.94    424.94    0.1703456695070729    0.00000e+00    0.00000e+00    7.98111605E+10
    7.96348746975406e-04    -3.93202997038869e-05    -2.57807267112242e-04    2.9904107E+04    419.74    419.74    0.1664616463569801    0.00000e+00    0.00000e+00    7.98613878E+10
    8.06518829008145e-04    -3.93854155142104e-05    -2.61815338169258e-04    2.8996499E+04    415.26    415.26    0.1657352492217231    0.00000e+00    0.00000e+00    7.99116151E+10
    8.16702243417114e-04    -3.94704275931930e-05    -2.65817101800283e-04    2.8201302E+04    411.46    411.46    0.1624975138743888    0.00000e+00    0.00000e+00    7.99618423E+10
    8.26908686475937e-04    -3.95732032454514e-05    -2.69818487276636e-04    2.7507226E+04    408.25    408.25    0.1616891139514482    0.00000e+00    0.00000e+00    8.00120696E+10
    8.37147224200448e-04    -3.96915234787672e-05    -2.73825302666218e-04    2.6901520E+04    405.56    405.56    0.1609651989420955    0.00000e+00    0.00000e+00    8.00622969E+10
    8.47426049941860e-04    -3.98230408252965e-05    -2.77842924552752e-04    2.6370442E+04    403.25    403.25    0.1587711426784119    0.00000e+00    0.00000e+00    8.01125242E+10
    8.57752241979917e-04    -3.99652371627797e-05    -2.81876142895407e-04    2.5900129E+04    401.21    401.21    0.1577064262022145    0.00000e+00    0.00000e+00    8.01627515E+10
    8.68131666560159e-04    -4.01154043219939e-05    -2.85929083458610e-04    2.5477215E+04    399.32    399.32    0.1550743116711349    0.00000e+00    0.00000e+00    8.02129788E+10
    8.78568687005717e-04    -4.02706038472180e-05    -2.90005052671665e-04    2.5089373E+04    397.48    397.48    0.1537272563570272    0.00000e+00    0.00000e+00    8.02632061E+10
    8.89066212198677e-04    -4.04275850627202e-05    -2.94106358247695e-04    2.4725279E+04    395.60    395.60    0.1520136023494381    0.00000e+00    0.00000e+00    8.03134334E+10
    8.99625599617347e-04    -4.05830808091036e-05    -2.98234507957249e-04    2.4375077E+04    393.63    393.63    0.1489825136962026    0.00000e+00    0.00000e+00    8.03636606E+10
