    -1.73355797581699e-05    -5.70682328903877e-05    -1.04146109027761e-05    5.0909028E+06    472.01    472.01    1.2352490701974570    0.00000e+00    0.00000e+00    7.83043418E+10
    -1.55256146613964e-05    -7.13127424286763e-05    -1.42449211451038e-05    2.2237795E+06    335.86    335.86    0.8934046495601033    0.00000e+00    0.00000e+00    7.83545691E+10
    -1.38509998481150e-05    -8.43454019933898e-05    -1.78648217650163e-05    1.2740536E+06    289.19    289.19    0.7713723872047269    0.00000e+00    0.00000e+00    7.84047964E+10
    -1.23853062792478e-05    -9.59639376204958e-05    -2.10039646550755e-05    1.0210016E+06    343.56    343.56    0.7066166301209409    0.00000e+00    0.00000e+00    7.84550237E+10
    -1.10806052742804e-05    -1.05766763593521e-04    -2.30919102810689e-05    9.9282856E+05    423.21    423.21    0.6579122516656674    0.00000e+00    0.00000e+00    7.85052510E+10
    -9.77004190228098e-06    -1.13564487447939e-04    -2.37459830841547e-05    9.7735178E+05    460.96    460.96    0.6115324850008879    0.00000e+00    0.00000e+00    7.85554783E+10
    -8.27932273600863e-06    -1.19601944940848e-04    -2.30793288812304e-05    9.0832213E+05    459.61    459.61    0.5753304619338588    0.00000e+00    0.00000e+00    7.86057056E+10
    -6.53291477357383e-06    -1.24323967169077e-04    -2.14276922971789e-05    8.1059903E+05    447.94    447.94    0.5390831639491015    0.00000e+00    0.00000e+00    7.86559329E+10
    -4.47494280189640e-06    -1.28630339235943e-04    -1.94012937680023e-05    8.0995328E+05    931.65    931.65    0.4965391677816199    0.00000e+00    0.00000e+00    7.87061601E+10
    -1.35454755992303e-06    -1.36597447294267e-04    -1.90815765986031e-05    9.9557298E+05    2035.35    2035.35    0.4509152408586134    0.00000e+00    0.00000e+00    7.87563874E+10
    2.43639144817549e-06    -1.47633440498426e-04    -2.09244615139513e-05    1.0551948E+06    2326.32    2326.32    0.4291435093892280    0.00000e+00    0.00000e+00    7.88066147E+10
    6.28283721095655e-06    -1.59376796255870e-04    -2.35724605106667e-05    1.1371253E+06    2360.83    2360.83    0.4101706410053047    0.00000e+00    0.00000e+00    7.88568420E+10
    1.03627688062276e-05    -1.71645738525005e-04    -2.66991606576002e-05    1.1672456E+06    2258.61    2258.61    0.3924200763276238    0.00000e+00    0.00000e+00    7.89070693E+10
    1.43502692187542e-05    -1.84244354097295e-04    -3.06343787627559e-05    1.0893750E+06    2072.16    2072.16    0.3727283353744593    0.00000e+00    0.00000e+00    7.89572966E+10
    1.77881833879339e-05    -1.96983090519699e-04    -3.49829301046920e-05    9.5195230E+05    1853.12    1853.12    0.3616911170857265    0.00000e+00    0.00000e+00    7.90075239E+10
    2.06661256350900e-05    -2.09895690824423e-04    -3.91921372680309e-05    8.1319109E+05    1652.68    1652.68    0.3518619060782843    0.00000e+00    0.00000e+00    7.90577512E+10
    2.33809765599210e-05    -2.22884164470240e-04    -4.32340454111063e-05    6.9708520E+05    1501.82    1501.82    0.3418017895800233    0.00000e+00    0.00000e+00    7.91079784E+10
    2.62284666901393e-05    -2.35741413596991e-04    -4.72307878268358e-05    6.0343831E+05    1386.27    1386.27    0.3293371679001736    0.00000e+00    0.00000e+00    7.91582057E+10
    2.92561901848195e-05    -2.48321407475790e-04    -5.12166723553632e-05    5.2817513E+05    1294.75    1294.75    0.3252510698968339    0.00000e+00    0.00000e+00    7.92084330E+10
    3.23915539522344e-05    -2.60558749589190e-04    -5.51503148160552e-05    4.6780608E+05    1220.76    1220.76    0.3213301838597578    0.00000e+00    0.00000e+00    7.92586603E+10
    3.55447932848855e-05    -2.72438289509658e-04    -5.89717326058441e-05    4.1814016E+05    1157.97    1157.97    0.3159795003452698    0.00000e+00    0.00000e+00    7.93088876E+10
    3.86460067766030e-05    -2.83974988587393e-04    -6.26382669689288e-05    3.7548121E+05    1101.94    1101.94    0.3080022697661719    0.00000e+00    0.00000e+00    7.93591149E+10
    4.16553660138565e-05    -2.95199821568480e-04    -6.61335069622040e-05    3.3744979E+05    1049.76    1049.76    0.3071961410022002    0.00000e+00    0.00000e+00    7.94093422E+10
    4.45593005768980e-05    -3.06148596791407e-04    -6.94673379366273e-05    3.0300773E+05    1000.33    1000.33    0.3003347536467489    0.00000e+00    0.00000e+00    7.94595695E+10
    4.73569993724390e-05    -3.16854902148000e-04    -7.26679566558922e-05    2.7194986E+05    953.53    953.53    0.2976649861452280    0.00000e+00    0.00000e+00    7.95097967E+10
    5.00565762422466e-05    -3.27346667754429e-04    -7.57673802154991e-05    2.4427570E+05    909.67    909.67    0.2996253969513447    0.00000e+00    0.00000e+00    7.95600240E+10
    5.26716563900146e-05    -3.37645933240637e-04    -7.87939605195192e-05    2.1987413E+05    869.02    869.02    0.2987860292799518    0.00000e+00    0.00000e+00    7.96102513E+10
    5.52186977857757e-05    -3.47771218489241e-04    -8.17694947910554e-05    1.9848284E+05    831.62    831.62    0.2992011278408834    0.00000e+00    0.00000e+00    7.96604786E+10
    5.77142907536975e-05    -3.57741140345598e-04    -8.47073978246639e-05    1.7976238E+05    797.36    797.36    0.2968879259444287    0.00000e+00    0.00000e+00    7.97107059E+10
    6.01726209420892e-05    -3.67574873190793e-04    -8.76129540894687e-05    1.6338467E+05    766.06    766.06    0.2940087323773254    0.00000e+00    0.00000e+00    7.97609332E+10
    6.26042039596941e-05    -3.77289870317349e-04    -9.04845685484590e-05    1.4905183E+05    737.54    737.54    0.2938395634365152    0.00000e+00    0.00000e+00    7.98111605E+10
    6.50160017309729e-05    -3.86899784078523e-04    -9.33153519992263e-05    1.3650407E+05    711.60    711.60    0.2888363519243654    0.00000e+00    0.00000e+00    7.98613878E+10
    6.74121642610359e-05    -3.96413830782395e-04    -9.60951524432881e-05    1.2553583E+05    688.10    688.10    0.2843452223746959    0.00000e+00    0.00000e+00    7.99116151E+10
    6.97949798704580e-05    -4.05837459734740e-04    -9.88128531029365e-05    1.1602477E+05    667.14    667.14    0.2799640092253217    0.00000e+00    0.00000e+00    7.99618423E+10
    7.21659320891033e-05    -4.15174796699985e-04    -1.01459349177240e-04    1.0796025E+05    649.21    649.21    0.2752603673718068    0.00000e+00    0.00000e+00    8.00120696E+10
    7.45276098220290e-05    -4.24434059270023e-04    -1.04032119635058e-04    1.0144360E+05    636.06    636.06    0.2706631351657732    0.00000e+00    0.00000e+00    8.00622969E+10
    7.68860877846593e-05    -4.33637146478832e-04    -1.06543187855681e-04    9.6678556E+04    630.53    630.53    0.2655204072658253    0.00000e+00    0.00000e+00    8.01125242E+10
    7.92555661697141e-05    -4.42838376851242e-04    -1.09036051322578e-04    9.3899679E+04    636.38    636.38    0.2634224298693254    0.00000e+00    0.00000e+00    8.01627515E+10
    8.16594905668117e-05    -4.52122849732698e-04    -1.11587325141775e-04    9.3147810E+04    654.94    654.94    0.2614024546917951    0.00000e+00    0.00000e+00    8.02129788E+10
    8.41245499690972e-05    -4.61587072134562e-04    -1.14290098388182e-04    9.4107337E+04    681.51    681.51    0.2577089226468207    0.00000e+00    0.00000e+00    8.02632061E+10
    8.66732009462796e-05    -4.71312153385685e-04    -1.17228413513420e-04    9.6052008E+04    707.37    707.37    0.2537642241645507    0.00000e+00    0.00000e+00    8.03134334E+10
    8.93152124940332e-05    -4.81333276414903e-04    -1.20446509765889e-04    9.8073321E+04    726.07    726.07    0.2531062036510026    0.00000e+00    0.00000e+00    8.03636606E+10
