    -2.29181123334100e-05    2.82637630048052e-05    -2.21327864072510e-05    7.1843245E+06    538.66    538.66    1.6172255934372108    0.00000e+00    0.00000e+00    7.92586603E+10
    -2.08353983318494e-05    3.24731485795788e-05    -3.02679759751205e-05    4.0837282E+06    427.62    427.62    1.1841100424899054    0.00000e+00    0.00000e+00    7.93088876E+10
    -1.53070965301646e-05    3.58914660949544e-05    -3.52806367329688e-05    3.2179815E+06    419.27    419.27    0.9600023894837242    0.00000e+00    0.00000e+00    7.93591149E+10
    -7.77738882937807e-06    3.83182795155645e-05    -3.43854568748072e-05    3.9589149E+06    907.97    907.97    0.8214236187983601    0.00000e+00    0.00000e+00    7.94093422E+10
    -4.63518705587933e-06    4.13173985182456e-05    -3.13262985458575e-05    9.5684737E+06    3809.42    3809.42    0.7277637161218817    0.00000e+00    0.00000e+00    7.94595695E+10
    -7.59593034074399e-06    4.86859885732027e-05    -3.04214490788262e-05    7.3331357E+06    3399.11    3399.11    0.7129432584299108    0.00000e+00    0.00000e+00    7.95097967E+10
    -1.35972221874835e-05    6.03550805709748e-05    -2.85607622899213e-05    5.9897291E+06    3213.62    3213.62    0.6346021016083021    0.00000e+00    0.00000e+00    7.95600240E+10
    -2.35650627387067e-05    7.40028862786905e-05    -2.75303291110038e-05    4.5525834E+06    2738.41    2738.41    0.5809669411152879    0.00000e+00    0.00000e+00    7.96102513E+10
    -3.52701036709330e-05    8.86507850403462e-05    -2.69648375852208e-05    3.2186793E+06    2217.26    2217.26    0.5296775437995735    0.00000e+00    0.00000e+00    7.96604786E+10
    -4.62115659642939e-05    1.03969438074227e-04    -2.59781341155257e-05    2.4317716E+06    1876.73    1876.73    0.4781102438362568    0.00000e+00    0.00000e+00    7.97107059E+10
    -5.65675221686746e-05    1.19637796912567e-04    -2.43368836949646e-05    1.9461756E+06    1648.99    1648.99    0.4428216756019313    0.00000e+00    0.00000e+00    7.97609332E+10
    -6.68121200642002e-05    1.35444250079833e-04    -2.25389623396572e-05    1.6406250E+06    1514.34    1514.34    0.4351152214604767    0.00000e+00    0.00000e+00    7.98111605E+10
    -7.66317884645069e-05    1.50784981528752e-04    -2.11598448587079e-05    1.4393109E+06    1430.87    1430.87    0.4208896886255454    0.00000e+00    0.00000e+00    7.98613878E+10
    -8.58474129551089e-05    1.65355891877847e-04    -2.05330365226066e-05    1.2427550E+06    1336.83    1336.83    0.4046766384607327    0.00000e+00    0.00000e+00    7.99116151E+10
    -9.45449025202986e-05    1.79287817795241e-04    -2.06014956080750e-05    1.0467619E+06    1239.24    1239.24    0.3920767951454232    0.00000e+00    0.00000e+00    7.99618423E+10
    -1.02932945209110e-04    1.92817178672524e-04    -2.11602074993414e-05    8.7974431E+05    1146.67    1146.67    0.3798811019068616    0.00000e+00    0.00000e+00    8.00120696E+10
    -1.11204453233393e-04    2.06113344169195e-04    -2.20205050131471e-05    7.4477192E+05    1063.41    1063.41    0.3757543904910335    0.00000e+00    0.00000e+00    8.00622969E+10
    -1.19475049807955e-04    2.19261757848410e-04    -2.30789090325825e-05    6.3457054E+05    990.97    990.97    0.3746260482954544    0.00000e+00    0.00000e+00    8.01125242E+10
    -1.27776747180160e-04    2.32282379489421e-04    -2.42946893906703e-05    5.4354130E+05    926.71    926.71    0.3535605490486114    0.00000e+00    0.00000e+00    8.01627515E+10
    -1.36088000230021e-04    2.45153329450801e-04    -2.56639268536123e-05    4.6836743E+05    870.70    870.70    0.3501839178687863    0.00000e+00    0.00000e+00    8.02129788E+10
    -1.44359803990649e-04    2.57833277366233e-04    -2.71890173706206e-05    4.0666710E+05    823.64    823.64    0.3404201304407790    0.00000e+00    0.00000e+00    8.02632061E+10
    -1.52535192854515e-04    2.70281401923770e-04    -2.88618155870389e-05    3.5609634E+05    784.45    784.45    0.3336806199372205    0.00000e+00    0.00000e+00    8.03134334E+10
    -1.60566126633958e-04    2.82474146026645e-04    -3.06622710634575e-05    3.1446654E+05    751.91    751.91    0.3263582624036954    0.00000e+00    0.00000e+00    8.03636606E+10
