b(14N2,H2,H) (km/s)    = 0.7 3 5
Tex(14N2,H2) (K)       = 100 100
N(H)         (cm-2)    = 1.000e+20
n[N(14N2)]   (cols)    = 46
n[N(H2)]     (rows)    = 46
            
N(H2)/N(N2) 1.000e+10 1.585e+10 2.512e+10 3.981e+10 6.310e+10 1.000e+11 1.585e+11 2.512e+11 3.981e+11 6.310e+11 1.000e+12 1.585e+12 2.512e+12 3.981e+12 6.310e+12 1.000e+13 1.585e+13 2.512e+13 3.981e+13 6.310e+13 1.000e+14 1.585e+14 2.512e+14 3.981e+14 6.310e+14 1.000e+15 1.585e+15 2.512e+15 3.981e+15 6.310e+15 1.000e+16 1.585e+16 2.512e+16 3.981e+16 6.310e+16 1.000e+17 1.585e+17 2.512e+17 3.981e+17 6.310e+17 1.000e+18 1.585e+18 2.512e+18 3.981e+18 6.310e+18 1.000e+19
1.000e+14   9.179e-01 9.179e-01 9.178e-01 9.178e-01 9.177e-01 9.175e-01 9.173e-01 9.169e-01 9.164e-01 9.154e-01 9.140e-01 9.117e-01 9.081e-01 9.026e-01 8.942e-01 8.815e-01 8.628e-01 8.361e-01 7.993e-01 7.503e-01 6.883e-01 6.145e-01 5.328e-01 4.486e-01 3.668e-01 2.902e-01 2.215e-01 1.635e-01 1.185e-01 8.570e-02 6.224e-02 4.522e-02 3.275e-02 2.361e-02 1.690e-02 1.198e-02 8.403e-03 5.819e-03 3.992e-03 2.735e-03 1.881e-03 1.296e-03 8.892e-04 6.052e-04 4.080e-04 2.718e-04
1.585e+14   9.168e-01 9.168e-01 9.167e-01 9.167e-01 9.166e-01 9.164e-01 9.162e-01 9.158e-01 9.152e-01 9.143e-01 9.129e-01 9.106e-01 9.070e-01 9.015e-01 8.931e-01 8.804e-01 8.617e-01 8.351e-01 7.982e-01 7.493e-01 6.873e-01 6.135e-01 5.319e-01 4.479e-01 3.661e-01 2.896e-01 2.210e-01 1.632e-01 1.182e-01 8.547e-02 6.207e-02 4.509e-02 3.267e-02 2.355e-02 1.686e-02 1.197e-02 8.391e-03 5.811e-03 3.987e-03 2.731e-03 1.879e-03 1.295e-03 8.882e-04 6.045e-04 4.075e-04 2.714e-04
2.512e+14   9.155e-01 9.154e-01 9.154e-01 9.153e-01 9.152e-01 9.151e-01 9.149e-01 9.145e-01 9.139e-01 9.130e-01 9.115e-01 9.093e-01 9.057e-01 9.002e-01 8.918e-01 8.791e-01 8.604e-01 8.338e-01 7.970e-01 7.481e-01 6.861e-01 6.124e-01 5.309e-01 4.469e-01 3.653e-01 2.890e-01 2.205e-01 1.627e-01 1.178e-01 8.520e-02 6.186e-02 4.494e-02 3.257e-02 2.349e-02 1.683e-02 1.194e-02 8.376e-03 5.801e-03 3.981e-03 2.727e-03 1.876e-03 1.293e-03 8.870e-04 6.038e-04 4.069e-04 2.710e-04
3.981e+14   9.139e-01 9.139e-01 9.139e-01 9.138e-01 9.137e-01 9.136e-01 9.134e-01 9.130e-01 9.124e-01 9.115e-01 9.100e-01 9.078e-01 9.042e-01 8.987e-01 8.903e-01 8.776e-01 8.589e-01 8.323e-01 7.955e-01 7.467e-01 6.848e-01 6.111e-01 5.297e-01 4.459e-01 3.644e-01 2.882e-01 2.198e-01 1.622e-01 1.174e-01 8.488e-02 6.163e-02 4.478e-02 3.245e-02 2.342e-02 1.678e-02 1.192e-02 8.359e-03 5.790e-03 3.974e-03 2.723e-03 1.873e-03 1.291e-03 8.857e-04 6.029e-04 4.063e-04 2.706e-04
6.310e+14   9.123e-01 9.123e-01 9.123e-01 9.122e-01 9.121e-01 9.120e-01 9.117e-01 9.114e-01 9.108e-01 9.099e-01 9.084e-01 9.061e-01 9.026e-01 8.971e-01 8.886e-01 8.760e-01 8.573e-01 8.307e-01 7.940e-01 7.452e-01 6.833e-01 6.098e-01 5.284e-01 4.448e-01 3.634e-01 2.873e-01 2.191e-01 1.616e-01 1.170e-01 8.456e-02 6.139e-02 4.461e-02 3.234e-02 2.334e-02 1.674e-02 1.189e-02 8.340e-03 5.777e-03 3.965e-03 2.717e-03 1.870e-03 1.289e-03 8.843e-04 6.019e-04 4.056e-04 2.701e-04
1.000e+15   9.105e-01 9.105e-01 9.105e-01 9.104e-01 9.103e-01 9.102e-01 9.099e-01 9.096e-01 9.090e-01 9.081e-01 9.066e-01 9.044e-01 9.008e-01 8.953e-01 8.869e-01 8.742e-01 8.556e-01 8.290e-01 7.923e-01 7.436e-01 6.818e-01 6.084e-01 5.272e-01 4.436e-01 3.624e-01 2.865e-01 2.184e-01 1.611e-01 1.166e-01 8.424e-02 6.116e-02 4.444e-02 3.222e-02 2.327e-02 1.669e-02 1.186e-02 8.321e-03 5.764e-03 3.957e-03 2.712e-03 1.866e-03 1.286e-03 8.826e-04 6.008e-04 4.049e-04 2.695e-04
1.585e+15   9.085e-01 9.085e-01 9.085e-01 9.084e-01 9.083e-01 9.082e-01 9.079e-01 9.076e-01 9.070e-01 9.061e-01 9.046e-01 9.023e-01 8.988e-01 8.933e-01 8.849e-01 8.722e-01 8.536e-01 8.271e-01 7.904e-01 7.418e-01 6.801e-01 6.068e-01 5.258e-01 4.425e-01 3.615e-01 2.858e-01 2.178e-01 1.606e-01 1.162e-01 8.395e-02 6.095e-02 4.429e-02 3.212e-02 2.320e-02 1.664e-02 1.183e-02 8.300e-03 5.750e-03 3.947e-03 2.706e-03 1.862e-03 1.283e-03 8.808e-04 5.996e-04 4.040e-04 2.689e-04
2.512e+15   9.060e-01 9.060e-01 9.060e-01 9.059e-01 9.058e-01 9.057e-01 9.055e-01 9.051e-01 9.045e-01 9.036e-01 9.021e-01 8.999e-01 8.963e-01 8.909e-01 8.825e-01 8.698e-01 8.513e-01 8.248e-01 7.882e-01 7.396e-01 6.782e-01 6.051e-01 5.243e-01 4.413e-01 3.605e-01 2.850e-01 2.172e-01 1.601e-01 1.158e-01 8.369e-02 6.076e-02 4.415e-02 3.202e-02 2.313e-02 1.660e-02 1.180e-02 8.280e-03 5.737e-03 3.938e-03 2.699e-03 1.858e-03 1.281e-03 8.789e-04 5.983e-04 4.032e-04 2.684e-04
3.981e+15   9.030e-01 9.029e-01 9.029e-01 9.028e-01 9.027e-01 9.026e-01 9.024e-01 9.020e-01 9.014e-01 9.005e-01 8.991e-01 8.968e-01 8.933e-01 8.878e-01 8.794e-01 8.668e-01 8.483e-01 8.219e-01 7.854e-01 7.370e-01 6.758e-01 6.029e-01 5.225e-01 4.398e-01 3.594e-01 2.842e-01 2.166e-01 1.597e-01 1.155e-01 8.344e-02 6.058e-02 4.402e-02 3.193e-02 2.306e-02 1.655e-02 1.177e-02 8.259e-03 5.722e-03 3.929e-03 2.693e-03 1.854e-03 1.278e-03 8.769e-04 5.970e-04 4.023e-04 2.678e-04
6.310e+15   8.992e-01 8.992e-01 8.991e-01 8.991e-01 8.990e-01 8.988e-01 8.986e-01 8.982e-01 8.977e-01 8.968e-01 8.953e-01 8.931e-01 8.895e-01 8.841e-01 8.757e-01 8.632e-01 8.447e-01 8.184e-01 7.820e-01 7.338e-01 6.729e-01 6.004e-01 5.205e-01 4.382e-01 3.582e-01 2.833e-01 2.159e-01 1.592e-01 1.151e-01 8.319e-02 6.040e-02 4.390e-02 3.183e-02 2.300e-02 1.651e-02 1.173e-02 8.237e-03 5.708e-03 3.919e-03 2.687e-03 1.849e-03 1.275e-03 8.748e-04 5.956e-04 4.013e-04 2.672e-04
1.000e+16   8.949e-01 8.949e-01 8.949e-01 8.948e-01 8.947e-01 8.946e-01 8.943e-01 8.940e-01 8.934e-01 8.925e-01 8.911e-01 8.888e-01 8.853e-01 8.799e-01 8.715e-01 8.590e-01 8.406e-01 8.144e-01 7.782e-01 7.303e-01 6.696e-01 5.976e-01 5.182e-01 4.364e-01 3.569e-01 2.823e-01 2.152e-01 1.586e-01 1.148e-01 8.293e-02 6.022e-02 4.377e-02 3.174e-02 2.293e-02 1.646e-02 1.170e-02 8.214e-03 5.692e-03 3.909e-03 2.680e-03 1.844e-03 1.271e-03 8.727e-04 5.942e-04 4.004e-04 2.665e-04
1.585e+16   8.906e-01 8.905e-01 8.905e-01 8.904e-01 8.904e-01 8.902e-01 8.900e-01 8.896e-01 8.890e-01 8.881e-01 8.867e-01 8.845e-01 8.810e-01 8.755e-01 8.673e-01 8.548e-01 8.365e-01 8.104e-01 7.744e-01 7.266e-01 6.663e-01 5.948e-01 5.158e-01 4.346e-01 3.555e-01 2.813e-01 2.145e-01 1.581e-01 1.144e-01 8.265e-02 6.002e-02 4.363e-02 3.164e-02 2.286e-02 1.641e-02 1.166e-02 8.189e-03 5.675e-03 3.898e-03 2.672e-03 1.839e-03 1.268e-03 8.704e-04 5.927e-04 3.994e-04 2.659e-04
2.512e+16   8.865e-01 8.865e-01 8.864e-01 8.864e-01 8.863e-01 8.861e-01 8.859e-01 8.856e-01 8.850e-01 8.841e-01 8.827e-01 8.804e-01 8.769e-01 8.715e-01 8.633e-01 8.508e-01 8.326e-01 8.066e-01 7.708e-01 7.233e-01 6.633e-01 5.921e-01 5.136e-01 4.329e-01 3.542e-01 2.803e-01 2.137e-01 1.575e-01 1.139e-01 8.235e-02 5.981e-02 4.348e-02 3.154e-02 2.278e-02 1.635e-02 1.163e-02 8.162e-03 5.657e-03 3.886e-03 2.664e-03 1.834e-03 1.264e-03 8.680e-04 5.911e-04 3.984e-04 2.652e-04
3.981e+16   8.828e-01 8.828e-01 8.828e-01 8.827e-01 8.826e-01 8.825e-01 8.823e-01 8.819e-01 8.813e-01 8.804e-01 8.790e-01 8.768e-01 8.733e-01 8.679e-01 8.597e-01 8.473e-01 8.291e-01 8.032e-01 7.675e-01 7.202e-01 6.605e-01 5.896e-01 5.115e-01 4.312e-01 3.529e-01 2.793e-01 2.129e-01 1.569e-01 1.135e-01 8.203e-02 5.958e-02 4.332e-02 3.142e-02 2.270e-02 1.629e-02 1.158e-02 8.134e-03 5.638e-03 3.873e-03 2.656e-03 1.828e-03 1.260e-03 8.655e-04 5.895e-04 3.973e-04 2.644e-04
6.310e+16   8.793e-01 8.793e-01 8.792e-01 8.792e-01 8.791e-01 8.790e-01 8.787e-01 8.784e-01 8.778e-01 8.769e-01 8.755e-01 8.733e-01 8.698e-01 8.644e-01 8.562e-01 8.439e-01 8.257e-01 7.999e-01 7.643e-01 7.172e-01 6.577e-01 5.871e-01 5.094e-01 4.295e-01 3.515e-01 2.782e-01 2.121e-01 1.563e-01 1.130e-01 8.168e-02 5.933e-02 4.313e-02 3.128e-02 2.260e-02 1.623e-02 1.154e-02 8.104e-03 5.618e-03 3.860e-03 2.647e-03 1.822e-03 1.256e-03 8.629e-04 5.878e-04 3.961e-04 2.636e-04
1.000e+17   8.754e-01 8.754e-01 8.754e-01 8.753e-01 8.752e-01 8.751e-01 8.749e-01 8.745e-01 8.739e-01 8.730e-01 8.716e-01 8.694e-01 8.659e-01 8.606e-01 8.524e-01 8.401e-01 8.220e-01 7.963e-01 7.608e-01 7.139e-01 6.546e-01 5.844e-01 5.071e-01 4.276e-01 3.500e-01 2.770e-01 2.112e-01 1.556e-01 1.125e-01 8.129e-02 5.904e-02 4.292e-02 3.113e-02 2.250e-02 1.616e-02 1.149e-02 8.072e-03 5.597e-03 3.846e-03 2.638e-03 1.816e-03 1.252e-03 8.600e-04 5.859e-04 3.948e-04 2.627e-04
1.585e+17   8.708e-01 8.708e-01 8.708e-01 8.707e-01 8.706e-01 8.705e-01 8.703e-01 8.699e-01 8.693e-01 8.685e-01 8.670e-01 8.648e-01 8.614e-01 8.561e-01 8.479e-01 8.356e-01 8.176e-01 7.920e-01 7.567e-01 7.100e-01 6.511e-01 5.813e-01 5.044e-01 4.254e-01 3.482e-01 2.756e-01 2.101e-01 1.548e-01 1.119e-01 8.083e-02 5.870e-02 4.268e-02 3.096e-02 2.238e-02 1.608e-02 1.144e-02 8.037e-03 5.574e-03 3.830e-03 2.627e-03 1.809e-03 1.247e-03 8.568e-04 5.837e-04 3.933e-04 2.617e-04
2.512e+17   8.652e-01 8.652e-01 8.651e-01 8.651e-01 8.650e-01 8.648e-01 8.646e-01 8.643e-01 8.637e-01 8.628e-01 8.614e-01 8.592e-01 8.558e-01 8.505e-01 8.423e-01 8.301e-01 8.122e-01 7.868e-01 7.517e-01 7.053e-01 6.468e-01 5.775e-01 5.012e-01 4.228e-01 3.462e-01 2.741e-01 2.089e-01 1.538e-01 1.112e-01 8.028e-02 5.830e-02 4.239e-02 3.076e-02 2.224e-02 1.599e-02 1.138e-02 7.996e-03 5.546e-03 3.812e-03 2.614e-03 1.800e-03 1.241e-03 8.528e-04 5.811e-04 3.915e-04 2.605e-04
3.981e+17   8.581e-01 8.581e-01 8.580e-01 8.580e-01 8.579e-01 8.578e-01 8.575e-01 8.572e-01 8.566e-01 8.557e-01 8.543e-01 8.522e-01 8.488e-01 8.435e-01 8.354e-01 8.233e-01 8.055e-01 7.802e-01 7.455e-01 6.995e-01 6.415e-01 5.729e-01 4.974e-01 4.197e-01 3.437e-01 2.722e-01 2.074e-01 1.527e-01 1.103e-01 7.961e-02 5.780e-02 4.203e-02 3.051e-02 2.207e-02 1.587e-02 1.131e-02 7.947e-03 5.513e-03 3.789e-03 2.599e-03 1.789e-03 1.234e-03 8.479e-04 5.778e-04 3.893e-04 2.590e-04
6.310e+17   8.492e-01 8.492e-01 8.491e-01 8.491e-01 8.490e-01 8.488e-01 8.486e-01 8.483e-01 8.477e-01 8.468e-01 8.455e-01 8.433e-01 8.399e-01 8.347e-01 8.267e-01 8.147e-01 7.971e-01 7.721e-01 7.377e-01 6.922e-01 6.349e-01 5.672e-01 4.926e-01 4.158e-01 3.407e-01 2.698e-01 2.055e-01 1.512e-01 1.092e-01 7.877e-02 5.717e-02 4.158e-02 3.019e-02 2.186e-02 1.573e-02 1.121e-02 7.885e-03 5.471e-03 3.760e-03 2.579e-03 1.776e-03 1.225e-03 8.418e-04 5.737e-04 3.866e-04 2.572e-04
1.000e+18   8.379e-01 8.378e-01 8.378e-01 8.377e-01 8.377e-01 8.375e-01 8.373e-01 8.370e-01 8.364e-01 8.355e-01 8.342e-01 8.320e-01 8.287e-01 8.235e-01 8.156e-01 8.038e-01 7.864e-01 7.617e-01 7.278e-01 6.830e-01 6.266e-01 5.599e-01 4.864e-01 4.108e-01 3.367e-01 2.667e-01 2.031e-01 1.494e-01 1.077e-01 7.768e-02 5.637e-02 4.100e-02 2.979e-02 2.159e-02 1.556e-02 1.110e-02 7.808e-03 5.418e-03 3.723e-03 2.554e-03 1.758e-03 1.213e-03 8.342e-04 5.686e-04 3.832e-04 2.549e-04
1.585e+18   8.235e-01 8.234e-01 8.234e-01 8.233e-01 8.233e-01 8.231e-01 8.229e-01 8.226e-01 8.220e-01 8.212e-01 8.198e-01 8.177e-01 8.144e-01 8.093e-01 8.015e-01 7.898e-01 7.727e-01 7.484e-01 7.151e-01 6.711e-01 6.158e-01 5.504e-01 4.784e-01 4.043e-01 3.315e-01 2.626e-01 2.000e-01 1.469e-01 1.059e-01 7.627e-02 5.532e-02 4.025e-02 2.927e-02 2.124e-02 1.533e-02 1.095e-02 7.709e-03 5.352e-03 3.678e-03 2.522e-03 1.737e-03 1.199e-03 8.249e-04 5.625e-04 3.790e-04 2.521e-04
2.512e+18   8.054e-01 8.054e-01 8.053e-01 8.053e-01 8.052e-01 8.050e-01 8.048e-01 8.045e-01 8.040e-01 8.031e-01 8.018e-01 7.997e-01 7.965e-01 7.915e-01 7.838e-01 7.723e-01 7.555e-01 7.317e-01 6.991e-01 6.561e-01 6.021e-01 5.383e-01 4.681e-01 3.958e-01 3.247e-01 2.573e-01 1.959e-01 1.438e-01 1.035e-01 7.449e-02 5.401e-02 3.931e-02 2.862e-02 2.081e-02 1.504e-02 1.076e-02 7.585e-03 5.268e-03 3.621e-03 2.484e-03 1.712e-03 1.183e-03 8.138e-04 5.551e-04 3.740e-04 2.487e-04
3.981e+18   7.831e-01 7.831e-01 7.831e-01 7.830e-01 7.830e-01 7.828e-01 7.826e-01 7.823e-01 7.818e-01 7.809e-01 7.796e-01 7.776e-01 7.744e-01 7.695e-01 7.620e-01 7.507e-01 7.343e-01 7.110e-01 6.792e-01 6.373e-01 5.848e-01 5.230e-01 4.549e-01 3.849e-01 3.160e-01 2.504e-01 1.906e-01 1.398e-01 1.005e-01 7.228e-02 5.240e-02 3.817e-02 2.783e-02 2.028e-02 1.469e-02 1.053e-02 7.431e-03 5.166e-03 3.552e-03 2.438e-03 1.681e-03 1.162e-03 8.005e-04 5.462e-04 3.680e-04 2.447e-04
6.310e+18   7.561e-01 7.561e-01 7.561e-01 7.560e-01 7.559e-01 7.558e-01 7.556e-01 7.553e-01 7.548e-01 7.540e-01 7.527e-01 7.507e-01 7.476e-01 7.428e-01 7.354e-01 7.244e-01 7.084e-01 6.857e-01 6.548e-01 6.142e-01 5.635e-01 5.039e-01 4.385e-01 3.712e-01 3.049e-01 2.417e-01 1.840e-01 1.348e-01 9.685e-02 6.961e-02 5.047e-02 3.680e-02 2.689e-02 1.964e-02 1.426e-02 1.024e-02 7.243e-03 5.040e-03 3.468e-03 2.382e-03 1.645e-03 1.138e-03 7.847e-04 5.356e-04 3.608e-04 2.398e-04
1.000e+19   7.233e-01 7.233e-01 7.233e-01 7.232e-01 7.231e-01 7.230e-01 7.228e-01 7.225e-01 7.220e-01 7.212e-01 7.200e-01 7.180e-01 7.150e-01 7.103e-01 7.032e-01 6.925e-01 6.769e-01 6.549e-01 6.251e-01 5.860e-01 5.374e-01 4.804e-01 4.181e-01 3.541e-01 2.911e-01 2.309e-01 1.757e-01 1.288e-01 9.245e-02 6.644e-02 4.821e-02 3.520e-02 2.578e-02 1.888e-02 1.375e-02 9.901e-03 7.015e-03 4.888e-03 3.367e-03 2.315e-03 1.601e-03 1.110e-03 7.658e-04 5.228e-04 3.521e-04 2.339e-04
1.585e+19   6.839e-01 6.839e-01 6.839e-01 6.838e-01 6.838e-01 6.836e-01 6.834e-01 6.831e-01 6.827e-01 6.819e-01 6.807e-01 6.788e-01 6.759e-01 6.713e-01 6.644e-01 6.541e-01 6.391e-01 6.179e-01 5.893e-01 5.520e-01 5.059e-01 4.520e-01 3.934e-01 3.333e-01 2.742e-01 2.177e-01 1.658e-01 1.215e-01 8.729e-02 6.277e-02 4.560e-02 3.336e-02 2.450e-02 1.800e-02 1.315e-02 9.493e-03 6.742e-03 4.705e-03 3.246e-03 2.236e-03 1.549e-03 1.076e-03 7.430e-04 5.074e-04 3.416e-04 2.269e-04
2.512e+19   6.382e-01 6.382e-01 6.382e-01 6.381e-01 6.381e-01 6.379e-01 6.378e-01 6.375e-01 6.370e-01 6.363e-01 6.351e-01 6.333e-01 6.304e-01 6.261e-01 6.194e-01 6.095e-01 5.952e-01 5.750e-01 5.478e-01 5.126e-01 4.692e-01 4.190e-01 3.645e-01 3.090e-01 2.544e-01 2.021e-01 1.541e-01 1.132e-01 8.142e-02 5.865e-02 4.268e-02 3.129e-02 2.304e-02 1.698e-02 1.244e-02 9.012e-03 6.418e-03 4.489e-03 3.102e-03 2.141e-03 1.487e-03 1.035e-03 7.157e-04 4.889e-04 3.291e-04 2.186e-04
3.981e+19   5.879e-01 5.879e-01 5.878e-01 5.878e-01 5.877e-01 5.876e-01 5.874e-01 5.872e-01 5.867e-01 5.860e-01 5.849e-01 5.831e-01 5.804e-01 5.763e-01 5.699e-01 5.605e-01 5.468e-01 5.277e-01 5.021e-01 4.692e-01 4.288e-01 3.824e-01 3.325e-01 2.818e-01 2.321e-01 1.846e-01 1.411e-01 1.039e-01 7.499e-02 5.417e-02 3.949e-02 2.900e-02 2.140e-02 1.581e-02 1.163e-02 8.451e-03 6.039e-03 4.237e-03 2.934e-03 2.031e-03 1.414e-03 9.864e-04 6.831e-04 4.669e-04 3.143e-04 2.088e-04
6.310e+19   5.355e-01 5.355e-01 5.355e-01 5.355e-01 5.354e-01 5.353e-01 5.351e-01 5.348e-01 5.344e-01 5.337e-01 5.327e-01 5.310e-01 5.284e-01 5.245e-01 5.184e-01 5.095e-01 4.966e-01 4.786e-01 4.547e-01 4.241e-01 3.869e-01 3.444e-01 2.991e-01 2.533e-01 2.086e-01 1.661e-01 1.272e-01 9.410e-02 6.825e-02 4.945e-02 3.610e-02 2.652e-02 1.959e-02 1.451e-02 1.071e-02 7.814e-03 5.607e-03 3.947e-03 2.741e-03 1.902e-03 1.328e-03 9.292e-04 6.447e-04 4.410e-04 2.971e-04 1.975e-04
1.000e+20   4.842e-01 4.842e-01 4.841e-01 4.841e-01 4.840e-01 4.839e-01 4.838e-01 4.835e-01 4.831e-01 4.825e-01 4.815e-01 4.799e-01 4.775e-01 4.737e-01 4.680e-01 4.595e-01 4.474e-01 4.306e-01 4.083e-01 3.800e-01 3.459e-01 3.073e-01 2.664e-01 2.253e-01 1.854e-01 1.477e-01 1.134e-01 8.428e-02 6.145e-02 4.465e-02 3.259e-02 2.392e-02 1.767e-02 1.311e-02 9.703e-03 7.113e-03 5.128e-03 3.623e-03 2.523e-03 1.756e-03 1.230e-03 8.629e-04 6.001e-04 4.112e-04 2.774e-04 1.847e-04
1.585e+20   4.363e-01 4.363e-01 4.363e-01 4.363e-01 4.362e-01 4.361e-01 4.359e-01 4.357e-01 4.353e-01 4.347e-01 4.338e-01 4.323e-01 4.300e-01 4.264e-01 4.211e-01 4.131e-01 4.017e-01 3.861e-01 3.654e-01 3.393e-01 3.082e-01 2.731e-01 2.363e-01 1.995e-01 1.640e-01 1.306e-01 1.004e-01 7.490e-02 5.482e-02 3.990e-02 2.908e-02 2.129e-02 1.570e-02 1.166e-02 8.659e-03 6.374e-03 4.614e-03 3.270e-03 2.283e-03 1.592e-03 1.118e-03 7.874e-04 5.495e-04 3.776e-04 2.553e-04 1.706e-04
2.512e+20   3.926e-01 3.925e-01 3.925e-01 3.925e-01 3.924e-01 3.923e-01 3.922e-01 3.920e-01 3.916e-01 3.910e-01 3.901e-01 3.888e-01 3.866e-01 3.833e-01 3.783e-01 3.708e-01 3.603e-01 3.457e-01 3.267e-01 3.028e-01 2.745e-01 2.428e-01 2.097e-01 1.767e-01 1.451e-01 1.154e-01 8.875e-02 6.625e-02 4.855e-02 3.532e-02 2.567e-02 1.872e-02 1.378e-02 1.023e-02 7.612e-03 5.618e-03 4.074e-03 2.891e-03 2.020e-03 1.411e-03 9.941e-04 7.027e-04 4.926e-04 3.399e-04 2.308e-04 1.548e-04
3.981e+20   3.512e-01 3.512e-01 3.512e-01 3.512e-01 3.511e-01 3.510e-01 3.509e-01 3.507e-01 3.504e-01 3.498e-01 3.490e-01 3.477e-01 3.457e-01 3.426e-01 3.380e-01 3.312e-01 3.215e-01 3.082e-01 2.908e-01 2.692e-01 2.437e-01 2.153e-01 1.857e-01 1.563e-01 1.282e-01 1.018e-01 7.817e-02 5.827e-02 4.264e-02 3.094e-02 2.240e-02 1.627e-02 1.194e-02 8.848e-03 6.577e-03 4.849e-03 3.512e-03 2.488e-03 1.736e-03 1.213e-03 8.576e-04 6.091e-04 4.293e-04 2.979e-04 2.033e-04 1.371e-04
6.310e+20   3.094e-01 3.094e-01 3.094e-01 3.094e-01 3.093e-01 3.092e-01 3.091e-01 3.089e-01 3.086e-01 3.081e-01 3.074e-01 3.062e-01 3.044e-01 3.016e-01 2.974e-01 2.913e-01 2.825e-01 2.705e-01 2.550e-01 2.358e-01 2.132e-01 1.882e-01 1.622e-01 1.364e-01 1.117e-01 8.856e-02 6.785e-02 5.044e-02 3.680e-02 2.661e-02 1.919e-02 1.387e-02 1.013e-02 7.475e-03 5.533e-03 4.061e-03 2.927e-03 2.064e-03 1.436e-03 1.003e-03 7.111e-04 5.078e-04 3.602e-04 2.515e-04 1.726e-04 1.170e-04
1.000e+21   2.635e-01 2.634e-01 2.634e-01 2.634e-01 2.634e-01 2.633e-01 2.632e-01 2.630e-01 2.628e-01 2.623e-01 2.617e-01 2.607e-01 2.591e-01 2.566e-01 2.530e-01 2.476e-01 2.399e-01 2.296e-01 2.162e-01 1.996e-01 1.803e-01 1.589e-01 1.367e-01 1.148e-01 9.384e-02 7.426e-02 5.674e-02 4.205e-02 3.057e-02 2.203e-02 1.581e-02 1.137e-02 8.249e-03 6.048e-03 4.445e-03 3.239e-03 2.319e-03 1.626e-03 1.127e-03 7.872e-04 5.598e-04 4.018e-04 2.868e-04 2.014e-04 1.389e-04 9.466e-05
1.585e+21   2.102e-01 2.102e-01 2.101e-01 2.101e-01 2.101e-01 2.100e-01 2.099e-01 2.098e-01 2.096e-01 2.092e-01 2.087e-01 2.079e-01 2.065e-01 2.045e-01 2.015e-01 1.971e-01 1.909e-01 1.824e-01 1.715e-01 1.582e-01 1.426e-01 1.255e-01 1.078e-01 9.031e-02 7.361e-02 5.808e-02 4.423e-02 3.266e-02 2.366e-02 1.698e-02 1.213e-02 8.671e-03 6.248e-03 4.545e-03 3.314e-03 2.396e-03 1.704e-03 1.190e-03 8.240e-04 5.763e-04 4.112e-04 2.965e-04 2.126e-04 1.498e-04 1.036e-04 7.082e-05
2.512e+21   1.500e-01 1.500e-01 1.499e-01 1.499e-01 1.499e-01 1.499e-01 1.498e-01 1.497e-01 1.495e-01 1.493e-01 1.489e-01 1.483e-01 1.473e-01 1.458e-01 1.436e-01 1.403e-01 1.357e-01 1.296e-01 1.217e-01 1.120e-01 1.008e-01 8.856e-02 7.589e-02 6.342e-02 5.152e-02 4.049e-02 3.071e-02 2.258e-02 1.629e-02 1.165e-02 8.289e-03 5.895e-03 4.220e-03 3.047e-03 2.206e-03 1.585e-03 1.123e-03 7.842e-04 5.450e-04 3.831e-04 2.745e-04 1.985e-04 1.425e-04 1.004e-04 6.939e-05 4.747e-05
3.981e+21   8.980e-02 8.980e-02 8.979e-02 8.978e-02 8.977e-02 8.974e-02 8.970e-02 8.964e-02 8.953e-02 8.937e-02 8.912e-02 8.873e-02 8.813e-02 8.720e-02 8.582e-02 8.380e-02 8.097e-02 7.718e-02 7.236e-02 6.654e-02 5.983e-02 5.249e-02 4.491e-02 3.743e-02 3.030e-02 2.371e-02 1.790e-02 1.310e-02 9.421e-03 6.720e-03 4.772e-03 3.385e-03 2.413e-03 1.733e-03 1.248e-03 8.933e-04 6.330e-04 4.444e-04 3.118e-04 2.214e-04 1.595e-04 1.155e-04 8.277e-05 5.812e-05 4.002e-05 2.736e-05
6.310e+21   4.131e-02 4.131e-02 4.131e-02 4.130e-02 4.130e-02 4.128e-02 4.126e-02 4.123e-02 4.118e-02 4.111e-02 4.099e-02 4.080e-02 4.051e-02 4.006e-02 3.940e-02 3.844e-02 3.710e-02 3.533e-02 3.310e-02 3.044e-02 2.739e-02 2.407e-02 2.061e-02 1.718e-02 1.388e-02 1.082e-02 8.139e-03 5.943e-03 4.268e-03 3.047e-03 2.169e-03 1.541e-03 1.098e-03 7.870e-04 5.651e-04 4.042e-04 2.872e-04 2.033e-04 1.444e-04 1.037e-04 7.526e-05 5.459e-05 3.908e-05 2.737e-05 1.881e-05 1.287e-05
1.000e+22   1.308e-02 1.308e-02 1.308e-02 1.308e-02 1.308e-02 1.307e-02 1.307e-02 1.306e-02 1.304e-02 1.301e-02 1.298e-02 1.292e-02 1.282e-02 1.268e-02 1.247e-02 1.216e-02 1.174e-02 1.119e-02 1.051e-02 9.708e-03 8.799e-03 7.800e-03 6.743e-03 5.661e-03 4.595e-03 3.592e-03 2.707e-03 1.982e-03 1.429e-03 1.025e-03 7.344e-04 5.248e-04 3.750e-04 2.684e-04 1.922e-04 1.371e-04 9.734e-05 6.919e-05 4.956e-05 3.593e-05 2.627e-05 1.915e-05 1.377e-05 9.694e-06 6.701e-06 4.621e-06
1.585e+22   2.595e-03 2.595e-03 2.595e-03 2.595e-03 2.594e-03 2.594e-03 2.593e-03 2.591e-03 2.588e-03 2.584e-03 2.577e-03 2.566e-03 2.549e-03 2.524e-03 2.487e-03 2.434e-03 2.361e-03 2.267e-03 2.153e-03 2.020e-03 1.868e-03 1.696e-03 1.503e-03 1.291e-03 1.069e-03 8.494e-04 6.489e-04 4.806e-04 3.492e-04 2.516e-04 1.804e-04 1.288e-04 9.158e-05 6.498e-05 4.599e-05 3.239e-05 2.275e-05 1.606e-05 1.149e-05 8.364e-06 6.163e-06 4.540e-06 3.309e-06 2.370e-06 1.671e-06 1.174e-06
2.512e+22   3.168e-04 3.168e-04 3.168e-04 3.168e-04 3.168e-04 3.167e-04 3.166e-04 3.165e-04 3.163e-04 3.160e-04 3.154e-04 3.146e-04 3.134e-04 3.116e-04 3.088e-04 3.048e-04 2.994e-04 2.924e-04 2.836e-04 2.730e-04 2.600e-04 2.438e-04 2.235e-04 1.986e-04 1.697e-04 1.388e-04 1.086e-04 8.162e-05 5.949e-05 4.248e-05 2.996e-05 2.096e-05 1.459e-05 1.013e-05 7.020e-06 4.852e-06 3.354e-06 2.343e-06 1.672e-06 1.224e-06 9.129e-07 6.845e-07 5.106e-07 3.767e-07 2.744e-07 1.982e-07
3.981e+22   2.217e-05 2.217e-05 2.217e-05 2.217e-05 2.217e-05 2.217e-05 2.217e-05 2.217e-05 2.216e-05 2.215e-05 2.214e-05 2.212e-05 2.209e-05 2.204e-05 2.197e-05 2.187e-05 2.171e-05 2.150e-05 2.120e-05 2.078e-05 2.019e-05 1.935e-05 1.817e-05 1.660e-05 1.462e-05 1.231e-05 9.870e-06 7.513e-06 5.450e-06 3.811e-06 2.604e-06 1.759e-06 1.187e-06 8.042e-07 5.485e-07 3.763e-07 2.606e-07 1.840e-07 1.335e-07 9.973e-08 7.604e-08 5.846e-08 4.487e-08 3.417e-08 2.571e-08 1.910e-08
6.310e+22   6.256e-07 6.256e-07 6.256e-07 6.256e-07 6.255e-07 6.255e-07 6.255e-07 6.255e-07 6.254e-07 6.253e-07 6.252e-07 6.250e-07 6.246e-07 6.241e-07 6.232e-07 6.219e-07 6.198e-07 6.165e-07 6.115e-07 6.037e-07 5.918e-07 5.739e-07 5.476e-07 5.103e-07 4.602e-07 3.971e-07 3.242e-07 2.481e-07 1.780e-07 1.211e-07 7.962e-08 5.164e-08 3.362e-08 2.222e-08 1.500e-08 1.034e-08 7.297e-09 5.296e-09 3.961e-09 3.040e-09 2.374e-09 1.868e-09 1.467e-09 1.144e-09 8.809e-10 6.675e-10
1.000e+23   3.776e-09 3.776e-09 3.776e-09 3.776e-09 3.776e-09 3.776e-09 3.776e-09 3.775e-09 3.775e-09 3.775e-09 3.774e-09 3.773e-09 3.771e-09 3.769e-09 3.765e-09 3.759e-09 3.749e-09 3.733e-09 3.708e-09 3.669e-09 3.609e-09 3.517e-09 3.378e-09 3.175e-09 2.890e-09 2.513e-09 2.058e-09 1.565e-09 1.104e-09 7.301e-10 4.633e-10 2.892e-10 1.817e-10 1.169e-10 7.774e-11 5.354e-11 3.818e-11 2.820e-11 2.151e-11 1.681e-11 1.335e-11 1.068e-11 8.519e-12 6.742e-12 5.265e-12 4.039e-12
