# Collapse Model Output 
 
# ev_output/ev_119063.dat in GNUPLOT format produced by evolve_output.pl 
 
X               Y               Z              DENSITY         TEMP            AV              TIME            He          CO          N2          CH4         NH3         H2S         HCP         H2O         C2H2        HCN         CS          SiC2        HCl         HF          C2H4        SiO         SiS         Mg          Na          Fe          C2H         C4H         C6H         HC3N        HC5N        HC7N        
#(PC)            (PC)            (PC)           (CM-3)          (K)             (MAG)           (YR)	       (wrt Hnuc)     
 
2.41500e-05     5.38300e-05     1.34100e-05     9.95900e+06     9.92800e+02     2.06300e-01     6.48200e+01     8.500e-02      3.904e-04      1.962e-05      8.650e-06      4.475e-08      2.767e-07      6.100e-09      1.307e-05      3.080e-06      1.710e-05      1.965e-06      9.820e-06      1.624e-07      8.410e-09      1.010e-09      3.363e-07      2.536e-06      4.223e-09      1.518e-09      2.530e-09      8.442e-11      2.043e-07      8.775e-08      5.390e-08      1.175e-08      8.780e-10      
2.53200e-05     5.64600e-05     1.40700e-05     9.04400e+06     9.32500e+02     6.20100e-02     6.49800e+01     8.500e-02      3.903e-04      1.961e-05      8.626e-06      4.465e-08      2.593e-07      6.087e-09      1.315e-05      3.063e-06      1.709e-05      1.961e-06      9.819e-06      1.624e-07      8.410e-09      1.012e-09      3.344e-07      2.534e-06      4.221e-09      1.518e-09      2.528e-09      1.518e-10      2.031e-07      8.863e-08      5.371e-08      1.173e-08      8.819e-10      
2.65100e-05     5.90900e-05     1.47200e-05     8.25100e+06     8.78100e+02     6.28800e-02     6.51400e+01     8.500e-02      3.902e-04      1.961e-05      8.592e-06      4.454e-08      2.380e-07      6.074e-09      1.322e-05      3.045e-06      1.709e-05      1.956e-06      9.817e-06      1.624e-07      8.410e-09      1.022e-09      3.326e-07      2.532e-06      4.219e-09      1.519e-09      2.527e-09      1.949e-10      2.020e-07      8.960e-08      5.356e-08      1.171e-08      8.881e-10      
2.76900e-05     6.17300e-05     1.53800e-05     7.55800e+06     8.29100e+02     3.58800e-02     6.53000e+01     8.500e-02      3.901e-04      1.960e-05      8.546e-06      4.439e-08      2.175e-07      6.060e-09      1.331e-05      3.026e-06      1.708e-05      1.952e-06      9.815e-06      1.624e-07      8.410e-09      1.039e-09      3.307e-07      2.530e-06      4.218e-09      1.520e-09      2.527e-09      2.638e-10      2.008e-07      9.087e-08      5.337e-08      1.170e-08      8.976e-10      
2.88700e-05     6.43700e-05     1.60400e-05     6.95000e+06     7.84600e+02     3.62400e-02     6.54600e+01     8.500e-02      3.900e-04      1.960e-05      8.496e-06      4.423e-08      1.998e-07      6.046e-09      1.339e-05      3.006e-06      1.708e-05      1.948e-06      9.813e-06      1.624e-07      8.409e-09      1.063e-09      3.288e-07      2.528e-06      4.218e-09      1.521e-09      2.526e-09      3.323e-10      1.997e-07      9.224e-08      5.321e-08      1.168e-08      9.108e-10      
3.00600e-05     6.70100e-05     1.67000e-05     6.41200e+06     7.44200e+02     3.53000e-02     6.56200e+01     8.500e-02      3.899e-04      1.959e-05      8.444e-06      4.405e-08      1.850e-07      6.033e-09      1.347e-05      2.984e-06      1.707e-05      1.944e-06      9.810e-06      1.624e-07      8.408e-09      1.094e-09      3.270e-07      2.526e-06      4.219e-09      1.523e-09      2.526e-09      4.162e-10      1.987e-07      9.367e-08      5.307e-08      1.166e-08      9.282e-10      
3.12400e-05     6.96600e-05     1.73600e-05     5.93500e+06     7.07200e+02     3.51600e-02     6.57800e+01     8.500e-02      3.897e-04      1.959e-05      8.390e-06      4.386e-08      1.728e-07      6.019e-09      1.353e-05      2.962e-06      1.706e-05      1.941e-06      9.806e-06      1.624e-07      8.406e-09      1.130e-09      3.252e-07      2.523e-06      4.220e-09      1.526e-09      2.527e-09      5.161e-10      1.978e-07      9.514e-08      5.295e-08      1.165e-08      9.507e-10      
3.24300e-05     7.23100e-05     1.80200e-05     5.51000e+06     6.73400e+02     3.50000e-02     6.59400e+01     8.500e-02      3.896e-04      1.959e-05      8.335e-06      4.365e-08      1.627e-07      6.005e-09      1.359e-05      2.939e-06      1.706e-05      1.938e-06      9.802e-06      1.623e-07      8.404e-09      1.171e-09      3.234e-07      2.521e-06      4.222e-09      1.529e-09      2.528e-09      6.351e-10      1.970e-07      9.659e-08      5.284e-08      1.164e-08      9.793e-10      
3.36100e-05     7.49600e-05     1.86800e-05     5.13000e+06     6.42300e+02     3.48300e-02     6.61000e+01     8.500e-02      3.895e-04      1.958e-05      8.279e-06      4.344e-08      1.543e-07      5.992e-09      1.364e-05      2.916e-06      1.705e-05      1.935e-06      9.798e-06      1.623e-07      8.402e-09      1.216e-09      3.217e-07      2.518e-06      4.225e-09      1.533e-09      2.529e-09      7.760e-10      1.962e-07      9.802e-08      5.276e-08      1.163e-08      1.015e-09      
3.48000e-05     7.76200e-05     1.93400e-05     4.78800e+06     6.13700e+02     3.46800e-02     6.62600e+01     8.500e-02      3.894e-04      1.958e-05      8.224e-06      4.321e-08      1.472e-07      5.978e-09      1.367e-05      2.892e-06      1.704e-05      1.932e-06      9.793e-06      1.623e-07      8.399e-09      1.267e-09      3.201e-07      2.516e-06      4.229e-09      1.537e-09      2.531e-09      9.420e-10      1.955e-07      9.941e-08      5.270e-08      1.162e-08      1.060e-09      
3.59900e-05     8.02700e-05     2.00000e-05     4.47900e+06     5.87200e+02     3.45400e-02     6.64200e+01     8.500e-02      3.893e-04      1.957e-05      8.168e-06      4.298e-08      1.411e-07      5.965e-09      1.370e-05      2.869e-06      1.703e-05      1.929e-06      9.788e-06      1.622e-07      8.396e-09      1.321e-09      3.185e-07      2.513e-06      4.233e-09      1.542e-09      2.534e-09      1.136e-09      1.949e-07      1.007e-07      5.266e-08      1.162e-08      1.114e-09      
3.71800e-05     8.29300e-05     2.06600e-05     4.19900e+06     5.62700e+02     3.44000e-02     6.65700e+01     8.500e-02      3.892e-04      1.957e-05      8.113e-06      4.274e-08      1.358e-07      5.952e-09      1.372e-05      2.846e-06      1.702e-05      1.926e-06      9.782e-06      1.622e-07      8.393e-09      1.381e-09      3.169e-07      2.510e-06      4.238e-09      1.547e-09      2.536e-09      1.363e-09      1.943e-07      1.020e-07      5.266e-08      1.161e-08      1.180e-09      
3.83700e-05     8.55900e-05     2.13200e-05     3.94500e+06     5.39900e+02     3.42600e-02     6.67300e+01     8.500e-02      3.891e-04      1.956e-05      8.058e-06      4.249e-08      1.312e-07      5.938e-09      1.373e-05      2.822e-06      1.701e-05      1.924e-06      9.776e-06      1.621e-07      8.390e-09      1.446e-09      3.154e-07      2.507e-06      4.243e-09      1.552e-09      2.539e-09      1.625e-09      1.938e-07      1.032e-07      5.270e-08      1.161e-08      1.260e-09      
3.95600e-05     8.82500e-05     2.19900e-05     3.71400e+06     5.18600e+02     3.41600e-02     6.68900e+01     8.500e-02      3.890e-04      1.956e-05      8.003e-06      4.225e-08      1.271e-07      5.925e-09      1.374e-05      2.799e-06      1.700e-05      1.921e-06      9.769e-06      1.620e-07      8.387e-09      1.516e-09      3.139e-07      2.504e-06      4.248e-09      1.557e-09      2.542e-09      1.928e-09      1.933e-07      1.044e-07      5.278e-08      1.161e-08      1.356e-09      
4.07500e-05     9.09200e-05     2.26500e-05     3.50200e+06     4.98800e+02     3.39900e-02     6.70500e+01     8.500e-02      3.889e-04      1.955e-05      7.949e-06      4.199e-08      1.234e-07      5.911e-09      1.374e-05      2.776e-06      1.698e-05      1.918e-06      9.762e-06      1.619e-07      8.384e-09      1.591e-09      3.125e-07      2.501e-06      4.254e-09      1.563e-09      2.546e-09      2.276e-09      1.928e-07      1.055e-07      5.292e-08      1.162e-08      1.469e-09      
4.19400e-05     9.35800e-05     2.33100e-05     3.30900e+06     4.80300e+02     3.38100e-02     6.72100e+01     8.500e-02      3.888e-04      1.955e-05      7.895e-06      4.174e-08      1.201e-07      5.898e-09      1.374e-05      2.753e-06      1.697e-05      1.915e-06      9.755e-06      1.618e-07      8.381e-09      1.674e-09      3.111e-07      2.498e-06      4.261e-09      1.569e-09      2.549e-09      2.674e-09      1.924e-07      1.065e-07      5.312e-08      1.162e-08      1.603e-09      
4.31400e-05     9.62500e-05     2.39800e-05     3.13100e+06     4.63000e+02     3.37000e-02     6.73700e+01     8.500e-02      3.887e-04      1.954e-05      7.841e-06      4.149e-08      1.170e-07      5.885e-09      1.373e-05      2.730e-06      1.695e-05      1.913e-06      9.747e-06      1.616e-07      8.378e-09      1.763e-09      3.098e-07      2.495e-06      4.268e-09      1.575e-09      2.553e-09      3.127e-09      1.920e-07      1.075e-07      5.339e-08      1.163e-08      1.760e-09      
4.43300e-05     9.89200e-05     2.46400e-05     2.96700e+06     4.46700e+02     3.35800e-02     6.75300e+01     8.500e-02      3.886e-04      1.954e-05      7.788e-06      4.123e-08      1.142e-07      5.871e-09      1.372e-05      2.707e-06      1.693e-05      1.910e-06      9.739e-06      1.615e-07      8.375e-09      1.859e-09      3.085e-07      2.492e-06      4.275e-09      1.581e-09      2.557e-09      3.643e-09      1.916e-07      1.084e-07      5.374e-08      1.165e-08      1.942e-09      
4.55200e-05     1.01600e-04     2.53000e-05     2.81500e+06     4.31400e+02     3.34100e-02     6.76900e+01     8.500e-02      3.886e-04      1.953e-05      7.735e-06      4.097e-08      1.116e-07      5.858e-09      1.370e-05      2.684e-06      1.691e-05      1.907e-06      9.731e-06      1.612e-07      8.373e-09      1.965e-09      3.072e-07      2.489e-06      4.282e-09      1.588e-09      2.561e-09      4.226e-09      1.913e-07      1.093e-07      5.418e-08      1.166e-08      2.154e-09      
4.67100e-05     1.04300e-04     2.59700e-05     2.67600e+06     4.17000e+02     3.33000e-02     6.78500e+01     8.500e-02      3.885e-04      1.953e-05      7.683e-06      4.071e-08      1.091e-07      5.845e-09      1.368e-05      2.662e-06      1.688e-05      1.904e-06      9.722e-06      1.610e-07      8.370e-09      2.080e-09      3.060e-07      2.486e-06      4.289e-09      1.594e-09      2.565e-09      4.883e-09      1.910e-07      1.102e-07      5.471e-08      1.169e-08      2.397e-09      
4.79100e-05     1.06900e-04     2.66300e-05     2.54600e+06     4.03500e+02     3.31700e-02     6.80100e+01     8.500e-02      3.884e-04      1.952e-05      7.631e-06      4.046e-08      1.067e-07      5.832e-09      1.366e-05      2.640e-06      1.685e-05      1.901e-06      9.713e-06      1.607e-07      8.367e-09      2.205e-09      3.048e-07      2.483e-06      4.297e-09      1.601e-09      2.570e-09      5.621e-09      1.907e-07      1.110e-07      5.536e-08      1.171e-08      2.675e-09      
4.91000e-05     1.09600e-04     2.72900e-05     2.42600e+06     3.90700e+02     3.30400e-02     6.81700e+01     8.500e-02      3.883e-04      1.952e-05      7.579e-06      4.020e-08      1.045e-07      5.818e-09      1.364e-05      2.617e-06      1.681e-05      1.898e-06      9.704e-06      1.603e-07      8.364e-09      2.344e-09      3.037e-07      2.479e-06      4.305e-09      1.607e-09      2.574e-09      6.448e-09      1.904e-07      1.117e-07      5.613e-08      1.175e-08      2.991e-09      
5.02900e-05     1.12300e-04     2.79600e-05     2.31500e+06     3.78600e+02     3.29100e-02     6.83300e+01     8.500e-02      3.882e-04      1.952e-05      7.527e-06      3.994e-08      1.024e-07      5.805e-09      1.361e-05      2.595e-06      1.677e-05      1.895e-06      9.695e-06      1.599e-07      8.361e-09      2.497e-09      3.026e-07      2.476e-06      4.313e-09      1.614e-09      2.579e-09      7.371e-09      1.901e-07      1.125e-07      5.702e-08      1.178e-08      3.347e-09      
5.14900e-05     1.14900e-04     2.86200e-05     2.21100e+06     3.67200e+02     3.27800e-02     6.84900e+01     8.500e-02      3.881e-04      1.951e-05      7.476e-06      3.968e-08      1.003e-07      5.792e-09      1.358e-05      2.573e-06      1.673e-05      1.892e-06      9.686e-06      1.595e-07      8.358e-09      2.666e-09      3.015e-07      2.473e-06      4.321e-09      1.621e-09      2.583e-09      8.399e-09      1.898e-07      1.132e-07      5.805e-08      1.183e-08      3.746e-09      
5.26800e-05     1.17600e-04     2.92800e-05     2.11400e+06     3.56400e+02     3.26700e-02     6.86500e+01     8.500e-02      3.880e-04      1.951e-05      7.425e-06      3.942e-08      9.834e-08      5.779e-09      1.355e-05      2.550e-06      1.669e-05      1.889e-06      9.676e-06      1.590e-07      8.356e-09      2.855e-09      3.005e-07      2.469e-06      4.329e-09      1.627e-09      2.588e-09      9.538e-09      1.895e-07      1.139e-07      5.922e-08      1.188e-08      4.190e-09      
5.38800e-05     1.20300e-04     2.99500e-05     2.02400e+06     3.46100e+02     3.25500e-02     6.88000e+01     8.500e-02      3.879e-04      1.950e-05      7.374e-06      3.917e-08      9.643e-08      5.765e-09      1.351e-05      2.528e-06      1.663e-05      1.885e-06      9.667e-06      1.584e-07      8.353e-09      3.065e-09      2.995e-07      2.466e-06      4.337e-09      1.634e-09      2.592e-09      1.080e-08      1.893e-07      1.145e-07      6.054e-08      1.193e-08      4.682e-09      
5.50700e-05     1.23000e-04     3.06100e-05     1.93900e+06     3.36400e+02     3.24100e-02     6.89600e+01     8.500e-02      3.878e-04      1.950e-05      7.324e-06      3.891e-08      9.458e-08      5.752e-09      1.348e-05      2.506e-06      1.658e-05      1.882e-06      9.657e-06      1.578e-07      8.350e-09      3.299e-09      2.986e-07      2.463e-06      4.345e-09      1.640e-09      2.597e-09      1.219e-08      1.890e-07      1.151e-07      6.202e-08      1.200e-08      5.223e-09      
5.62700e-05     1.25700e-04     3.12800e-05     1.86000e+06     3.27100e+02     3.23300e-02     6.91200e+01     8.500e-02      3.877e-04      1.949e-05      7.274e-06      3.865e-08      9.278e-08      5.739e-09      1.344e-05      2.484e-06      1.652e-05      1.878e-06      9.647e-06      1.572e-07      8.348e-09      3.562e-09      2.977e-07      2.459e-06      4.353e-09      1.647e-09      2.602e-09      1.371e-08      1.888e-07      1.158e-07      6.366e-08      1.207e-08      5.815e-09      
5.74600e-05     1.28300e-04     3.19400e-05     1.78600e+06     3.18300e+02     3.22000e-02     6.92800e+01     8.500e-02      3.877e-04      1.949e-05      7.224e-06      3.839e-08      9.103e-08      5.726e-09      1.340e-05      2.461e-06      1.645e-05      1.874e-06      9.638e-06      1.565e-07      8.345e-09      3.857e-09      2.968e-07      2.456e-06      4.361e-09      1.653e-09      2.606e-09      1.537e-08      1.885e-07      1.164e-07      6.545e-08      1.214e-08      6.459e-09      
5.86600e-05     1.31000e-04     3.26000e-05     1.71600e+06     3.10000e+02     3.20800e-02     6.94400e+01     8.500e-02      3.876e-04      1.948e-05      7.175e-06      3.813e-08      8.933e-08      5.713e-09      1.336e-05      2.439e-06      1.639e-05      1.871e-06      9.628e-06      1.557e-07      8.343e-09      4.187e-09      2.960e-07      2.453e-06      4.370e-09      1.660e-09      2.611e-09      1.719e-08      1.883e-07      1.169e-07      6.741e-08      1.223e-08      7.155e-09      
5.98500e-05     1.33700e-04     3.32700e-05     1.65000e+06     3.02000e+02     3.19600e-02     6.96000e+01     8.500e-02      3.875e-04      1.948e-05      7.126e-06      3.788e-08      8.767e-08      5.700e-09      1.331e-05      2.416e-06      1.631e-05      1.867e-06      9.618e-06      1.549e-07      8.340e-09      4.556e-09      2.952e-07      2.449e-06      4.378e-09      1.666e-09      2.616e-09      1.917e-08      1.880e-07      1.175e-07      6.952e-08      1.232e-08      7.903e-09      
6.10500e-05     1.36400e-04     3.39300e-05     1.58800e+06     2.94400e+02     3.18700e-02     6.97600e+01     8.500e-02      3.874e-04      1.947e-05      7.077e-06      3.762e-08      8.604e-08      5.687e-09      1.327e-05      2.394e-06      1.623e-05      1.863e-06      9.608e-06      1.540e-07      8.338e-09      4.967e-09      2.945e-07      2.446e-06      4.386e-09      1.673e-09      2.620e-09      2.132e-08      1.877e-07      1.181e-07      7.179e-08      1.242e-08      8.704e-09      
6.22500e-05     1.39100e-04     3.45900e-05     1.53000e+06     2.87100e+02     3.17800e-02     6.99200e+01     8.500e-02      3.873e-04      1.947e-05      7.029e-06      3.736e-08      8.446e-08      5.674e-09      1.322e-05      2.371e-06      1.615e-05      1.858e-06      9.598e-06      1.532e-07      8.335e-09      5.426e-09      2.937e-07      2.442e-06      4.394e-09      1.679e-09      2.625e-09      2.364e-08      1.875e-07      1.186e-07      7.421e-08      1.252e-08      9.557e-09      
6.34400e-05     1.41700e-04     3.52600e-05     1.47500e+06     2.80100e+02     3.16400e-02     7.00800e+01     8.500e-02      3.872e-04      1.947e-05      6.980e-06      3.710e-08      8.291e-08      5.661e-09      1.318e-05      2.348e-06      1.607e-05      1.854e-06      9.587e-06      1.522e-07      8.333e-09      5.933e-09      2.931e-07      2.439e-06      4.402e-09      1.685e-09      2.629e-09      2.614e-08      1.872e-07      1.192e-07      7.678e-08      1.263e-08      1.046e-08      
6.46400e-05     1.44400e-04     3.59200e-05     1.42300e+06     2.73500e+02     3.15400e-02     7.02400e+01     8.500e-02      3.872e-04      1.946e-05      6.932e-06      3.684e-08      8.140e-08      5.648e-09      1.313e-05      2.325e-06      1.598e-05      1.850e-06      9.577e-06      1.513e-07      8.330e-09      6.494e-09      2.924e-07      2.435e-06      4.410e-09      1.691e-09      2.634e-09      2.883e-08      1.869e-07      1.197e-07      7.949e-08      1.275e-08      1.141e-08      
6.58400e-05     1.47100e-04     3.65900e-05     1.37400e+06     2.67100e+02     3.14300e-02     7.04000e+01     8.500e-02      3.871e-04      1.946e-05      6.885e-06      3.658e-08      7.991e-08      5.635e-09      1.308e-05      2.302e-06      1.589e-05      1.845e-06      9.567e-06      1.503e-07      8.328e-09      7.108e-09      2.918e-07      2.432e-06      4.418e-09      1.697e-09      2.638e-09      3.172e-08      1.866e-07      1.203e-07      8.233e-08      1.288e-08      1.241e-08      
6.70300e-05     1.49800e-04     3.72500e-05     1.32800e+06     2.61000e+02     3.13000e-02     7.05600e+01     8.500e-02      3.870e-04      1.945e-05      6.837e-06      3.632e-08      7.846e-08      5.622e-09      1.303e-05      2.279e-06      1.579e-05      1.841e-06      9.557e-06      1.493e-07      8.325e-09      7.778e-09      2.912e-07      2.429e-06      4.426e-09      1.703e-09      2.643e-09      3.482e-08      1.863e-07      1.208e-07      8.529e-08      1.301e-08      1.346e-08      
6.82300e-05     1.52500e-04     3.79100e-05     1.28400e+06     2.55200e+02     3.11900e-02     7.07200e+01     8.500e-02      3.869e-04      1.945e-05      6.790e-06      3.606e-08      7.704e-08      5.609e-09      1.298e-05      2.255e-06      1.570e-05      1.836e-06      9.547e-06      1.483e-07      8.323e-09      8.504e-09      2.907e-07      2.425e-06      4.434e-09      1.708e-09      2.647e-09      3.813e-08      1.860e-07      1.214e-07      8.836e-08      1.314e-08      1.455e-08      
