# Collapse Model Output 
 
# ev_output/ev_127837.dat in GNUPLOT format produced by evolve_output.pl 
 
X               Y               Z              DENSITY         TEMP            AV              TIME            He          CO          N2          CH4         NH3         H2S         HCP         H2O         C2H2        HCN         CS          SiC2        HCl         HF          C2H4        SiO         SiS         Mg          Na          Fe          C2H         C4H         C6H         HC3N        HC5N        HC7N        
#(PC)            (PC)            (PC)           (CM-3)          (K)             (MAG)           (YR)	       (wrt Hnuc)     
 
3.70000e-06     -6.05000e-05    -6.80100e-06    9.92200e+06     9.81200e+02     2.62900e-01     6.97600e+01     8.500e-02      3.937e-04      1.973e-05      6.575e-06      3.868e-08      3.016e-07      6.232e-09      9.733e-06      4.039e-06      1.747e-05      1.969e-06      9.895e-06      1.624e-07      8.423e-09      6.474e-10      3.502e-07      2.566e-06      4.337e-09      1.526e-09      2.577e-09      9.750e-11      2.089e-07      9.175e-08      4.533e-08      1.123e-08      9.195e-10      
3.87900e-06     -6.34300e-05    -7.13100e-06    9.00800e+06     9.21300e+02     4.83700e-02     6.99200e+01     8.500e-02      3.936e-04      1.973e-05      6.553e-06      3.857e-08      2.848e-07      6.217e-09      9.813e-06      4.019e-06      1.746e-05      1.963e-06      9.893e-06      1.624e-07      8.423e-09      6.472e-10      3.479e-07      2.564e-06      4.335e-09      1.526e-09      2.576e-09      2.062e-10      2.076e-07      9.321e-08      4.505e-08      1.121e-08      9.252e-10      
4.05900e-06     -6.63700e-05    -7.46200e-06    8.21400e+06     8.67300e+02     4.93600e-02     7.00800e+01     8.500e-02      3.935e-04      1.973e-05      6.524e-06      3.846e-08      2.642e-07      6.203e-09      9.900e-06      3.997e-06      1.746e-05      1.958e-06      9.891e-06      1.624e-07      8.423e-09      6.543e-10      3.456e-07      2.562e-06      4.334e-09      1.527e-09      2.575e-09      2.652e-10      2.064e-07      9.461e-08      4.485e-08      1.120e-08      9.339e-10      
4.24000e-06     -6.93100e-05    -7.79500e-06    7.52000e+06     8.18600e+02     4.96100e-02     7.02400e+01     8.500e-02      3.934e-04      1.972e-05      6.490e-06      3.834e-08      2.445e-07      6.188e-09      9.981e-06      3.973e-06      1.745e-05      1.953e-06      9.889e-06      1.624e-07      8.423e-09      6.666e-10      3.433e-07      2.560e-06      4.333e-09      1.528e-09      2.574e-09      3.378e-10      2.054e-07      9.600e-08      4.469e-08      1.118e-08      9.462e-10      
4.42100e-06     -7.22600e-05    -8.12800e-06    6.90900e+06     7.74300e+02     4.77600e-02     7.04000e+01     8.500e-02      3.933e-04      1.972e-05      6.453e-06      3.820e-08      2.273e-07      6.174e-09      1.005e-05      3.948e-06      1.744e-05      1.948e-06      9.887e-06      1.624e-07      8.422e-09      6.829e-10      3.411e-07      2.558e-06      4.333e-09      1.530e-09      2.574e-09      4.283e-10      2.045e-07      9.740e-08      4.455e-08      1.117e-08      9.628e-10      
4.60200e-06     -7.52000e-05    -8.46200e-06    6.36900e+06     7.34000e+02     5.95200e-02     7.05600e+01     8.500e-02      3.932e-04      1.972e-05      6.415e-06      3.806e-08      2.129e-07      6.161e-09      1.012e-05      3.921e-06      1.744e-05      1.944e-06      9.885e-06      1.624e-07      8.420e-09      7.024e-10      3.390e-07      2.556e-06      4.334e-09      1.533e-09      2.574e-09      5.217e-10      2.037e-07      9.871e-08      4.446e-08      1.115e-08      9.840e-10      
4.78300e-06     -7.81500e-05    -8.79700e-06    5.88900e+06     6.97100e+02     5.00600e-02     7.07200e+01     8.500e-02      3.931e-04      1.971e-05      6.375e-06      3.789e-08      2.008e-07      6.147e-09      1.017e-05      3.894e-06      1.743e-05      1.939e-06      9.882e-06      1.624e-07      8.419e-09      7.240e-10      3.369e-07      2.554e-06      4.336e-09      1.536e-09      2.575e-09      6.616e-10      2.031e-07      1.001e-07      4.437e-08      1.114e-08      1.012e-09      
