# Collapse Model Output 
 
# ev_output/ev_83967.dat in GNUPLOT format produced by evolve_output.pl 
 
X               Y               Z              DENSITY         TEMP            AV              TIME            He          CO          N2          CH4         NH3         H2S         HCP         H2O         C2H2        HCN         CS          SiC2        HCl         HF          C2H4        SiO         SiS         Mg          Na          Fe          C2H         C4H         C6H         HC3N        HC5N        HC7N        
#(PC)            (PC)            (PC)           (CM-3)          (K)             (MAG)           (YR)	       (wrt Hnuc)     
 
4.33700e-05     3.72500e-05     1.59700e-05     1.05200e+07     1.01800e+03     3.01900e-01     4.53900e+01     8.500e-02      3.970e-04      1.987e-05      4.881e-06      4.090e-08      5.424e-07      8.150e-09      6.073e-06      1.029e-05      1.912e-05      2.561e-06      9.657e-06      1.625e-07      8.473e-09      1.494e-09      7.363e-07      2.764e-06      4.564e-09      1.335e-09      2.625e-09      1.821e-10      1.875e-07      7.235e-08      2.142e-08      7.875e-09      4.304e-10      
4.55300e-05     3.91000e-05     1.67700e-05     9.52800e+06     9.54300e+02     2.84200e-01     4.55500e+01     8.500e-02      3.970e-04      1.987e-05      4.879e-06      4.088e-08      5.187e-07      8.138e-09      6.087e-06      1.026e-05      1.911e-05      2.555e-06      9.658e-06      1.625e-07      8.472e-09      1.480e-09      7.331e-07      2.763e-06      4.563e-09      1.336e-09      2.625e-09      2.484e-10      1.876e-07      7.282e-08      2.148e-08      7.883e-09      4.342e-10      
4.76900e-05     4.09600e-05     1.75600e-05     8.67000e+06     8.97200e+02     7.80000e-02     4.57100e+01     8.500e-02      3.969e-04      1.986e-05      4.860e-06      4.076e-08      4.856e-07      8.119e-09      6.147e-06      1.022e-05      1.911e-05      2.544e-06      9.657e-06      1.624e-07      8.473e-09      1.460e-09      7.278e-07      2.761e-06      4.562e-09      1.337e-09      2.623e-09      5.161e-10      1.873e-07      7.456e-08      2.142e-08      7.881e-09      4.437e-10      
4.98500e-05     4.28100e-05     1.83600e-05     7.92200e+06     8.45700e+02     1.10100e-01     4.58700e+01     8.500e-02      3.968e-04      1.986e-05      4.839e-06      4.066e-08      4.543e-07      8.101e-09      6.202e-06      1.018e-05      1.910e-05      2.535e-06      9.656e-06      1.624e-07      8.472e-09      1.444e-09      7.230e-07      2.760e-06      4.562e-09      1.338e-09      2.622e-09      6.149e-10      1.875e-07      7.579e-08      2.145e-08      7.883e-09      4.554e-10      
5.20200e-05     4.46700e-05     1.91600e-05     7.26600e+06     7.99000e+02     6.49500e-02     4.60300e+01     8.500e-02      3.967e-04      1.986e-05      4.813e-06      4.053e-08      4.260e-07      8.082e-09      6.262e-06      1.014e-05      1.909e-05      2.525e-06      9.655e-06      1.624e-07      8.472e-09      1.428e-09      7.176e-07      2.758e-06      4.561e-09      1.340e-09      2.621e-09      8.655e-10      1.877e-07      7.727e-08      2.150e-08      7.884e-09      4.727e-10      
5.41900e-05     4.65400e-05     1.99600e-05     6.68700e+06     7.56500e+02     6.30300e-02     4.61900e+01     8.500e-02      3.967e-04      1.986e-05      4.786e-06      4.038e-08      4.017e-07      8.062e-09      6.324e-06      1.008e-05      1.908e-05      2.515e-06      9.653e-06      1.624e-07      8.471e-09      1.415e-09      7.124e-07      2.756e-06      4.560e-09      1.343e-09      2.621e-09      1.093e-09      1.883e-07      7.866e-08      2.160e-08      7.888e-09      4.954e-10      
5.63700e-05     4.84000e-05     2.07600e-05     6.17400e+06     7.17800e+02     6.31300e-02     4.63500e+01     8.500e-02      3.966e-04      1.985e-05      4.758e-06      4.022e-08      3.812e-07      8.043e-09      6.380e-06      1.003e-05      1.907e-05      2.506e-06      9.652e-06      1.624e-07      8.469e-09      1.404e-09      7.072e-07      2.754e-06      4.560e-09      1.346e-09      2.620e-09      1.362e-09      1.890e-07      7.999e-08      2.177e-08      7.895e-09      5.243e-10      
5.85400e-05     5.02700e-05     2.15600e-05     5.71800e+06     6.82400e+02     6.23900e-02     4.65100e+01     8.500e-02      3.965e-04      1.985e-05      4.729e-06      4.005e-08      3.639e-07      8.024e-09      6.428e-06      9.971e-06      1.906e-05      2.497e-06      9.649e-06      1.624e-07      8.468e-09      1.395e-09      7.020e-07      2.752e-06      4.560e-09      1.350e-09      2.620e-09      1.687e-09      1.900e-07      8.131e-08      2.199e-08      7.904e-09      5.607e-10      
6.07200e-05     5.21300e-05     2.23600e-05     5.31000e+06     6.49900e+02     6.17200e-02     4.66700e+01     8.500e-02      3.964e-04      1.985e-05      4.700e-06      3.987e-08      3.492e-07      8.005e-09      6.469e-06      9.911e-06      1.905e-05      2.488e-06      9.647e-06      1.623e-07      8.465e-09      1.388e-09      6.969e-07      2.750e-06      4.559e-09      1.355e-09      2.620e-09      2.073e-09      1.912e-07      8.260e-08      2.230e-08      7.916e-09      6.063e-10      
6.29000e-05     5.40000e-05     2.31700e-05     4.94400e+06     6.20000e+02     6.11800e-02     4.68300e+01     8.500e-02      3.963e-04      1.984e-05      4.670e-06      3.968e-08      3.365e-07      7.986e-09      6.502e-06      9.849e-06      1.904e-05      2.479e-06      9.644e-06      1.623e-07      8.463e-09      1.382e-09      6.918e-07      2.748e-06      4.559e-09      1.359e-09      2.621e-09      2.529e-09      1.926e-07      8.388e-08      2.269e-08      7.930e-09      6.628e-10      
6.50800e-05     5.58700e-05     2.39700e-05     4.61400e+06     5.92500e+02     6.06600e-02     4.69800e+01     8.500e-02      3.963e-04      1.984e-05      4.641e-06      3.949e-08      3.254e-07      7.967e-09      6.528e-06      9.786e-06      1.903e-05      2.470e-06      9.641e-06      1.623e-07      8.460e-09      1.377e-09      6.868e-07      2.746e-06      4.560e-09      1.365e-09      2.621e-09      3.065e-09      1.941e-07      8.513e-08      2.320e-08      7.947e-09      7.322e-10      
6.72600e-05     5.77400e-05     2.47700e-05     4.31700e+06     5.67000e+02     6.00200e-02     4.71400e+01     8.500e-02      3.962e-04      1.984e-05      4.612e-06      3.929e-08      3.156e-07      7.947e-09      6.548e-06      9.721e-06      1.901e-05      2.461e-06      9.637e-06      1.622e-07      8.457e-09      1.374e-09      6.818e-07      2.744e-06      4.560e-09      1.371e-09      2.622e-09      3.692e-09      1.957e-07      8.635e-08      2.383e-08      7.967e-09      8.168e-10      
6.94500e-05     5.96100e-05     2.55800e-05     4.04700e+06     5.43400e+02     5.94800e-02     4.73000e+01     8.500e-02      3.961e-04      1.983e-05      4.583e-06      3.908e-08      3.069e-07      7.928e-09      6.562e-06      9.655e-06      1.900e-05      2.452e-06      9.634e-06      1.622e-07      8.454e-09      1.373e-09      6.769e-07      2.741e-06      4.560e-09      1.377e-09      2.622e-09      4.421e-09      1.975e-07      8.755e-08      2.461e-08      7.990e-09      9.192e-10      
7.16300e-05     6.14800e-05     2.63800e-05     3.80200e+06     5.21400e+02     5.89000e-02     4.74600e+01     8.500e-02      3.960e-04      1.983e-05      4.554e-06      3.887e-08      2.990e-07      7.909e-09      6.572e-06      9.589e-06      1.898e-05      2.443e-06      9.629e-06      1.621e-07      8.451e-09      1.373e-09      6.720e-07      2.739e-06      4.561e-09      1.383e-09      2.623e-09      5.265e-09      1.993e-07      8.872e-08      2.556e-08      8.017e-09      1.042e-09      
7.38200e-05     6.33600e-05     2.71900e-05     3.57800e+06     5.01000e+02     5.84000e-02     4.76200e+01     8.500e-02      3.959e-04      1.983e-05      4.525e-06      3.866e-08      2.918e-07      7.890e-09      6.578e-06      9.522e-06      1.896e-05      2.434e-06      9.625e-06      1.620e-07      8.448e-09      1.375e-09      6.672e-07      2.737e-06      4.561e-09      1.390e-09      2.624e-09      6.238e-09      2.013e-07      8.986e-08      2.671e-08      8.047e-09      1.189e-09      
7.60000e-05     6.52300e-05     2.80000e-05     3.37400e+06     4.81900e+02     5.79300e-02     4.77800e+01     8.500e-02      3.959e-04      1.982e-05      4.497e-06      3.845e-08      2.852e-07      7.871e-09      6.580e-06      9.455e-06      1.894e-05      2.426e-06      9.620e-06      1.619e-07      8.445e-09      1.379e-09      6.624e-07      2.734e-06      4.562e-09      1.397e-09      2.625e-09      7.354e-09      2.033e-07      9.096e-08      2.809e-08      8.081e-09      1.364e-09      
7.81900e-05     6.71100e-05     2.88000e-05     3.18700e+06     4.64100e+02     5.73400e-02     4.79400e+01     8.500e-02      3.958e-04      1.982e-05      4.468e-06      3.823e-08      2.790e-07      7.853e-09      6.580e-06      9.387e-06      1.892e-05      2.417e-06      9.615e-06      1.617e-07      8.442e-09      1.385e-09      6.576e-07      2.732e-06      4.562e-09      1.404e-09      2.627e-09      8.633e-09      2.054e-07      9.204e-08      2.973e-08      8.120e-09      1.569e-09      
8.03800e-05     6.89800e-05     2.96100e-05     3.01500e+06     4.47400e+02     5.69100e-02     4.81000e+01     8.500e-02      3.957e-04      1.982e-05      4.440e-06      3.801e-08      2.732e-07      7.834e-09      6.577e-06      9.319e-06      1.890e-05      2.408e-06      9.610e-06      1.615e-07      8.438e-09      1.393e-09      6.529e-07      2.729e-06      4.563e-09      1.412e-09      2.628e-09      1.009e-08      2.076e-07      9.308e-08      3.167e-08      8.164e-09      1.810e-09      
8.25700e-05     7.08600e-05     3.04200e-05     2.85600e+06     4.31700e+02     5.62300e-02     4.82600e+01     8.500e-02      3.956e-04      1.981e-05      4.412e-06      3.779e-08      2.677e-07      7.815e-09      6.572e-06      9.250e-06      1.887e-05      2.400e-06      9.604e-06      1.613e-07      8.435e-09      1.404e-09      6.483e-07      2.726e-06      4.564e-09      1.419e-09      2.629e-09      1.174e-08      2.098e-07      9.410e-08      3.393e-08      8.212e-09      2.089e-09      
8.47600e-05     7.27400e-05     3.12300e-05     2.71000e+06     4.17000e+02     5.58800e-02     4.84200e+01     8.500e-02      3.956e-04      1.981e-05      4.384e-06      3.757e-08      2.625e-07      7.796e-09      6.565e-06      9.181e-06      1.883e-05      2.391e-06      9.599e-06      1.611e-07      8.432e-09      1.417e-09      6.437e-07      2.724e-06      4.565e-09      1.427e-09      2.631e-09      1.361e-08      2.120e-07      9.508e-08      3.655e-08      8.267e-09      2.412e-09      
8.69500e-05     7.46200e-05     3.20400e-05     2.57500e+06     4.03200e+02     5.54900e-02     4.85800e+01     8.500e-02      3.955e-04      1.981e-05      4.356e-06      3.735e-08      2.575e-07      7.777e-09      6.557e-06      9.112e-06      1.880e-05      2.383e-06      9.593e-06      1.608e-07      8.429e-09      1.432e-09      6.391e-07      2.721e-06      4.566e-09      1.435e-09      2.632e-09      1.572e-08      2.143e-07      9.603e-08      3.956e-08      8.328e-09      2.783e-09      
8.91400e-05     7.65000e-05     3.28500e-05     2.45000e+06     3.90100e+02     5.53200e-02     4.87400e+01     8.500e-02      3.954e-04      1.980e-05      4.328e-06      3.713e-08      2.527e-07      7.758e-09      6.546e-06      9.042e-06      1.876e-05      2.374e-06      9.587e-06      1.605e-07      8.425e-09      1.452e-09      6.346e-07      2.718e-06      4.567e-09      1.442e-09      2.634e-09      1.807e-08      2.166e-07      9.695e-08      4.300e-08      8.396e-09      3.206e-09      
9.13400e-05     7.83700e-05     3.36600e-05     2.33400e+06     3.77800e+02     5.49500e-02     4.89000e+01     8.500e-02      3.953e-04      1.980e-05      4.300e-06      3.691e-08      2.481e-07      7.739e-09      6.535e-06      8.971e-06      1.871e-05      2.366e-06      9.581e-06      1.601e-07      8.422e-09      1.475e-09      6.301e-07      2.715e-06      4.568e-09      1.450e-09      2.636e-09      2.072e-08      2.189e-07      9.784e-08      4.689e-08      8.472e-09      3.684e-09      
9.35300e-05     8.02500e-05     3.44700e-05     2.22600e+06     3.66100e+02     5.45900e-02     4.90600e+01     8.500e-02      3.953e-04      1.979e-05      4.273e-06      3.669e-08      2.436e-07      7.721e-09      6.522e-06      8.900e-06      1.867e-05      2.357e-06      9.575e-06      1.596e-07      8.419e-09      1.502e-09      6.257e-07      2.713e-06      4.569e-09      1.458e-09      2.637e-09      2.368e-08      2.212e-07      9.871e-08      5.126e-08      8.554e-09      4.221e-09      
9.57200e-05     8.21300e-05     3.52800e-05     2.12500e+06     3.55100e+02     5.43400e-02     4.92100e+01     8.500e-02      3.952e-04      1.979e-05      4.246e-06      3.647e-08      2.393e-07      7.702e-09      6.507e-06      8.829e-06      1.861e-05      2.349e-06      9.568e-06      1.591e-07      8.415e-09      1.534e-09      6.213e-07      2.710e-06      4.570e-09      1.466e-09      2.639e-09      2.697e-08      2.236e-07      9.955e-08      5.614e-08      8.645e-09      4.821e-09      
9.79200e-05     8.40200e-05     3.60900e-05     2.03100e+06     3.44600e+02     5.39500e-02     4.93700e+01     8.500e-02      3.951e-04      1.979e-05      4.219e-06      3.625e-08      2.351e-07      7.683e-09      6.492e-06      8.757e-06      1.855e-05      2.340e-06      9.562e-06      1.586e-07      8.412e-09      1.572e-09      6.170e-07      2.707e-06      4.572e-09      1.474e-09      2.641e-09      3.064e-08      2.259e-07      1.004e-07      6.155e-08      8.745e-09      5.487e-09      
1.00100e-04     8.59000e-05     3.69000e-05     1.94400e+06     3.34700e+02     5.36100e-02     4.95300e+01     8.500e-02      3.950e-04      1.978e-05      4.192e-06      3.603e-08      2.309e-07      7.665e-09      6.476e-06      8.685e-06      1.849e-05      2.332e-06      9.555e-06      1.580e-07      8.409e-09      1.616e-09      6.127e-07      2.704e-06      4.573e-09      1.482e-09      2.643e-09      3.469e-08      2.283e-07      1.011e-07      6.749e-08      8.853e-09      6.222e-09      
1.02300e-04     8.77800e-05     3.77200e-05     1.86100e+06     3.25300e+02     5.32700e-02     4.96900e+01     8.500e-02      3.950e-04      1.978e-05      4.165e-06      3.581e-08      2.269e-07      7.646e-09      6.458e-06      8.611e-06      1.842e-05      2.323e-06      9.549e-06      1.573e-07      8.406e-09      1.667e-09      6.085e-07      2.701e-06      4.574e-09      1.490e-09      2.644e-09      3.915e-08      2.307e-07      1.019e-07      7.397e-08      8.971e-09      7.026e-09      
1.04500e-04     8.96600e-05     3.85300e-05     1.78400e+06     3.16300e+02     5.29500e-02     4.98500e+01     8.500e-02      3.949e-04      1.978e-05      4.138e-06      3.559e-08      2.229e-07      7.628e-09      6.440e-06      8.538e-06      1.835e-05      2.315e-06      9.542e-06      1.566e-07      8.403e-09      1.727e-09      6.043e-07      2.698e-06      4.576e-09      1.498e-09      2.646e-09      4.407e-08      2.330e-07      1.026e-07      8.101e-08      9.098e-09      7.902e-09      
1.06700e-04     9.15400e-05     3.93400e-05     1.71200e+06     3.07800e+02     5.27800e-02     5.00100e+01     8.500e-02      3.948e-04      1.977e-05      4.112e-06      3.537e-08      2.191e-07      7.609e-09      6.421e-06      8.463e-06      1.828e-05      2.306e-06      9.536e-06      1.559e-07      8.400e-09      1.795e-09      6.001e-07      2.695e-06      4.577e-09      1.506e-09      2.648e-09      4.944e-08      2.353e-07      1.034e-07      8.859e-08      9.234e-09      8.851e-09      
1.08900e-04     9.34300e-05     4.01600e-05     1.64400e+06     2.99600e+02     5.23800e-02     5.01700e+01     8.500e-02      3.947e-04      1.977e-05      4.085e-06      3.515e-08      2.153e-07      7.591e-09      6.401e-06      8.389e-06      1.819e-05      2.298e-06      9.529e-06      1.551e-07      8.396e-09      1.875e-09      5.960e-07      2.692e-06      4.578e-09      1.514e-09      2.650e-09      5.533e-08      2.376e-07      1.041e-07      9.672e-08      9.380e-09      9.872e-09      
1.11100e-04     9.53100e-05     4.09700e-05     1.58000e+06     2.91900e+02     5.20700e-02     5.03300e+01     8.500e-02      3.947e-04      1.977e-05      4.059e-06      3.492e-08      2.115e-07      7.572e-09      6.381e-06      8.313e-06      1.811e-05      2.289e-06      9.522e-06      1.543e-07      8.393e-09      1.966e-09      5.920e-07      2.689e-06      4.580e-09      1.522e-09      2.652e-09      6.175e-08      2.399e-07      1.047e-07      1.054e-07      9.536e-09      1.097e-08      
1.13300e-04     9.71900e-05     4.17900e-05     1.52000e+06     2.84400e+02     5.17700e-02     5.04900e+01     8.500e-02      3.946e-04      1.976e-05      4.033e-06      3.470e-08      2.079e-07      7.554e-09      6.360e-06      8.237e-06      1.802e-05      2.281e-06      9.515e-06      1.534e-07      8.390e-09      2.071e-09      5.880e-07      2.686e-06      4.581e-09      1.530e-09      2.654e-09      6.872e-08      2.422e-07      1.054e-07      1.145e-07      9.701e-09      1.213e-08      
1.15500e-04     9.90800e-05     4.26000e-05     1.46300e+06     2.77400e+02     5.14200e-02     5.06500e+01     8.500e-02      3.945e-04      1.976e-05      4.007e-06      3.448e-08      2.043e-07      7.535e-09      6.339e-06      8.160e-06      1.793e-05      2.272e-06      9.509e-06      1.525e-07      8.387e-09      2.189e-09      5.840e-07      2.683e-06      4.583e-09      1.537e-09      2.656e-09      7.630e-08      2.445e-07      1.060e-07      1.242e-07      9.876e-09      1.337e-08      
1.17700e-04     1.01000e-04     4.34200e-05     1.40900e+06     2.70600e+02     5.11300e-02     5.08100e+01     8.500e-02      3.945e-04      1.976e-05      3.981e-06      3.426e-08      2.008e-07      7.517e-09      6.317e-06      8.082e-06      1.783e-05      2.263e-06      9.502e-06      1.515e-07      8.384e-09      2.323e-09      5.801e-07      2.680e-06      4.584e-09      1.545e-09      2.658e-09      8.448e-08      2.467e-07      1.066e-07      1.343e-07      1.006e-08      1.467e-08      
1.19900e-04     1.02800e-04     4.42300e-05     1.35800e+06     2.64100e+02     5.08400e-02     5.09700e+01     8.500e-02      3.944e-04      1.975e-05      3.955e-06      3.404e-08      1.973e-07      7.499e-09      6.295e-06      8.004e-06      1.773e-05      2.255e-06      9.495e-06      1.506e-07      8.381e-09      2.473e-09      5.762e-07      2.676e-06      4.586e-09      1.552e-09      2.660e-09      9.332e-08      2.489e-07      1.072e-07      1.448e-07      1.025e-08      1.604e-08      
1.22100e-04     1.04700e-04     4.50500e-05     1.31000e+06     2.57800e+02     5.06300e-02     5.11300e+01     8.500e-02      3.943e-04      1.975e-05      3.930e-06      3.381e-08      1.939e-07      7.481e-09      6.273e-06      7.925e-06      1.763e-05      2.246e-06      9.488e-06      1.496e-07      8.379e-09      2.641e-09      5.723e-07      2.673e-06      4.588e-09      1.560e-09      2.662e-09      1.028e-07      2.511e-07      1.078e-07      1.557e-07      1.046e-08      1.747e-08      
1.24300e-04     1.06600e-04     4.58700e-05     1.26400e+06     2.51900e+02     5.03500e-02     5.12800e+01     8.500e-02      3.942e-04      1.975e-05      3.904e-06      3.359e-08      1.906e-07      7.462e-09      6.250e-06      7.845e-06      1.752e-05      2.238e-06      9.481e-06      1.486e-07      8.376e-09      2.826e-09      5.685e-07      2.670e-06      4.589e-09      1.567e-09      2.664e-09      1.130e-07      2.532e-07      1.084e-07      1.670e-07      1.067e-08      1.896e-08      
1.26500e-04     1.08500e-04     4.66900e-05     1.22100e+06     2.46100e+02     5.01400e-02     5.14400e+01     8.500e-02      3.942e-04      1.974e-05      3.879e-06      3.337e-08      1.873e-07      7.444e-09      6.227e-06      7.765e-06      1.741e-05      2.229e-06      9.474e-06      1.475e-07      8.373e-09      3.030e-09      5.648e-07      2.667e-06      4.591e-09      1.574e-09      2.666e-09      1.240e-07      2.553e-07      1.089e-07      1.785e-07      1.089e-08      2.051e-08      
1.28700e-04     1.10400e-04     4.75000e-05     1.18000e+06     2.40600e+02     4.98600e-02     5.16000e+01     8.500e-02      3.941e-04      1.974e-05      3.854e-06      3.315e-08      1.841e-07      7.426e-09      6.205e-06      7.684e-06      1.730e-05      2.221e-06      9.467e-06      1.465e-07      8.370e-09      3.252e-09      5.610e-07      2.664e-06      4.593e-09      1.581e-09      2.668e-09      1.357e-07      2.573e-07      1.095e-07      1.904e-07      1.112e-08      2.211e-08      
1.30900e-04     1.12300e-04     4.83200e-05     1.14100e+06     2.35300e+02     4.96100e-02     5.17600e+01     8.500e-02      3.940e-04      1.974e-05      3.829e-06      3.292e-08      1.809e-07      7.408e-09      6.182e-06      7.603e-06      1.719e-05      2.212e-06      9.460e-06      1.454e-07      8.367e-09      3.492e-09      5.574e-07      2.660e-06      4.594e-09      1.588e-09      2.670e-09      1.482e-07      2.594e-07      1.100e-07      2.025e-07      1.135e-08      2.376e-08      
1.33100e-04     1.14200e-04     4.91400e-05     1.10400e+06     2.30200e+02     4.93400e-02     5.19200e+01     8.500e-02      3.939e-04      1.973e-05      3.804e-06      3.270e-08      1.778e-07      7.390e-09      6.158e-06      7.521e-06      1.708e-05      2.204e-06      9.453e-06      1.444e-07      8.364e-09      3.749e-09      5.537e-07      2.657e-06      4.596e-09      1.595e-09      2.672e-09      1.615e-07      2.614e-07      1.105e-07      2.148e-07      1.160e-08      2.546e-08      
1.35300e-04     1.16000e-04     4.99600e-05     1.06900e+06     2.25300e+02     4.90800e-02     5.20800e+01     8.500e-02      3.939e-04      1.973e-05      3.779e-06      3.248e-08      1.748e-07      7.372e-09      6.135e-06      7.439e-06      1.696e-05      2.195e-06      9.446e-06      1.433e-07      8.362e-09      4.023e-09      5.501e-07      2.654e-06      4.598e-09      1.602e-09      2.674e-09      1.757e-07      2.633e-07      1.110e-07      2.272e-07      1.185e-08      2.720e-08      
1.37500e-04     1.17900e-04     5.07800e-05     1.03500e+06     2.20600e+02     4.87600e-02     5.22400e+01     8.500e-02      3.938e-04      1.973e-05      3.754e-06      3.225e-08      1.718e-07      7.354e-09      6.112e-06      7.356e-06      1.684e-05      2.187e-06      9.439e-06      1.423e-07      8.359e-09      4.311e-09      5.465e-07      2.650e-06      4.600e-09      1.609e-09      2.676e-09      1.907e-07      2.652e-07      1.115e-07      2.398e-07      1.211e-08      2.897e-08      
1.39700e-04     1.19800e-04     5.16000e-05     1.00300e+06     2.16100e+02     4.85100e-02     5.24000e+01     8.500e-02      3.937e-04      1.972e-05      3.729e-06      3.203e-08      1.688e-07      7.336e-09      6.089e-06      7.273e-06      1.673e-05      2.178e-06      9.432e-06      1.412e-07      8.356e-09      4.613e-09      5.430e-07      2.647e-06      4.601e-09      1.616e-09      2.677e-09      2.067e-07      2.671e-07      1.119e-07      2.524e-07      1.237e-08      3.078e-08      
1.41900e-04     1.21700e-04     5.24200e-05     9.72200e+05     2.11700e+02     4.82500e-02     5.25600e+01     8.500e-02      3.937e-04      1.972e-05      3.705e-06      3.181e-08      1.660e-07      7.318e-09      6.065e-06      7.189e-06      1.661e-05      2.169e-06      9.425e-06      1.401e-07      8.353e-09      4.927e-09      5.395e-07      2.644e-06      4.603e-09      1.622e-09      2.679e-09      2.235e-07      2.689e-07      1.124e-07      2.651e-07      1.264e-08      3.263e-08      
1.44100e-04     1.23600e-04     5.32400e-05     9.43000e+05     2.07400e+02     4.80200e-02     5.27200e+01     8.500e-02      3.936e-04      1.972e-05      3.681e-06      3.158e-08      1.631e-07      7.300e-09      6.042e-06      7.105e-06      1.649e-05      2.161e-06      9.418e-06      1.391e-07      8.351e-09      5.250e-09      5.361e-07      2.640e-06      4.605e-09      1.629e-09      2.681e-09      2.412e-07      2.706e-07      1.129e-07      2.777e-07      1.292e-08      3.449e-08      
1.46300e-04     1.25500e-04     5.40600e-05     9.15000e+05     2.03400e+02     4.77800e-02     5.28800e+01     8.500e-02      3.935e-04      1.971e-05      3.656e-06      3.136e-08      1.603e-07      7.282e-09      6.019e-06      7.021e-06      1.637e-05      2.152e-06      9.411e-06      1.380e-07      8.348e-09      5.582e-09      5.326e-07      2.637e-06      4.607e-09      1.635e-09      2.683e-09      2.599e-07      2.723e-07      1.133e-07      2.904e-07      1.320e-08      3.639e-08      
1.48500e-04     1.27400e-04     5.48800e-05     8.88300e+05     1.99400e+02     4.75300e-02     5.30400e+01     8.500e-02      3.934e-04      1.971e-05      3.632e-06      3.114e-08      1.576e-07      7.264e-09      5.995e-06      6.936e-06      1.625e-05      2.144e-06      9.404e-06      1.370e-07      8.345e-09      5.919e-09      5.293e-07      2.633e-06      4.609e-09      1.641e-09      2.685e-09      2.795e-07      2.740e-07      1.137e-07      3.029e-07      1.349e-08      3.830e-08      
1.50700e-04     1.29300e-04     5.57100e-05     8.62700e+05     1.95600e+02     4.73000e-02     5.32000e+01     8.500e-02      3.934e-04      1.971e-05      3.608e-06      3.091e-08      1.549e-07      7.246e-09      5.972e-06      6.851e-06      1.613e-05      2.135e-06      9.396e-06      1.359e-07      8.343e-09      6.260e-09      5.259e-07      2.630e-06      4.611e-09      1.647e-09      2.687e-09      3.000e-07      2.756e-07      1.141e-07      3.154e-07      1.379e-08      4.023e-08      
1.52900e-04     1.31100e-04     5.65300e-05     8.38300e+05     1.91900e+02     4.70600e-02     5.33600e+01     8.500e-02      3.933e-04      1.970e-05      3.585e-06      3.069e-08      1.522e-07      7.228e-09      5.949e-06      6.766e-06      1.601e-05      2.127e-06      9.389e-06      1.348e-07      8.340e-09      6.603e-09      5.226e-07      2.627e-06      4.613e-09      1.654e-09      2.689e-09      3.216e-07      2.772e-07      1.145e-07      3.278e-07      1.409e-08      4.217e-08      
1.55100e-04     1.33000e-04     5.73500e-05     8.14800e+05     1.88300e+02     4.68400e-02     5.35100e+01     8.500e-02      3.932e-04      1.970e-05      3.561e-06      3.047e-08      1.496e-07      7.211e-09      5.925e-06      6.681e-06      1.589e-05      2.118e-06      9.382e-06      1.338e-07      8.337e-09      6.947e-09      5.193e-07      2.623e-06      4.615e-09      1.660e-09      2.691e-09      3.441e-07      2.787e-07      1.149e-07      3.399e-07      1.439e-08      4.412e-08      
1.57300e-04     1.34900e-04     5.81800e-05     7.92300e+05     1.84900e+02     4.66200e-02     5.36700e+01     8.500e-02      3.932e-04      1.970e-05      3.537e-06      3.025e-08      1.471e-07      7.193e-09      5.902e-06      6.595e-06      1.577e-05      2.110e-06      9.375e-06      1.328e-07      8.335e-09      7.288e-09      5.161e-07      2.620e-06      4.617e-09      1.665e-09      2.693e-09      3.675e-07      2.801e-07      1.153e-07      3.519e-07      1.470e-08      4.608e-08      
1.59500e-04     1.36800e-04     5.90000e-05     7.70700e+05     1.81500e+02     4.63800e-02     5.38300e+01     8.500e-02      3.931e-04      1.969e-05      3.514e-06      3.002e-08      1.446e-07      7.175e-09      5.879e-06      6.510e-06      1.565e-05      2.101e-06      9.368e-06      1.317e-07      8.332e-09      7.628e-09      5.129e-07      2.616e-06      4.618e-09      1.671e-09      2.695e-09      3.920e-07      2.815e-07      1.157e-07      3.637e-07      1.501e-08      4.805e-08      
1.61700e-04     1.38700e-04     5.98200e-05     7.50000e+05     1.78300e+02     4.61600e-02     5.39900e+01     8.500e-02      3.930e-04      1.969e-05      3.491e-06      2.980e-08      1.421e-07      7.158e-09      5.856e-06      6.424e-06      1.552e-05      2.093e-06      9.361e-06      1.307e-07      8.330e-09      7.963e-09      5.097e-07      2.613e-06      4.620e-09      1.677e-09      2.697e-09      4.174e-07      2.828e-07      1.161e-07      3.753e-07      1.532e-08      5.001e-08      
1.63900e-04     1.40600e-04     6.06500e-05     7.30100e+05     1.75200e+02     4.59600e-02     5.41500e+01     8.500e-02      3.929e-04      1.969e-05      3.468e-06      2.958e-08      1.397e-07      7.140e-09      5.833e-06      6.338e-06      1.540e-05      2.084e-06      9.354e-06      1.297e-07      8.327e-09      8.292e-09      5.065e-07      2.609e-06      4.622e-09      1.683e-09      2.699e-09      4.438e-07      2.841e-07      1.164e-07      3.865e-07      1.564e-08      5.197e-08      
1.66100e-04     1.42500e-04     6.14700e-05     7.10900e+05     1.72100e+02     4.57300e-02     5.43100e+01     8.500e-02      3.929e-04      1.968e-05      3.445e-06      2.936e-08      1.373e-07      7.122e-09      5.810e-06      6.252e-06      1.529e-05      2.076e-06      9.347e-06      1.287e-07      8.325e-09      8.616e-09      5.034e-07      2.606e-06      4.624e-09      1.688e-09      2.700e-09      4.711e-07      2.853e-07      1.168e-07      3.976e-07      1.596e-08      5.394e-08      
1.68300e-04     1.44400e-04     6.23000e-05     6.92500e+05     1.69200e+02     4.55100e-02     5.44700e+01     8.500e-02      3.928e-04      1.968e-05      3.422e-06      2.914e-08      1.349e-07      7.105e-09      5.787e-06      6.166e-06      1.517e-05      2.067e-06      9.339e-06      1.277e-07      8.322e-09      8.933e-09      5.003e-07      2.602e-06      4.626e-09      1.694e-09      2.702e-09      4.994e-07      2.865e-07      1.171e-07      4.083e-07      1.629e-08      5.589e-08      
1.70500e-04     1.46300e-04     6.31300e-05     6.74800e+05     1.66300e+02     4.53100e-02     5.46300e+01     8.500e-02      3.927e-04      1.968e-05      3.399e-06      2.892e-08      1.326e-07      7.087e-09      5.764e-06      6.080e-06      1.505e-05      2.059e-06      9.332e-06      1.267e-07      8.320e-09      9.242e-09      4.973e-07      2.598e-06      4.628e-09      1.699e-09      2.704e-09      5.286e-07      2.876e-07      1.175e-07      4.187e-07      1.661e-08      5.784e-08      
1.72700e-04     1.48100e-04     6.39500e-05     6.57700e+05     1.63500e+02     4.51000e-02     5.47900e+01     8.500e-02      3.926e-04      1.967e-05      3.376e-06      2.870e-08      1.303e-07      7.070e-09      5.741e-06      5.994e-06      1.493e-05      2.050e-06      9.325e-06      1.257e-07      8.317e-09      9.543e-09      4.943e-07      2.595e-06      4.630e-09      1.704e-09      2.706e-09      5.587e-07      2.886e-07      1.178e-07      4.289e-07      1.694e-08      5.978e-08      
1.74900e-04     1.50000e-04     6.47800e-05     6.41300e+05     1.60800e+02     4.48800e-02     5.49500e+01     8.500e-02      3.926e-04      1.967e-05      3.354e-06      2.849e-08      1.281e-07      7.052e-09      5.718e-06      5.908e-06      1.481e-05      2.042e-06      9.318e-06      1.247e-07      8.315e-09      9.836e-09      4.913e-07      2.591e-06      4.632e-09      1.709e-09      2.708e-09      5.897e-07      2.896e-07      1.181e-07      4.386e-07      1.727e-08      6.170e-08      
1.77100e-04     1.51900e-04     6.56100e-05     6.25500e+05     1.58200e+02     4.46600e-02     5.51100e+01     8.500e-02      3.925e-04      1.967e-05      3.332e-06      2.827e-08      1.259e-07      7.035e-09      5.695e-06      5.823e-06      1.469e-05      2.033e-06      9.311e-06      1.237e-07      8.312e-09      1.012e-08      4.883e-07      2.588e-06      4.634e-09      1.714e-09      2.709e-09      6.216e-07      2.905e-07      1.184e-07      4.481e-07      1.761e-08      6.362e-08      
1.79300e-04     1.53800e-04     6.64300e-05     6.10200e+05     1.55600e+02     4.44300e-02     5.52700e+01     8.500e-02      3.924e-04      1.967e-05      3.309e-06      2.805e-08      1.238e-07      7.018e-09      5.673e-06      5.737e-06      1.458e-05      2.025e-06      9.304e-06      1.227e-07      8.310e-09      1.040e-08      4.854e-07      2.584e-06      4.636e-09      1.719e-09      2.711e-09      6.543e-07      2.914e-07      1.187e-07      4.572e-07      1.794e-08      6.552e-08      
1.81500e-04     1.55700e-04     6.72600e-05     5.95500e+05     1.53100e+02     4.42200e-02     5.54300e+01     8.500e-02      3.924e-04      1.966e-05      3.287e-06      2.784e-08      1.216e-07      7.000e-09      5.650e-06      5.651e-06      1.446e-05      2.017e-06      9.296e-06      1.217e-07      8.308e-09      1.066e-08      4.825e-07      2.580e-06      4.638e-09      1.724e-09      2.713e-09      6.879e-07      2.921e-07      1.190e-07      4.659e-07      1.828e-08      6.740e-08      
1.83700e-04     1.57600e-04     6.80900e-05     5.81300e+05     1.50700e+02     4.40400e-02     5.55900e+01     8.500e-02      3.923e-04      1.966e-05      3.265e-06      2.762e-08      1.195e-07      6.983e-09      5.627e-06      5.566e-06      1.435e-05      2.009e-06      9.289e-06      1.208e-07      8.305e-09      1.092e-08      4.796e-07      2.577e-06      4.640e-09      1.729e-09      2.714e-09      7.223e-07      2.929e-07      1.193e-07      4.743e-07      1.862e-08      6.927e-08      
1.85900e-04     1.59500e-04     6.89200e-05     5.67500e+05     1.48300e+02     4.38400e-02     5.57400e+01     8.500e-02      3.922e-04      1.966e-05      3.244e-06      2.741e-08      1.175e-07      6.966e-09      5.605e-06      5.481e-06      1.423e-05      2.000e-06      9.282e-06      1.198e-07      8.303e-09      1.117e-08      4.768e-07      2.573e-06      4.642e-09      1.733e-09      2.716e-09      7.574e-07      2.935e-07      1.196e-07      4.822e-07      1.896e-08      7.111e-08      
1.88100e-04     1.61400e-04     6.97500e-05     5.54300e+05     1.46000e+02     4.36400e-02     5.59000e+01     8.500e-02      3.921e-04      1.965e-05      3.222e-06      2.719e-08      1.155e-07      6.949e-09      5.582e-06      5.396e-06      1.412e-05      1.992e-06      9.275e-06      1.189e-07      8.300e-09      1.141e-08      4.740e-07      2.569e-06      4.644e-09      1.738e-09      2.718e-09      7.933e-07      2.941e-07      1.199e-07      4.899e-07      1.930e-08      7.294e-08      
1.90300e-04     1.63300e-04     7.05800e-05     5.41500e+05     1.43800e+02     4.34300e-02     5.60600e+01     8.500e-02      3.921e-04      1.965e-05      3.201e-06      2.698e-08      1.135e-07      6.931e-09      5.560e-06      5.311e-06      1.401e-05      1.984e-06      9.267e-06      1.179e-07      8.298e-09      1.164e-08      4.712e-07      2.566e-06      4.646e-09      1.742e-09      2.719e-09      8.298e-07      2.946e-07      1.202e-07      4.971e-07      1.964e-08      7.475e-08      
1.92500e-04     1.65100e-04     7.14100e-05     5.29100e+05     1.41600e+02     4.32300e-02     5.62200e+01     8.500e-02      3.920e-04      1.965e-05      3.179e-06      2.677e-08      1.115e-07      6.914e-09      5.537e-06      5.227e-06      1.389e-05      1.976e-06      9.260e-06      1.170e-07      8.296e-09      1.187e-08      4.684e-07      2.562e-06      4.648e-09      1.747e-09      2.721e-09      8.670e-07      2.951e-07      1.204e-07      5.039e-07      1.998e-08      7.653e-08      
1.94700e-04     1.67000e-04     7.22400e-05     5.17100e+05     1.39500e+02     4.30400e-02     5.63800e+01     8.500e-02      3.919e-04      1.964e-05      3.158e-06      2.656e-08      1.096e-07      6.897e-09      5.515e-06      5.143e-06      1.378e-05      1.967e-06      9.253e-06      1.161e-07      8.293e-09      1.208e-08      4.657e-07      2.558e-06      4.649e-09      1.751e-09      2.722e-09      9.049e-07      2.955e-07      1.207e-07      5.104e-07      2.033e-08      7.830e-08      
1.96900e-04     1.68900e-04     7.30700e-05     5.05500e+05     1.37400e+02     4.28600e-02     5.65400e+01     8.500e-02      3.918e-04      1.964e-05      3.137e-06      2.635e-08      1.077e-07      6.880e-09      5.492e-06      5.059e-06      1.367e-05      1.959e-06      9.246e-06      1.152e-07      8.291e-09      1.229e-08      4.630e-07      2.555e-06      4.651e-09      1.755e-09      2.724e-09      9.434e-07      2.958e-07      1.209e-07      5.165e-07      2.067e-08      8.003e-08      
1.99100e-04     1.70800e-04     7.39000e-05     4.94300e+05     1.35400e+02     4.26700e-02     5.67000e+01     8.500e-02      3.918e-04      1.964e-05      3.116e-06      2.614e-08      1.059e-07      6.863e-09      5.470e-06      4.976e-06      1.356e-05      1.951e-06      9.238e-06      1.143e-07      8.288e-09      1.249e-08      4.603e-07      2.551e-06      4.653e-09      1.759e-09      2.726e-09      9.824e-07      2.961e-07      1.212e-07      5.222e-07      2.101e-08      8.175e-08      
2.01300e-04     1.72700e-04     7.47300e-05     4.83400e+05     1.33500e+02     4.24800e-02     5.68600e+01     8.500e-02      3.917e-04      1.963e-05      3.095e-06      2.593e-08      1.041e-07      6.846e-09      5.448e-06      4.893e-06      1.345e-05      1.943e-06      9.231e-06      1.134e-07      8.286e-09      1.268e-08      4.577e-07      2.547e-06      4.655e-09      1.763e-09      2.727e-09      1.022e-06      2.963e-07      1.214e-07      5.275e-07      2.136e-08      8.344e-08      
2.03500e-04     1.74600e-04     7.55700e-05     4.72900e+05     1.31500e+02     4.23000e-02     5.70200e+01     8.500e-02      3.916e-04      1.963e-05      3.074e-06      2.572e-08      1.023e-07      6.829e-09      5.426e-06      4.811e-06      1.334e-05      1.935e-06      9.224e-06      1.125e-07      8.284e-09      1.287e-08      4.550e-07      2.543e-06      4.657e-09      1.767e-09      2.729e-09      1.062e-06      2.964e-07      1.217e-07      5.324e-07      2.170e-08      8.510e-08      
2.05700e-04     1.76500e-04     7.64000e-05     4.62700e+05     1.29700e+02     4.21200e-02     5.71800e+01     8.500e-02      3.915e-04      1.963e-05      3.054e-06      2.551e-08      1.005e-07      6.812e-09      5.404e-06      4.729e-06      1.323e-05      1.927e-06      9.217e-06      1.116e-07      8.281e-09      1.305e-08      4.524e-07      2.539e-06      4.659e-09      1.771e-09      2.730e-09      1.102e-06      2.964e-07      1.219e-07      5.370e-07      2.204e-08      8.674e-08      
2.07900e-04     1.78400e-04     7.72300e-05     4.52800e+05     1.27800e+02     4.19300e-02     5.73400e+01     8.500e-02      3.915e-04      1.962e-05      3.033e-06      2.531e-08      9.879e-08      6.795e-09      5.382e-06      4.648e-06      1.312e-05      1.919e-06      9.209e-06      1.107e-07      8.279e-09      1.322e-08      4.499e-07      2.536e-06      4.660e-09      1.775e-09      2.731e-09      1.143e-06      2.964e-07      1.221e-07      5.412e-07      2.238e-08      8.835e-08      
2.10100e-04     1.80300e-04     7.80700e-05     4.43300e+05     1.26100e+02     4.17200e-02     5.75000e+01     8.500e-02      3.914e-04      1.962e-05      3.013e-06      2.510e-08      9.708e-08      6.778e-09      5.359e-06      4.567e-06      1.302e-05      1.911e-06      9.202e-06      1.098e-07      8.276e-09      1.339e-08      4.473e-07      2.532e-06      4.662e-09      1.778e-09      2.733e-09      1.184e-06      2.964e-07      1.224e-07      5.450e-07      2.272e-08      8.994e-08      
2.12300e-04     1.82200e-04     7.89000e-05     4.34000e+05     1.24300e+02     4.16600e-02     5.76600e+01     8.500e-02      3.913e-04      1.962e-05      2.993e-06      2.490e-08      9.541e-08      6.761e-09      5.337e-06      4.487e-06      1.291e-05      1.903e-06      9.195e-06      1.089e-07      8.274e-09      1.355e-08      4.448e-07      2.528e-06      4.664e-09      1.782e-09      2.734e-09      1.226e-06      2.962e-07      1.226e-07      5.484e-07      2.306e-08      9.149e-08      
2.14500e-04     1.84000e-04     7.97300e-05     4.24900e+05     1.22600e+02     4.14700e-02     5.78100e+01     8.500e-02      3.913e-04      1.961e-05      2.973e-06      2.469e-08      9.377e-08      6.745e-09      5.315e-06      4.407e-06      1.281e-05      1.896e-06      9.187e-06      1.081e-07      8.271e-09      1.370e-08      4.423e-07      2.524e-06      4.666e-09      1.785e-09      2.736e-09      1.268e-06      2.960e-07      1.228e-07      5.515e-07      2.340e-08      9.302e-08      
2.16700e-04     1.85900e-04     8.05700e-05     4.16200e+05     1.20900e+02     4.12900e-02     5.79700e+01     8.500e-02      3.912e-04      1.961e-05      2.953e-06      2.449e-08      9.215e-08      6.728e-09      5.294e-06      4.328e-06      1.270e-05      1.888e-06      9.180e-06      1.072e-07      8.269e-09      1.385e-08      4.398e-07      2.520e-06      4.667e-09      1.789e-09      2.737e-09      1.310e-06      2.958e-07      1.230e-07      5.543e-07      2.374e-08      9.452e-08      
2.18900e-04     1.87800e-04     8.14000e-05     4.07700e+05     1.19300e+02     4.11100e-02     5.81300e+01     8.500e-02      3.911e-04      1.961e-05      2.933e-06      2.429e-08      9.056e-08      6.711e-09      5.272e-06      4.250e-06      1.260e-05      1.880e-06      9.173e-06      1.064e-07      8.267e-09      1.400e-08      4.374e-07      2.517e-06      4.669e-09      1.792e-09      2.738e-09      1.352e-06      2.955e-07      1.232e-07      5.566e-07      2.407e-08      9.600e-08      
2.21100e-04     1.89700e-04     8.22400e-05     3.99500e+05     1.17700e+02     4.09300e-02     5.82900e+01     8.500e-02      3.910e-04      1.961e-05      2.913e-06      2.409e-08      8.899e-08      6.694e-09      5.250e-06      4.173e-06      1.249e-05      1.872e-06      9.165e-06      1.055e-07      8.264e-09      1.413e-08      4.349e-07      2.513e-06      4.671e-09      1.795e-09      2.740e-09      1.394e-06      2.951e-07      1.234e-07      5.587e-07      2.441e-08      9.744e-08      
2.23300e-04     1.91600e-04     8.30700e-05     3.91500e+05     1.16200e+02     4.07600e-02     5.84500e+01     8.500e-02      3.910e-04      1.960e-05      2.894e-06      2.389e-08      8.746e-08      6.678e-09      5.228e-06      4.096e-06      1.239e-05      1.864e-06      9.158e-06      1.047e-07      8.261e-09      1.427e-08      4.325e-07      2.509e-06      4.672e-09      1.799e-09      2.741e-09      1.437e-06      2.946e-07      1.236e-07      5.604e-07      2.474e-08      9.886e-08      
2.25500e-04     1.93500e-04     8.39100e-05     3.83700e+05     1.14600e+02     4.05800e-02     5.86100e+01     8.500e-02      3.909e-04      1.960e-05      2.874e-06      2.369e-08      8.594e-08      6.661e-09      5.206e-06      4.020e-06      1.229e-05      1.857e-06      9.151e-06      1.038e-07      8.259e-09      1.439e-08      4.302e-07      2.505e-06      4.674e-09      1.802e-09      2.742e-09      1.480e-06      2.941e-07      1.238e-07      5.617e-07      2.507e-08      1.002e-07      
2.27700e-04     1.95400e-04     8.47500e-05     3.76100e+05     1.13200e+02     4.04100e-02     5.87700e+01     8.500e-02      3.908e-04      1.960e-05      2.855e-06      2.350e-08      8.446e-08      6.645e-09      5.185e-06      3.944e-06      1.219e-05      1.849e-06      9.143e-06      1.030e-07      8.256e-09      1.452e-08      4.278e-07      2.501e-06      4.675e-09      1.805e-09      2.743e-09      1.522e-06      2.936e-07      1.240e-07      5.628e-07      2.540e-08      1.016e-07      
2.29900e-04     1.97300e-04     8.55800e-05     3.68800e+05     1.11700e+02     4.02400e-02     5.89300e+01     8.500e-02      3.907e-04      1.959e-05      2.836e-06      2.330e-08      8.300e-08      6.628e-09      5.163e-06      3.870e-06      1.209e-05      1.841e-06      9.136e-06      1.022e-07      8.254e-09      1.464e-08      4.255e-07      2.497e-06      4.677e-09      1.808e-09      2.745e-09      1.565e-06      2.929e-07      1.242e-07      5.635e-07      2.572e-08      1.029e-07      
2.32100e-04     1.99200e-04     8.64200e-05     3.61600e+05     1.10300e+02     4.00600e-02     5.90900e+01     8.500e-02      3.907e-04      1.959e-05      2.817e-06      2.310e-08      8.156e-08      6.612e-09      5.142e-06      3.796e-06      1.199e-05      1.834e-06      9.128e-06      1.014e-07      8.251e-09      1.475e-08      4.231e-07      2.493e-06      4.679e-09      1.811e-09      2.746e-09      1.607e-06      2.923e-07      1.243e-07      5.639e-07      2.605e-08      1.042e-07      
2.34300e-04     2.01100e-04     8.72600e-05     3.54700e+05     1.08900e+02     3.98900e-02     5.92500e+01     8.500e-02      3.906e-04      1.959e-05      2.798e-06      2.291e-08      8.015e-08      6.595e-09      5.120e-06      3.723e-06      1.189e-05      1.826e-06      9.121e-06      1.006e-07      8.248e-09      1.486e-08      4.209e-07      2.489e-06      4.680e-09      1.814e-09      2.747e-09      1.650e-06      2.915e-07      1.245e-07      5.641e-07      2.637e-08      1.055e-07      
2.36500e-04     2.03000e-04     8.81000e-05     3.47900e+05     1.07500e+02     3.97300e-02     5.94100e+01     8.500e-02      3.905e-04      1.958e-05      2.779e-06      2.272e-08      7.876e-08      6.579e-09      5.099e-06      3.651e-06      1.179e-05      1.819e-06      9.113e-06      9.978e-08      8.245e-09      1.497e-08      4.186e-07      2.486e-06      4.681e-09      1.816e-09      2.748e-09      1.693e-06      2.907e-07      1.247e-07      5.639e-07      2.669e-08      1.068e-07      
2.38700e-04     2.04900e-04     8.89300e-05     3.41400e+05     1.06200e+02     3.95600e-02     5.95700e+01     8.500e-02      3.904e-04      1.958e-05      2.760e-06      2.252e-08      7.740e-08      6.562e-09      5.077e-06      3.580e-06      1.169e-05      1.811e-06      9.106e-06      9.898e-08      8.242e-09      1.507e-08      4.163e-07      2.482e-06      4.683e-09      1.819e-09      2.749e-09      1.735e-06      2.899e-07      1.249e-07      5.634e-07      2.700e-08      1.080e-07      
2.40900e-04     2.06700e-04     8.97700e-05     3.35000e+05     1.04900e+02     3.94000e-02     5.97300e+01     8.500e-02      3.904e-04      1.958e-05      2.741e-06      2.233e-08      7.605e-08      6.546e-09      5.056e-06      3.510e-06      1.160e-05      1.804e-06      9.099e-06      9.819e-08      8.239e-09      1.517e-08      4.141e-07      2.478e-06      4.684e-09      1.822e-09      2.750e-09      1.777e-06      2.889e-07      1.251e-07      5.627e-07      2.732e-08      1.092e-07      
2.43100e-04     2.08600e-04     9.06100e-05     3.28700e+05     1.03600e+02     3.92300e-02     5.98900e+01     8.500e-02      3.903e-04      1.957e-05      2.723e-06      2.214e-08      7.473e-08      6.529e-09      5.035e-06      3.441e-06      1.150e-05      1.796e-06      9.091e-06      9.741e-08      8.236e-09      1.526e-08      4.119e-07      2.474e-06      4.686e-09      1.824e-09      2.751e-09      1.819e-06      2.880e-07      1.252e-07      5.617e-07      2.763e-08      1.103e-07      
2.45300e-04     2.10500e-04     9.14500e-05     3.22700e+05     1.02300e+02     3.90700e-02     6.00400e+01     8.500e-02      3.902e-04      1.957e-05      2.705e-06      2.195e-08      7.344e-08      6.513e-09      5.014e-06      3.372e-06      1.140e-05      1.789e-06      9.084e-06      9.663e-08      8.233e-09      1.535e-08      4.097e-07      2.470e-06      4.687e-09      1.827e-09      2.752e-09      1.861e-06      2.870e-07      1.254e-07      5.604e-07      2.793e-08      1.115e-07      
2.47500e-04     2.12400e-04     9.22900e-05     3.16800e+05     1.01100e+02     3.89100e-02     6.02000e+01     8.500e-02      3.901e-04      1.957e-05      2.686e-06      2.177e-08      7.216e-08      6.497e-09      4.993e-06      3.305e-06      1.131e-05      1.782e-06      9.076e-06      9.586e-08      8.230e-09      1.544e-08      4.075e-07      2.466e-06      4.689e-09      1.829e-09      2.753e-09      1.903e-06      2.859e-07      1.256e-07      5.589e-07      2.823e-08      1.126e-07      
2.49700e-04     2.14300e-04     9.31300e-05     3.11000e+05     9.98900e+01     3.87500e-02     6.03600e+01     8.500e-02      3.901e-04      1.956e-05      2.668e-06      2.158e-08      7.091e-08      6.481e-09      4.972e-06      3.238e-06      1.121e-05      1.774e-06      9.069e-06      9.509e-08      8.227e-09      1.552e-08      4.054e-07      2.462e-06      4.690e-09      1.832e-09      2.754e-09      1.944e-06      2.848e-07      1.257e-07      5.572e-07      2.853e-08      1.136e-07      
2.51900e-04     2.16200e-04     9.39700e-05     3.05400e+05     9.87100e+01     3.85900e-02     6.05200e+01     8.500e-02      3.900e-04      1.956e-05      2.650e-06      2.139e-08      6.968e-08      6.464e-09      4.951e-06      3.173e-06      1.112e-05      1.767e-06      9.061e-06      9.433e-08      8.224e-09      1.560e-08      4.033e-07      2.458e-06      4.691e-09      1.834e-09      2.755e-09      1.985e-06      2.836e-07      1.259e-07      5.552e-07      2.883e-08      1.147e-07      
2.54100e-04     2.18100e-04     9.48100e-05     3.00000e+05     9.75500e+01     3.84400e-02     6.06800e+01     8.500e-02      3.899e-04      1.956e-05      2.632e-06      2.121e-08      6.847e-08      6.448e-09      4.930e-06      3.108e-06      1.103e-05      1.760e-06      9.053e-06      9.358e-08      8.220e-09      1.568e-08      4.011e-07      2.454e-06      4.693e-09      1.836e-09      2.756e-09      2.026e-06      2.824e-07      1.260e-07      5.530e-07      2.912e-08      1.157e-07      
2.56300e-04     2.20000e-04     9.56500e-05     2.94600e+05     9.64100e+01     3.82800e-02     6.08400e+01     8.500e-02      3.898e-04      1.956e-05      2.614e-06      2.103e-08      6.728e-08      6.432e-09      4.909e-06      3.044e-06      1.094e-05      1.753e-06      9.046e-06      9.283e-08      8.217e-09      1.576e-08      3.991e-07      2.450e-06      4.694e-09      1.838e-09      2.757e-09      2.066e-06      2.812e-07      1.262e-07      5.506e-07      2.941e-08      1.167e-07      
2.58500e-04     2.21900e-04     9.64900e-05     2.89500e+05     9.53000e+01     3.80800e-02     6.10000e+01     8.500e-02      3.898e-04      1.955e-05      2.597e-06      2.084e-08      6.610e-08      6.416e-09      4.888e-06      2.982e-06      1.084e-05      1.745e-06      9.038e-06      9.209e-08      8.213e-09      1.583e-08      3.970e-07      2.446e-06      4.695e-09      1.841e-09      2.758e-09      2.106e-06      2.799e-07      1.264e-07      5.479e-07      2.970e-08      1.177e-07      
2.60700e-04     2.23800e-04     9.73400e-05     2.84400e+05     9.42100e+01     3.79300e-02     6.11600e+01     8.500e-02      3.897e-04      1.955e-05      2.579e-06      2.066e-08      6.495e-08      6.400e-09      4.867e-06      2.920e-06      1.075e-05      1.738e-06      9.031e-06      9.135e-08      8.209e-09      1.590e-08      3.949e-07      2.442e-06      4.697e-09      1.843e-09      2.759e-09      2.146e-06      2.785e-07      1.265e-07      5.451e-07      2.998e-08      1.186e-07      
2.62900e-04     2.25700e-04     9.81800e-05     2.79500e+05     9.31400e+01     3.77700e-02     6.13200e+01     8.500e-02      3.896e-04      1.955e-05      2.562e-06      2.048e-08      6.382e-08      6.384e-09      4.847e-06      2.859e-06      1.066e-05      1.731e-06      9.023e-06      9.062e-08      8.205e-09      1.596e-08      3.929e-07      2.438e-06      4.698e-09      1.845e-09      2.760e-09      2.185e-06      2.772e-07      1.267e-07      5.421e-07      3.025e-08      1.195e-07      
2.65100e-04     2.27600e-04     9.90200e-05     2.74700e+05     9.20900e+01     3.76300e-02     6.14800e+01     8.500e-02      3.895e-04      1.954e-05      2.544e-06      2.030e-08      6.271e-08      6.368e-09      4.826e-06      2.800e-06      1.057e-05      1.724e-06      9.015e-06      8.989e-08      8.201e-09      1.602e-08      3.909e-07      2.434e-06      4.699e-09      1.847e-09      2.761e-09      2.224e-06      2.757e-07      1.268e-07      5.389e-07      3.053e-08      1.204e-07      
2.67300e-04     2.29400e-04     9.98600e-05     2.70000e+05     9.10500e+01     3.74800e-02     6.16400e+01     8.500e-02      3.895e-04      1.954e-05      2.527e-06      2.012e-08      6.162e-08      6.352e-09      4.805e-06      2.741e-06      1.049e-05      1.717e-06      9.008e-06      8.917e-08      8.197e-09      1.608e-08      3.889e-07      2.430e-06      4.700e-09      1.849e-09      2.762e-09      2.262e-06      2.743e-07      1.270e-07      5.355e-07      3.079e-08      1.213e-07      
2.69500e-04     2.31300e-04     1.00700e-04     2.65400e+05     9.00400e+01     3.73200e-02     6.18000e+01     8.500e-02      3.894e-04      1.954e-05      2.510e-06      1.995e-08      6.054e-08      6.336e-09      4.785e-06      2.683e-06      1.040e-05      1.710e-06      9.000e-06      8.845e-08      8.192e-09      1.614e-08      3.869e-07      2.425e-06      4.701e-09      1.851e-09      2.762e-09      2.300e-06      2.728e-07      1.271e-07      5.320e-07      3.106e-08      1.221e-07      
2.71700e-04     2.33200e-04     1.01500e-04     2.60900e+05     8.90500e+01     3.71800e-02     6.19600e+01     8.500e-02      3.893e-04      1.953e-05      2.493e-06      1.977e-08      5.948e-08      6.320e-09      4.765e-06      2.627e-06      1.031e-05      1.703e-06      8.992e-06      8.774e-08      8.188e-09      1.620e-08      3.850e-07      2.421e-06      4.703e-09      1.853e-09      2.763e-09      2.338e-06      2.712e-07      1.273e-07      5.283e-07      3.132e-08      1.229e-07      
2.73900e-04     2.35100e-04     1.02400e-04     2.56600e+05     8.80700e+01     3.70300e-02     6.21200e+01     8.500e-02      3.892e-04      1.953e-05      2.476e-06      1.960e-08      5.845e-08      6.304e-09      4.744e-06      2.571e-06      1.022e-05      1.696e-06      8.985e-06      8.704e-08      8.183e-09      1.625e-08      3.830e-07      2.417e-06      4.704e-09      1.854e-09      2.764e-09      2.375e-06      2.697e-07      1.274e-07      5.244e-07      3.157e-08      1.237e-07      
2.76100e-04     2.37000e-04     1.03200e-04     2.52300e+05     8.71100e+01     3.68900e-02     6.22700e+01     8.500e-02      3.891e-04      1.953e-05      2.459e-06      1.942e-08      5.743e-08      6.288e-09      4.724e-06      2.516e-06      1.014e-05      1.689e-06      8.977e-06      8.634e-08      8.178e-09      1.630e-08      3.811e-07      2.413e-06      4.705e-09      1.856e-09      2.765e-09      2.412e-06      2.681e-07      1.275e-07      5.204e-07      3.182e-08      1.244e-07      
2.78300e-04     2.38900e-04     1.04100e-04     2.48100e+05     8.61700e+01     3.67400e-02     6.24300e+01     8.500e-02      3.891e-04      1.952e-05      2.442e-06      1.925e-08      5.642e-08      6.272e-09      4.703e-06      2.462e-06      1.005e-05      1.682e-06      8.969e-06      8.565e-08      8.173e-09      1.634e-08      3.792e-07      2.409e-06      4.706e-09      1.858e-09      2.765e-09      2.448e-06      2.664e-07      1.277e-07      5.163e-07      3.207e-08      1.252e-07      
2.80500e-04     2.40800e-04     1.04900e-04     2.44100e+05     8.52500e+01     3.66000e-02     6.25900e+01     8.500e-02      3.890e-04      1.952e-05      2.426e-06      1.908e-08      5.544e-08      6.257e-09      4.683e-06      2.409e-06      9.966e-06      1.675e-06      8.962e-06      8.496e-08      8.167e-09      1.639e-08      3.773e-07      2.405e-06      4.707e-09      1.860e-09      2.766e-09      2.483e-06      2.648e-07      1.278e-07      5.121e-07      3.231e-08      1.259e-07      
2.82700e-04     2.42700e-04     1.05800e-04     2.40100e+05     8.43400e+01     3.64500e-02     6.27500e+01     8.500e-02      3.889e-04      1.952e-05      2.409e-06      1.891e-08      5.447e-08      6.241e-09      4.663e-06      2.358e-06      9.881e-06      1.668e-06      8.954e-06      8.427e-08      8.162e-09      1.643e-08      3.754e-07      2.401e-06      4.708e-09      1.861e-09      2.767e-09      2.518e-06      2.631e-07      1.280e-07      5.077e-07      3.254e-08      1.266e-07      
2.84900e-04     2.44600e-04     1.06600e-04     2.36200e+05     8.34500e+01     3.63200e-02     6.29100e+01     8.500e-02      3.888e-04      1.951e-05      2.393e-06      1.874e-08      5.351e-08      6.225e-09      4.643e-06      2.307e-06      9.797e-06      1.662e-06      8.946e-06      8.359e-08      8.156e-09      1.647e-08      3.736e-07      2.397e-06      4.709e-09      1.863e-09      2.767e-09      2.553e-06      2.614e-07      1.281e-07      5.032e-07      3.277e-08      1.272e-07      
2.87100e-04     2.46500e-04     1.07500e-04     2.32400e+05     8.25800e+01     3.61700e-02     6.30700e+01     8.500e-02      3.887e-04      1.951e-05      2.377e-06      1.857e-08      5.258e-08      6.209e-09      4.623e-06      2.257e-06      9.714e-06      1.655e-06      8.938e-06      8.292e-08      8.150e-09      1.651e-08      3.717e-07      2.392e-06      4.710e-09      1.864e-09      2.768e-09      2.587e-06      2.596e-07      1.283e-07      4.986e-07      3.300e-08      1.279e-07      
2.89300e-04     2.48400e-04     1.08300e-04     2.28700e+05     8.17200e+01     3.60300e-02     6.32300e+01     8.500e-02      3.886e-04      1.951e-05      2.360e-06      1.841e-08      5.165e-08      6.194e-09      4.603e-06      2.208e-06      9.631e-06      1.648e-06      8.930e-06      8.225e-08      8.143e-09      1.654e-08      3.699e-07      2.388e-06      4.711e-09      1.866e-09      2.769e-09      2.620e-06      2.578e-07      1.284e-07      4.940e-07      3.322e-08      1.285e-07      
2.91500e-04     2.50300e-04     1.09200e-04     2.25100e+05     8.08700e+01     3.59000e-02     6.33900e+01     8.500e-02      3.885e-04      1.951e-05      2.344e-06      1.824e-08      5.075e-08      6.178e-09      4.583e-06      2.160e-06      9.549e-06      1.641e-06      8.922e-06      8.159e-08      8.136e-09      1.657e-08      3.681e-07      2.384e-06      4.712e-09      1.867e-09      2.769e-09      2.653e-06      2.560e-07      1.286e-07      4.892e-07      3.344e-08      1.291e-07      
2.93700e-04     2.52200e-04     1.10000e-04     2.21600e+05     8.00400e+01     3.57600e-02     6.35500e+01     8.500e-02      3.885e-04      1.950e-05      2.328e-06      1.808e-08      4.986e-08      6.163e-09      4.563e-06      2.113e-06      9.468e-06      1.635e-06      8.915e-06      8.093e-08      8.129e-09      1.661e-08      3.663e-07      2.380e-06      4.713e-09      1.869e-09      2.770e-09      2.686e-06      2.542e-07      1.287e-07      4.843e-07      3.365e-08      1.296e-07      
2.95900e-04     2.54100e-04     1.10800e-04     2.18100e+05     7.92200e+01     3.56200e-02     6.37100e+01     8.500e-02      3.884e-04      1.950e-05      2.312e-06      1.791e-08      4.898e-08      6.147e-09      4.543e-06      2.067e-06      9.387e-06      1.628e-06      8.907e-06      8.028e-08      8.122e-09      1.663e-08      3.645e-07      2.376e-06      4.714e-09      1.870e-09      2.771e-09      2.717e-06      2.524e-07      1.288e-07      4.794e-07      3.386e-08      1.302e-07      
2.98100e-04     2.55900e-04     1.11700e-04     2.14700e+05     7.84200e+01     3.54900e-02     6.38700e+01     8.500e-02      3.883e-04      1.950e-05      2.297e-06      1.775e-08      4.812e-08      6.132e-09      4.524e-06      2.021e-06      9.307e-06      1.621e-06      8.899e-06      7.963e-08      8.114e-09      1.666e-08      3.628e-07      2.371e-06      4.715e-09      1.872e-09      2.771e-09      2.749e-06      2.505e-07      1.290e-07      4.744e-07      3.406e-08      1.307e-07      
3.00300e-04     2.57800e-04     1.12500e-04     2.11400e+05     7.76300e+01     3.53500e-02     6.40300e+01     8.500e-02      3.882e-04      1.949e-05      2.281e-06      1.759e-08      4.728e-08      6.116e-09      4.504e-06      1.977e-06      9.227e-06      1.615e-06      8.891e-06      7.898e-08      8.106e-09      1.668e-08      3.610e-07      2.367e-06      4.716e-09      1.873e-09      2.772e-09      2.779e-06      2.486e-07      1.291e-07      4.693e-07      3.425e-08      1.312e-07      
3.02500e-04     2.59700e-04     1.13400e-04     2.08200e+05     7.68500e+01     3.52200e-02     6.41900e+01     8.500e-02      3.881e-04      1.949e-05      2.265e-06      1.743e-08      4.645e-08      6.101e-09      4.484e-06      1.934e-06      9.148e-06      1.608e-06      8.883e-06      7.835e-08      8.098e-09      1.671e-08      3.593e-07      2.363e-06      4.717e-09      1.874e-09      2.772e-09      2.810e-06      2.467e-07      1.293e-07      4.642e-07      3.444e-08      1.317e-07      
3.04700e-04     2.61600e-04     1.14200e-04     2.05000e+05     7.60900e+01     3.50800e-02     6.43400e+01     8.500e-02      3.880e-04      1.949e-05      2.250e-06      1.727e-08      4.563e-08      6.085e-09      4.465e-06      1.891e-06      9.070e-06      1.602e-06      8.875e-06      7.771e-08      8.089e-09      1.673e-08      3.576e-07      2.359e-06      4.718e-09      1.876e-09      2.773e-09      2.839e-06      2.448e-07      1.294e-07      4.590e-07      3.463e-08      1.321e-07      
3.06900e-04     2.63500e-04     1.15100e-04     2.01900e+05     7.53400e+01     3.49800e-02     6.45000e+01     8.500e-02      3.879e-04      1.948e-05      2.235e-06      1.711e-08      4.483e-08      6.070e-09      4.445e-06      1.850e-06      8.992e-06      1.595e-06      8.867e-06      7.708e-08      8.080e-09      1.674e-08      3.559e-07      2.354e-06      4.719e-09      1.877e-09      2.773e-09      2.868e-06      2.429e-07      1.295e-07      4.538e-07      3.481e-08      1.325e-07      
3.09100e-04     2.65400e-04     1.15900e-04     1.98900e+05     7.46000e+01     3.48200e-02     6.46600e+01     8.500e-02      3.878e-04      1.948e-05      2.219e-06      1.696e-08      4.404e-08      6.055e-09      4.426e-06      1.809e-06      8.915e-06      1.589e-06      8.859e-06      7.646e-08      8.071e-09      1.676e-08      3.542e-07      2.350e-06      4.720e-09      1.878e-09      2.774e-09      2.897e-06      2.410e-07      1.297e-07      4.485e-07      3.499e-08      1.330e-07      
3.11300e-04     2.67300e-04     1.16800e-04     1.95900e+05     7.38700e+01     3.47200e-02     6.48200e+01     8.500e-02      3.877e-04      1.948e-05      2.204e-06      1.680e-08      4.327e-08      6.039e-09      4.406e-06      1.769e-06      8.838e-06      1.583e-06      8.851e-06      7.584e-08      8.061e-09      1.677e-08      3.526e-07      2.346e-06      4.721e-09      1.879e-09      2.774e-09      2.925e-06      2.390e-07      1.298e-07      4.432e-07      3.516e-08      1.333e-07      
3.13500e-04     2.69200e-04     1.17600e-04     1.93000e+05     7.31600e+01     3.45900e-02     6.49800e+01     8.500e-02      3.877e-04      1.947e-05      2.189e-06      1.665e-08      4.250e-08      6.024e-09      4.387e-06      1.730e-06      8.762e-06      1.576e-06      8.843e-06      7.522e-08      8.050e-09      1.679e-08      3.509e-07      2.342e-06      4.722e-09      1.880e-09      2.775e-09      2.952e-06      2.371e-07      1.300e-07      4.378e-07      3.532e-08      1.337e-07      
3.15700e-04     2.71100e-04     1.18500e-04     1.90200e+05     7.24600e+01     3.44600e-02     6.51400e+01     8.500e-02      3.876e-04      1.947e-05      2.174e-06      1.649e-08      4.176e-08      6.009e-09      4.367e-06      1.692e-06      8.687e-06      1.570e-06      8.835e-06      7.461e-08      8.039e-09      1.680e-08      3.493e-07      2.337e-06      4.723e-09      1.881e-09      2.775e-09      2.979e-06      2.351e-07      1.301e-07      4.325e-07      3.548e-08      1.341e-07      
3.17900e-04     2.73000e-04     1.19300e-04     1.87400e+05     7.17600e+01     3.43300e-02     6.53000e+01     8.500e-02      3.875e-04      1.947e-05      2.159e-06      1.634e-08      4.102e-08      5.993e-09      4.348e-06      1.654e-06      8.612e-06      1.563e-06      8.827e-06      7.401e-08      8.028e-09      1.681e-08      3.476e-07      2.333e-06      4.723e-09      1.883e-09      2.776e-09      3.005e-06      2.331e-07      1.302e-07      4.271e-07      3.564e-08      1.344e-07      
3.20100e-04     2.74900e-04     1.20200e-04     1.84700e+05     7.10800e+01     3.42000e-02     6.54600e+01     8.500e-02      3.874e-04      1.947e-05      2.144e-06      1.619e-08      4.030e-08      5.978e-09      4.329e-06      1.618e-06      8.537e-06      1.557e-06      8.818e-06      7.341e-08      8.016e-09      1.681e-08      3.460e-07      2.329e-06      4.724e-09      1.884e-09      2.776e-09      3.031e-06      2.311e-07      1.304e-07      4.216e-07      3.579e-08      1.347e-07      
3.22300e-04     2.76800e-04     1.21000e-04     1.82000e+05     7.04100e+01     3.40800e-02     6.56200e+01     8.500e-02      3.873e-04      1.946e-05      2.130e-06      1.604e-08      3.958e-08      5.963e-09      4.310e-06      1.582e-06      8.464e-06      1.551e-06      8.810e-06      7.281e-08      8.004e-09      1.682e-08      3.444e-07      2.324e-06      4.725e-09      1.885e-09      2.776e-09      3.056e-06      2.291e-07      1.305e-07      4.162e-07      3.593e-08      1.350e-07      
3.24500e-04     2.78700e-04     1.21900e-04     1.79400e+05     6.97500e+01     3.39500e-02     6.57800e+01     8.500e-02      3.872e-04      1.946e-05      2.115e-06      1.589e-08      3.889e-08      5.948e-09      4.291e-06      1.547e-06      8.390e-06      1.545e-06      8.802e-06      7.222e-08      7.991e-09      1.682e-08      3.429e-07      2.320e-06      4.726e-09      1.886e-09      2.777e-09      3.081e-06      2.271e-07      1.307e-07      4.107e-07      3.608e-08      1.353e-07      
3.26700e-04     2.80600e-04     1.22700e-04     1.76800e+05     6.91100e+01     3.35600e-02     6.59400e+01     8.500e-02      3.871e-04      1.946e-05      2.101e-06      1.575e-08      3.820e-08      5.933e-09      4.272e-06      1.513e-06      8.318e-06      1.538e-06      8.794e-06      7.163e-08      7.978e-09      1.682e-08      3.413e-07      2.316e-06      4.727e-09      1.887e-09      2.777e-09      3.105e-06      2.251e-07      1.308e-07      4.053e-07      3.621e-08      1.355e-07      
3.28900e-04     2.82400e-04     1.23600e-04     1.74300e+05     6.84700e+01     3.34400e-02     6.61000e+01     8.500e-02      3.870e-04      1.945e-05      2.086e-06      1.560e-08      3.752e-08      5.918e-09      4.253e-06      1.479e-06      8.246e-06      1.532e-06      8.786e-06      7.105e-08      7.964e-09      1.682e-08      3.397e-07      2.311e-06      4.727e-09      1.888e-09      2.778e-09      3.128e-06      2.231e-07      1.310e-07      3.998e-07      3.634e-08      1.358e-07      
3.31100e-04     2.84300e-04     1.24400e-04     1.71900e+05     6.78400e+01     3.33800e-02     6.62600e+01     8.500e-02      3.869e-04      1.945e-05      2.072e-06      1.545e-08      3.686e-08      5.903e-09      4.234e-06      1.447e-06      8.174e-06      1.526e-06      8.777e-06      7.047e-08      7.950e-09      1.682e-08      3.382e-07      2.307e-06      4.728e-09      1.889e-09      2.778e-09      3.151e-06      2.211e-07      1.311e-07      3.944e-07      3.647e-08      1.360e-07      
3.33300e-04     2.86200e-04     1.25300e-04     1.69500e+05     6.72200e+01     3.33000e-02     6.64200e+01     8.500e-02      3.868e-04      1.945e-05      2.058e-06      1.531e-08      3.621e-08      5.888e-09      4.215e-06      1.415e-06      8.103e-06      1.520e-06      8.769e-06      6.989e-08      7.935e-09      1.682e-08      3.367e-07      2.302e-06      4.729e-09      1.889e-09      2.778e-09      3.174e-06      2.191e-07      1.313e-07      3.889e-07      3.659e-08      1.362e-07      
3.35500e-04     2.88100e-04     1.26100e-04     1.67100e+05     6.66100e+01     3.31800e-02     6.65700e+01     8.500e-02      3.867e-04      1.944e-05      2.043e-06      1.517e-08      3.557e-08      5.873e-09      4.196e-06      1.384e-06      8.033e-06      1.514e-06      8.761e-06      6.932e-08      7.920e-09      1.681e-08      3.352e-07      2.298e-06      4.730e-09      1.890e-09      2.779e-09      3.196e-06      2.171e-07      1.314e-07      3.835e-07      3.670e-08      1.364e-07      
3.37700e-04     2.90000e-04     1.27000e-04     1.64800e+05     6.60100e+01     3.30600e-02     6.67300e+01     8.500e-02      3.866e-04      1.944e-05      2.029e-06      1.503e-08      3.494e-08      5.858e-09      4.177e-06      1.353e-06      7.963e-06      1.508e-06      8.753e-06      6.876e-08      7.904e-09      1.680e-08      3.337e-07      2.294e-06      4.730e-09      1.891e-09      2.779e-09      3.217e-06      2.151e-07      1.315e-07      3.780e-07      3.681e-08      1.365e-07      
3.39900e-04     2.91900e-04     1.27800e-04     1.62500e+05     6.54200e+01     3.29900e-02     6.68900e+01     8.500e-02      3.865e-04      1.944e-05      2.015e-06      1.488e-08      3.432e-08      5.843e-09      4.158e-06      1.323e-06      7.893e-06      1.502e-06      8.744e-06      6.819e-08      7.887e-09      1.680e-08      3.322e-07      2.289e-06      4.731e-09      1.892e-09      2.779e-09      3.238e-06      2.131e-07      1.317e-07      3.726e-07      3.692e-08      1.367e-07      
3.42100e-04     2.93800e-04     1.28700e-04     1.60300e+05     6.48400e+01     3.29400e-02     6.70500e+01     8.500e-02      3.864e-04      1.943e-05      2.002e-06      1.474e-08      3.371e-08      5.828e-09      4.140e-06      1.294e-06      7.824e-06      1.496e-06      8.736e-06      6.764e-08      7.870e-09      1.679e-08      3.307e-07      2.285e-06      4.732e-09      1.893e-09      2.780e-09      3.259e-06      2.111e-07      1.318e-07      3.672e-07      3.702e-08      1.368e-07      
3.44300e-04     2.95700e-04     1.29500e-04     1.58100e+05     6.42600e+01     3.28200e-02     6.72100e+01     8.500e-02      3.863e-04      1.943e-05      1.988e-06      1.461e-08      3.311e-08      5.813e-09      4.121e-06      1.266e-06      7.756e-06      1.490e-06      8.727e-06      6.708e-08      7.852e-09      1.677e-08      3.293e-07      2.280e-06      4.732e-09      1.894e-09      2.780e-09      3.279e-06      2.091e-07      1.320e-07      3.618e-07      3.711e-08      1.369e-07      
3.46500e-04     2.97600e-04     1.30400e-04     1.56000e+05     6.37000e+01     3.27000e-02     6.73700e+01     8.500e-02      3.862e-04      1.943e-05      1.974e-06      1.447e-08      3.252e-08      5.799e-09      4.102e-06      1.238e-06      7.688e-06      1.484e-06      8.719e-06      6.653e-08      7.834e-09      1.676e-08      3.278e-07      2.276e-06      4.733e-09      1.894e-09      2.780e-09      3.298e-06      2.071e-07      1.321e-07      3.565e-07      3.721e-08      1.370e-07      
3.48700e-04     2.99500e-04     1.31200e-04     1.53900e+05     6.31400e+01     3.26100e-02     6.75300e+01     8.500e-02      3.861e-04      1.942e-05      1.961e-06      1.433e-08      3.195e-08      5.784e-09      4.084e-06      1.211e-06      7.621e-06      1.478e-06      8.711e-06      6.599e-08      7.815e-09      1.675e-08      3.264e-07      2.271e-06      4.734e-09      1.895e-09      2.781e-09      3.317e-06      2.051e-07      1.323e-07      3.512e-07      3.729e-08      1.371e-07      
3.50900e-04     3.01400e-04     1.32100e-04     1.51800e+05     6.25900e+01     3.24900e-02     6.76900e+01     8.500e-02      3.860e-04      1.942e-05      1.947e-06      1.420e-08      3.138e-08      5.769e-09      4.065e-06      1.184e-06      7.554e-06      1.472e-06      8.702e-06      6.545e-08      7.795e-09      1.673e-08      3.250e-07      2.267e-06      4.734e-09      1.896e-09      2.781e-09      3.336e-06      2.031e-07      1.324e-07      3.459e-07      3.737e-08      1.372e-07      
3.53100e-04     3.03300e-04     1.32900e-04     1.49800e+05     6.20500e+01     3.23700e-02     6.78500e+01     8.500e-02      3.859e-04      1.942e-05      1.934e-06      1.406e-08      3.082e-08      5.754e-09      4.047e-06      1.159e-06      7.488e-06      1.466e-06      8.694e-06      6.491e-08      7.775e-09      1.671e-08      3.236e-07      2.262e-06      4.735e-09      1.897e-09      2.781e-09      3.354e-06      2.011e-07      1.326e-07      3.406e-07      3.745e-08      1.373e-07      
3.55300e-04     3.05200e-04     1.33800e-04     1.47900e+05     6.15200e+01     3.22500e-02     6.80100e+01     8.500e-02      3.858e-04      1.941e-05      1.920e-06      1.393e-08      3.027e-08      5.740e-09      4.029e-06      1.133e-06      7.422e-06      1.460e-06      8.685e-06      6.438e-08      7.754e-09      1.670e-08      3.222e-07      2.258e-06      4.736e-09      1.897e-09      2.781e-09      3.371e-06      1.992e-07      1.327e-07      3.353e-07      3.752e-08      1.373e-07      
3.57500e-04     3.07100e-04     1.34600e-04     1.45900e+05     6.10000e+01     3.21400e-02     6.81700e+01     8.500e-02      3.857e-04      1.941e-05      1.907e-06      1.380e-08      2.974e-08      5.725e-09      4.010e-06      1.109e-06      7.357e-06      1.454e-06      8.677e-06      6.385e-08      7.732e-09      1.668e-08      3.208e-07      2.253e-06      4.736e-09      1.898e-09      2.782e-09      3.388e-06      1.972e-07      1.329e-07      3.301e-07      3.759e-08      1.373e-07      
3.59700e-04     3.09000e-04     1.35500e-04     1.44000e+05     6.04800e+01     3.20200e-02     6.83300e+01     8.500e-02      3.856e-04      1.941e-05      1.894e-06      1.367e-08      2.921e-08      5.710e-09      3.992e-06      1.085e-06      7.293e-06      1.449e-06      8.668e-06      6.333e-08      7.710e-09      1.665e-08      3.194e-07      2.249e-06      4.737e-09      1.899e-09      2.782e-09      3.405e-06      1.952e-07      1.330e-07      3.250e-07      3.766e-08      1.373e-07      
3.61900e-04     3.10800e-04     1.36400e-04     1.42200e+05     5.99700e+01     3.18900e-02     6.84900e+01     8.500e-02      3.855e-04      1.941e-05      1.881e-06      1.354e-08      2.869e-08      5.696e-09      3.974e-06      1.061e-06      7.228e-06      1.443e-06      8.659e-06      6.281e-08      7.688e-09      1.663e-08      3.180e-07      2.244e-06      4.737e-09      1.899e-09      2.782e-09      3.421e-06      1.933e-07      1.332e-07      3.198e-07      3.772e-08      1.373e-07      
3.64100e-04     3.12700e-04     1.37200e-04     1.40300e+05     5.94700e+01     3.17500e-02     6.86500e+01     8.500e-02      3.854e-04      1.940e-05      1.868e-06      1.341e-08      2.817e-08      5.681e-09      3.956e-06      1.038e-06      7.165e-06      1.437e-06      8.651e-06      6.229e-08      7.664e-09      1.661e-08      3.167e-07      2.240e-06      4.738e-09      1.900e-09      2.782e-09      3.437e-06      1.913e-07      1.333e-07      3.147e-07      3.777e-08      1.373e-07      
3.66300e-04     3.14600e-04     1.38100e-04     1.38500e+05     5.89800e+01     3.16700e-02     6.88000e+01     8.500e-02      3.853e-04      1.940e-05      1.855e-06      1.328e-08      2.767e-08      5.667e-09      3.938e-06      1.016e-06      7.102e-06      1.431e-06      8.642e-06      6.178e-08      7.641e-09      1.658e-08      3.154e-07      2.235e-06      4.738e-09      1.901e-09      2.783e-09      3.452e-06      1.894e-07      1.335e-07      3.097e-07      3.782e-08      1.373e-07      
3.68500e-04     3.16500e-04     1.38900e-04     1.36800e+05     5.84900e+01     3.15600e-02     6.89600e+01     8.500e-02      3.852e-04      1.940e-05      1.842e-06      1.315e-08      2.718e-08      5.652e-09      3.920e-06      9.939e-07      7.039e-06      1.426e-06      8.634e-06      6.127e-08      7.616e-09      1.656e-08      3.140e-07      2.231e-06      4.739e-09      1.901e-09      2.783e-09      3.467e-06      1.875e-07      1.336e-07      3.047e-07      3.787e-08      1.372e-07      
3.70700e-04     3.18400e-04     1.39800e-04     1.35000e+05     5.80100e+01     3.14000e-02     6.91200e+01     8.500e-02      3.851e-04      1.939e-05      1.830e-06      1.303e-08      2.669e-08      5.638e-09      3.901e-06      9.726e-07      6.977e-06      1.420e-06      8.625e-06      6.076e-08      7.591e-09      1.653e-08      3.127e-07      2.226e-06      4.740e-09      1.902e-09      2.783e-09      3.482e-06      1.856e-07      1.338e-07      2.997e-07      3.791e-08      1.372e-07      
3.72900e-04     3.20300e-04     1.40600e-04     1.33300e+05     5.75300e+01     3.13100e-02     6.92800e+01     8.500e-02      3.850e-04      1.939e-05      1.817e-06      1.290e-08      2.622e-08      5.623e-09      3.884e-06      9.518e-07      6.915e-06      1.414e-06      8.616e-06      6.026e-08      7.565e-09      1.650e-08      3.114e-07      2.222e-06      4.740e-09      1.902e-09      2.783e-09      3.496e-06      1.837e-07      1.340e-07      2.948e-07      3.795e-08      1.371e-07      
3.75100e-04     3.22200e-04     1.41500e-04     1.31700e+05     5.70700e+01     3.12400e-02     6.94400e+01     8.500e-02      3.849e-04      1.939e-05      1.804e-06      1.278e-08      2.575e-08      5.609e-09      3.866e-06      9.316e-07      6.854e-06      1.409e-06      8.607e-06      5.977e-08      7.539e-09      1.647e-08      3.101e-07      2.217e-06      4.741e-09      1.903e-09      2.783e-09      3.509e-06      1.818e-07      1.341e-07      2.899e-07      3.798e-08      1.370e-07      
3.77300e-04     3.24100e-04     1.42300e-04     1.30000e+05     5.66100e+01     3.11400e-02     6.96000e+01     8.500e-02      3.847e-04      1.938e-05      1.792e-06      1.265e-08      2.529e-08      5.595e-09      3.848e-06      9.118e-07      6.793e-06      1.403e-06      8.599e-06      5.927e-08      7.512e-09      1.644e-08      3.089e-07      2.212e-06      4.741e-09      1.904e-09      2.784e-09      3.523e-06      1.799e-07      1.343e-07      2.851e-07      3.801e-08      1.369e-07      
3.79500e-04     3.26000e-04     1.43200e-04     1.28400e+05     5.61500e+01     3.10300e-02     6.97600e+01     8.500e-02      3.846e-04      1.938e-05      1.779e-06      1.253e-08      2.484e-08      5.580e-09      3.830e-06      8.925e-07      6.733e-06      1.398e-06      8.590e-06      5.878e-08      7.485e-09      1.641e-08      3.076e-07      2.208e-06      4.742e-09      1.904e-09      2.784e-09      3.536e-06      1.781e-07      1.344e-07      2.803e-07      3.804e-08      1.368e-07      
3.81700e-04     3.27900e-04     1.44000e-04     1.26900e+05     5.57100e+01     3.09200e-02     6.99200e+01     8.500e-02      3.845e-04      1.938e-05      1.767e-06      1.241e-08      2.439e-08      5.566e-09      3.812e-06      8.737e-07      6.673e-06      1.392e-06      8.581e-06      5.830e-08      7.457e-09      1.637e-08      3.063e-07      2.203e-06      4.742e-09      1.905e-09      2.784e-09      3.548e-06      1.762e-07      1.346e-07      2.756e-07      3.806e-08      1.367e-07      
3.83900e-04     3.29800e-04     1.44900e-04     1.25300e+05     5.52600e+01     3.08100e-02     7.00800e+01     8.500e-02      3.844e-04      1.937e-05      1.755e-06      1.229e-08      2.396e-08      5.552e-09      3.795e-06      8.553e-07      6.614e-06      1.387e-06      8.572e-06      5.781e-08      7.428e-09      1.634e-08      3.051e-07      2.198e-06      4.743e-09      1.905e-09      2.784e-09      3.560e-06      1.744e-07      1.347e-07      2.709e-07      3.808e-08      1.366e-07      
3.86100e-04     3.31700e-04     1.45800e-04     1.23800e+05     5.48300e+01     3.07100e-02     7.02400e+01     8.500e-02      3.843e-04      1.937e-05      1.743e-06      1.217e-08      2.353e-08      5.538e-09      3.777e-06      8.374e-07      6.555e-06      1.381e-06      8.563e-06      5.734e-08      7.399e-09      1.630e-08      3.039e-07      2.194e-06      4.743e-09      1.906e-09      2.784e-09      3.572e-06      1.725e-07      1.349e-07      2.663e-07      3.809e-08      1.364e-07      
3.88300e-04     3.33600e-04     1.46600e-04     1.22300e+05     5.44000e+01     3.06000e-02     7.04000e+01     8.500e-02      3.842e-04      1.937e-05      1.731e-06      1.206e-08      2.311e-08      5.523e-09      3.759e-06      8.199e-07      6.497e-06      1.376e-06      8.555e-06      5.686e-08      7.369e-09      1.627e-08      3.026e-07      2.189e-06      4.744e-09      1.906e-09      2.784e-09      3.583e-06      1.707e-07      1.351e-07      2.618e-07      3.811e-08      1.363e-07      
3.90500e-04     3.35500e-04     1.47500e-04     1.20800e+05     5.39800e+01     3.05000e-02     7.05600e+01     8.500e-02      3.841e-04      1.936e-05      1.719e-06      1.194e-08      2.269e-08      5.509e-09      3.742e-06      8.029e-07      6.439e-06      1.370e-06      8.546e-06      5.639e-08      7.339e-09      1.623e-08      3.014e-07      2.184e-06      4.744e-09      1.907e-09      2.784e-09      3.594e-06      1.689e-07      1.352e-07      2.572e-07      3.811e-08      1.361e-07      
3.92700e-04     3.37400e-04     1.48300e-04     1.19400e+05     5.35600e+01     3.03900e-02     7.07200e+01     8.500e-02      3.840e-04      1.936e-05      1.707e-06      1.182e-08      2.228e-08      5.495e-09      3.724e-06      7.863e-07      6.382e-06      1.365e-06      8.537e-06      5.592e-08      7.308e-09      1.619e-08      3.002e-07      2.180e-06      4.744e-09      1.907e-09      2.785e-09      3.605e-06      1.672e-07      1.354e-07      2.528e-07      3.812e-08      1.359e-07      
