           t           r           v           T           c           p           u         rho       alpha           a          mu           S       Jstar          K0          K1          K2          K3    tau_lucy       kappa         tau       Tdust       gamma           Q
  0.000E+000  1.496E+013  1.500E+006  3.000E+003  5.693E+005  2.906E-002  2.917E+011  1.494E-013  1.000E+000  0.000E+000  1.283E+000  0.000E+000  0.000E+000  0.000E+000  0.000E+000  0.000E+000  0.000E+000  6.667E-001  2.000E-004  0.000E+000  3.000E+003  1.667E+000  0.000E+000
  6.807E+004  1.506E+013  1.503E+006  2.968E+003  5.663E+005  2.830E-002  2.886E+011  1.471E-013  1.000E+000  4.967E-002  1.283E+000  3.878E-007  0.000E+000  0.000E+000  0.000E+000  0.000E+000  0.000E+000  6.667E-001  2.000E-004  3.028E-006  2.968E+003  1.667E+000  0.000E+000
  1.393E+005  1.517E+013  1.507E+006  2.936E+003  5.632E+005  2.753E-002  2.855E+011  1.447E-013  1.000E+000  4.865E-002  1.283E+000  5.058E-007  0.000E+000  0.000E+000  0.000E+000  0.000E+000  0.000E+000  6.667E-001  2.000E-004  6.151E-006  2.936E+003  1.667E+000  0.000E+000
  2.110E+005  1.528E+013  1.510E+006  2.904E+003  5.601E+005  2.678E-002  2.824E+011  1.423E-013  1.000E+000  4.766E-002  1.283E+000  6.671E-007  0.000E+000  0.000E+000  0.000E+000  0.000E+000  0.000E+000  6.667E-001  2.000E-004  9.252E-006  2.904E+003  1.667E+000  0.000E+000
  2.832E+005  1.539E+013  1.514E+006  2.872E+003  5.570E+005  2.606E-002  2.793E+011  1.400E-013  1.000E+000  4.669E-002  1.283E+000  8.879E-007  0.000E+000  0.000E+000  0.000E+000  0.000E+000  0.000E+000  6.667E-001  2.000E-004  1.233E-005  2.872E+003  1.667E+000  0.000E+000
  3.560E+005  1.550E+013  1.517E+006  2.841E+003  5.540E+005  2.535E-002  2.762E+011  1.377E-013  1.000E+000  4.574E-002  1.283E+000  1.191E-006  0.000E+000  0.000E+000  0.000E+000  0.000E+000  0.000E+000  6.667E-001  2.000E-004  1.539E-005  2.841E+003  1.667E+000  0.000E+000
  4.293E+005  1.561E+013  1.520E+006  2.810E+003  5.510E+005  2.466E-002  2.732E+011  1.354E-013  1.000E+000  4.481E-002  1.283E+000  1.609E-006  0.000E+000  0.000E+000  0.000E+000  0.000E+000  0.000E+000  6.666E-001  2.000E-004  1.843E-005  2.810E+003  1.667E+000  0.000E+000
  5.031E+005  1.572E+013  1.524E+006  2.779E+003  5.479E+005  2.399E-002  2.702E+011  1.332E-013  1.000E+000  4.390E-002  1.283E+000  2.184E-006  0.000E+000  0.000E+000  0.000E+000  0.000E+000  0.000E+000  6.666E-001  2.000E-004  2.144E-005  2.779E+003  1.667E+000  0.000E+000
  5.775E+005  1.583E+013  1.527E+006  2.748E+003  5.449E+005  2.334E-002  2.672E+011  1.310E-013  1.000E+000  4.302E-002  1.283E+000  2.981E-006  0.000E+000  0.000E+000  0.000E+000  0.000E+000  0.000E+000  6.666E-001  2.000E-004  2.444E-005  2.748E+003  1.667E+000  0.000E+000
  6.524E+005  1.595E+013  1.530E+006  2.718E+003  5.419E+005  2.271E-002  2.643E+011  1.289E-013  1.000E+000  4.215E-002  1.283E+000  4.088E-006  0.000E+000  0.000E+000  0.000E+000  0.000E+000  0.000E+000  6.666E-001  2.000E-004  2.741E-005  2.718E+003  1.667E+000  0.000E+000
  7.279E+005  1.606E+013  1.533E+006  2.689E+003  5.390E+005  2.209E-002  2.614E+011  1.268E-013  1.000E+000  4.130E-002  1.283E+000  5.629E-006  0.000E+000  0.000E+000  0.000E+000  0.000E+000  0.000E+000  6.666E-001  2.000E-004  3.037E-005  2.689E+003  1.667E+000  0.000E+000
  8.039E+005  1.618E+013  1.536E+006  2.659E+003  5.360E+005  2.150E-002  2.586E+011  1.247E-013  1.000E+000  4.047E-002  1.283E+000  7.784E-006  0.000E+000  0.000E+000  0.000E+000  0.000E+000  0.000E+000  6.666E-001  2.000E-004  3.330E-005  2.659E+003  1.667E+000  0.000E+000
  8.805E+005  1.630E+013  1.539E+006  2.630E+003  5.331E+005  2.091E-002  2.557E+011  1.227E-013  1.000E+000  3.965E-002  1.283E+000  1.081E-005  0.000E+000  0.000E+000  0.000E+000  0.000E+000  0.000E+000  6.666E-001  2.000E-004  3.621E-005  2.630E+003  1.667E+000  0.000E+000
  9.576E+005  1.642E+013  1.542E+006  2.601E+003  5.301E+005  2.035E-002  2.529E+011  1.206E-013  1.000E+000  3.886E-002  1.283E+000  1.507E-005  0.000E+000  0.000E+000  0.000E+000  0.000E+000  0.000E+000  6.666E-001  2.000E-004  3.910E-005  2.601E+003  1.667E+000  0.000E+000
  1.035E+006  1.654E+013  1.545E+006  2.573E+003  5.272E+005  1.979E-002  2.502E+011  1.187E-013  1.000E+000  3.808E-002  1.283E+000  2.109E-005  0.000E+000  0.000E+000  0.000E+000  0.000E+000  0.000E+000  6.666E-001  2.000E-004  4.197E-005  2.573E+003  1.667E+000  0.000E+000
  1.114E+006  1.666E+013  1.548E+006  2.545E+003  5.243E+005  1.926E-002  2.474E+011  1.167E-013  1.000E+000  3.731E-002  1.283E+000  2.965E-005  0.000E+000  0.000E+000  0.000E+000  0.000E+000  0.000E+000  6.666E-001  2.000E-004  4.482E-005  2.545E+003  1.667E+000  0.000E+000
  1.192E+006  1.678E+013  1.551E+006  2.517E+003  5.215E+005  1.873E-002  2.447E+011  1.148E-013  1.000E+000  3.657E-002  1.283E+000  4.185E-005  0.000E+000  0.000E+000  0.000E+000  0.000E+000  0.000E+000  6.666E-001  2.000E-004  4.764E-005  2.517E+003  1.667E+000  0.000E+000
  1.272E+006  1.690E+013  1.554E+006  2.489E+003  5.186E+005  1.823E-002  2.421E+011  1.129E-013  1.000E+000  3.584E-002  1.283E+000  5.932E-005  0.000E+000  0.000E+000  0.000E+000  0.000E+000  0.000E+000  6.666E-001  2.000E-004  5.045E-005  2.489E+003  1.667E+000  0.000E+000
  1.352E+006  1.703E+013  1.557E+006  2.462E+003  5.158E+005  1.773E-002  2.394E+011  1.111E-013  1.000E+000  3.512E-002  1.283E+000  8.444E-005  0.000E+000  0.000E+000  0.000E+000  0.000E+000  0.000E+000  6.666E-001  2.000E-004  5.324E-005  2.462E+003  1.667E+000  0.000E+000
  1.433E+006  1.715E+013  1.560E+006  2.435E+003  5.129E+005  1.725E-002  2.368E+011  1.093E-013  1.000E+000  3.442E-002  1.283E+000  1.207E-004  0.000E+000  0.000E+000  0.000E+000  0.000E+000  0.000E+000  6.666E-001  2.000E-004  5.600E-005  2.435E+003  1.667E+000  0.000E+000
  1.514E+006  1.728E+013  1.563E+006  2.409E+003  5.101E+005  1.678E-002  2.342E+011  1.075E-013  1.000E+000  3.374E-002  1.283E+000  1.733E-004  0.000E+000  0.000E+000  0.000E+000  0.000E+000  0.000E+000  6.666E-001  2.000E-004  5.875E-005  2.409E+003  1.667E+000  0.000E+000
  1.596E+006  1.741E+013  1.565E+006  2.382E+003  5.073E+005  1.633E-002  2.316E+011  1.057E-013  1.000E+000  3.306E-002  1.283E+000  2.499E-004  0.000E+000  0.000E+000  0.000E+000  0.000E+000  0.000E+000  6.666E-001  2.000E-004  6.148E-005  2.382E+003  1.667E+000  0.000E+000
  1.678E+006  1.754E+013  1.568E+006  2.356E+003  5.045E+005  1.588E-002  2.291E+011  1.040E-013  1.000E+000  3.241E-002  1.283E+000  3.619E-004  0.000E+000  0.000E+000  0.000E+000  0.000E+000  0.000E+000  6.666E-001  2.000E-004  6.418E-005  2.356E+003  1.667E+000  0.000E+000
  1.761E+006  1.767E+013  1.571E+006  2.330E+003  5.018E+005  1.545E-002  2.266E+011  1.023E-013  1.000E+000  3.176E-002  1.283E+000  5.265E-004  0.000E+000  0.000E+000  0.000E+000  0.000E+000  0.000E+000  6.666E-001  2.000E-004  6.687E-005  2.330E+003  1.667E+000  0.000E+000
  1.845E+006  1.780E+013  1.573E+006  2.305E+003  4.990E+005  1.503E-002  2.241E+011  1.006E-013  1.000E+000  3.113E-002  1.283E+000  7.693E-004  0.000E+000  0.000E+000  0.000E+000  0.000E+000  0.000E+000  6.666E-001  2.000E-004  6.953E-005  2.305E+003  1.667E+000  0.000E+000
  1.929E+006  1.793E+013  1.576E+006  2.280E+003  4.962E+005  1.463E-002  2.217E+011  9.898E-014  1.000E+000  3.051E-002  1.283E+000  1.129E-003  0.000E+000  0.000E+000  0.000E+000  0.000E+000  0.000E+000  6.666E-001  2.000E-004  7.218E-005  2.280E+003  1.667E+000  0.000E+000
  2.014E+006  1.807E+013  1.578E+006  2.255E+003  4.935E+005  1.423E-002  2.192E+011  9.736E-014  1.000E+000  2.991E-002  1.283E+000  1.665E-003  0.000E+000  0.000E+000  0.000E+000  0.000E+000  0.000E+000  6.666E-001  2.000E-004  7.481E-005  2.255E+003  1.667E+000  0.000E+000
  2.099E+006  1.820E+013  1.581E+006  2.230E+003  4.908E+005  1.384E-002  2.168E+011  9.577E-014  1.000E+000  2.931E-002  1.283E+000  2.467E-003  0.000E+000  0.000E+000  0.000E+000  0.000E+000  0.000E+000  6.666E-001  2.000E-004  7.741E-005  2.230E+003  1.667E+000  0.000E+000
  2.185E+006  1.834E+013  1.583E+006  2.206E+003  4.881E+005  1.347E-002  2.145E+011  9.420E-014  1.000E+000  2.873E-002  1.283E+000  3.672E-003  0.000E+000  0.000E+000  0.000E+000  0.000E+000  0.000E+000  6.666E-001  2.000E-004  8.000E-005  2.206E+003  1.667E+000  0.000E+000
  2.272E+006  1.848E+013  1.586E+006  2.182E+003  4.854E+005  1.310E-002  2.121E+011  9.266E-014  1.000E+000  2.816E-002  1.283E+000  5.490E-003  0.000E+000  0.000E+000  0.000E+000  0.000E+000  0.000E+000  6.666E-001  2.000E-004  8.257E-005  2.182E+003  1.666E+000  0.000E+000
  2.360E+006  1.861E+013  1.588E+006  2.158E+003  4.827E+005  1.274E-002  2.098E+011  9.114E-014  1.000E+000  2.760E-002  1.283E+000  8.245E-003  0.000E+000  0.000E+000  0.000E+000  0.000E+000  0.000E+000  6.666E-001  2.000E-004  8.512E-005  2.158E+003  1.666E+000  0.000E+000
  2.448E+006  1.875E+013  1.591E+006  2.134E+003  4.800E+005  1.239E-002  2.075E+011  8.965E-014  1.000E+000  2.705E-002  1.283E+000  1.244E-002  0.000E+000  0.000E+000  0.000E+000  0.000E+000  0.000E+000  6.666E-001  2.000E-004  8.765E-005  2.134E+003  1.666E+000  0.000E+000
  2.537E+006  1.890E+013  1.593E+006  2.111E+003  4.773E+005  1.206E-002  2.052E+011  8.818E-014  1.000E+000  2.651E-002  1.284E+000  1.883E-002  0.000E+000  0.000E+000  0.000E+000  0.000E+000  0.000E+000  6.666E-001  2.000E-004  9.016E-005  2.111E+003  1.666E+000  0.000E+000
  2.626E+006  1.904E+013  1.596E+006  2.088E+003  4.746E+005  1.173E-002  2.029E+011  8.674E-014  1.000E+000  2.598E-002  1.284E+000  2.859E-002  0.000E+000  0.000E+000  0.000E+000  0.000E+000  0.000E+000  6.666E-001  2.000E-004  9.265E-005  2.088E+003  1.666E+000  0.000E+000
  2.716E+006  1.918E+013  1.598E+006  2.065E+003  4.719E+005  1.140E-002  2.007E+011  8.532E-014  1.000E+000  2.546E-002  1.284E+000  4.347E-002  0.000E+000  0.000E+000  0.000E+000  0.000E+000  0.000E+000  6.666E-001  2.000E-004  9.512E-005  2.065E+003  1.666E+000  0.000E+000
  2.807E+006  1.933E+013  1.600E+006  2.042E+003  4.692E+005  1.109E-002  1.985E+011  8.392E-014  1.000E+000  2.494E-002  1.285E+000  6.597E-002  0.000E+000  0.000E+000  0.000E+000  0.000E+000  0.000E+000  6.666E-001  2.000E-004  9.758E-005  2.042E+003  1.666E+000  0.000E+000
  2.899E+006  1.947E+013  1.602E+006  2.020E+003  4.665E+005  1.078E-002  1.963E+011  8.254E-014  1.000E+000  2.444E-002  1.286E+000  9.931E-002  0.000E+000  0.000E+000  0.000E+000  0.000E+000  0.000E+000  6.666E-001  2.000E-004  1.000E-004  2.020E+003  1.666E+000  0.000E+000
  2.991E+006  1.962E+013  1.605E+006  1.998E+003  4.637E+005  1.048E-002  1.941E+011  8.119E-014  1.000E+000  2.393E-002  1.287E+000  1.469E-001  0.000E+000  0.000E+000  0.000E+000  0.000E+000  0.000E+000  6.666E-001  2.000E-004  1.024E-004  1.998E+003  1.665E+000  0.000E+000
  3.084E+006  1.977E+013  1.607E+006  1.976E+003  4.609E+005  1.019E-002  1.919E+011  7.986E-014  1.000E+000  2.343E-002  1.288E+000  2.110E-001  0.000E+000  0.000E+000  0.000E+000  0.000E+000  0.000E+000  6.666E-001  2.000E-004  1.048E-004  1.976E+003  1.665E+000  0.000E+000
  3.178E+006  1.992E+013  1.609E+006  1.954E+003  4.580E+005  9.899E-003  1.897E+011  7.855E-014  1.000E+000  2.293E-002  1.289E+000  2.906E-001  0.000E+000  0.000E+000  0.000E+000  0.000E+000  0.000E+000  6.666E-001  2.000E-004  1.072E-004  1.954E+003  1.664E+000  0.000E+000
  3.272E+006  2.007E+013  1.611E+006  1.933E+003  4.550E+005  9.614E-003  1.875E+011  7.726E-014  1.000E+000  2.243E-002  1.292E+000  3.816E-001  0.000E+000  0.000E+000  0.000E+000  0.000E+000  0.000E+000  6.666E-001  2.000E-004  1.096E-004  1.933E+003  1.664E+000  0.000E+000
  3.368E+006  2.023E+013  1.613E+006  1.912E+003  4.519E+005  9.332E-003  1.853E+011  7.599E-014  1.000E+000  2.192E-002  1.294E+000  4.787E-001  0.000E+000  0.000E+000  0.000E+000  0.000E+000  0.000E+000  6.666E-001  2.000E-004  1.120E-004  1.912E+003  1.663E+000  0.000E+000
  3.464E+006  2.038E+013  1.615E+006  1.891E+003  4.485E+005  9.051E-003  1.831E+011  7.474E-014  1.000E+000  2.140E-002  1.298E+000  5.781E-001  0.000E+000  0.000E+000  0.000E+000  0.000E+000  0.000E+000  6.666E-001  2.000E-004  1.143E-004  1.891E+003  1.661E+000  0.000E+000
  3.561E+006  2.054E+013  1.617E+006  1.870E+003  4.450E+005  8.771E-003  1.809E+011  7.350E-014  1.000E+000  2.087E-002  1.303E+000  6.780E-001  0.000E+000  0.000E+000  0.000E+000  0.000E+000  0.000E+000  6.666E-001  2.000E-004  1.166E-004  1.870E+003  1.660E+000  0.000E+000
  3.660E+006  2.070E+013  1.619E+006  1.850E+003  4.412E+005  8.489E-003  1.786E+011  7.229E-014  1.000E+000  2.032E-002  1.310E+000  7.789E-001  0.000E+000  0.000E+000  0.000E+000  0.000E+000  0.000E+000  6.666E-001  2.000E-004  1.189E-004  1.850E+003  1.657E+000  0.000E+000
  3.759E+006  2.086E+013  1.621E+006  1.830E+003  4.369E+005  8.203E-003  1.763E+011  7.108E-014  1.000E+000  1.974E-002  1.318E+000  8.823E-001  0.000E+000  0.000E+000  0.000E+000  0.000E+000  0.000E+000  6.666E-001  2.000E-004  1.213E-004  1.830E+003  1.655E+000  0.000E+000
  3.860E+006  2.103E+013  1.623E+006  1.810E+003  4.323E+005  7.911E-003  1.739E+011  6.990E-014  1.000E+000  1.913E-002  1.329E+000  9.904E-001  0.000E+000  0.000E+000  0.000E+000  0.000E+000  0.000E+000  6.666E-001  2.000E-004  1.236E-004  1.810E+003  1.651E+000  0.000E+000
  3.963E+006  2.119E+013  1.625E+006  1.790E+003  4.270E+005  7.612E-003  1.714E+011  6.872E-014  1.000E+000  1.849E-002  1.344E+000  1.106E+000  0.000E+000  0.000E+000  0.000E+000  0.000E+000  0.000E+000  6.666E-001  2.000E-004  1.259E-004  1.790E+003  1.646E+000  0.000E+000
  4.048E+006  2.133E+013  1.627E+006  1.774E+003  4.223E+005  7.360E-003  1.693E+011  6.777E-014  1.000E+000  1.792E-002  1.358E+000  1.207E+000  0.000E+000  0.000E+000  0.000E+000  0.000E+000  0.000E+000  6.666E-001  2.000E-004  1.278E-004  1.774E+003  1.642E+000  0.000E+000
  4.125E+006  2.146E+013  1.628E+006  1.760E+003  4.176E+005  7.132E-003  1.674E+011  6.692E-014  1.000E+000  1.740E-002  1.373E+000  1.304E+000  0.000E+000  0.000E+000  0.000E+000  0.000E+000  0.000E+000  6.666E-001  2.000E-004  1.294E-004  1.760E+003  1.637E+000  0.000E+000
  4.193E+006  2.157E+013  1.629E+006  1.747E+003  4.133E+005  6.928E-003  1.656E+011  6.619E-014  1.000E+000  1.692E-002  1.388E+000  1.394E+000  0.000E+000  0.000E+000  0.000E+000  0.000E+000  0.000E+000  6.666E-001  2.000E-004  1.309E-004  1.747E+003  1.632E+000  0.000E+000
  4.252E+006  2.166E+013  1.630E+006  1.737E+003  4.093E+005  6.750E-003  1.641E+011  6.556E-014  1.000E+000  1.650E-002  1.403E+000  1.477E+000  0.000E+000  0.000E+000  0.000E+000  0.000E+000  0.000E+000  6.666E-001  2.000E-004  1.322E-004  1.737E+003  1.627E+000  0.000E+000
  4.312E+006  2.176E+013  1.631E+006  1.727E+003  4.052E+005  6.570E-003  1.625E+011  6.494E-014  1.000E+000  1.607E-002  1.419E+000  1.565E+000  0.000E+000  0.000E+000  0.000E+000  0.000E+000  0.000E+000  6.666E-001  2.000E-004  1.335E-004  1.727E+003  1.623E+000  0.000E+000
  4.362E+006  2.184E+013  1.632E+006  1.718E+003  4.015E+005  6.418E-003  1.612E+011  6.442E-014  1.000E+000  1.571E-002  1.434E+000  1.643E+000  0.000E+000  0.000E+000  0.000E+000  0.000E+000  0.000E+000  6.666E-001  2.000E-004  1.345E-004  1.718E+003  1.618E+000  0.000E+000
  4.414E+006  2.193E+013  1.633E+006  1.710E+003  3.978E+005  6.266E-003  1.599E+011  6.390E-014  1.000E+000  1.533E-002  1.449E+000  1.725E+000  0.000E+000  0.000E+000  0.000E+000  0.000E+000  0.000E+000  6.666E-001  2.000E-004  1.356E-004  1.710E+003  1.613E+000  0.000E+000
  4.465E+006  2.201E+013  1.634E+006  1.701E+003  3.939E+005  6.113E-003  1.585E+011  6.337E-014  1.000E+000  1.496E-002  1.466E+000  1.811E+000  0.000E+000  0.000E+000  0.000E+000  0.000E+000  0.000E+000  6.666E-001  2.000E-004  1.367E-004  1.701E+003  1.609E+000  0.000E+000
  4.518E+006  2.210E+013  1.634E+006  1.693E+003  3.899E+005  5.960E-003  1.571E+011  6.285E-014  1.000E+000  1.458E-002  1.484E+000  1.903E+000  0.000E+000  0.000E+000  0.000E+000  0.000E+000  0.000E+000  6.666E-001  2.000E-004  1.378E-004  1.693E+003  1.603E+000  0.000E+000
  4.560E+006  2.217E+013  1.635E+006  1.686E+003  3.867E+005  5.838E-003  1.560E+011  6.244E-014  1.000E+000  1.428E-002  1.499E+000  1.979E+000  0.000E+000  0.000E+000  0.000E+000  0.000E+000  0.000E+000  6.666E-001  2.000E-004  1.386E-004  1.686E+003  1.599E+000  0.000E+000
  4.603E+006  2.224E+013  1.636E+006  1.679E+003  3.834E+005  5.716E-003  1.549E+011  6.202E-014  1.000E+000  1.398E-002  1.515E+000  2.059E+000  3.002E-086  4.788E-082  4.882E-081  4.979E-080  5.078E-079  6.666E-001  2.000E-004  1.395E-004  1.679E+003  1.595E+000  0.000E+000
  4.647E+006  2.231E+013  1.636E+006  1.672E+003  3.800E+005  5.595E-003  1.538E+011  6.160E-014  1.000E+000  1.368E-002  1.531E+000  2.142E+000  7.431E-086  2.732E-081  2.865E-080  3.007E-079  3.161E-078  6.666E-001  2.000E-004  1.404E-004  1.672E+003  1.590E+000  0.000E+000
  4.691E+006  2.238E+013  1.637E+006  1.666E+003  3.767E+005  5.474E-003  1.527E+011  6.119E-014  1.000E+000  1.338E-002  1.548E+000  2.230E+000  1.230E-085  7.055E-081  7.629E-080  8.272E-079  8.994E-078  6.666E-001  2.000E-004  1.413E-004  1.666E+003  1.586E+000  0.000E+000
  4.735E+006  2.245E+013  1.637E+006  1.659E+003  3.733E+005  5.355E-003  1.516E+011  6.077E-014  1.000E+000  1.308E-002  1.565E+000  2.320E+000  1.751E-085  1.367E-080  1.529E-079  1.718E-078  1.941E-077  6.666E-001  2.000E-004  1.421E-004  1.659E+003  1.581E+000  0.000E+000
  4.780E+006  2.253E+013  1.638E+006  1.653E+003  3.699E+005  5.237E-003  1.505E+011  6.035E-014  1.000E+000  1.279E-002  1.583E+000  2.415E+000  2.296E-085  2.278E-080  2.639E-079  3.084E-078  3.637E-077  6.666E-001  2.000E-004  1.430E-004  1.653E+003  1.577E+000  0.000E+000
  4.826E+006  2.260E+013  1.639E+006  1.646E+003  3.664E+005  5.120E-003  1.494E+011  5.993E-014  1.000E+000  1.250E-002  1.602E+000  2.514E+000  2.850E-085  3.450E-080  4.154E-079  5.067E-078  6.264E-077  6.666E-001  2.000E-004  1.439E-004  1.646E+003  1.572E+000  0.000E+000
  4.872E+006  2.268E+013  1.639E+006  1.639E+003  3.630E+005  5.005E-003  1.483E+011  5.951E-014  1.000E+000  1.221E-002  1.621E+000  2.617E+000  3.401E-085  4.892E-080  6.137E-079  7.842E-078  1.020E-076  6.666E-001  2.000E-004  1.448E-004  1.639E+003  1.567E+000  0.000E+000
  4.918E+006  2.275E+013  1.640E+006  1.633E+003  3.596E+005  4.892E-003  1.472E+011  5.909E-014  1.000E+000  1.193E-002  1.640E+000  2.724E+000  3.936E-085  6.606E-080  8.657E-079  1.163E-077  1.599E-076  6.666E-001  2.000E-004  1.457E-004  1.633E+003  1.562E+000  0.000E+000
  4.966E+006  2.283E+013  1.640E+006  1.626E+003  3.562E+005  4.781E-003  1.462E+011  5.867E-014  1.000E+000  1.166E-002  1.660E+000  2.836E+000  4.445E-085  8.588E-080  1.179E-078  1.669E-077  2.435E-076  6.666E-001  2.000E-004  1.467E-004  1.626E+003  1.557E+000  0.000E+000
  5.014E+006  2.291E+013  1.641E+006  1.620E+003  3.529E+005  4.672E-003  1.451E+011  5.825E-014  1.000E+000  1.139E-002  1.679E+000  2.952E+000  4.922E-085  1.083E-079  1.560E-078  2.335E-077  3.627E-076  6.666E-001  2.000E-004  1.476E-004  1.620E+003  1.553E+000  0.000E+000
  5.062E+006  2.299E+013  1.641E+006  1.613E+003  3.496E+005  4.565E-003  1.441E+011  5.783E-014  1.000E+000  1.112E-002  1.699E+000  3.073E+000  5.365E-085  1.333E-079  2.019E-078  3.203E-077  5.308E-076  6.666E-001  2.000E-004  1.485E-004  1.613E+003  1.548E+000  0.000E+000
  5.111E+006  2.307E+013  1.642E+006  1.607E+003  3.463E+005  4.460E-003  1.430E+011  5.741E-014  1.000E+000  1.087E-002  1.720E+000  3.198E+000  5.777E-085  1.606E-079  2.563E-078  4.320E-077  7.654E-076  6.666E-001  2.000E-004  1.494E-004  1.607E+003  1.543E+000  0.000E+000
  5.161E+006  2.315E+013  1.642E+006  1.601E+003  3.430E+005  4.359E-003  1.420E+011  5.698E-014  1.000E+000  1.062E-002  1.740E+000  3.329E+000  6.159E-085  1.903E-079  3.204E-078  5.746E-077  1.090E-075  6.666E-001  2.000E-004  1.504E-004  1.601E+003  1.539E+000  0.000E+000
  5.211E+006  2.323E+013  1.643E+006  1.594E+003  3.399E+005  4.259E-003  1.410E+011  5.656E-014  1.000E+000  1.038E-002  1.760E+000  3.465E+000  6.518E-085  2.223E-079  3.952E-078  7.548E-077  1.534E-075  6.666E-001  2.000E-004  1.513E-004  1.594E+003  1.534E+000  0.000E+000
  5.262E+006  2.332E+013  1.644E+006  1.588E+003  3.368E+005  4.162E-003  1.400E+011  5.614E-014  1.000E+000  1.014E-002  1.781E+000  3.606E+000  5.783E-052  5.394E-048  5.570E-047  5.758E-046  5.956E-045  6.666E-001  2.000E-004  1.522E-004  1.588E+003  1.530E+000  0.000E+000
  5.314E+006  2.340E+013  1.644E+006  1.582E+003  3.337E+005  4.068E-003  1.390E+011  5.571E-014  1.000E+000  9.917E-003  1.801E+000  3.753E+000  3.827E-049  3.882E-045  4.030E-044  4.188E-043  4.359E-042  6.666E-001  2.000E-004  1.532E-004  1.582E+003  1.525E+000  0.000E+000
  5.366E+006  2.349E+013  1.645E+006  1.575E+003  3.307E+005  3.976E-003  1.381E+011  5.529E-014  1.000E+000  9.698E-003  1.821E+000  3.905E+000  1.344E-046  1.483E-042  1.548E-041  1.618E-040  1.694E-039  6.666E-001  2.000E-004  1.541E-004  1.575E+003  1.521E+000  0.000E+000
  5.419E+006  2.357E+013  1.645E+006  1.569E+003  3.278E+005  3.887E-003  1.371E+011  5.487E-014  1.000E+000  9.485E-003  1.841E+000  4.063E+000  2.699E-044  3.245E-040  3.408E-039  3.586E-038  3.782E-037  6.666E-001  2.000E-004  1.551E-004  1.569E+003  1.517E+000  0.000E+000
  5.473E+006  2.366E+013  1.646E+006  1.563E+003  3.250E+005  3.801E-003  1.362E+011  5.444E-014  1.000E+000  9.281E-003  1.861E+000  4.227E+000  3.302E-042  4.334E-038  4.582E-037  4.857E-036  5.164E-035  6.666E-001  2.000E-004  1.561E-004  1.563E+003  1.513E+000  0.000E+000
  5.527E+006  2.375E+013  1.646E+006  1.557E+003  3.222E+005  3.717E-003  1.353E+011  5.402E-014  1.000E+000  9.083E-003  1.881E+000  4.397E+000  2.600E-040  3.729E-036  3.972E-035  4.245E-034  4.554E-033  6.666E-001  2.000E-004  1.570E-004  1.557E+003  1.509E+000  0.000E+000
  5.582E+006  2.384E+013  1.647E+006  1.550E+003  3.195E+005  3.636E-003  1.344E+011  5.359E-014  1.000E+000  8.892E-003  1.900E+000  4.574E+000  1.382E-038  2.168E-034  2.328E-033  2.510E-032  2.721E-031  6.666E-001  2.000E-004  1.580E-004  1.550E+003  1.505E+000  0.000E+000
  5.651E+006  2.396E+013  1.647E+006  1.543E+003  3.162E+005  3.538E-003  1.333E+011  5.306E-014  1.000E+000  8.664E-003  1.924E+000  4.803E+000  1.215E-036  2.133E-032  2.316E-031  2.530E-030  2.781E-029  6.666E-001  2.000E-004  1.592E-004  1.543E+003  1.500E+000  0.000E+000
  5.722E+006  2.407E+013  1.648E+006  1.535E+003  3.131E+005  3.444E-003  1.323E+011  5.253E-014  1.000E+000  8.446E-003  1.947E+000  5.044E+000  6.623E-035  1.300E-030  1.429E-029  1.584E-028  1.769E-027  6.666E-001  2.000E-004  1.604E-004  1.535E+003  1.496E+000  0.000E+000
  5.793E+006  2.419E+013  1.648E+006  1.527E+003  3.101E+005  3.353E-003  1.312E+011  5.200E-014  1.000E+000  8.238E-003  1.969E+000  5.296E+000  2.373E-033  5.207E-029  5.804E-028  6.532E-027  7.434E-026  6.666E-001  2.000E-004  1.617E-004  1.527E+003  1.491E+000  0.000E+000
  5.866E+006  2.431E+013  1.649E+006  1.520E+003  3.072E+005  3.267E-003  1.302E+011  5.147E-014  1.000E+000  8.041E-003  1.991E+000  5.559E+000  5.884E-032  1.442E-027  1.631E-026  1.868E-025  2.171E-024  6.666E-001  2.000E-004  1.629E-004  1.520E+003  1.487E+000  0.000E+000
  5.939E+006  2.443E+013  1.650E+006  1.512E+003  3.044E+005  3.183E-003  1.293E+011  5.095E-014  1.000E+000  7.853E-003  2.012E+000  5.835E+000  1.055E-030  2.883E-026  3.315E-025  3.871E-024  4.601E-023  6.666E-001  2.000E-004  1.641E-004  1.512E+003  1.483E+000  0.000E+000
  6.013E+006  2.455E+013  1.650E+006  1.505E+003  3.018E+005  3.104E-003  1.283E+011  5.042E-014  1.000E+000  7.674E-003  2.032E+000  6.123E+000  1.408E-029  4.280E-025  5.007E-024  5.969E-023  7.278E-022  6.666E-001  2.000E-004  1.654E-004  1.505E+003  1.480E+000  0.000E+000
  6.103E+006  2.470E+013  1.651E+006  1.496E+003  2.988E+005  3.013E-003  1.272E+011  4.980E-014  1.000E+000  7.473E-003  2.055E+000  6.483E+000  2.219E-028  7.644E-024  9.142E-023  1.120E-021  1.412E-020  6.666E-001  2.000E-004  1.669E-004  1.496E+003  1.476E+000  0.000E+000
  6.193E+006  2.485E+013  1.651E+006  1.487E+003  2.960E+005  2.928E-003  1.262E+011  4.919E-014  1.000E+000  7.284E-003  2.077E+000  6.860E+000  2.512E-027  9.774E-023  1.197E-021  1.510E-020  1.975E-019  6.666E-001  2.000E-004  1.683E-004  1.487E+003  1.472E+000  0.000E+000
  6.298E+006  2.502E+013  1.652E+006  1.477E+003  2.929E+005  2.834E-003  1.250E+011  4.848E-014  1.000E+000  7.080E-003  2.101E+000  7.322E+000  2.987E-026  1.335E-021  1.684E-020  2.205E-019  3.020E-018  6.666E-001  2.000E-004  1.700E-004  1.477E+003  1.468E+000  0.000E+000
  6.404E+006  2.520E+013  1.653E+006  1.467E+003  2.901E+005  2.746E-003  1.238E+011  4.779E-014  1.000E+000  6.890E-003  2.123E+000  7.809E+000  2.569E-025  1.314E-020  1.710E-019  2.330E-018  3.358E-017  6.666E-001  2.000E-004  1.717E-004  1.467E+003  1.464E+000  0.000E+000
  6.527E+006  2.540E+013  1.654E+006  1.456E+003  2.870E+005  2.652E-003  1.226E+011  4.701E-014  1.000E+000  6.689E-003  2.146E+000  8.400E+000  2.155E-024  1.280E-019  1.729E-018  2.475E-017  3.795E-016  6.666E-001  2.000E-004  1.736E-004  1.456E+003  1.460E+000  0.000E+000
  6.665E+006  2.563E+013  1.655E+006  1.444E+003  2.839E+005  2.553E-003  1.213E+011  4.614E-014  1.000E+000  6.481E-003  2.169E+000  9.112E+000  1.656E-023  1.157E-018  1.635E-017  2.482E-016  4.100E-015  6.666E-001  2.000E-004  1.758E-004  1.444E+003  1.456E+000  0.000E+000
  6.821E+006  2.589E+013  1.656E+006  1.430E+003  2.807E+005  2.452E-003  1.198E+011  4.521E-014  1.000E+000  6.269E-003  2.192E+000  9.966E+000  1.111E-022  9.247E-018  1.377E-016  2.241E-015  4.043E-014  6.666E-001  2.000E-004  1.781E-004  1.430E+003  1.453E+000  0.000E+000
  6.978E+006  2.615E+013  1.657E+006  1.417E+003  2.778E+005  2.358E-003  1.185E+011  4.429E-014  1.000E+000  6.075E-003  2.213E+000  1.089E+001  5.451E-022  5.380E-017  8.469E-016  1.483E-014  2.931E-013  6.666E-001  2.000E-004  1.804E-004  1.417E+003  1.449E+000  0.000E+000
  7.136E+006  2.641E+013  1.658E+006  1.404E+003  2.751E+005  2.270E-003  1.172E+011  4.339E-014  1.000E+000  5.897E-003  2.231E+000  1.190E+001  2.067E-021  2.409E-016  4.017E-015  7.593E-014  1.648E-012  6.666E-001  2.000E-004  1.827E-004  1.404E+003  1.447E+000  0.000E+000
  7.296E+006  2.668E+013  1.658E+006  1.391E+003  2.727E+005  2.188E-003  1.159E+011  4.250E-014  1.000E+000  5.733E-003  2.247E+000  1.300E+001  6.318E-021  8.672E-016  1.536E-014  3.141E-013  7.495E-012  6.665E-001  2.001E-004  1.850E-004  1.391E+003  1.444E+000  0.000E+000
  7.457E+006  2.694E+013  1.659E+006  1.379E+003  2.704E+005  2.112E-003  1.147E+011  4.164E-014  1.000E+000  5.579E-003  2.261E+000  1.420E+001  1.610E-020  2.598E-015  4.897E-014  1.086E-012  2.850E-011  6.665E-001  2.005E-004  1.873E-004  1.379E+003  1.442E+000  0.000E+000
  7.620E+006  2.721E+013  1.660E+006  1.366E+003  2.683E+005  2.039E-003  1.136E+011  4.079E-014  1.000E+000  5.436E-003  2.273E+000  1.551E+001  3.517E-020  6.662E-015  1.339E-013  3.226E-012  9.307E-011  6.665E-001  2.018E-004  1.895E-004  1.366E+003  1.440E+000  0.000E+000
  7.785E+006  2.749E+013  1.661E+006  1.354E+003  2.664E+005  1.971E-003  1.124E+011  3.997E-014  1.000E+000  5.302E-003  2.283E+000  1.695E+001  6.724E-020  1.496E-014  3.213E-013  8.416E-012  2.667E-010  6.665E-001  2.050E-004  1.917E-004  1.354E+003  1.439E+000  0.000E+000
  7.951E+006  2.776E+013  1.662E+006  1.342E+003  2.645E+005  1.906E-003  1.113E+011  3.916E-014  1.000E+000  5.175E-003  2.292E+000  1.852E+001  1.146E-019  2.994E-014  6.891E-013  1.965E-011  6.828E-010  6.665E-001  2.127E-004  1.940E-004  1.342E+003  1.437E+000  0.000E+000
  8.118E+006  2.804E+013  1.663E+006  1.330E+003  2.628E+005  1.845E-003  1.103E+011  3.836E-014  1.000E+000  5.055E-003  2.300E+000  2.024E+001  1.765E-019  5.429E-014  1.342E-012  4.166E-011  1.585E-009  6.665E-001  2.293E-004  1.964E-004  1.330E+003  1.436E+000  0.000E+000
  8.287E+006  2.832E+013  1.664E+006  1.318E+003  2.611E+005  1.786E-003  1.092E+011  3.758E-014  1.000E+000  4.941E-003  2.306E+000  2.213E+001  2.488E-019  9.035E-014  2.402E-012  8.127E-011  3.379E-009  6.665E-001  2.619E-004  1.990E-004  1.318E+003  1.435E+000  0.000E+000
  8.458E+006  2.861E+013  1.665E+006  1.307E+003  2.596E+005  1.730E-003  1.082E+011  3.682E-014  1.000E+000  4.833E-003  2.312E+000  2.421E+001  3.244E-019  1.395E-013  4.000E-012  1.474E-010  6.685E-009  6.665E-001  3.215E-004  2.021E-004  1.307E+003  1.434E+000  0.000E+000
  8.631E+006  2.889E+013  1.665E+006  1.295E+003  2.581E+005  1.676E-003  1.072E+011  3.608E-014  1.000E+000  4.728E-003  2.317E+000  2.650E+001  3.944E-019  2.018E-013  6.253E-012  2.511E-010  1.239E-008  6.665E-001  4.230E-004  2.060E-004  1.295E+003  1.434E+000  0.000E+000
  8.805E+006  2.918E+013  1.666E+006  1.284E+003  2.567E+005  1.625E-003  1.062E+011  3.535E-014  1.000E+000  4.628E-003  2.321E+000  2.902E+001  4.505E-019  2.758E-013  9.251E-012  4.044E-010  2.166E-008  6.665E-001  5.866E-004  2.112E-004  1.284E+003  1.433E+000  0.000E+000
  8.980E+006  2.948E+013  1.667E+006  1.272E+003  2.553E+005  1.576E-003  1.052E+011  3.463E-014  1.000E+000  4.532E-003  2.325E+000  3.180E+001  4.864E-019  3.585E-013  1.305E-011  6.204E-010  3.598E-008  6.665E-001  8.366E-004  2.186E-004  1.272E+003  1.432E+000  0.000E+000
  9.158E+006  2.977E+013  1.668E+006  1.261E+003  2.540E+005  1.528E-003  1.043E+011  3.393E-014  1.000E+000  4.439E-003  2.328E+000  3.486E+001  4.991E-019  4.463E-013  1.764E-011  9.118E-010  5.714E-008  6.665E-001  1.202E-003  2.290E-004  1.261E+003  1.432E+000  0.000E+000
  9.337E+006  3.007E+013  1.669E+006  1.250E+003  2.527E+005  1.482E-003  1.033E+011  3.324E-014  1.000E+000  4.349E-003  2.331E+000  3.825E+001  4.889E-019  5.351E-013  2.301E-011  1.291E-009  8.715E-008  6.665E-001  1.715E-003  2.437E-004  1.250E+003  1.432E+000  0.000E+000
  9.518E+006  3.037E+013  1.669E+006  1.239E+003  2.514E+005  1.438E-003  1.024E+011  3.257E-014  1.000E+000  4.262E-003  2.333E+000  4.199E+001  4.591E-019  6.210E-013  2.907E-011  1.767E-009  1.283E-007  6.665E-001  2.410E-003  2.643E-004  1.239E+003  1.431E+000  0.000E+000
  9.700E+006  3.068E+013  1.670E+006  1.228E+003  2.502E+005  1.396E-003  1.015E+011  3.191E-014  1.000E+000  4.178E-003  2.335E+000  4.613E+001  4.148E-019  7.008E-013  3.574E-011  2.349E-009  1.829E-007  6.665E-001  3.323E-003  2.927E-004  1.228E+003  1.431E+000  0.000E+000
  9.885E+006  3.099E+013  1.671E+006  1.217E+003  2.490E+005  1.355E-003  1.006E+011  3.127E-014  1.000E+000  4.096E-003  2.336E+000  5.071E+001  3.616E-019  7.722E-013  4.290E-011  3.043E-009  2.534E-007  6.665E-001  4.490E-003  3.310E-004  1.217E+003  1.431E+000  0.000E+000
  1.007E+007  3.130E+013  1.672E+006  1.207E+003  2.478E+005  1.315E-003  9.969E+010  3.063E-014  1.000E+000  4.016E-003  2.338E+000  5.578E+001  3.049E-019  8.340E-013  5.045E-011  3.853E-009  3.423E-007  6.665E-001  5.944E-003  3.816E-004  1.207E+003  1.431E+000  0.000E+000
  1.026E+007  3.161E+013  1.672E+006  1.196E+003  2.466E+005  1.276E-003  9.881E+010  3.002E-014  1.000E+000  3.938E-003  2.339E+000  6.140E+001  2.493E-019  8.859E-013  5.827E-011  4.780E-009  4.519E-007  6.665E-001  7.717E-003  4.472E-004  1.196E+003  1.430E+000  0.000E+000
  1.045E+007  3.193E+013  1.673E+006  1.186E+003  2.455E+005  1.239E-003  9.793E+010  2.941E-014  1.000E+000  3.862E-003  2.340E+000  6.766E+001  1.988E-019  9.281E-013  6.627E-011  5.824E-009  5.846E-007  6.665E-001  9.839E-003  5.305E-004  1.186E+003  1.430E+000  0.000E+000
  1.064E+007  3.225E+013  1.674E+006  1.175E+003  2.444E+005  1.203E-003  9.707E+010  2.882E-014  1.000E+000  3.788E-003  2.340E+000  7.455E+001  1.536E-019  9.616E-013  7.439E-011  6.984E-009  7.424E-007  6.664E-001  1.233E-002  6.347E-004  1.175E+003  1.430E+000  0.000E+000
  1.083E+007  3.257E+013  1.675E+006  1.165E+003  2.433E+005  1.168E-003  9.622E+010  2.823E-014  1.000E+000  3.715E-003  2.341E+000  8.226E+001  1.163E-019  9.874E-013  8.253E-011  8.256E-009  9.271E-007  6.664E-001  1.522E-002  7.627E-004  1.165E+003  1.430E+000  0.000E+000
  1.103E+007  3.290E+013  1.675E+006  1.155E+003  2.422E+005  1.134E-003  9.537E+010  2.766E-014  1.000E+000  3.644E-003  2.342E+000  9.083E+001  8.606E-020  1.007E-012  9.068E-011  9.638E-009  1.141E-006  6.664E-001  1.852E-002  9.178E-004  1.155E+003  1.430E+000  0.000E+000
  1.123E+007  3.323E+013  1.676E+006  1.145E+003  2.411E+005  1.102E-003  9.453E+010  2.710E-014  1.000E+000  3.575E-003  2.342E+000  1.005E+002  6.314E-020  1.021E-012  9.878E-011  1.113E-008  1.385E-006  6.664E-001  2.225E-002  1.103E-003  1.145E+003  1.430E+000  0.000E+000
  1.142E+007  3.356E+013  1.677E+006  1.135E+003  2.400E+005  1.070E-003  9.371E+010  2.656E-014  1.000E+000  3.507E-003  2.343E+000  1.110E+002  4.424E-020  1.032E-012  1.068E-010  1.271E-008  1.660E-006  6.663E-001  2.640E-002  1.322E-003  1.135E+003  1.430E+000  0.000E+000
  1.162E+007  3.390E+013  1.677E+006  1.125E+003  2.389E+005  1.039E-003  9.289E+010  2.602E-014  1.000E+000  3.441E-003  2.343E+000  1.228E+002  3.084E-020  1.039E-012  1.147E-010  1.439E-008  1.969E-006  6.663E-001  3.099E-002  1.578E-003  1.125E+003  1.430E+000  0.000E+000
  1.183E+007  3.424E+013  1.678E+006  1.115E+003  2.379E+005  1.009E-003  9.207E+010  2.550E-014  1.000E+000  3.376E-003  2.343E+000  1.361E+002  2.113E-020  1.044E-012  1.226E-010  1.616E-008  2.310E-006  6.662E-001  3.602E-002  1.873E-003  1.115E+003  1.430E+000  0.000E+000
  1.203E+007  3.458E+013  1.679E+006  1.105E+003  2.368E+005  9.798E-004  9.127E+010  2.498E-014  1.000E+000  3.312E-003  2.343E+000  1.508E+002  1.425E-020  1.048E-012  1.303E-010  1.802E-008  2.686E-006  6.661E-001  4.149E-002  2.211E-003  1.105E+003  1.430E+000  0.000E+000
  1.224E+007  3.493E+013  1.679E+006  1.096E+003  2.358E+005  9.516E-004  9.047E+010  2.448E-014  1.000E+000  3.249E-003  2.344E+000  1.674E+002  9.456E-021  1.050E-012  1.379E-010  1.995E-008  3.097E-006  6.661E-001  4.739E-002  2.594E-003  1.096E+003  1.430E+000  0.000E+000
  1.245E+007  3.528E+013  1.680E+006  1.086E+003  2.347E+005  9.243E-004  8.968E+010  2.398E-014  1.000E+000  3.188E-003  2.344E+000  1.859E+002  6.185E-021  1.052E-012  1.453E-010  2.196E-008  3.543E-006  6.660E-001  5.372E-002  3.025E-003  1.086E+003  1.430E+000  0.000E+000
  1.266E+007  3.563E+013  1.681E+006  1.077E+003  2.337E+005  8.977E-004  8.890E+010  2.350E-014  1.000E+000  3.128E-003  2.344E+000  2.067E+002  3.989E-021  1.053E-012  1.527E-010  2.405E-008  4.025E-006  6.659E-001  6.047E-002  3.507E-003  1.077E+003  1.430E+000  0.000E+000
  1.287E+007  3.599E+013  1.681E+006  1.067E+003  2.327E+005  8.719E-004  8.812E+010  2.303E-014  1.000E+000  3.069E-003  2.344E+000  2.300E+002  2.538E-021  1.054E-012  1.600E-010  2.619E-008  4.543E-006  6.658E-001  6.763E-002  4.042E-003  1.067E+003  1.430E+000  0.000E+000
  1.309E+007  3.635E+013  1.682E+006  1.058E+003  2.316E+005  8.468E-004  8.736E+010  2.256E-014  1.000E+000  3.012E-003  2.344E+000  2.562E+002  1.594E-021  1.054E-012  1.671E-010  2.841E-008  5.096E-006  6.657E-001  7.518E-002  4.632E-003  1.058E+003  1.430E+000  0.000E+000
  1.330E+007  3.672E+013  1.683E+006  1.049E+003  2.306E+005  8.225E-004  8.659E+010  2.211E-014  1.000E+000  2.955E-003  2.344E+000  2.856E+002  9.891E-022  1.054E-012  1.741E-010  3.067E-008  5.685E-006  6.656E-001  8.312E-002  5.279E-003  1.049E+003  1.430E+000  0.000E+000
  1.352E+007  3.709E+013  1.683E+006  1.040E+003  2.296E+005  7.989E-004  8.584E+010  2.166E-014  1.000E+000  2.900E-003  2.344E+000  3.187E+002  6.063E-022  1.055E-012  1.810E-010  3.300E-008  6.310E-006  6.655E-001  9.143E-002  5.985E-003  1.040E+003  1.430E+000  0.000E+000
  1.374E+007  3.746E+013  1.684E+006  1.031E+003  2.286E+005  7.760E-004  8.509E+010  2.123E-014  1.000E+000  2.845E-003  2.344E+000  3.559E+002  3.674E-022  1.055E-012  1.878E-010  3.537E-008  6.970E-006  6.654E-001  1.001E-001  6.752E-003  1.031E+003  1.430E+000  0.000E+000
  1.397E+007  3.783E+013  1.685E+006  1.022E+003  2.276E+005  7.537E-004  8.435E+010  2.080E-014  1.000E+000  2.792E-003  2.344E+000  3.979E+002  2.202E-022  1.055E-012  1.945E-010  3.779E-008  7.665E-006  6.652E-001  1.091E-001  7.581E-003  1.022E+003  1.430E+000  0.000E+000
  1.419E+007  3.821E+013  1.685E+006  1.013E+003  2.266E+005  7.321E-004  8.362E+010  2.038E-014  1.000E+000  2.740E-003  2.344E+000  4.452E+002  1.306E-022  1.055E-012  2.010E-010  4.026E-008  8.394E-006  6.651E-001  1.184E-001  8.473E-003  1.013E+003  1.430E+000  0.000E+000
  1.442E+007  3.860E+013  1.686E+006  1.004E+003  2.256E+005  7.111E-004  8.289E+010  1.997E-014  1.000E+000  2.688E-003  2.344E+000  4.987E+002  7.660E-023  1.055E-012  2.075E-010  4.276E-008  9.157E-006  6.650E-001  1.280E-001  9.428E-003  1.004E+003  1.430E+000  0.000E+000
  1.465E+007  3.899E+013  1.687E+006  9.953E+002  2.246E+005  6.908E-004  8.217E+010  1.957E-014  1.000E+000  2.638E-003  2.344E+000  5.591E+002  4.448E-023  1.055E-012  2.139E-010  4.530E-008  9.953E-006  6.648E-001  1.379E-001  1.045E-002  9.953E+002  1.430E+000  0.000E+000
  1.488E+007  3.938E+013  1.687E+006  9.866E+002  2.237E+005  6.710E-004  8.145E+010  1.917E-014  1.000E+000  2.589E-003  2.344E+000  6.274E+002  2.558E-023  1.055E-012  2.201E-010  4.787E-008  1.078E-005  6.646E-001  1.481E-001  1.154E-002  9.866E+002  1.430E+000  0.000E+000
  1.511E+007  3.977E+013  1.688E+006  9.781E+002  2.227E+005  6.518E-004  8.075E+010  1.879E-014  1.000E+000  2.540E-003  2.344E+000  7.048E+002  1.457E-023  1.055E-012  2.263E-010  5.048E-008  1.164E-005  6.645E-001  1.585E-001  1.269E-002  9.781E+002  1.430E+000  0.000E+000
  1.535E+007  4.017E+013  1.688E+006  9.696E+002  2.217E+005  6.331E-004  8.004E+010  1.841E-014  1.000E+000  2.493E-003  2.344E+000  7.925E+002  8.220E-024  1.055E-012  2.323E-010  5.311E-008  1.253E-005  6.643E-001  1.692E-001  1.391E-002  9.696E+002  1.430E+000  0.000E+000
  1.559E+007  4.057E+013  1.689E+006  9.611E+002  2.208E+005  6.150E-004  7.935E+010  1.804E-014  1.000E+000  2.446E-003  2.344E+000  8.919E+002  4.595E-024  1.055E-012  2.383E-010  5.576E-008  1.346E-005  6.641E-001  1.800E-001  1.519E-002  9.611E+002  1.430E+000  0.000E+000
  1.583E+007  4.098E+013  1.689E+006  9.528E+002  2.198E+005  5.974E-004  7.866E+010  1.768E-014  1.000E+000  2.400E-003  2.344E+000  1.005E+003  2.546E-024  1.055E-012  2.441E-010  5.844E-008  1.441E-005  6.639E-001  1.911E-001  1.654E-002  9.528E+002  1.430E+000  0.000E+000
  1.607E+007  4.139E+013  1.690E+006  9.445E+002  2.188E+005  5.803E-004  7.798E+010  1.732E-014  1.000E+000  2.355E-003  2.344E+000  1.133E+003  1.398E-024  1.055E-012  2.499E-010  6.114E-008  1.539E-005  6.638E-001  2.023E-001  1.796E-002  9.445E+002  1.430E+000  0.000E+000
  1.632E+007  4.181E+013  1.691E+006  9.363E+002  2.179E+005  5.636E-004  7.730E+010  1.697E-014  1.000E+000  2.311E-003  2.344E+000  1.279E+003  7.610E-025  1.055E-012  2.556E-010  6.385E-008  1.639E-005  6.636E-001  2.136E-001  1.945E-002  9.363E+002  1.430E+000  0.000E+000
  1.657E+007  4.223E+013  1.691E+006  9.282E+002  2.169E+005  5.475E-004  7.663E+010  1.663E-014  1.000E+000  2.268E-003  2.344E+000  1.446E+003  4.108E-025  1.055E-012  2.611E-010  6.658E-008  1.743E-005  6.634E-001  2.251E-001  2.099E-002  9.282E+002  1.430E+000  0.000E+000
  1.682E+007  4.265E+013  1.692E+006  9.201E+002  2.160E+005  5.319E-004  7.596E+010  1.630E-014  1.000E+000  2.226E-003  2.344E+000  1.636E+003  2.199E-025  1.055E-012  2.666E-010  6.933E-008  1.849E-005  6.632E-001  2.367E-001  2.261E-002  9.201E+002  1.430E+000  0.000E+000
  1.707E+007  4.308E+013  1.692E+006  9.121E+002  2.150E+005  5.166E-004  7.530E+010  1.597E-014  1.000E+000  2.184E-003  2.344E+000  1.852E+003  1.167E-025  1.055E-012  2.720E-010  7.208E-008  1.957E-005  6.630E-001  2.484E-001  2.429E-002  9.121E+002  1.430E+000  0.000E+000
  1.733E+007  4.351E+013  1.693E+006  9.042E+002  2.141E+005  5.019E-004  7.465E+010  1.565E-014  1.000E+000  2.143E-003  2.344E+000  2.100E+003  6.144E-026  1.055E-012  2.773E-010  7.484E-008  2.068E-005  6.628E-001  2.602E-001  2.603E-002  9.042E+002  1.430E+000  0.000E+000
  1.758E+007  4.395E+013  1.693E+006  8.963E+002  2.132E+005  4.875E-004  7.400E+010  1.534E-014  1.000E+000  2.103E-003  2.344E+000  2.383E+003  3.208E-026  1.055E-012  2.825E-010  7.761E-008  2.181E-005  6.626E-001  2.720E-001  2.783E-002  8.963E+002  1.430E+000  0.000E+000
  1.785E+007  4.439E+013  1.694E+006  8.886E+002  2.123E+005  4.736E-004  7.336E+010  1.503E-014  1.000E+000  2.064E-003  2.344E+000  2.707E+003  1.662E-026  1.055E-012  2.876E-010  8.038E-008  2.296E-005  6.623E-001  2.839E-001  2.969E-002  8.886E+002  1.430E+000  0.000E+000
  1.811E+007  4.483E+013  1.695E+006  8.809E+002  2.113E+005  4.600E-004  7.272E+010  1.473E-014  1.000E+000  2.026E-003  2.344E+000  3.079E+003  8.543E-027  1.055E-012  2.927E-010  8.315E-008  2.413E-005  6.621E-001  2.958E-001  3.161E-002  8.809E+002  1.430E+000  0.000E+000
  1.837E+007  4.528E+013  1.695E+006  8.732E+002  2.104E+005  4.469E-004  7.209E+010  1.443E-014  1.000E+000  1.988E-003  2.344E+000  3.506E+003  4.356E-027  1.055E-012  2.976E-010  8.593E-008  2.532E-005  6.619E-001  3.077E-001  3.359E-002  8.732E+002  1.430E+000  0.000E+000
  1.864E+007  4.574E+013  1.696E+006  8.656E+002  2.095E+005  4.341E-004  7.146E+010  1.414E-014  1.000E+000  1.951E-003  2.344E+000  3.996E+003  2.204E-027  1.055E-012  3.025E-010  8.870E-008  2.653E-005  6.617E-001  3.196E-001  3.563E-002  8.656E+002  1.430E+000  0.000E+000
  1.891E+007  4.620E+013  1.696E+006  8.581E+002  2.086E+005  4.217E-004  7.085E+010  1.386E-014  1.000E+000  1.914E-003  2.344E+000  4.560E+003  1.106E-027  1.055E-012  3.073E-010  9.147E-008  2.776E-005  6.615E-001  3.315E-001  3.772E-002  8.581E+002  1.430E+000  0.000E+000
  1.919E+007  4.666E+013  1.697E+006  8.507E+002  2.077E+005  4.097E-004  7.023E+010  1.358E-014  1.000E+000  1.879E-003  2.344E+000  5.230E+003  5.596E-028  1.055E-012  3.120E-010  9.424E-008  2.901E-005  6.612E-001  3.434E-001  3.987E-002  8.507E+002  1.430E+000  0.000E+000
  1.946E+007  4.713E+013  1.697E+006  8.433E+002  2.068E+005  3.980E-004  6.962E+010  1.331E-014  1.000E+000  1.843E-003  2.344E+000  5.957E+003  2.723E-028  1.055E-012  3.167E-010  9.701E-008  3.027E-005  6.610E-001  3.552E-001  4.207E-002  8.433E+002  1.430E+000  0.000E+000
  1.974E+007  4.760E+013  1.698E+006  8.360E+002  2.059E+005  3.866E-004  6.902E+010  1.304E-014  1.000E+000  1.809E-003  2.344E+000  6.821E+003  1.336E-028  1.055E-012  3.212E-010  9.976E-008  3.155E-005  6.608E-001  3.669E-001  4.432E-002  8.360E+002  1.430E+000  0.000E+000
  2.002E+007  4.808E+013  1.698E+006  8.288E+002  2.050E+005  3.756E-004  6.842E+010  1.278E-014  1.000E+000  1.775E-003  2.344E+000  7.819E+003  6.499E-029  1.055E-012  3.257E-010  1.025E-007  3.283E-005  6.606E-001  3.786E-001  4.662E-002  8.288E+002  1.430E+000  0.000E+000
  2.031E+007  4.856E+013  1.699E+006  8.216E+002  2.041E+005  3.648E-004  6.783E+010  1.252E-014  1.000E+000  1.742E-003  2.344E+000  8.973E+003  3.138E-029  1.055E-012  3.301E-010  1.053E-007  3.414E-005  6.603E-001  3.902E-001  4.897E-002  8.216E+002  1.430E+000  0.000E+000
  2.059E+007  4.905E+013  1.699E+006  8.145E+002  2.032E+005  3.544E-004  6.724E+010  1.227E-014  1.000E+000  1.710E-003  2.344E+000  1.031E+004  1.503E-029  1.055E-012  3.345E-010  1.080E-007  3.545E-005  6.601E-001  4.017E-001  5.136E-002  8.145E+002  1.430E+000  0.000E+000
  2.088E+007  4.954E+013  1.700E+006  8.074E+002  2.023E+005  3.443E-004  6.666E+010  1.202E-014  1.000E+000  1.678E-003  2.344E+000  1.186E+004  7.145E-030  1.055E-012  3.387E-010  1.107E-007  3.678E-005  6.599E-001  4.131E-001  5.380E-002  8.074E+002  1.430E+000  0.000E+000
  2.117E+007  5.004E+013  1.700E+006  8.004E+002  2.014E+005  3.345E-004  6.608E+010  1.178E-014  1.000E+000  1.647E-003  2.344E+000  1.365E+004  3.369E-030  1.055E-012  3.429E-010  1.134E-007  3.811E-005  6.597E-001  4.244E-001  5.628E-002  8.004E+002  1.430E+000  0.000E+000
  2.147E+007  5.054E+013  1.701E+006  7.935E+002  2.006E+005  3.249E-004  6.551E+010  1.155E-014  1.000E+000  1.616E-003  2.344E+000  1.574E+004  1.576E-030  1.055E-012  3.470E-010  1.161E-007  3.945E-005  6.594E-001  4.355E-001  5.880E-002  7.935E+002  1.430E+000  0.000E+000
  2.177E+007  5.105E+013  1.701E+006  7.866E+002  1.997E+005  3.157E-004  6.494E+010  1.131E-014  1.000E+000  1.586E-003  2.344E+000  1.816E+004  7.308E-031  1.055E-012  3.510E-010  1.188E-007  4.080E-005  6.592E-001  4.465E-001  6.135E-002  7.866E+002  1.430E+000  0.000E+000
  2.207E+007  5.156E+013  1.702E+006  7.798E+002  1.988E+005  3.066E-004  6.438E+010  1.109E-014  1.000E+000  1.556E-003  2.344E+000  2.097E+004  3.361E-031  1.055E-012  3.550E-010  1.214E-007  4.216E-005  6.590E-001  4.573E-001  6.395E-002  7.798E+002  1.430E+000  0.000E+000
  2.237E+007  5.208E+013  1.702E+006  7.730E+002  1.980E+005  2.979E-004  6.382E+010  1.087E-014  1.000E+000  1.527E-003  2.344E+000  2.425E+004  1.532E-031  1.055E-012  3.589E-010  1.241E-007  4.351E-005  6.588E-001  4.680E-001  6.658E-002  7.730E+002  1.430E+000  0.000E+000
  2.268E+007  5.260E+013  1.702E+006  7.663E+002  1.971E+005  2.894E-004  6.327E+010  1.065E-014  1.000E+000  1.499E-003  2.344E+000  2.806E+004  6.919E-032  1.055E-012  3.627E-010  1.267E-007  4.488E-005  6.586E-001  4.784E-001  6.924E-002  7.663E+002  1.430E+000  0.000E+000
  2.299E+007  5.313E+013  1.703E+006  7.597E+002  1.963E+005  2.811E-004  6.272E+010  1.043E-014  1.000E+000  1.471E-003  2.344E+000  3.249E+004  3.095E-032  1.055E-012  3.665E-010  1.293E-007  4.624E-005  6.584E-001  4.886E-001  7.193E-002  7.597E+002  1.430E+000  0.000E+000
  2.330E+007  5.366E+013  1.703E+006  7.531E+002  1.954E+005  2.731E-004  6.218E+010  1.023E-014  1.000E+000  1.443E-003  2.344E+000  3.763E+004  1.370E-032  1.055E-012  3.701E-010  1.318E-007  4.759E-005  6.581E-001  4.986E-001  7.464E-002  7.531E+002  1.430E+000  0.000E+000
  2.362E+007  5.420E+013  1.704E+006  7.466E+002  1.946E+005  2.653E-004  6.164E+010  1.002E-014  1.000E+000  1.417E-003  2.344E+000  4.361E+004  5.994E-033  1.055E-012  3.737E-010  1.343E-007  4.895E-005  6.579E-001  5.084E-001  7.739E-002  7.466E+002  1.430E+000  0.000E+000
  2.394E+007  5.475E+013  1.704E+006  7.401E+002  1.937E+005  2.578E-004  6.110E+010  9.820E-015  1.000E+000  1.390E-003  2.344E+000  1.469E+005  1.082E-032  1.055E-012  3.770E-010  1.367E-007  5.021E-005  6.577E-001  5.170E-001  8.016E-002  7.401E+002  1.430E+000  0.000E+000
  2.426E+007  5.529E+013  1.705E+006  7.337E+002  1.929E+005  2.504E-004  6.058E+010  9.624E-015  1.000E+000  1.364E-003  2.344E+000  4.253E+005  1.001E-032  1.055E-012  3.794E-010  1.384E-007  5.114E-005  6.575E-001  5.220E-001  8.293E-002  7.337E+002  1.430E+000  0.000E+000
  2.459E+007  5.585E+013  1.705E+006  7.274E+002  1.920E+005  2.433E-004  6.005E+010  9.431E-015  1.000E+000  1.339E-003  2.344E+000  6.930E+005  1.260E-033  1.055E-012  3.802E-010  1.390E-007  5.148E-005  6.573E-001  5.209E-001  8.569E-002  7.274E+002  1.430E+000  0.000E+000
  2.492E+007  5.641E+013  1.706E+006  7.211E+002  1.912E+005  2.364E-004  5.953E+010  9.242E-015  1.000E+000  1.314E-003  2.344E+000  3.138E+006  5.658E-033  1.055E-012  3.805E-010  1.392E-007  5.158E-005  6.571E-001  5.174E-001  8.840E-002  7.211E+002  1.430E+000  0.000E+000
  2.525E+007  5.698E+013  1.706E+006  7.149E+002  1.904E+005  2.296E-004  5.902E+010  9.057E-015  1.000E+000  1.290E-003  2.344E+000  2.243E+007  5.320E-031  1.055E-012  3.813E-010  1.398E-007  5.193E-005  6.569E-001  5.164E-001  9.107E-002  7.149E+002  1.430E+000  0.000E+000
  2.558E+007  5.755E+013  1.706E+006  7.087E+002  1.896E+005  2.231E-004  5.851E+010  8.876E-015  1.000E+000  1.266E-003  2.344E+000  1.174E+008  0.000E+000  1.055E-012  3.833E-010  1.412E-007  5.270E-005  6.568E-001  5.195E-001  9.372E-002  7.087E+002  1.430E+000  0.000E+000
  2.592E+007  5.813E+013  1.707E+006  7.025E+002  1.887E+005  2.167E-004  5.800E+010  8.698E-015  1.000E+000  1.242E-003  2.344E+000  5.230E+008  0.000E+000  1.055E-012  3.859E-010  1.431E-007  5.377E-005  6.566E-001  5.255E-001  9.637E-002  7.025E+002  1.430E+000  0.000E+000
  2.626E+007  5.871E+013  1.707E+006  6.965E+002  1.879E+005  2.105E-004  5.750E+010  8.524E-015  1.000E+000  1.219E-003  2.344E+000  2.187E+009  0.000E+000  1.055E-012  3.888E-010  1.453E-007  5.497E-005  6.564E-001  5.326E-001  9.903E-002  6.965E+002  1.430E+000  0.000E+000
  2.661E+007  5.930E+013  1.708E+006  6.905E+002  1.871E+005  2.046E-004  5.700E+010  8.353E-015  1.000E+000  1.196E-003  2.344E+000  8.507E+009  0.000E+000  1.055E-012  3.917E-010  1.474E-007  5.614E-005  6.562E-001  5.393E-001  1.017E-001  6.905E+002  1.430E+000  0.000E+000
  2.696E+007  5.989E+013  1.708E+006  6.845E+002  1.863E+005  1.987E-004  5.651E+010  8.186E-015  1.000E+000  1.174E-003  2.344E+000  2.450E+010  0.000E+000  1.055E-012  3.936E-010  1.488E-007  5.696E-005  6.561E-001  5.423E-001  1.044E-001  6.845E+002  1.430E+000  0.000E+000
  2.731E+007  6.049E+013  1.709E+006  6.786E+002  1.855E+005  1.931E-004  5.602E+010  8.022E-015  1.000E+000  1.152E-003  2.344E+000  4.361E+010  0.000E+000  1.055E-012  3.942E-010  1.492E-007  5.720E-005  6.559E-001  5.399E-001  1.070E-001  6.786E+002  1.430E+000  0.000E+000
  2.766E+007  6.110E+013  1.709E+006  6.727E+002  1.847E+005  1.876E-004  5.554E+010  7.862E-015  1.000E+000  1.131E-003  2.344E+000  6.434E+010  0.000E+000  1.055E-012  3.943E-010  1.493E-007  5.723E-005  6.557E-001  5.356E-001  1.096E-001  6.727E+002  1.430E+000  0.000E+000
  2.802E+007  6.171E+013  1.709E+006  6.669E+002  1.839E+005  1.822E-004  5.506E+010  7.705E-015  1.000E+000  1.110E-003  2.344E+000  9.246E+010  0.000E+000  1.055E-012  3.943E-010  1.493E-007  5.724E-005  6.556E-001  5.310E-001  1.121E-001  6.669E+002  1.430E+000  0.000E+000
  2.838E+007  6.233E+013  1.710E+006  6.611E+002  1.831E+005  1.770E-004  5.458E+010  7.551E-015  1.000E+000  1.089E-003  2.344E+000  1.328E+011  0.000E+000  1.055E-012  3.943E-010  1.493E-007  5.724E-005  6.554E-001  5.264E-001  1.146E-001  6.611E+002  1.430E+000  0.000E+000
  2.875E+007  6.296E+013  1.710E+006  6.554E+002  1.823E+005  1.720E-004  5.411E+010  7.400E-015  1.000E+000  1.069E-003  2.344E+000  1.913E+011  0.000E+000  1.055E-012  3.943E-010  1.493E-007  5.724E-005  6.553E-001  5.219E-001  1.171E-001  6.554E+002  1.430E+000  0.000E+000
  2.912E+007  6.359E+013  1.711E+006  6.497E+002  1.815E+005  1.671E-004  5.364E+010  7.252E-015  1.000E+000  1.049E-003  2.344E+000  2.765E+011  0.000E+000  1.055E-012  3.943E-010  1.493E-007  5.724E-005  6.552E-001  5.173E-001  1.195E-001  6.497E+002  1.430E+000  0.000E+000
  2.949E+007  6.423E+013  1.711E+006  6.441E+002  1.807E+005  1.623E-004  5.318E+010  7.107E-015  1.000E+000  1.029E-003  2.344E+000  4.009E+011  0.000E+000  1.055E-012  3.943E-010  1.493E-007  5.724E-005  6.550E-001  5.129E-001  1.218E-001  6.441E+002  1.430E+000  0.000E+000
  2.987E+007  6.487E+013  1.711E+006  6.386E+002  1.799E+005  1.577E-004  5.272E+010  6.965E-015  1.000E+000  1.010E-003  2.344E+000  5.832E+011  0.000E+000  1.055E-012  3.943E-010  1.493E-007  5.724E-005  6.549E-001  5.084E-001  1.241E-001  6.386E+002  1.430E+000  0.000E+000
  3.025E+007  6.552E+013  1.712E+006  6.331E+002  1.792E+005  1.532E-004  5.226E+010  6.825E-015  1.000E+000  9.915E-004  2.344E+000  8.511E+011  0.000E+000  1.055E-012  3.943E-010  1.493E-007  5.724E-005  6.548E-001  5.041E-001  1.264E-001  6.331E+002  1.430E+000  0.000E+000
  3.063E+007  6.618E+013  1.712E+006  6.276E+002  1.784E+005  1.489E-004  5.181E+010  6.689E-015  1.000E+000  9.730E-004  2.344E+000  1.246E+012  0.000E+000  1.055E-012  3.943E-010  1.493E-007  5.724E-005  6.547E-001  4.997E-001  1.286E-001  6.276E+002  1.430E+000  0.000E+000
  3.102E+007  6.685E+013  1.712E+006  6.222E+002  1.776E+005  1.446E-004  5.136E+010  6.555E-015  1.000E+000  9.550E-004  2.344E+000  1.831E+012  0.000E+000  1.055E-012  3.943E-010  1.493E-007  5.724E-005  6.546E-001  4.954E-001  1.308E-001  6.222E+002  1.430E+000  0.000E+000
  3.141E+007  6.752E+013  1.713E+006  6.168E+002  1.768E+005  1.405E-004  5.092E+010  6.424E-015  1.000E+000  9.372E-004  2.344E+000  2.700E+012  0.000E+000  1.055E-012  3.943E-010  1.493E-007  5.724E-005  6.545E-001  4.911E-001  1.330E-001  6.168E+002  1.430E+000  0.000E+000
  3.181E+007  6.819E+013  1.713E+006  6.115E+002  1.761E+005  1.365E-004  5.048E+010  6.296E-015  1.000E+000  9.198E-004  2.344E+000  3.994E+012  0.000E+000  1.055E-012  3.943E-010  1.493E-007  5.724E-005  6.544E-001  4.869E-001  1.351E-001  6.115E+002  1.430E+000  0.000E+000
  3.221E+007  6.888E+013  1.714E+006  6.062E+002  1.753E+005  1.326E-004  5.005E+010  6.170E-015  1.000E+000  9.027E-004  2.344E+000  5.928E+012  0.000E+000  1.055E-012  3.943E-010  1.493E-007  5.724E-005  6.543E-001  4.827E-001  1.371E-001  6.062E+002  1.430E+000  0.000E+000
  3.261E+007  6.957E+013  1.714E+006  6.010E+002  1.746E+005  1.289E-004  4.961E+010  6.047E-015  1.000E+000  8.859E-004  2.344E+000  8.831E+012  0.000E+000  1.055E-012  3.943E-010  1.493E-007  5.724E-005  6.542E-001  4.785E-001  1.391E-001  6.010E+002  1.430E+000  0.000E+000
  3.302E+007  7.027E+013  1.714E+006  5.958E+002  1.738E+005  1.252E-004  4.919E+010  5.926E-015  1.000E+000  8.695E-004  2.344E+000  1.320E+013  0.000E+000  1.055E-012  3.943E-010  1.493E-007  5.724E-005  6.541E-001  4.744E-001  1.411E-001  5.958E+002  1.430E+000  0.000E+000
  3.343E+007  7.097E+013  1.715E+006  5.906E+002  1.730E+005  1.217E-004  4.876E+010  5.808E-015  1.000E+000  8.533E-004  2.344E+000  1.980E+013  0.000E+000  1.055E-012  3.943E-010  1.493E-007  5.724E-005  6.540E-001  4.703E-001  1.431E-001  5.906E+002  1.430E+000  0.000E+000
  3.385E+007  7.169E+013  1.715E+006  5.855E+002  1.723E+005  1.182E-004  4.834E+010  5.692E-015  1.000E+000  8.375E-004  2.344E+000  2.982E+013  0.000E+000  1.055E-012  3.943E-010  1.493E-007  5.724E-005  6.539E-001  4.662E-001  1.450E-001  5.855E+002  1.430E+000  0.000E+000
  3.426E+007  7.240E+013  1.715E+006  5.805E+002  1.716E+005  1.148E-004  4.792E+010  5.578E-015  1.000E+000  8.219E-004  2.344E+000  4.505E+013  0.000E+000  1.055E-012  3.943E-010  1.493E-007  5.724E-005  6.538E-001  4.622E-001  1.469E-001  5.805E+002  1.430E+000  0.000E+000
  3.469E+007  7.313E+013  1.716E+006  5.755E+002  1.708E+005  1.116E-004  4.751E+010  5.467E-015  1.000E+000  8.067E-004  2.344E+000  6.832E+013  0.000E+000  1.055E-012  3.943E-010  1.493E-007  5.724E-005  6.537E-001  4.582E-001  1.487E-001  5.755E+002  1.430E+000  0.000E+000
  3.512E+007  7.387E+013  1.716E+006  5.705E+002  1.701E+005  1.084E-004  4.710E+010  5.357E-015  1.000E+000  7.917E-004  2.344E+000  1.040E+014  0.000E+000  1.055E-012  3.943E-010  1.493E-007  5.724E-005  6.537E-001  4.543E-001  1.505E-001  5.705E+002  1.430E+000  0.000E+000
  3.555E+007  7.461E+013  1.716E+006  5.656E+002  1.693E+005  1.053E-004  4.669E+010  5.250E-015  1.000E+000  7.770E-004  2.344E+000  2.171E+014  0.000E+000  1.055E-012  3.943E-010  1.493E-007  5.724E-005  6.536E-001  4.504E-001  1.523E-001  5.656E+002  1.430E+000  0.000E+000
  3.598E+007  7.536E+013  1.717E+006  5.607E+002  1.686E+005  1.023E-004  4.629E+010  5.146E-015  1.000E+000  7.626E-004  2.344E+000  9.953E+014  0.000E+000  1.055E-012  3.943E-010  1.493E-007  5.724E-005  6.535E-001  4.465E-001  1.541E-001  5.607E+002  1.430E+000  0.000E+000
  3.642E+007  7.611E+013  1.717E+006  5.559E+002  1.679E+005  9.942E-005  4.589E+010  5.043E-015  1.000E+000  7.484E-004  2.344E+000  4.623E+015  0.000E+000  1.055E-012  3.943E-010  1.493E-007  5.724E-005  6.535E-001  4.426E-001  1.558E-001  5.559E+002  1.430E+000  0.000E+000
  3.687E+007  7.688E+013  1.717E+006  5.511E+002  1.672E+005  9.659E-005  4.550E+010  4.942E-015  1.000E+000  7.345E-004  2.344E+000  2.176E+016  0.000E+000  1.055E-012  3.943E-010  1.493E-007  5.724E-005  6.534E-001  4.388E-001  1.574E-001  5.511E+002  1.430E+000  0.000E+000
  3.732E+007  7.765E+013  1.718E+006  5.463E+002  1.664E+005  9.385E-005  4.510E+010  4.844E-015  1.000E+000  7.209E-004  2.344E+000  1.038E+017  0.000E+000  1.055E-012  3.943E-010  1.493E-007  5.724E-005  6.533E-001  4.350E-001  1.591E-001  5.463E+002  1.430E+000  0.000E+000
  3.777E+007  7.843E+013  1.718E+006  5.416E+002  1.657E+005  9.118E-005  4.471E+010  4.747E-015  1.000E+000  7.075E-004  2.344E+000  5.019E+017  0.000E+000  1.055E-012  3.943E-010  1.493E-007  5.724E-005  6.533E-001  4.313E-001  1.607E-001  5.416E+002  1.430E+000  0.000E+000
  3.823E+007  7.921E+013  1.718E+006  5.369E+002  1.650E+005  8.859E-005  4.433E+010  4.652E-015  1.000E+000  6.944E-004  2.344E+000  2.460E+018  0.000E+000  1.055E-012  3.943E-010  1.493E-007  5.724E-005  6.532E-001  4.276E-001  1.623E-001  5.369E+002  1.430E+000  0.000E+000
  3.869E+007  8.001E+013  1.719E+006  5.323E+002  1.643E+005  8.608E-005  4.395E+010  4.559E-015  1.000E+000  6.815E-004  2.344E+000  1.222E+019  0.000E+000  1.055E-012  3.943E-010  1.493E-007  5.724E-005  6.532E-001  4.239E-001  1.638E-001  5.323E+002  1.430E+000  0.000E+000
  3.916E+007  8.081E+013  1.719E+006  5.277E+002  1.636E+005  8.363E-005  4.357E+010  4.468E-015  1.000E+000  6.689E-004  2.344E+000  6.158E+019  0.000E+000  1.055E-012  3.943E-010  1.493E-007  5.724E-005  6.531E-001  4.202E-001  1.654E-001  5.277E+002  1.430E+000  0.000E+000
  3.963E+007  8.162E+013  1.719E+006  5.232E+002  1.629E+005  8.126E-005  4.319E+010  4.379E-015  1.000E+000  6.565E-004  2.344E+000  3.146E+020  0.000E+000  1.055E-012  3.943E-010  1.493E-007  5.724E-005  6.531E-001  4.166E-001  1.669E-001  5.232E+002  1.430E+000  0.000E+000
  4.011E+007  8.244E+013  1.720E+006  5.187E+002  1.622E+005  7.895E-005  4.282E+010  4.292E-015  1.000E+000  6.443E-004  2.344E+000  1.630E+021  0.000E+000  1.055E-012  3.943E-010  1.493E-007  5.724E-005  6.530E-001  4.130E-001  1.683E-001  5.187E+002  1.430E+000  0.000E+000
  4.059E+007  8.327E+013  1.720E+006  5.142E+002  1.615E+005  7.671E-005  4.245E+010  4.206E-015  1.000E+000  6.323E-004  2.344E+000  8.564E+021  0.000E+000  1.055E-012  3.943E-010  1.493E-007  5.724E-005  6.530E-001  4.095E-001  1.698E-001  5.142E+002  1.430E+000  0.000E+000
  4.108E+007  8.410E+013  1.720E+006  5.098E+002  1.608E+005  7.453E-005  4.209E+010  4.122E-015  1.000E+000  6.206E-004  2.344E+000  4.565E+022  0.000E+000  1.055E-012  3.943E-010  1.493E-007  5.724E-005  6.529E-001  4.059E-001  1.712E-001  5.098E+002  1.430E+000  0.000E+000
  4.157E+007  8.495E+013  1.720E+006  5.054E+002  1.601E+005  7.241E-005  4.172E+010  4.040E-015  1.000E+000  6.091E-004  2.344E+000  2.469E+023  0.000E+000  1.055E-012  3.943E-010  1.493E-007  5.724E-005  6.529E-001  4.024E-001  1.726E-001  5.054E+002  1.430E+000  0.000E+000
  4.206E+007  8.580E+013  1.721E+006  5.010E+002  1.594E+005  7.036E-005  4.136E+010  3.960E-015  1.000E+000  5.978E-004  2.344E+000  1.355E+024  0.000E+000  1.055E-012  3.943E-010  1.493E-007  5.724E-005  6.528E-001  3.990E-001  1.740E-001  5.010E+002  1.430E+000  0.000E+000
  4.256E+007  8.666E+013  1.721E+006  4.967E+002  1.587E+005  6.836E-005  4.101E+010  3.881E-015  1.000E+000  5.867E-004  2.344E+000  7.543E+024  0.000E+000  1.055E-012  3.943E-010  1.493E-007  5.724E-005  6.528E-001  3.955E-001  1.753E-001  4.967E+002  1.430E+000  0.000E+000
  4.307E+007  8.753E+013  1.721E+006  4.924E+002  1.580E+005  6.642E-005  4.065E+010  3.803E-015  1.000E+000  5.758E-004  2.344E+000  4.263E+025  0.000E+000  1.055E-012  3.943E-010  1.493E-007  5.724E-005  6.528E-001  3.921E-001  1.766E-001  4.924E+002  1.430E+000  0.000E+000
  4.358E+007  8.841E+013  1.722E+006  4.882E+002  1.573E+005  6.454E-005  4.030E+010  3.727E-015  1.000E+000  5.652E-004  2.344E+000  2.445E+026  0.000E+000  1.055E-012  3.943E-010  1.493E-007  5.724E-005  6.527E-001  3.888E-001  1.779E-001  4.882E+002  1.430E+000  0.000E+000
  4.409E+007  8.930E+013  1.722E+006  4.840E+002  1.566E+005  6.270E-005  3.996E+010  3.653E-015  1.000E+000  5.547E-004  2.344E+000  1.424E+027  0.000E+000  1.055E-012  3.943E-010  1.493E-007  5.724E-005  6.527E-001  3.854E-001  1.792E-001  4.840E+002  1.430E+000  0.000E+000
  4.461E+007  9.019E+013  1.722E+006  4.798E+002  1.560E+005  6.093E-005  3.961E+010  3.580E-015  1.000E+000  5.444E-004  2.344E+000  8.418E+027  0.000E+000  1.055E-012  3.943E-010  1.493E-007  5.724E-005  6.526E-001  3.821E-001  1.804E-001  4.798E+002  1.430E+000  0.000E+000
  4.514E+007  9.110E+013  1.723E+006  4.757E+002  1.553E+005  5.920E-005  3.927E+010  3.509E-015  1.000E+000  5.343E-004  2.344E+000  5.054E+028  0.000E+000  1.055E-012  3.943E-010  1.493E-007  5.724E-005  6.526E-001  3.788E-001  1.816E-001  4.757E+002  1.430E+000  0.000E+000
  4.567E+007  9.201E+013  1.723E+006  4.716E+002  1.546E+005  5.752E-005  3.893E+010  3.439E-015  1.000E+000  5.244E-004  2.344E+000  3.081E+029  0.000E+000  1.055E-012  3.943E-010  1.493E-007  5.724E-005  6.526E-001  3.755E-001  1.828E-001  4.716E+002  1.430E+000  0.000E+000
  4.620E+007  9.294E+013  1.723E+006  4.675E+002  1.540E+005  5.589E-005  3.860E+010  3.370E-015  1.000E+000  5.147E-004  2.344E+000  1.908E+030  0.000E+000  1.055E-012  3.943E-010  1.493E-007  5.724E-005  6.526E-001  3.723E-001  1.840E-001  4.675E+002  1.430E+000  0.000E+000
  4.675E+007  9.387E+013  1.723E+006  4.635E+002  1.533E+005  5.430E-005  3.827E+010  3.303E-015  1.000E+000  5.052E-004  2.344E+000  1.200E+031  0.000E+000  1.055E-012  3.943E-010  1.493E-007  5.724E-005  6.525E-001  3.691E-001  1.851E-001  4.635E+002  1.430E+000  0.000E+000
  4.729E+007  9.481E+013  1.724E+006  4.595E+002  1.526E+005  5.276E-005  3.794E+010  3.237E-015  1.000E+000  4.958E-004  2.344E+000  7.670E+031  0.000E+000  1.055E-012  3.943E-010  1.493E-007  5.724E-005  6.525E-001  3.659E-001  1.863E-001  4.595E+002  1.430E+000  0.000E+000
  4.784E+007  9.576E+013  1.724E+006  4.555E+002  1.520E+005  5.126E-005  3.761E+010  3.173E-015  1.000E+000  4.866E-004  2.344E+000  4.981E+032  0.000E+000  1.055E-012  3.943E-010  1.493E-007  5.724E-005  6.525E-001  3.628E-001  1.874E-001  4.555E+002  1.430E+000  0.000E+000
  4.840E+007  9.672E+013  1.724E+006  4.516E+002  1.513E+005  4.981E-005  3.729E+010  3.110E-015  1.000E+000  4.776E-004  2.344E+000  3.287E+033  0.000E+000  1.055E-012  3.943E-010  1.493E-007  5.724E-005  6.524E-001  3.597E-001  1.885E-001  4.516E+002  1.430E+000  0.000E+000
  4.896E+007  9.769E+013  1.724E+006  4.477E+002  1.507E+005  4.840E-005  3.696E+010  3.048E-015  1.000E+000  4.688E-004  2.344E+000  1.000E-003  0.000E+000  1.055E-012  3.950E-010  1.499E-007  5.756E-005  6.524E-001  3.586E-001  1.895E-001  4.477E+002  1.430E+000  0.000E+000
  4.953E+007  9.867E+013  1.725E+006  4.439E+002  1.500E+005  4.702E-005  3.665E+010  2.987E-015  1.000E+000  4.601E-004  2.344E+000  1.000E-003  0.000E+000  1.055E-012  3.965E-010  1.510E-007  5.820E-005  6.524E-001  3.594E-001  1.906E-001  4.439E+002  1.430E+000  0.000E+000
  5.011E+007  9.966E+013  1.725E+006  4.401E+002  1.494E+005  4.569E-005  3.633E+010  2.928E-015  1.000E+000  4.515E-004  2.344E+000  1.000E-003  0.000E+000  1.055E-012  3.980E-010  1.521E-007  5.883E-005  6.524E-001  3.602E-001  1.917E-001  4.401E+002  1.430E+000  0.000E+000
