    4.10763462471159e-06    -7.22407242956880e-06    6.17839283000776e-06    5.5338055E-01    1899.81    1899.81    348.038    0.00000e+00    0.00000e+00    1.50681864E+07
    5.21532742096251e-06    -9.17389948595090e-06    7.84485404680023e-06    3.7495674E-01    1375.44    1375.44    235.822    0.00000e+00    0.00000e+00    2.00909152E+07
    6.33537307588262e-06    -1.11467886443297e-05    9.53208419687776e-06    2.7370419E-01    1056.56    1056.56    172.141    0.00000e+00    0.00000e+00    2.51136440E+07
    7.46230405470186e-06    -1.31338779954282e-05    1.12323054143543e-05    2.0679629E-01    844.83    844.83    130.061    0.00000e+00    0.00000e+00    3.01363727E+07
    8.59294385818158e-06    -1.51307877324513e-05    1.29410147497597e-05    1.6210248E-01    695.41    695.41    101.951    0.00000e+00    0.00000e+00    3.51591015E+07
    9.72535711010680e-06    -1.71353027416899e-05    1.46556305702421e-05    1.3170211E-01    585.01    585.01    82.832    0.00000e+00    0.00000e+00    4.01818303E+07
    1.08583409877347e-05    -1.91463515849088e-05    1.63747091006590e-05    1.0845831E-01    500.54    500.54    68.213    0.00000e+00    0.00000e+00    4.52045591E+07
    1.19912012378739e-05    -2.11633951492946e-05    1.80974096740876e-05    9.0549294E-02    434.16    434.16    56.949    0.00000e+00    0.00000e+00    5.02272879E+07
    1.31235771591457e-05    -2.31860688549592e-05    1.98232023891742e-05    7.7572369E-02    380.82    380.82    48.788    0.00000e+00    0.00000e+00    5.52500167E+07
    1.42553213681910e-05    -2.52140784199981e-05    2.15517372104412e-05    6.6970736E-02    337.23    337.23    42.120    0.00000e+00    0.00000e+00    6.02727455E+07
    1.53864013824931e-05    -2.72471358650847e-05    2.32827620347744e-05    5.8453944E-02    301.07    301.07    36.763    0.00000e+00    0.00000e+00    6.52954743E+07
    1.65168419275499e-05    -2.92849284853946e-05    2.50160688771046e-05    5.1499316E-02    270.70    270.70    32.390    0.00000e+00    0.00000e+00    7.03182031E+07
    1.76466929391705e-05    -3.13271232139291e-05    2.67514749626740e-05    4.5639203E-02    244.88    244.88    28.704    0.00000e+00    0.00000e+00    7.53409319E+07
    1.87760232608975e-05    -3.33733947407080e-05    2.84888183637131e-05    4.0837615E-02    222.74    222.74    25.684    0.00000e+00    0.00000e+00    8.03636606E+07
    1.99049090084790e-05    -3.54234327849754e-05    3.02279550905586e-05    3.6833803E-02    203.59    203.59    23.166    0.00000e+00    0.00000e+00    8.53863894E+07
    2.10334248432218e-05    -3.74769425800133e-05    3.19687542435166e-05    3.3342458E-02    186.91    186.91    20.970    0.00000e+00    0.00000e+00    9.04091182E+07
    2.21616371846002e-05    -3.95336439035139e-05    3.37110955887943e-05    3.0333766E-02    172.28    172.28    19.078    0.00000e+00    0.00000e+00    9.54318470E+07
    2.32896032406286e-05    -4.15932759257168e-05    3.54548661648039e-05    2.7721470E-02    159.38    159.38    17.435    0.00000e+00    0.00000e+00    1.00454576E+08
    2.44173748863709e-05    -4.36555981790362e-05    3.71999617366039e-05    2.5501881E-02    147.94    147.94    16.039    0.00000e+00    0.00000e+00    1.05477305E+08
    2.55449967246857e-05    -4.57203881339925e-05    3.89462838870171e-05    2.3481471E-02    137.75    137.75    14.768    0.00000e+00    0.00000e+00    1.10500033E+08
    2.66725104495496e-05    -4.77874416840258e-05    4.06937409862579e-05    2.1696096E-02    128.62    128.62    13.645    0.00000e+00    0.00000e+00    1.15522762E+08
    2.77999509675477e-05    -4.98565712062417e-05    4.24422491615592e-05    2.0110396E-02    120.43    120.43    12.648    0.00000e+00    0.00000e+00    1.20545491E+08
    2.89273517308239e-05    -5.19276079854790e-05    4.41917308427323e-05    1.8695865E-02    113.03    113.03    11.758    0.00000e+00    0.00000e+00    1.25568220E+08
    3.00547432826402e-05    -5.40003900939683e-05    4.59421157317932e-05    1.7428263E-02    106.35    106.35    10.961    0.00000e+00    0.00000e+00    1.30590949E+08
    3.11821527725627e-05    -5.60747866320158e-05    4.76933408029635e-05    1.6287745E-02    100.27    100.27    10.244    0.00000e+00    0.00000e+00    1.35613677E+08
    3.23096058957165e-05    -5.81506715480642e-05    4.94453473937877e-05    1.5258255E-02    94.75    94.75    9.596    0.00000e+00    0.00000e+00    1.40636406E+08
    3.34371234990898e-05    -6.02279236386934e-05    5.11980894469662e-05    1.4416824E-02    89.70    89.70    9.067    0.00000e+00    0.00000e+00    1.45659135E+08
    3.45647244904164e-05    -6.23064507893038e-05    5.29515199355719e-05    1.3565293E-02    85.08    85.08    8.532    0.00000e+00    0.00000e+00    1.50681864E+08
    3.56924248685475e-05    -6.43861511890226e-05    5.47055903782366e-05    1.2788994E-02    80.83    80.83    8.043    0.00000e+00    0.00000e+00    1.55704592E+08
    3.68202367538253e-05    -6.64669521157975e-05    5.64602668380028e-05    1.2079254E-02    76.93    76.93    7.597    0.00000e+00    0.00000e+00    1.60727321E+08
    3.79481712969645e-05    -6.85487711513027e-05    5.82155153779126e-05    1.1428620E-02    73.33    73.33    7.188    0.00000e+00    0.00000e+00    1.65750050E+08
    3.90762372246112e-05    -7.06315452697597e-05    5.99713069091453e-05    1.0830622E-02    70.01    70.01    6.812    0.00000e+00    0.00000e+00    1.70772779E+08
    4.02044418089707e-05    -7.27152162935267e-05    6.17276074947431e-05    1.0279740E-02    66.93    66.93    6.465    0.00000e+00    0.00000e+00    1.75795508E+08
    4.13327913526209e-05    -7.47997260449621e-05    6.34843928940220e-05    9.7710241E-03    64.07    64.07    6.145    0.00000e+00    0.00000e+00    1.80818236E+08
    4.24612902188848e-05    -7.68850308908345e-05    6.52416437144349e-05    9.3003437E-03    61.41    61.41    5.849    0.00000e+00    0.00000e+00    1.85840965E+08
    4.35899427710856e-05    -7.89710775016390e-05    6.69993405634343e-05    8.8639605E-03    58.94    58.94    5.575    0.00000e+00    0.00000e+00    1.90863694E+08
    4.47187528877329e-05    -8.10578319404179e-05    6.87574543521995e-05    8.4584039E-03    56.63    56.63    5.320    0.00000e+00    0.00000e+00    1.95886423E+08
    4.58477229928948e-05    -8.31452554220768e-05    7.05159753844568e-05    8.0811066E-03    54.47    54.47    5.082    0.00000e+00    0.00000e+00    2.00909152E+08
    4.69768550258263e-05    -8.52333091615210e-05    7.22748842676590e-05    7.7292255E-03    52.45    52.45    4.861    0.00000e+00    0.00000e+00    2.05931880E+08
    4.81061504409683e-05    -8.73219640699299e-05    7.40341664573957e-05    7.4005782E-03    50.55    50.55    4.654    0.00000e+00    0.00000e+00    2.10954609E+08
    4.92356121472029e-05    -8.94111910584825e-05    7.57938074092564e-05    7.0930693E-03    48.77    48.77    4.461    0.00000e+00    0.00000e+00    2.15977338E+08
    5.03652377204618e-05    -9.15009658864947e-05    7.75537925788306e-05    6.8050289E-03    47.10    47.10    4.280    0.00000e+00    0.00000e+00    2.21000067E+08
    5.14950281303722e-05    -9.35912594651457e-05    7.93141122698449e-05    6.5348267E-03    45.52    45.52    4.110    0.00000e+00    0.00000e+00    2.26022796E+08
    5.26249833769342e-05    -9.56820524018882e-05    8.10747519378886e-05    6.2808860E-03    44.03    44.03    3.950    0.00000e+00    0.00000e+00    2.31045524E+08
    5.37551034601478e-05    -9.77733253041751e-05    8.28357067348251e-05    6.0419454E-03    42.62    42.62    3.800    0.00000e+00    0.00000e+00    2.36068253E+08
    5.48853835318761e-05    -9.98650539313222e-05    8.45969621162439e-05    5.8168400E-03    41.29    41.29    3.658    0.00000e+00    0.00000e+00    2.41090982E+08
    5.60158284402560e-05    -1.01957223738919e-04    8.63585083858714e-05    5.6045042E-03    40.03    40.03    3.525    0.00000e+00    0.00000e+00    2.46113711E+08
    5.71464333371507e-05    -1.04049820182555e-04    8.81203406955706e-05    5.4039786E-03    38.84    38.84    3.399    0.00000e+00    0.00000e+00    2.51136440E+08
    5.82771982225602e-05    -1.06142819021547e-04    8.98824445009314e-05    5.2143891E-03    37.70    37.70    3.279    0.00000e+00    0.00000e+00    2.56159168E+08
    5.94081182483476e-05    -1.08236210559620e-04    9.16448198019535e-05    5.0349456E-03    36.62    36.62    3.167    0.00000e+00    0.00000e+00    2.61181897E+08
    6.05391934145129e-05    -1.10329975404228e-04    9.34074520542266e-05    4.8649244E-03    35.59    35.59    3.060    0.00000e+00    0.00000e+00    2.66204626E+08
    6.16704237210562e-05    -1.12424108707233e-04    9.51703364096139e-05    4.7036670E-03    34.61    34.61    2.958    0.00000e+00    0.00000e+00    2.71227355E+08
    6.28018043198407e-05    -1.14518595924226e-04    9.69334631718418e-05    4.5505744E-03    33.68    33.68    2.862    0.00000e+00    0.00000e+00    2.76250083E+08
    6.39333352108663e-05    -1.16613422510795e-04    9.86968371890470e-05    4.4050650E-03    32.79    32.79    2.770    0.00000e+00    0.00000e+00    2.81272812E+08
    6.50650115459962e-05    -1.18708578770668e-04    1.00460439068682e-04    4.2666942E-03    31.94    31.94    2.683    0.00000e+00    0.00000e+00    2.86295541E+08
    6.61968381733673e-05    -1.20804055007570e-04    1.02224268810748e-04    4.1349683E-03    31.13    31.13    2.601    0.00000e+00    0.00000e+00    2.91318270E+08
    6.73288053967059e-05    -1.22899836677091e-04    1.03988321567107e-04    4.0094627E-03    30.36    30.36    2.522    0.00000e+00    0.00000e+00    2.96340999E+08
    6.84609132160120e-05    -1.24995923779231e-04    1.05752597337759e-04    3.8515753E-03    29.62    29.62    2.422    0.00000e+00    0.00000e+00    3.01363727E+08
    6.95931616312857e-05    -1.27092301769580e-04    1.07517076730157e-04    3.7380982E-03    28.90    28.90    2.351    0.00000e+00    0.00000e+00    3.06386456E+08
    7.07255506425268e-05    -1.29188965800001e-04    1.09281769440575e-04    3.6297339E-03    28.22    28.22    2.283    0.00000e+00    0.00000e+00    3.11409185E+08
    7.18580705534619e-05    -1.31285901326083e-04    1.11046665772739e-04    3.5261757E-03    27.57    27.57    2.218    0.00000e+00    0.00000e+00    3.16431914E+08
    7.29907262122277e-05    -1.33383108347827e-04    1.12811756030375e-04    3.4271527E-03    26.94    26.94    2.155    0.00000e+00    0.00000e+00    3.21454643E+08
    7.41235176188242e-05    -1.35480572320822e-04    1.14577045061621e-04    3.3323560E-03    26.34    26.34    2.096    0.00000e+00    0.00000e+00    3.26477371E+08
    7.52564350769777e-05    -1.37578293245067e-04    1.16342523170202e-04    3.2412194E-03    25.76    25.76    2.039    0.00000e+00    0.00000e+00    3.31500100E+08
    7.63894785866884e-05    -1.39676261424290e-04    1.18108190356119e-04    3.1546470E-03    25.20    25.20    1.984    0.00000e+00    0.00000e+00    3.36522829E+08
    7.75226481479562e-05    -1.41774467162217e-04    1.19874041771234e-04    3.0712312E-03    24.66    24.66    1.932    0.00000e+00    0.00000e+00    3.41545558E+08
    7.86559437607810e-05    -1.43872910458847e-04    1.21640067719275e-04    2.9911912E-03    24.15    24.15    1.881    0.00000e+00    0.00000e+00    3.46568287E+08
    7.97893605770261e-05    -1.45971581617908e-04    1.23406273048378e-04    2.9143401E-03    23.65    23.65    1.833    0.00000e+00    0.00000e+00    3.51591015E+08
    8.09228985966915e-05    -1.48070475791262e-04    1.25172648062270e-04    2.8405140E-03    23.17    23.17    1.786    0.00000e+00    0.00000e+00    3.56613744E+08
    8.20565529716404e-05    -1.50169588130772e-04    1.26939192760949e-04    2.7694958E-03    22.70    22.70    1.742    0.00000e+00    0.00000e+00    3.61636473E+08
    8.31903237018727e-05    -1.52268913788302e-04    1.28705907144417e-04    2.6943597E-03    22.26    22.26    1.695    0.00000e+00    0.00000e+00    3.66659202E+08
    8.43242059392517e-05    -1.54368447915715e-04    1.30472776668263e-04    2.6287537E-03    21.82    21.82    1.653    0.00000e+00    0.00000e+00    3.71681930E+08
    8.54582045319141e-05    -1.56468185664874e-04    1.32239811028761e-04    2.5656389E-03    21.41    21.41    1.614    0.00000e+00    0.00000e+00    3.76704659E+08
    8.65923097835864e-05    -1.58568122187643e-04    1.34007000529636e-04    2.5047065E-03    21.00    21.00    1.575    0.00000e+00    0.00000e+00    3.81727388E+08
    8.77265265424054e-05    -1.60668252635883e-04    1.35774345170890e-04    2.4460365E-03    20.61    20.61    1.538    0.00000e+00    0.00000e+00    3.86750117E+08
    8.88608451120974e-05    -1.62768567313323e-04    1.37541840104385e-04    2.3895059E-03    20.23    20.23    1.503    0.00000e+00    0.00000e+00    3.91772846E+08
    8.99952703407992e-05    -1.64869075916235e-04    1.39309485330120e-04    2.3349993E-03    20.00    20.00    1.469    0.00000e+00    0.00000e+00    3.96795574E+08
    9.11298022285108e-05    -1.66969759052072e-04    1.41077275999961e-04    2.2823700E-03    20.00    20.00    1.435    0.00000e+00    0.00000e+00    4.01818303E+08
    9.22644310789587e-05    -1.69070621568971e-04    1.42845207265768e-04    2.2316285E-03    20.00    20.00    1.404    0.00000e+00    0.00000e+00    4.06841032E+08
    9.33991617402797e-05    -1.71171658618796e-04    1.44613283975680e-04    2.1825523E-03    20.00    20.00    1.373    0.00000e+00    0.00000e+00    4.11863761E+08
    9.45339893643368e-05    -1.73272865353408e-04    1.46381496433423e-04    2.1350413E-03    20.00    20.00    1.343    0.00000e+00    0.00000e+00    4.16886490E+08
    9.56689091029934e-05    -1.75374241772810e-04    1.48149844638996e-04    2.0892172E-03    20.00    20.00    1.314    0.00000e+00    0.00000e+00    4.21909218E+08
    9.68039306525230e-05    -1.77475778180726e-04    1.49918323744264e-04    2.0448663E-03    20.00    20.00    1.286    0.00000e+00    0.00000e+00    4.26931947E+08
    9.79390394685152e-05    -1.79577474577156e-04    1.51686938597362e-04    2.0101626E-03    20.00    20.00    1.264    0.00000e+00    0.00000e+00    4.31954676E+08
    9.90742403991067e-05    -1.81679330962102e-04    1.53455684350154e-04    1.9686250E-03    20.00    20.00    1.238    0.00000e+00    0.00000e+00    4.36977405E+08
    1.00209533444298e-04    -1.83781337639288e-04    1.55224556154503e-04    1.9284031E-03    20.00    20.00    1.213    0.00000e+00    0.00000e+00    4.42000134E+08
    1.01344913755951e-04    -1.85883499456853e-04    1.56993549162272e-04    1.8894403E-03    20.00    20.00    1.188    0.00000e+00    0.00000e+00    4.47022862E+08
    1.02480381334068e-04    -1.87985806718522e-04    1.58762673069735e-04    1.8516839E-03    20.00    20.00    1.165    0.00000e+00    0.00000e+00    4.52045591E+08
    1.03615931330510e-04    -1.90088259424295e-04    1.60531913332482e-04    1.8149727E-03    20.00    20.00    1.141    0.00000e+00    0.00000e+00    4.57068320E+08
    1.04751568593414e-04    -1.92190857574173e-04    1.62301274798649e-04    1.7795053E-03    20.00    20.00    1.119    0.00000e+00    0.00000e+00    4.62091049E+08
    1.05887288274645e-04    -1.94293591471881e-04    1.64070752620099e-04    1.7451841E-03    20.00    20.00    1.098    0.00000e+00    0.00000e+00    4.67113777E+08
    1.07023085526064e-04    -1.96396465965557e-04    1.65840351644970e-04    1.7115248E-03    20.00    20.00    1.076    0.00000e+00    0.00000e+00    4.72136506E+08
    1.08158965195809e-04    -1.98499471358926e-04    1.67610057328850e-04    1.6793439E-03    20.00    20.00    1.056    0.00000e+00    0.00000e+00    4.77159235E+08
    1.09294922435743e-04    -2.00602612500127e-04    1.69379879368014e-04    1.6478545E-03    20.00    20.00    1.036    0.00000e+00    0.00000e+00    4.82181964E+08
    1.10430957245866e-04    -2.02705879692884e-04    1.71149812914325e-04    1.6169980E-03    20.00    20.00    1.017    0.00000e+00    0.00000e+00    4.87204693E+08
    1.11567064778042e-04    -2.04809277785336e-04    1.72919857967782e-04    1.5872867E-03    20.00    20.00    0.998    0.00000e+00    0.00000e+00    4.92227421E+08
    1.12703249880406e-04    -2.06912801929344e-04    1.74690004832112e-04    1.5585795E-03    20.00    20.00    0.980    0.00000e+00    0.00000e+00    4.97250150E+08
    1.13839507704822e-04    -2.09016447276773e-04    1.76460263203589e-04    1.5305042E-03    20.00    20.00    0.963    0.00000e+00    0.00000e+00    5.02272879E+08
    1.14975838251291e-04    -2.11120213827622e-04    1.78230623385939e-04    1.5030159E-03    20.00    20.00    0.945    0.00000e+00    0.00000e+00    5.07295608E+08
    1.16112236671675e-04    -2.13224101581891e-04    1.80001085379163e-04    1.4765203E-03    20.00    20.00    0.929    0.00000e+00    0.00000e+00    5.12318337E+08
    1.17248707814111e-04    -2.15328100843307e-04    1.81771649183259e-04    1.4506833E-03    20.00    20.00    0.912    0.00000e+00    0.00000e+00    5.17341065E+08
    1.18385246830462e-04    -2.17432221308144e-04    1.83542309950091e-04    1.4255382E-03    20.00    20.00    0.897    0.00000e+00    0.00000e+00    5.22363794E+08
    1.19521853720729e-04    -2.19536448431990e-04    1.85313072527796e-04    1.4010601E-03    20.00    20.00    0.881    0.00000e+00    0.00000e+00    5.27386523E+08
    1.20658523636775e-04    -2.21640791911119e-04    1.87083932068238e-04    1.3772239E-03    20.00    20.00    0.866    0.00000e+00    0.00000e+00    5.32409252E+08
    1.21795261426735e-04    -2.23745242049259e-04    1.88854888571416e-04    1.3540076E-03    20.00    20.00    0.852    0.00000e+00    0.00000e+00    5.37431981E+08
    1.22932062242475e-04    -2.25849798846408e-04    1.90625937189193e-04    1.3313896E-03    20.00    20.00    0.837    0.00000e+00    0.00000e+00    5.42454709E+08
    1.24068926083992e-04    -2.27954462302567e-04    1.92397077921569e-04    1.3093638E-03    20.00    20.00    0.823    0.00000e+00    0.00000e+00    5.47477438E+08
    1.25205852951289e-04    -2.30059232417736e-04    1.94168310768545e-04    1.2878804E-03    20.00    20.00    0.810    0.00000e+00    0.00000e+00    5.52500167E+08
    1.26342837996227e-04    -2.32164099495641e-04    1.95939630881984e-04    1.2669354E-03    20.00    20.00    0.797    0.00000e+00    0.00000e+00    5.57522896E+08
    1.27479886066943e-04    -2.34269068384419e-04    1.97711043110022e-04    1.2465108E-03    20.00    20.00    0.784    0.00000e+00    0.00000e+00    5.62545624E+08
    1.28616992315302e-04    -2.36374139084070e-04    1.99482542604523e-04    1.2266651E-03    20.00    20.00    0.771    0.00000e+00    0.00000e+00    5.67568353E+08
    1.29754161589439e-04    -2.38479306746458e-04    2.01254129365486e-04    1.2072286E-03    20.00    20.00    0.759    0.00000e+00    0.00000e+00    5.72591082E+08
    1.30891384193081e-04    -2.40584566523445e-04    2.03025798544775e-04    1.1882618E-03    20.00    20.00    0.747    0.00000e+00    0.00000e+00    5.77613811E+08
    1.32028660126227e-04    -2.42689923263168e-04    2.04797554990526e-04    1.1697503E-03    20.00    20.00    0.736    0.00000e+00    0.00000e+00    5.82636540E+08
    1.33165994237016e-04    -2.44795372117490e-04    2.06569393854604e-04    1.1516777E-03    20.00    20.00    0.724    0.00000e+00    0.00000e+00    5.87659268E+08
    1.34303381677309e-04    -2.46900913086412e-04    2.08341310288870e-04    1.1340322E-03    20.00    20.00    0.713    0.00000e+00    0.00000e+00    5.92681997E+08
    1.35440827295244e-04    -2.49006541321797e-04    2.10113309141462e-04    1.1167992E-03    20.00    20.00    0.702    0.00000e+00    0.00000e+00    5.97704726E+08
    1.36578321394548e-04    -2.51112261671781e-04    2.11885390412380e-04    1.0999669E-03    20.00    20.00    0.692    0.00000e+00    0.00000e+00    6.02727455E+08
    1.37715868823356e-04    -2.53218069288227e-04    2.13657549253487e-04    1.0835195E-03    20.00    20.00    0.681    0.00000e+00    0.00000e+00    6.07750184E+08
    1.38853469581669e-04    -2.55323959322999e-04    2.15429780816646e-04    1.0674482E-03    20.00    20.00    0.671    0.00000e+00    0.00000e+00    6.12772912E+08
    1.39991118821350e-04    -2.57429936624234e-04    2.17202089949994e-04    1.0517400E-03    20.00    20.00    0.661    0.00000e+00    0.00000e+00    6.17795641E+08
    1.41128816542399e-04    -2.59535996343795e-04    2.18974476653531e-04    1.0363850E-03    20.00    20.00    0.652    0.00000e+00    0.00000e+00    6.22818370E+08
    1.42266567592954e-04    -2.61642138481682e-04    2.20746936079121e-04    1.0213691E-03    20.00    20.00    0.642    0.00000e+00    0.00000e+00    6.27841099E+08
    1.43404362276739e-04    -2.63748358189757e-04    2.22519473074899e-04    1.0151475E-03    20.00    20.00    0.638    0.00000e+00    0.00000e+00    6.32863828E+08
    1.44542205441893e-04    -2.65854665164295e-04    2.24292077944592e-04    1.0006708E-03    20.00    20.00    0.629    0.00000e+00    0.00000e+00    6.37886556E+08
    1.45680097088414e-04    -2.67961044860885e-04    2.26064750688201e-04    9.8650919E-04    20.00    20.00    0.620    0.00000e+00    0.00000e+00    6.42909285E+08
    1.46818037216304e-04    -2.70067502127665e-04    2.27837496153862e-04    9.7265341E-04    20.00    20.00    0.612    0.00000e+00    0.00000e+00    6.47932014E+08
    1.47956016129289e-04    -2.72174036964633e-04    2.29610314341576e-04    9.5909657E-04    20.00    20.00    0.603    0.00000e+00    0.00000e+00    6.52954743E+08
    1.49094043523641e-04    -2.74280644523653e-04    2.31383195555067e-04    9.4582626E-04    20.00    20.00    0.595    0.00000e+00    0.00000e+00    6.57977472E+08
    1.50232119399362e-04    -2.76387329652862e-04    2.33156149490611e-04    9.3283611E-04    20.00    20.00    0.587    0.00000e+00    0.00000e+00    6.63000200E+08
    1.51370234060177e-04    -2.78494087504124e-04    2.34929166451934e-04    9.1242795E-04    20.00    20.00    0.574    0.00000e+00    0.00000e+00    6.68022929E+08
    1.52508392354223e-04    -2.80600913229301e-04    2.36702251287172e-04    9.0007232E-04    20.00    20.00    0.566    0.00000e+00    0.00000e+00    6.73045658E+08
    1.53646594281501e-04    -2.82707811676530e-04    2.38475399148188e-04    8.8797149E-04    20.00    20.00    0.558    0.00000e+00    0.00000e+00    6.78068387E+08
    1.54784834993873e-04    -2.84814782845811e-04    2.40248610034983e-04    8.7610575E-04    20.00    20.00    0.551    0.00000e+00    0.00000e+00    6.83091115E+08
    1.55923119339476e-04    -2.86921821889007e-04    2.42021888795693e-04    8.6450785E-04    20.00    20.00    0.544    0.00000e+00    0.00000e+00    6.88113844E+08
    1.57061442470174e-04    -2.89028928806119e-04    2.43795225734045e-04    8.5313013E-04    20.00    20.00    0.537    0.00000e+00    0.00000e+00    6.93136573E+08
    1.58199809234104e-04    -2.91136098749010e-04    2.45568625698176e-04    8.4197856E-04    20.00    20.00    0.530    0.00000e+00    0.00000e+00    6.98159302E+08
    1.59338209934991e-04    -2.93243341413952e-04    2.47342083839948e-04    8.3104983E-04    20.00    20.00    0.523    0.00000e+00    0.00000e+00    7.03182031E+08
    1.60476654269109e-04    -2.95350642256537e-04    2.49115605007499e-04    8.2032597E-04    20.00    20.00    0.516    0.00000e+00    0.00000e+00    7.08204759E+08
    1.61615137388322e-04    -2.97458010973036e-04    2.50889184352692e-04    8.0986367E-04    20.00    20.00    0.509    0.00000e+00    0.00000e+00    7.13227488E+08
    1.62753654444492e-04    -2.99565447563451e-04    2.52662826723663e-04    7.9956692E-04    20.00    20.00    0.503    0.00000e+00    0.00000e+00    7.18250217E+08
    1.63892210285757e-04    -3.01672942331508e-04    2.54436522424139e-04    7.8946885E-04    20.00    20.00    0.497    0.00000e+00    0.00000e+00    7.23272946E+08
    1.65030804912116e-04    -3.03780495277207e-04    2.56210276302257e-04    7.7955295E-04    20.00    20.00    0.490    0.00000e+00    0.00000e+00    7.28295675E+08
    1.66169433475433e-04    -3.05888116096821e-04    2.57984083509879e-04    7.6984198E-04    20.00    20.00    0.484    0.00000e+00    0.00000e+00    7.33318403E+08
    1.67308100823845e-04    -3.07995790245939e-04    2.59757948895144e-04    7.6031219E-04    20.00    20.00    0.478    0.00000e+00    0.00000e+00    7.38341132E+08
    1.68446797261077e-04    -3.10103527420837e-04    2.61531872458050e-04    7.5096219E-04    20.00    20.00    0.472    0.00000e+00    0.00000e+00    7.43363861E+08
    1.69585532483404e-04    -3.12211327621512e-04    2.63305844502324e-04    7.4178731E-04    20.00    20.00    0.467    0.00000e+00    0.00000e+00    7.48386590E+08
    1.70724306490825e-04    -3.14319181151693e-04    2.65079874724240e-04    7.3278308E-04    20.00    20.00    0.461    0.00000e+00    0.00000e+00    7.53409319E+08
    1.71863109587068e-04    -3.16427088011379e-04    2.66853958275661e-04    7.2394535E-04    20.00    20.00    0.455    0.00000e+00    0.00000e+00    7.58432047E+08
    1.73001946620268e-04    -3.18535057896843e-04    2.68628090308450e-04    7.1527799E-04    20.00    20.00    0.450    0.00000e+00    0.00000e+00    7.63454776E+08
    1.74140817590425e-04    -3.20643076263676e-04    2.70402275670744e-04    7.0676065E-04    20.00    20.00    0.445    0.00000e+00    0.00000e+00    7.68477505E+08
    1.75279722497540e-04    -3.22751157656287e-04    2.72176514362543e-04    6.9839785E-04    20.00    20.00    0.439    0.00000e+00    0.00000e+00    7.73500234E+08
    1.76418656493477e-04    -3.24859287530266e-04    2.73950801535710e-04    6.9018616E-04    20.00    20.00    0.434    0.00000e+00    0.00000e+00    7.78522962E+08
    1.77557624426370e-04    -3.26967470733750e-04    2.75725142038382e-04    6.8212101E-04    20.00    20.00    0.429    0.00000e+00    0.00000e+00    7.83545691E+08
    1.78696621448085e-04    -3.29075712114875e-04    2.77499531022422e-04    6.7419931E-04    20.00    20.00    0.424    0.00000e+00    0.00000e+00    7.88568420E+08
    1.79835652406757e-04    -3.31184001977369e-04    2.79273963639693e-04    6.6641792E-04    20.00    20.00    0.419    0.00000e+00    0.00000e+00    7.93591149E+08
    1.80974712454251e-04    -3.33292340321231e-04    2.81048449586470e-04    6.5877323E-04    20.00    20.00    0.414    0.00000e+00    0.00000e+00    7.98613878E+08
    1.82113801590565e-04    -3.35400731994598e-04    2.82822984014614e-04    6.5126236E-04    20.00    20.00    0.410    0.00000e+00    0.00000e+00    8.03636606E+08
    1.83252924663837e-04    -3.37509176997470e-04    2.84597562075990e-04    6.4388154E-04    20.00    20.00    0.405    0.00000e+00    0.00000e+00    8.08659335E+08
    1.84392076825929e-04    -3.39617665633573e-04    2.86372188618733e-04    6.3662805E-04    20.00    20.00    0.400    0.00000e+00    0.00000e+00    8.13682064E+08
    1.85531253228706e-04    -3.41726207599181e-04    2.88146858794709e-04    6.2949889E-04    20.00    20.00    0.396    0.00000e+00    0.00000e+00    8.18704793E+08
    1.86670463568440e-04    -3.43834798046157e-04    2.89921577452052e-04    6.2248259E-04    20.00    20.00    0.391    0.00000e+00    0.00000e+00    8.23727522E+08
    1.87809698148859e-04    -3.45943432126364e-04    2.91696339742626e-04    6.1559381E-04    20.00    20.00    0.387    0.00000e+00    0.00000e+00    8.28750250E+08
    1.88948966666235e-04    -3.48052119536076e-04    2.93471150514569e-04    6.0882962E-04    20.00    20.00    0.383    0.00000e+00    0.00000e+00    8.33772979E+08
    1.90088259424295e-04    -3.50160850579020e-04    2.95246000071606e-04    6.0216176E-04    20.00    20.00    0.379    0.00000e+00    0.00000e+00    8.38795708E+08
    1.91227576423039e-04    -3.52269625255195e-04    2.97020898110011e-04    5.9560816E-04    20.00    20.00    0.375    0.00000e+00    0.00000e+00    8.43818437E+08
    1.92366922510604e-04    -3.54378448412738e-04    2.98795834933511e-04    5.8916808E-04    20.00    20.00    0.371    0.00000e+00    0.00000e+00    8.48841166E+08
    1.93506297686990e-04    -3.56487315203512e-04    3.00570815390242e-04    5.8284202E-04    20.00    20.00    0.367    0.00000e+00    0.00000e+00    8.53863894E+08
    1.94645697104060e-04    -3.58596230475655e-04    3.02345839480204e-04    5.7661143E-04    20.00    20.00    0.363    0.00000e+00    0.00000e+00    8.58886623E+08
    1.95785125609951e-04    -3.60705184532891e-04    3.04120902355261e-04    5.7048256E-04    20.00    20.00    0.359    0.00000e+00    0.00000e+00    8.63909352E+08
    1.96924578356526e-04    -3.62814182223360e-04    3.05896008863549e-04    5.6445236E-04    20.00    20.00    0.355    0.00000e+00    0.00000e+00    8.68932081E+08
    1.98064055343785e-04    -3.64923223547059e-04    3.07671154156932e-04    5.5851911E-04    20.00    20.00    0.351    0.00000e+00    0.00000e+00    8.73954809E+08
    1.99203556571728e-04    -3.67032308503990e-04    3.09446343083545e-04    5.5268066E-04    20.00    20.00    0.348    0.00000e+00    0.00000e+00    8.78977538E+08
    2.00343086888492e-04    -3.69141437094152e-04    3.11221570795254e-04    5.4693505E-04    20.00    20.00    0.344    0.00000e+00    0.00000e+00    8.84000267E+08
    2.01482636597803e-04    -3.71250604469409e-04    3.12996832443920e-04    5.4128031E-04    20.00    20.00    0.340    0.00000e+00    0.00000e+00    8.89022996E+08
    2.02622215395935e-04    -3.73359815477897e-04    3.14772137725817e-04    5.3571445E-04    20.00    20.00    0.337    0.00000e+00    0.00000e+00    8.94045725E+08
    2.03761813586614e-04    -3.75469065271479e-04    3.16547481792809e-04    5.3023561E-04    20.00    20.00    0.333    0.00000e+00    0.00000e+00    8.99068453E+08
    2.04901440866115e-04    -3.77578353850156e-04    3.18322864644895e-04    5.2484201E-04    20.00    20.00    0.330    0.00000e+00    0.00000e+00    9.04091182E+08
    2.06041087538162e-04    -3.79687681213927e-04    3.20098286282076e-04    5.1953178E-04    20.00    20.00    0.327    0.00000e+00    0.00000e+00    9.09113911E+08
    2.07180758450893e-04    -3.81797052210930e-04    3.21873741856215e-04    5.1430329E-04    20.00    20.00    0.323    0.00000e+00    0.00000e+00    9.14136640E+08
    2.08320453604309e-04    -3.83906457144890e-04    3.23649236215448e-04    5.0915477E-04    20.00    20.00    0.320    0.00000e+00    0.00000e+00    9.19159369E+08
    2.09460172998408e-04    -3.86015900863945e-04    3.25424769359775e-04    5.0408462E-04    20.00    20.00    0.317    0.00000e+00    0.00000e+00    9.24182097E+08
    2.10599911785055e-04    -3.88125388216231e-04    3.27200331592923e-04    4.9909125E-04    20.00    20.00    0.314    0.00000e+00    0.00000e+00    9.29204826E+08
    2.11739669964249e-04    -3.90234904657338e-04    3.28975937459303e-04    4.9417300E-04    20.00    20.00    0.311    0.00000e+00    0.00000e+00    9.34227555E+08
    2.12879457232264e-04    -3.92344464731677e-04    3.30751572414503e-04    4.8932851E-04    20.00    20.00    0.308    0.00000e+00    0.00000e+00    9.39250284E+08
    2.14019259044689e-04    -3.94454058742973e-04    3.32527246154798e-04    4.8455617E-04    20.00    20.00    0.305    0.00000e+00    0.00000e+00    9.44273013E+08
    2.15159089945936e-04    -3.96563686691226e-04    3.34302953832051e-04    4.7985463E-04    20.00    20.00    0.302    0.00000e+00    0.00000e+00    9.49295741E+08
    2.16298935391592e-04    -3.98673353424574e-04    3.36078700294398e-04    4.7522240E-04    20.00    20.00    0.299    0.00000e+00    0.00000e+00    9.54318470E+08
    2.17438805077933e-04    -4.00783058943017e-04    3.37854475845566e-04    4.7065820E-04    20.00    20.00    0.296    0.00000e+00    0.00000e+00    9.59341199E+08
    2.18578694156821e-04    -4.02892793550281e-04    3.39630285333692e-04    4.6616061E-04    20.00    20.00    0.293    0.00000e+00    0.00000e+00    9.64363928E+08
    2.19718602628256e-04    -4.05002566942638e-04    3.41406128758775e-04    4.6172837E-04    20.00    20.00    0.290    0.00000e+00    0.00000e+00    9.69386656E+08
    2.20858535340375e-04    -4.07112369423817e-04    3.43182001272679e-04    4.5736019E-04    20.00    20.00    0.288    0.00000e+00    0.00000e+00    9.74409385E+08
    2.21998487445042e-04    -4.09222210690091e-04    3.44957912571678e-04    4.5305485E-04    20.00    20.00    0.285    0.00000e+00    0.00000e+00    9.79432114E+08
    2.23138454094119e-04    -4.11332081045185e-04    3.46733852959498e-04    4.4880529E-04    20.00    20.00    0.282    0.00000e+00    0.00000e+00    9.84454843E+08
    2.24278444983880e-04    -4.13441990185374e-04    3.48509827284275e-04    4.4462691E-04    20.00    20.00    0.280    0.00000e+00    0.00000e+00    9.89477572E+08
    2.25418455266188e-04    -4.15551928414383e-04    3.50285830697873e-04    4.4050291E-04    20.00    20.00    0.277    0.00000e+00    0.00000e+00    9.94500300E+08
    2.26558484941043e-04    -4.17661900580350e-04    3.52061868048429e-04    4.3643581E-04    20.00    20.00    0.274    0.00000e+00    0.00000e+00    9.99523029E+08
    2.27698534008446e-04    -4.19771906683275e-04    3.53837934487806e-04    4.3242699E-04    20.00    20.00    0.272    0.00000e+00    0.00000e+00    1.00454576E+09
