    -7.97623613031251e-06    2.53157986328727e-06    -3.99825164071881e-06    6.2719217E-01    2203.77    2203.77    394.460    0.00000e+00    0.00000e+00    2.00909152E+07
    -1.03588335735781e-05    3.29124789803814e-06    -5.19686329191745e-06    4.6335334E-01    1542.82    1542.82    291.417    0.00000e+00    0.00000e+00    2.51136440E+07
    -1.27758110942259e-05    4.06393841611455e-06    -6.41484276486273e-06    3.4250656E-01    1161.72    1161.72    215.413    0.00000e+00    0.00000e+00    3.01363727E+07
    -1.52137025074493e-05    4.84441518735369e-06    -7.64395695362206e-06    2.5971469E-01    919.37    919.37    163.343    0.00000e+00    0.00000e+00    3.51591015E+07
    -1.76654222612991e-05    5.62979657619777e-06    -8.87978969037421e-06    2.0451485E-01    754.35    754.35    128.626    0.00000e+00    0.00000e+00    4.01818303E+07
    -2.01270690600833e-05    6.41836929957913e-06    -1.01196328058965e-05    1.6539489E-01    636.12    636.12    104.022    0.00000e+00    0.00000e+00    4.52045591E+07
    -2.25963681580100e-05    7.20901169256514e-06    -1.13615388036319e-05    1.3693667E-01    547.77    547.77    86.124    0.00000e+00    0.00000e+00    5.02272879E+07
    -2.50719480171756e-05    8.00092478220933e-06    -1.26040348196172e-05    1.1512978E-01    479.41    479.41    72.409    0.00000e+00    0.00000e+00    5.52500167E+07
    -2.75529296703761e-05    8.79353794280905e-06    -1.38459922076028e-05    9.8487084E-02    424.96    424.96    61.942    0.00000e+00    0.00000e+00    6.02727455E+07
    -3.00387187360385e-05    9.58642405351124e-06    -1.50865877539582e-05    8.5289733E-02    380.48    380.48    53.641    0.00000e+00    0.00000e+00    6.52954743E+07
    -3.25288774274087e-05    1.03792578043359e-05    -1.63252547114901e-05    7.4627690E-02    343.31    343.31    46.936    0.00000e+00    0.00000e+00    7.03182031E+07
    -3.50230649204689e-05    1.11717938795603e-05    -1.75616314091924e-05    6.5876374E-02    311.67    311.67    41.432    0.00000e+00    0.00000e+00    7.53409319E+07
    -3.75209879029421e-05    1.19638592007004e-05    -1.87955224671517e-05    5.9149727E-02    284.33    284.33    37.201    0.00000e+00    0.00000e+00    8.03636606E+07
    -4.00223797273036e-05    1.27553359580316e-05    -2.00268590418253e-05    5.2980748E-02    260.42    260.42    33.321    0.00000e+00    0.00000e+00    8.53863894E+07
    -4.25269902296940e-05    1.35461499750607e-05    -2.12556702220339e-05    4.7832371E-02    239.34    239.34    30.083    0.00000e+00    0.00000e+00    9.04091182E+07
    -4.50345808817822e-05    1.43362576185564e-05    -2.24820621819738e-05    4.3313962E-02    220.63    220.63    27.241    0.00000e+00    0.00000e+00    9.54318470E+07
    -4.75449228515107e-05    1.51256390111579e-05    -2.37061905468366e-05    3.9406674E-02    203.96    203.96    24.784    0.00000e+00    0.00000e+00    1.00454576E+08
    -5.00577931245862e-05    1.59142907591692e-05    -2.49282395458211e-05    3.5760783E-02    189.06    189.06    22.491    0.00000e+00    0.00000e+00    1.05477305E+08
    -5.25729774133616e-05    1.67022249829326e-05    -2.61484074677229e-05    3.2840807E-02    175.71    175.71    20.655    0.00000e+00    0.00000e+00    1.10500033E+08
    -5.50902754897866e-05    1.74894649535046e-05    -2.73668921165239e-05    3.0265870E-02    163.73    163.73    19.035    0.00000e+00    0.00000e+00    1.15522762E+08
    -5.76095031246625e-05    1.82760397597061e-05    -2.85838849936282e-05    2.7613590E-02    152.95    152.95    17.367    0.00000e+00    0.00000e+00    1.20545491E+08
    -6.01304906332008e-05    1.90619828536811e-05    -2.97995669345387e-05    2.5613598E-02    143.23    143.23    16.109    0.00000e+00    0.00000e+00    1.25568220E+08
    -6.26530828750235e-05    1.98473281723873e-05    -3.10141061696028e-05    2.3827124E-02    134.45    134.45    14.986    0.00000e+00    0.00000e+00    1.30590949E+08
    -6.51771537985737e-05    2.06321111072234e-05    -3.22276592936396e-05    2.1965694E-02    126.50    126.50    13.815    0.00000e+00    0.00000e+00    1.35613677E+08
    -6.77025725041573e-05    2.14163665647745e-05    -3.34403698114986e-05    2.1205110E-02    119.30    119.30    13.337    0.00000e+00    0.00000e+00    1.40636406E+08
    -7.02292420290382e-05    2.22001294516255e-05    -3.46523715317558e-05    1.9256830E-02    112.74    112.74    12.111    0.00000e+00    0.00000e+00    1.45659135E+08
    -7.27570654104801e-05    2.29834332199206e-05    -3.58637842033904e-05    1.8093963E-02    106.77    106.77    11.380    0.00000e+00    0.00000e+00    1.50681864E+08
    -7.52859650782941e-05    2.37663113218036e-05    -3.70747188487355e-05    1.7037540E-02    101.31    101.31    10.715    0.00000e+00    0.00000e+00    1.55704592E+08
    -7.78158683104280e-05    2.45487952701639e-05    -3.82852734001546e-05    1.6075217E-02    96.31    96.31    10.110    0.00000e+00    0.00000e+00    1.60727321E+08
    -8.03467072329664e-05    2.53309151234497e-05    -3.94955346392966e-05    1.5196078E-02    91.72    91.72    9.557    0.00000e+00    0.00000e+00    1.65750050E+08
    -8.28784285164045e-05    2.61127009401092e-05    -4.07055796515369e-05    1.4376488E-02    87.49    87.49    9.042    0.00000e+00    0.00000e+00    1.70772779E+08
    -8.54109739831004e-05    2.68941789000812e-05    -4.19154763107907e-05    1.4040017E-02    83.59    83.59    8.830    0.00000e+00    0.00000e+00    1.75795508E+08
    -8.79443048479598e-05    2.76753756681182e-05    -4.31252837643272e-05    1.3334900E-02    79.97    79.97    8.387    0.00000e+00    0.00000e+00    1.80818236E+08
    -9.04783677814776e-05    2.84563154849041e-05    -4.43350534023966e-05    1.2684338E-02    76.63    76.63    7.978    0.00000e+00    0.00000e+00    1.85840965E+08
    -9.30131336948330e-05    2.92370211366821e-05    -4.55448312822985e-05    1.2082007E-02    73.51    73.51    7.599    0.00000e+00    0.00000e+00    1.90863694E+08
    -9.55485686510684e-05    3.00175134704404e-05    -4.67546566739412e-05    1.1524767E-02    70.62    70.62    7.248    0.00000e+00    0.00000e+00    1.95886423E+08
    -9.80846338650891e-05    3.07978133331673e-05    -4.79645644839097e-05    1.1007452E-02    67.92    67.92    6.923    0.00000e+00    0.00000e+00    2.00909152E+08
    -1.00621300248075e-04    3.15779391477827e-05    -4.91745838010249e-05    1.0525948E-02    65.40    65.40    6.620    0.00000e+00    0.00000e+00    2.05931880E+08
    -1.03158548407477e-04    3.23579078827654e-05    -5.03847466229896e-05    1.0078355E-02    63.04    63.04    6.339    0.00000e+00    0.00000e+00    2.10954609E+08
    -1.05696344406340e-04    3.31377360217806e-05    -5.15950694334692e-05    9.6601893E-03    60.83    60.83    6.076    0.00000e+00    0.00000e+00    2.15977338E+08
    -1.08234673700251e-04    3.39174381092387e-05    -5.28055716250107e-05    9.2686247E-03    58.75    58.75    5.829    0.00000e+00    0.00000e+00    2.21000067E+08
    -1.10773516896665e-04    3.46970291743638e-05    -5.40162774382983e-05    8.9021940E-03    56.80    56.80    5.599    0.00000e+00    0.00000e+00    2.26022796E+08
    -1.13312849754896e-04    3.54765213374980e-05    -5.52271917214688e-05    8.5583996E-03    54.95    54.95    5.383    0.00000e+00    0.00000e+00    2.31045524E+08
    -1.15852652882398e-04    3.62559272037969e-05    -5.64383387152062e-05    8.2354581E-03    53.22    53.22    5.180    0.00000e+00    0.00000e+00    2.36068253E+08
    -1.18392921431034e-04    3.70352579239753e-05    -5.76497184195105e-05    7.9316790E-03    51.58    51.58    4.988    0.00000e+00    0.00000e+00    2.41090982E+08
    -1.20933631160120e-04    3.78145236791204e-05    -5.88613453787922e-05    7.6455984E-03    50.03    50.03    4.809    0.00000e+00    0.00000e+00    2.46113711E+08
    -1.23474767525245e-04    3.85937336806921e-05    -6.00732292893249e-05    7.3757031E-03    48.55    48.55    4.639    0.00000e+00    0.00000e+00    2.51136440E+08
    -1.26016320830136e-04    3.93728966553368e-05    -6.12853701511086e-05    7.2293410E-03    47.16    47.16    4.547    0.00000e+00    0.00000e+00    2.56159168E+08
    -1.28558281378519e-04    4.01520208448870e-05    -6.24977776604169e-05    6.9838463E-03    45.83    45.83    4.392    0.00000e+00    0.00000e+00    2.61181897E+08
    -1.31100629777847e-04    4.09311135215480e-05    -6.37104518172498e-05    6.7514063E-03    44.57    44.57    4.246    0.00000e+00    0.00000e+00    2.66204626E+08
    -1.33643356331847e-04    4.17101819575249e-05    -6.49233926216073e-05    6.5311311E-03    43.37    43.37    4.108    0.00000e+00    0.00000e+00    2.71227355E+08
    -1.36186456192380e-04    4.24892319705819e-05    -6.61366097697631e-05    6.3221536E-03    42.23    42.23    3.976    0.00000e+00    0.00000e+00    2.76250083E+08
    -1.38729909966901e-04    4.32682693784832e-05    -6.73501032617171e-05    6.1236865E-03    41.13    41.13    3.851    0.00000e+00    0.00000e+00    2.81272812E+08
    -1.41273717655409e-04    4.40472990293655e-05    -6.85638682493324e-05    5.9350127E-03    40.09    40.09    3.733    0.00000e+00    0.00000e+00    2.86295541E+08
    -1.43817859865357e-04    4.48263262561795e-05    -6.97779047326093e-05    6.0154827E-03    39.09    39.09    3.783    0.00000e+00    0.00000e+00    2.91318270E+08
    -1.46362336596745e-04    4.56053549374346e-05    -7.09922175596843e-05    5.8357306E-03    38.13    38.13    3.670    0.00000e+00    0.00000e+00    2.96340999E+08
    -1.48907128457026e-04    4.63843884668264e-05    -7.22068018824208e-05    5.6644003E-03    37.21    37.21    3.563    0.00000e+00    0.00000e+00    3.01363727E+08
    -1.51452240294337e-04    4.71634302380508e-05    -7.34216577008187e-05    5.5009598E-03    36.33    36.33    3.460    0.00000e+00    0.00000e+00    3.06386456E+08
    -1.53997647867992e-04    4.79424841296173e-05    -7.46367801667412e-05    5.3449119E-03    35.49    35.49    3.362    0.00000e+00    0.00000e+00    3.11409185E+08
    -1.56543356026130e-04    4.87215496567121e-05    -7.58521692801883e-05    5.1958029E-03    34.68    34.68    3.268    0.00000e+00    0.00000e+00    3.16431914E+08
    -1.59089350224340e-04    4.95006355459815e-05    -7.70678250411601e-05    5.0532125E-03    33.89    33.89    3.178    0.00000e+00    0.00000e+00    3.21454643E+08
    -1.61635625614485e-04    5.02797408277981e-05    -7.82837377533828e-05    4.9167324E-03    33.14    33.14    3.092    0.00000e+00    0.00000e+00    3.26477371E+08
    -1.64182172500292e-04    5.10588606540252e-05    -7.94999074168565e-05    4.7860396E-03    32.42    32.42    3.010    0.00000e+00    0.00000e+00    3.31500100E+08
    -1.66728981185486e-04    5.18380047209363e-05    -8.07163291834444e-05    4.6607836E-03    31.72    31.72    2.931    0.00000e+00    0.00000e+00    3.36522829E+08
    -1.69276046821931e-04    5.26171730285315e-05    -8.19330030531464e-05    4.5406553E-03    31.05    31.05    2.856    0.00000e+00    0.00000e+00    3.41545558E+08
    -1.71823364561490e-04    5.33963655768108e-05    -8.31499241778258e-05    4.4253117E-03    30.40    30.40    2.783    0.00000e+00    0.00000e+00    3.46568287E+08
    -1.74370929556027e-04    5.41755823657741e-05    -8.43670877093458e-05    4.3145975E-03    29.77    29.77    2.714    0.00000e+00    0.00000e+00    3.51591015E+08
    -1.76918727261131e-04    5.49548282435582e-05    -8.55844936477063e-05    4.2082037E-03    29.17    29.17    2.647    0.00000e+00    0.00000e+00    3.56613744E+08
    -1.79466752828664e-04    5.57340983620265e-05    -8.68021274484970e-05    4.1059129E-03    28.58    28.58    2.582    0.00000e+00    0.00000e+00    3.61636473E+08
    -1.82015006258628e-04    5.65133975693156e-05    -8.80199988079914e-05    4.0129182E-03    28.02    28.02    2.524    0.00000e+00    0.00000e+00    3.66659202E+08
    -1.84563477854749e-04    5.72927210172887e-05    -8.92380931817791e-05    3.9179897E-03    27.47    27.47    2.464    0.00000e+00    0.00000e+00    3.71681930E+08
    -1.87112162768889e-04    5.80720784022195e-05    -9.04564154179969e-05    3.8212534E-03    26.94    26.94    2.403    0.00000e+00    0.00000e+00    3.76704659E+08
    -1.89661056152912e-04    5.88514600278344e-05    -9.16749558203713e-05    3.7333241E-03    26.43    26.43    2.348    0.00000e+00    0.00000e+00    3.81727388E+08
    -1.92210148310544e-04    5.96308755904070e-05    -9.28937095407653e-05    3.6485747E-03    25.93    25.93    2.295    0.00000e+00    0.00000e+00    3.86750117E+08
    -1.94759439241785e-04    6.04103153936636e-05    -9.41126765791790e-05    3.5667976E-03    25.45    25.45    2.243    0.00000e+00    0.00000e+00    3.91772846E+08
    -1.97308924098499e-04    6.11897891338779e-05    -9.53318520874756e-05    3.4416328E-03    24.98    24.98    2.165    0.00000e+00    0.00000e+00    3.96795574E+08
    -1.99858588336275e-04    6.19692919629130e-05    -9.65512360656551e-05    3.3382577E-03    24.53    24.53    2.100    0.00000e+00    0.00000e+00    4.01818303E+08
    -2.02408441651387e-04    6.27488238807690e-05    -9.77708139693069e-05    3.2659478E-03    24.09    24.09    2.054    0.00000e+00    0.00000e+00    4.06841032E+08
    -2.04958469499424e-04    6.35283848874459e-05    -9.89905954947049e-05    3.1960797E-03    23.66    23.66    2.010    0.00000e+00    0.00000e+00    4.11863761E+08
    -2.07508671880385e-04    6.43079798310805e-05    -1.00210566097439e-04    3.1285598E-03    23.25    23.25    1.968    0.00000e+00    0.00000e+00    4.16886490E+08
    -2.10059048794273e-04    6.50875990153991e-05    -1.01430725777508e-04    3.0632514E-03    22.84    22.84    1.927    0.00000e+00    0.00000e+00    4.21909218E+08
    -2.12609585696675e-04    6.58672521366754e-05    -1.02651074534913e-04    3.0000600E-03    22.45    22.45    1.887    0.00000e+00    0.00000e+00    4.26931947E+08
    -2.15160282587591e-04    6.66469343467726e-05    -1.03871607521516e-04    2.9389067E-03    22.07    22.07    1.848    0.00000e+00    0.00000e+00    4.31954676E+08
    -2.17711144315159e-04    6.74266456456906e-05    -1.05092319889182e-04    2.8796972E-03    21.70    21.70    1.811    0.00000e+00    0.00000e+00    4.36977405E+08
    -2.20262156334969e-04    6.82063860334295e-05    -1.06313206789773e-04    2.8276880E-03    21.34    21.34    1.778    0.00000e+00    0.00000e+00    4.42000134E+08
    -2.22813318647019e-04    6.89861603581261e-05    -1.07534268223289e-04    2.7721255E-03    21.00    21.00    1.743    0.00000e+00    0.00000e+00    4.47022862E+08
    -2.25364631251311e-04    6.97659589235067e-05    -1.08755499341594e-04    2.7182694E-03    20.66    20.66    1.710    0.00000e+00    0.00000e+00    4.52045591E+08
    -2.27916084451570e-04    7.05457865777082e-05    -1.09976900144686e-04    2.6660483E-03    20.32    20.32    1.677    0.00000e+00    0.00000e+00    4.57068320E+08
    -2.30467683095934e-04    7.13256481688674e-05    -1.11198460936294e-04    2.6154034E-03    20.00    20.00    1.645    0.00000e+00    0.00000e+00    4.62091049E+08
    -2.33019417488128e-04    7.21055340007106e-05    -1.12420186564553e-04    2.5662542E-03    20.00    20.00    1.614    0.00000e+00    0.00000e+00    4.67113777E+08
    -2.35571287628153e-04    7.28854489213747e-05    -1.13642067333190e-04    2.5185478E-03    20.00    20.00    1.584    0.00000e+00    0.00000e+00    4.72136506E+08
    -2.38123293516009e-04    7.36653929308597e-05    -1.14864103242206e-04    2.4722275E-03    20.00    20.00    1.555    0.00000e+00    0.00000e+00    4.77159235E+08
    -2.40675430303558e-04    7.44453660291655e-05    -1.16086294291599e-04    2.4272381E-03    20.00    20.00    1.527    0.00000e+00    0.00000e+00    4.82181964E+08
    -2.43227693142665e-04    7.52253682162922e-05    -1.17308635633233e-04    2.3835283E-03    20.00    20.00    1.499    0.00000e+00    0.00000e+00    4.87204693E+08
    -2.45780077185192e-04    7.60053994922398e-05    -1.18531122418971e-04    2.3410468E-03    20.00    20.00    1.472    0.00000e+00    0.00000e+00    4.92227421E+08
    -2.48332587279276e-04    7.67854550088714e-05    -1.19753754648814e-04    2.2997491E-03    20.00    20.00    1.446    0.00000e+00    0.00000e+00    4.97250150E+08
    -2.50885218576780e-04    7.75655396143239e-05    -1.20976527474625e-04    2.2595900E-03    20.00    20.00    1.421    0.00000e+00    0.00000e+00    5.02272879E+08
    -2.53437966229568e-04    7.83456533085973e-05    -1.22199440896403e-04    2.2151680E-03    20.00    20.00    1.393    0.00000e+00    0.00000e+00    5.07295608E+08
    -2.55990835085776e-04    7.91257960916915e-05    -1.23422494914148e-04    2.1771635E-03    20.00    20.00    1.369    0.00000e+00    0.00000e+00    5.12318337E+08
    -2.58543810600994e-04    7.99059631154698e-05    -1.24645679831588e-04    2.1378136E-03    20.00    20.00    1.345    0.00000e+00    0.00000e+00    5.17341065E+08
    -2.61096897623359e-04    8.06861543799321e-05    -1.25869000496858e-04    2.1018344E-03    20.00    20.00    1.322    0.00000e+00    0.00000e+00    5.22363794E+08
    -2.63650096152870e-04    8.14663747332153e-05    -1.27092447213685e-04    2.0667982E-03    20.00    20.00    1.300    0.00000e+00    0.00000e+00    5.27386523E+08
    -2.66203401341391e-04    8.22466241753194e-05    -1.28316024830206e-04    2.0326704E-03    20.00    20.00    1.278    0.00000e+00    0.00000e+00    5.32409252E+08
    -2.68756813188922e-04    8.30268930099707e-05    -1.29539728498284e-04    2.0100813E-03    20.00    20.00    1.264    0.00000e+00    0.00000e+00    5.37431981E+08
    -2.71310331695462e-04    8.38071957815797e-05    -1.30763553369782e-04    1.9773097E-03    20.00    20.00    1.244    0.00000e+00    0.00000e+00    5.42454709E+08
    -2.73863947164739e-04    8.45875179457359e-05    -1.31987504292838e-04    1.9453997E-03    20.00    20.00    1.224    0.00000e+00    0.00000e+00    5.47477438E+08
    -2.76417664444889e-04    8.53678691987130e-05    -1.33211571571177e-04    1.9142782E-03    20.00    20.00    1.204    0.00000e+00    0.00000e+00    5.52500167E+08
    -2.78971478687776e-04    8.61482446923741e-05    -1.34435760052936e-04    1.8839396E-03    20.00    20.00    1.185    0.00000e+00    0.00000e+00    5.57522896E+08
    -2.81525385045261e-04    8.69286444267193e-05    -1.35660060041842e-04    1.8543573E-03    20.00    20.00    1.166    0.00000e+00    0.00000e+00    5.62545624E+08
    -2.84079393213620e-04    8.77090684017486e-05    -1.36884476386031e-04    1.8252440E-03    20.00    20.00    1.148    0.00000e+00    0.00000e+00    5.67568353E+08
    -2.86633493496578e-04    8.84895214655987e-05    -1.38109009085504e-04    1.7970716E-03    20.00    20.00    1.130    0.00000e+00    0.00000e+00    5.72591082E+08
    -2.89187681045999e-04    8.92699939219961e-05    -1.39333648443987e-04    1.7695717E-03    20.00    20.00    1.113    0.00000e+00    0.00000e+00    5.77613811E+08
    -2.91741960710019e-04    9.00504906190776e-05    -1.40558394461479e-04    1.7427337E-03    20.00    20.00    1.096    0.00000e+00    0.00000e+00    5.82636540E+08
    -2.94296332488638e-04    9.08310115568430e-05    -1.41783247137982e-04    1.7165361E-03    20.00    20.00    1.080    0.00000e+00    0.00000e+00    5.87659268E+08
    -2.96850786685583e-04    9.16115567352926e-05    -1.43008211321631e-04    1.6909697E-03    20.00    20.00    1.064    0.00000e+00    0.00000e+00    5.92681997E+08
    -2.99405328148991e-04    9.23921261544262e-05    -1.44233272468016e-04    1.6659942E-03    20.00    20.00    1.048    0.00000e+00    0.00000e+00    5.97704726E+08
    -3.01959956878862e-04    9.31727198142438e-05    -1.45458440273411e-04    1.6415972E-03    20.00    20.00    1.032    0.00000e+00    0.00000e+00    6.02727455E+08
    -3.04514668027058e-04    9.39533328666087e-05    -1.46683705041543e-04    1.6177610E-03    20.00    20.00    1.017    0.00000e+00    0.00000e+00    6.07750184E+08
    -3.07069456745443e-04    9.47339701596577e-05    -1.47909071620547e-04    1.5944642E-03    20.00    20.00    1.003    0.00000e+00    0.00000e+00    6.12772912E+08
    -3.09624327882154e-04    9.55146268452539e-05    -1.49134535162287e-04    1.5717067E-03    20.00    20.00    0.988    0.00000e+00    0.00000e+00    6.17795641E+08
    -3.12179276589054e-04    9.62953077715341e-05    -1.50360090818627e-04    1.5494583E-03    20.00    20.00    0.975    0.00000e+00    0.00000e+00    6.22818370E+08
    -3.14734307714280e-04    9.70760129384984e-05    -1.51585743437704e-04    1.5277098E-03    20.00    20.00    0.961    0.00000e+00    0.00000e+00    6.27841099E+08
    -3.17289411561558e-04    9.78567374980100e-05    -1.52811493019516e-04    1.5064396E-03    20.00    20.00    0.947    0.00000e+00    0.00000e+00    6.32863828E+08
    -3.19844592979025e-04    9.86374814500688e-05    -1.54037329867791e-04    1.4856369E-03    20.00    20.00    0.934    0.00000e+00    0.00000e+00    6.37886556E+08
    -3.22399847118544e-04    9.94182496428116e-05    -1.55263253982529e-04    1.4652875E-03    20.00    20.00    0.922    0.00000e+00    0.00000e+00    6.42909285E+08
    -3.24955173980115e-04    1.00199037228102e-04    -1.56489270211866e-04    1.4453781E-03    20.00    20.00    0.909    0.00000e+00    0.00000e+00    6.47932014E+08
    -3.27510573563739e-04    1.00979849054076e-04    -1.57715378555802e-04    1.4258960E-03    20.00    20.00    0.897    0.00000e+00    0.00000e+00    6.52954743E+08
    -3.30066045869414e-04    1.01760675424460e-04    -1.58941569318064e-04    1.4068287E-03    20.00    20.00    0.885    0.00000e+00    0.00000e+00    6.57977472E+08
    -3.32621586049005e-04    1.02541526035529e-04    -1.60167842498652e-04    1.3881644E-03    20.00    20.00    0.873    0.00000e+00    0.00000e+00    6.63000200E+08
    -3.35177194102512e-04    1.03322396039145e-04    -1.61394202945703e-04    1.3698914E-03    20.00    20.00    0.862    0.00000e+00    0.00000e+00    6.68022929E+08
    -3.37732870029933e-04    1.04103285435308e-04    -1.62620645811080e-04    1.3519987E-03    20.00    20.00    0.850    0.00000e+00    0.00000e+00    6.73045658E+08
    -3.40288618679407e-04    1.04884194224019e-04    -1.63847166246645e-04    1.3344756E-03    20.00    20.00    0.839    0.00000e+00    0.00000e+00    6.78068387E+08
    -3.42844425506523e-04    1.05665122405276e-04    -1.65073769100536e-04    1.3124960E-03    20.00    20.00    0.825    0.00000e+00    0.00000e+00    6.83091115E+08
    -3.45400300207554e-04    1.06446069979081e-04    -1.66300454372753e-04    1.2957394E-03    20.00    20.00    0.815    0.00000e+00    0.00000e+00    6.88113844E+08
    -3.47956242782500e-04    1.07227036945433e-04    -1.67527212367022e-04    1.2840224E-03    20.00    20.00    0.808    0.00000e+00    0.00000e+00    6.93136573E+08
    -3.50512243535088e-04    1.08008018456196e-04    -1.68754052779617e-04    1.2678669E-03    20.00    20.00    0.797    0.00000e+00    0.00000e+00    6.98159302E+08
    -3.53068307313455e-04    1.08789024207642e-04    -1.69980965914264e-04    1.2474365E-03    20.00    20.00    0.785    0.00000e+00    0.00000e+00    7.03182031E+08
    -3.55624434117600e-04    1.09570044503499e-04    -1.71207951770963e-04    1.2319641E-03    20.00    20.00    0.775    0.00000e+00    0.00000e+00    7.08204759E+08
    -3.58180623947523e-04    1.10351084191904e-04    -1.72435015197852e-04    1.2167916E-03    20.00    20.00    0.765    0.00000e+00    0.00000e+00    7.13227488E+08
    -3.60736867106952e-04    1.11132143272855e-04    -1.73662151346792e-04    1.2019138E-03    20.00    20.00    0.756    0.00000e+00    0.00000e+00    7.18250217E+08
    -3.63293173292159e-04    1.11913221746354e-04    -1.74889355369648e-04    1.1873156E-03    20.00    20.00    0.747    0.00000e+00    0.00000e+00    7.23272946E+08
    -3.65849537655008e-04    1.12694314764263e-04    -1.76116632114556e-04    1.1729994E-03    20.00    20.00    0.738    0.00000e+00    0.00000e+00    7.28295675E+08
    -3.68405955347362e-04    1.13475422326583e-04    -1.77343981581516e-04    1.1757825E-03    20.00    20.00    0.739    0.00000e+00    0.00000e+00    7.33318403E+08
    -3.70962436065494e-04    1.14256549281450e-04    -1.78571394074255e-04    1.1618965E-03    20.00    20.00    0.731    0.00000e+00    0.00000e+00    7.38341132E+08
    -3.73518965264994e-04    1.15037695628864e-04    -1.79798879289045e-04    1.1482696E-03    20.00    20.00    0.722    0.00000e+00    0.00000e+00    7.43363861E+08
    -3.76075552642137e-04    1.15818856520688e-04    -1.81026432377751e-04    1.1348998E-03    20.00    20.00    0.714    0.00000e+00    0.00000e+00    7.48386590E+08
    -3.78632198196921e-04    1.16600036805060e-04    -1.82254048492236e-04    1.1217694E-03    20.00    20.00    0.706    0.00000e+00    0.00000e+00    7.53409319E+08
    -3.81188892233073e-04    1.17381231633842e-04    -1.83481727632499e-04    1.0925169E-03    20.00    20.00    0.687    0.00000e+00    0.00000e+00    7.58432047E+08
    -3.83745639598729e-04    1.18162441007035e-04    -1.84709474646678e-04    1.0799526E-03    20.00    20.00    0.679    0.00000e+00    0.00000e+00    7.63454776E+08
    -3.86302440293891e-04    1.18943669772775e-04    -1.85937284686635e-04    1.0838348E-03    20.00    20.00    0.682    0.00000e+00    0.00000e+00    7.68477505E+08
    -3.88859289470421e-04    1.19724913082925e-04    -1.87165157752371e-04    1.0716537E-03    20.00    20.00    0.674    0.00000e+00    0.00000e+00    7.73500234E+08
    -3.91416191976456e-04    1.20506170937486e-04    -1.88393093843885e-04    1.0596854E-03    20.00    20.00    0.666    0.00000e+00    0.00000e+00    7.78522962E+08
    -3.93973142963859e-04    1.21287443336457e-04    -1.89621092961178e-04    1.0479314E-03    20.00    20.00    0.659    0.00000e+00    0.00000e+00    7.83545691E+08
    -3.96530147280767e-04    1.22068735127976e-04    -1.90849145407976e-04    1.0363865E-03    20.00    20.00    0.652    0.00000e+00    0.00000e+00    7.88568420E+08
    -3.99087195230906e-04    1.22850041463904e-04    -1.92077260880552e-04    1.0250453E-03    20.00    20.00    0.645    0.00000e+00    0.00000e+00    7.93591149E+08
    -4.01644296510550e-04    1.23631357496107e-04    -1.93305439378907e-04    1.0139039E-03    20.00    20.00    0.638    0.00000e+00    0.00000e+00    7.98613878E+08
    -4.04201441423426e-04    1.24412692920857e-04    -1.94533671206766e-04    1.0029582E-03    20.00    20.00    0.631    0.00000e+00    0.00000e+00    8.03636606E+08
    -4.06758634817669e-04    1.25194042890017e-04    -1.95761961212268e-04    9.9220148E-04    20.00    20.00    0.624    0.00000e+00    0.00000e+00    8.08659335E+08
    -4.09315876693281e-04    1.25975407403587e-04    -1.96990304547274e-04    9.8163052E-04    20.00    20.00    0.617    0.00000e+00    0.00000e+00    8.13682064E+08
    -4.11873157353987e-04    1.26756786461569e-04    -1.98218710908059e-04    9.5556517E-04    20.00    20.00    0.601    0.00000e+00    0.00000e+00    8.18704793E+08
    -4.14430491344198e-04    1.27538180063960e-04    -1.99447165750212e-04    9.4538954E-04    20.00    20.00    0.595    0.00000e+00    0.00000e+00    8.23727522E+08
    -4.16987864119504e-04    1.28319588210762e-04    -2.00675678770007e-04    9.3538420E-04    20.00    20.00    0.588    0.00000e+00    0.00000e+00    8.28750250E+08
    -4.19545285376177e-04    1.29101006053837e-04    -2.01904245119306e-04    9.4112665E-04    20.00    20.00    0.592    0.00000e+00    0.00000e+00    8.33772979E+08
    -4.22102745417946e-04    1.29882443289460e-04    -2.03132864798111e-04    9.3142216E-04    20.00    20.00    0.586    0.00000e+00    0.00000e+00    8.38795708E+08
    -4.24660253941082e-04    1.30663890221357e-04    -2.04361532958284e-04    9.2187436E-04    20.00    20.00    0.580    0.00000e+00    0.00000e+00    8.43818437E+08
    -4.27217801249313e-04    1.31445351697664e-04    -2.05590259296098e-04    9.1248970E-04    20.00    20.00    0.574    0.00000e+00    0.00000e+00    8.48841166E+08
    -4.29775392190775e-04    1.32226827718381e-04    -2.06819029267144e-04    9.0325963E-04    20.00    20.00    0.568    0.00000e+00    0.00000e+00    8.53863894E+08
    -4.32333021917331e-04    1.33008318283508e-04    -2.08047857415831e-04    8.9418073E-04    20.00    20.00    0.562    0.00000e+00    0.00000e+00    8.58886623E+08
    -4.34890695277119e-04    1.33789818544910e-04    -2.09276729197750e-04    8.8524958E-04    20.00    20.00    0.557    0.00000e+00    0.00000e+00    8.63909352E+08
    -4.37448407422001e-04    1.34571333350722e-04    -2.10505654309174e-04    8.6104144E-04    20.00    20.00    0.542    0.00000e+00    0.00000e+00    8.68932081E+08
    -4.40006158351978e-04    1.35352862700944e-04    -2.11734627901966e-04    8.5240993E-04    20.00    20.00    0.536    0.00000e+00    0.00000e+00    8.73954809E+08
    -4.42563952915186e-04    1.36134401747440e-04    -2.12963649976126e-04    8.5931109E-04    20.00    20.00    0.540    0.00000e+00    0.00000e+00    8.78977538E+08
    -4.45121781415352e-04    1.36915955338346e-04    -2.14192715683517e-04    8.3555371E-04    20.00    20.00    0.526    0.00000e+00    0.00000e+00    8.84000267E+08
    -4.47679653548749e-04    1.37697523473662e-04    -2.15421829872276e-04    8.3298134E-04    20.00    20.00    0.524    0.00000e+00    0.00000e+00    8.89022996E+08
    -4.50237564467241e-04    1.38479101305253e-04    -2.16650992542404e-04    8.2490351E-04    20.00    20.00    0.519    0.00000e+00    0.00000e+00    8.94045725E+08
    -4.52795509322690e-04    1.39260688833117e-04    -2.17880198845762e-04    8.1695131E-04    20.00    20.00    0.514    0.00000e+00    0.00000e+00    8.99068453E+08
    -4.55353492963234e-04    1.40042290905391e-04    -2.19109453630489e-04    8.0912214E-04    20.00    20.00    0.509    0.00000e+00    0.00000e+00    9.04091182E+08
    -4.57911510540735e-04    1.40823907522076e-04    -2.20338752048447e-04    8.0140684E-04    20.00    20.00    0.504    0.00000e+00    0.00000e+00    9.09113911E+08
    -4.60469566903331e-04    1.41605533835034e-04    -2.21568094099637e-04    7.9381608E-04    20.00    20.00    0.499    0.00000e+00    0.00000e+00    9.14136640E+08
    -4.63027662051022e-04    1.42387169844266e-04    -2.22797479784058e-04    7.9620842E-04    20.00    20.00    0.501    0.00000e+00    0.00000e+00    9.19159369E+08
    -4.65585786287533e-04    1.43168820397909e-04    -2.24026909101710e-04    7.8879207E-04    20.00    20.00    0.496    0.00000e+00    0.00000e+00    9.24182097E+08
    -4.68143949309139e-04    1.43950480647825e-04    -2.25256377204456e-04    7.8148721E-04    20.00    20.00    0.492    0.00000e+00    0.00000e+00    9.29204826E+08
    -4.70702151115839e-04    1.44732155442151e-04    -2.26485893788571e-04    7.7429149E-04    20.00    20.00    0.487    0.00000e+00    0.00000e+00    9.34227555E+08
    -4.73260382011360e-04    1.45513839932752e-04    -2.27715449157780e-04    7.6720291E-04    20.00    20.00    0.483    0.00000e+00    0.00000e+00    9.39250284E+08
    -4.75818646843839e-04    1.46295534119625e-04    -2.28945043312084e-04    7.6021921E-04    20.00    20.00    0.478    0.00000e+00    0.00000e+00    9.44273013E+08
    -4.78376950461412e-04    1.47077242850910e-04    -2.30174681099618e-04    7.5333844E-04    20.00    20.00    0.474    0.00000e+00    0.00000e+00    9.49295741E+08
    -4.80935283167806e-04    1.47858956430331e-04    -2.31404357672248e-04    7.4655850E-04    20.00    20.00    0.470    0.00000e+00    0.00000e+00    9.54318470E+08
    -4.83493649811158e-04    1.48640684554162e-04    -2.32634077878109e-04    7.3987746E-04    20.00    20.00    0.465    0.00000e+00    0.00000e+00    9.59341199E+08
    -4.86052040695194e-04    1.49422427222404e-04    -2.33863836869064e-04    7.3329340E-04    20.00    20.00    0.461    0.00000e+00    0.00000e+00    9.64363928E+08
    -4.88610499453145e-04    1.50204174738783e-04    -2.35093629796977e-04    7.2680444E-04    20.00    20.00    0.457    0.00000e+00    0.00000e+00    9.69386656E+08
    -4.91168958211097e-04    1.50985936799572e-04    -2.36323466358121e-04    7.2040875E-04    20.00    20.00    0.453    0.00000e+00    0.00000e+00    9.74409385E+08
    -4.93727416969048e-04    1.51767703708498e-04    -2.37553336856223e-04    7.1410454E-04    20.00    20.00    0.449    0.00000e+00    0.00000e+00    9.79432114E+08
    -4.96285972689735e-04    1.52549485161834e-04    -2.38783250987556e-04    7.0797188E-04    20.00    20.00    0.445    0.00000e+00    0.00000e+00    9.84454843E+08
    -4.98844528410423e-04    1.53331276311444e-04    -2.40013199055847e-04    7.0187657E-04    20.00    20.00    0.441    0.00000e+00    0.00000e+00    9.89477572E+08
    -5.01403084131110e-04    1.54113082005464e-04    -2.41243181061095e-04    6.9586748E-04    20.00    20.00    0.438    0.00000e+00    0.00000e+00    9.94500300E+08
    -5.03961736814534e-04    1.54894892547622e-04    -2.42473201851438e-04    6.8994298E-04    20.00    20.00    0.434    0.00000e+00    0.00000e+00    9.99523029E+08
    -5.06520389497958e-04    1.55676712786053e-04    -2.43703261426876e-04    6.8410137E-04    20.00    20.00    0.430    0.00000e+00    0.00000e+00    1.00454576E+09
