    -3.77935419126293e-06    -6.57777652274162e-06    2.57448757091335e-06    6.2028401E-01    2680.82    2680.82    390.116    0.00000e+00    0.00000e+00    2.00909152E+07
    -5.07308260211129e-06    -8.82763876751094e-06    3.45947596675885e-06    5.6423756E-01    1796.97    1796.97    354.866    0.00000e+00    0.00000e+00    2.51136440E+07
    -6.39162067435127e-06    -1.11175058979907e-05    4.36520915216808e-06    4.0706961E-01    1315.43    1315.43    256.019    0.00000e+00    0.00000e+00    3.01363727E+07
    -7.72428961095455e-06    -1.34301888451171e-05    5.28151612396230e-06    3.0457559E-01    1019.66    1019.66    191.557    0.00000e+00    0.00000e+00    3.51591015E+07
    -9.06612298057185e-06    -1.57578501109215e-05    6.20420721927212e-06    2.3801140E-01    822.58    822.58    149.693    0.00000e+00    0.00000e+00    4.01818303E+07
    -1.04143471641335e-05    -1.80961137671180e-05    7.13137556892698e-06    1.9186389E-01    683.49    683.49    120.669    0.00000e+00    0.00000e+00    4.52045591E+07
    -1.17671916220762e-05    -2.04421523803184e-05    8.06200112494183e-06    1.5756447E-01    580.76    580.76    99.097    0.00000e+00    0.00000e+00    5.02272879E+07
    -1.31234743786453e-05    -2.27939786992440e-05    8.99548077909738e-06    1.3174216E-01    502.16    502.16    82.857    0.00000e+00    0.00000e+00    5.52500167E+07
    -1.44823804620428e-05    -2.51500868926011e-05    9.93144655780965e-06    1.1204127E-01    440.34    440.34    70.466    0.00000e+00    0.00000e+00    6.02727455E+07
    -1.58433135514411e-05    -2.75093274671518e-05    1.08696482972192e-05    9.6477959E-02    390.65    390.65    60.678    0.00000e+00    0.00000e+00    6.52954743E+07
    -1.72058062864515e-05    -2.98708583015322e-05    1.18098823755800e-05    8.4524431E-02    349.96    349.96    53.160    0.00000e+00    0.00000e+00    7.03182031E+07
    -1.85694737250113e-05    -3.22340462290745e-05    1.27519679573889e-05    7.4192713E-02    316.06    316.06    46.662    0.00000e+00    0.00000e+00    7.53409319E+07
    -1.99340051015508e-05    -3.45984166171851e-05    1.36957402059944e-05    6.5745070E-02    287.42    287.42    41.349    0.00000e+00    0.00000e+00    8.03636606E+07
    -2.12991541307200e-05    -3.69636237937093e-05    1.46410410721364e-05    5.8701591E-02    262.94    262.94    36.919    0.00000e+00    0.00000e+00    8.53863894E+07
    -2.26647244629781e-05    -3.93294059592592e-05    1.55877047495361e-05    5.2520780E-02    241.81    241.81    33.032    0.00000e+00    0.00000e+00    9.04091182E+07
    -2.40305570794377e-05    -4.16955648250394e-05    1.65355668863554e-05    4.7494676E-02    223.39    223.39    29.871    0.00000e+00    0.00000e+00    9.54318470E+07
    -2.53965244741006e-05    -4.40619500988087e-05    1.74844665244523e-05    4.3176151E-02    207.20    207.20    27.155    0.00000e+00    0.00000e+00    1.00454576E+08
    -2.67625248360938e-05    -4.64284454252836e-05    1.84342543412130e-05    3.9920964E-02    192.86    192.86    25.108    0.00000e+00    0.00000e+00    1.05477305E+08
    -2.81284815648558e-05    -4.87949649924425e-05    1.93847892558563e-05    3.6575607E-02    180.09    180.09    23.004    0.00000e+00    0.00000e+00    1.10500033E+08
    -2.94943364827447e-05    -5.11614423808112e-05    2.03359452168251e-05    3.3636398E-02    168.66    168.66    21.155    0.00000e+00    0.00000e+00    1.15522762E+08
    -3.08600498350387e-05    -5.35278373508541e-05    2.12876097473454e-05    3.1064267E-02    158.38    158.38    19.537    0.00000e+00    0.00000e+00    1.20545491E+08
    -3.22255954417991e-05    -5.58941208137503e-05    2.22396873391220e-05    2.8794732E-02    149.08    149.08    18.110    0.00000e+00    0.00000e+00    1.25568220E+08
    -3.35909563345469e-05    -5.82602830732263e-05    2.31920975130838e-05    2.6769183E-02    140.65    140.65    16.836    0.00000e+00    0.00000e+00    1.30590949E+08
    -3.49561252410771e-05    -6.06263095848715e-05    2.41447719105019e-05    2.4959175E-02    132.96    132.96    15.698    0.00000e+00    0.00000e+00    1.35613677E+08
    -3.63211002221348e-05    -6.29922051968228e-05    2.50976562322438e-05    2.3549333E-02    125.94    125.94    14.811    0.00000e+00    0.00000e+00    1.40636406E+08
    -3.76858866106705e-05    -6.53579699090803e-05    2.60507063602647e-05    2.2057576E-02    119.51    119.51    13.873    0.00000e+00    0.00000e+00    1.45659135E+08
    -3.90504931333306e-05    -6.77236085697806e-05    2.70038873879795e-05    2.0710564E-02    113.61    113.61    13.026    0.00000e+00    0.00000e+00    1.50681864E+08
    -4.04149323952707e-05    -7.00891357233344e-05    2.79571711961947e-05    1.9488652E-02    108.18    108.18    12.257    0.00000e+00    0.00000e+00    1.55704592E+08
    -4.17792208801559e-05    -7.24545659141518e-05    2.89105369379220e-05    1.8244651E-02    103.16    103.16    11.475    0.00000e+00    0.00000e+00    1.60727321E+08
    -4.31433755564652e-05    -7.48199088385067e-05    2.98639695839373e-05    1.7362678E-02    98.53    98.53    10.920    0.00000e+00    0.00000e+00    1.65750050E+08
    -4.45074143623046e-05    -7.71851887370831e-05    3.08174574987122e-05    1.6312388E-02    94.23    94.23    10.259    0.00000e+00    0.00000e+00    1.70772779E+08
    -4.58713552357805e-05    -7.95504250024281e-05    3.17709924404142e-05    1.5582220E-02    90.24    90.24    9.800    0.00000e+00    0.00000e+00    1.75795508E+08
    -4.72352161149990e-05    -8.19156321789523e-05    3.27245695609065e-05    1.4759076E-02    86.53    86.53    9.282    0.00000e+00    0.00000e+00    1.80818236E+08
    -4.85990129988116e-05    -8.42808248110660e-05    3.36781849816795e-05    1.4083120E-02    83.07    83.07    8.857    0.00000e+00    0.00000e+00    1.85840965E+08
    -4.99627647949519e-05    -8.66460319875902e-05    3.46318372482924e-05    1.3417717E-02    79.84    79.84    8.439    0.00000e+00    0.00000e+00    1.90863694E+08
    -5.13264826541345e-05    -8.90112585566616e-05    3.55855258759313e-05    1.2762197E-02    76.82    76.82    8.027    0.00000e+00    0.00000e+00    1.95886423E+08
    -5.26901859689066e-05    -9.13765239108275e-05    3.65392528038510e-05    1.2190979E-02    74.00    74.00    7.667    0.00000e+00    0.00000e+00    2.00909152E+08
    -5.40538795874051e-05    -9.37418474426351e-05    3.74930194864926e-05    1.1659295E-02    71.34    71.34    7.333    0.00000e+00    0.00000e+00    2.05931880E+08
    -5.54175877503141e-05    -9.61072340002213e-05    3.84468288327381e-05    1.1163421E-02    68.85    68.85    7.021    0.00000e+00    0.00000e+00    2.10954609E+08
    -5.67813104576335e-05    -9.84727029761333e-05    3.94006837514696e-05    1.0699793E-02    66.51    66.51    6.729    0.00000e+00    0.00000e+00    2.15977338E+08
    -5.81450622537738e-05    -1.00838268914781e-04    4.03545876363829e-05    1.0297956E-02    64.31    64.31    6.477    0.00000e+00    0.00000e+00    2.21000067E+08
    -5.95088528350085e-05    -1.03203936664303e-04    4.13085453356149e-05    9.8909805E-03    62.23    62.23    6.221    0.00000e+00    0.00000e+00    2.26022796E+08
    -6.08726870494745e-05    -1.05569720769107e-04    4.22625602428612e-05    9.5090089E-03    60.26    60.26    5.981    0.00000e+00    0.00000e+00    2.31045524E+08
    -6.22365745934455e-05    -1.07935630925469e-04    4.32166376910723e-05    9.1497175E-03    58.40    58.40    5.755    0.00000e+00    0.00000e+00    2.36068253E+08
    -6.36005251631950e-05    -1.10301676829662e-04    4.41707810739441e-05    8.8119285E-03    56.64    56.64    5.542    0.00000e+00    0.00000e+00    2.41090982E+08
    -6.49645436068599e-05    -1.12667868177958e-04    4.51249952396134e-05    8.4933926E-03    54.97    54.97    5.342    0.00000e+00    0.00000e+00    2.46113711E+08
    -6.63286299244401e-05    -1.15034204970360e-04    4.60792850362169e-05    8.1934296E-03    53.39    53.39    5.153    0.00000e+00    0.00000e+00    2.51136440E+08
    -6.76927986603461e-05    -1.17400701751276e-04    4.70336538574504e-05    7.9096526E-03    51.88    51.88    4.975    0.00000e+00    0.00000e+00    2.56159168E+08
    -6.90570401183043e-05    -1.19767363368843e-04    4.79881055818234e-05    7.6411109E-03    50.45    50.45    4.806    0.00000e+00    0.00000e+00    2.61181897E+08
    -7.04213688427251e-05    -1.22134189823062e-04    4.89426440878453e-05    7.3867000E-03    49.08    49.08    4.646    0.00000e+00    0.00000e+00    2.66204626E+08
    -7.17857848336085e-05    -1.24501185962070e-04    4.98972713147708e-05    7.1480171E-03    47.78    47.78    4.496    0.00000e+00    0.00000e+00    2.71227355E+08
    -7.31502929390913e-05    -1.26868356634002e-04    5.08519906562958e-05    6.9188609E-03    46.54    46.54    4.351    0.00000e+00    0.00000e+00    2.76250083E+08
    -7.45148883110367e-05    -1.29235701838860e-04    5.18068021124201e-05    6.7015511E-03    45.36    45.36    4.215    0.00000e+00    0.00000e+00    2.81272812E+08
    -7.58795806457183e-05    -1.31603231272917e-04    5.27617153794175e-05    6.5249324E-03    44.22    44.22    4.104    0.00000e+00    0.00000e+00    2.86295541E+08
    -7.72443699431361e-05    -1.33970935239899e-04    5.37167207610143e-05    6.3269871E-03    43.14    43.14    3.979    0.00000e+00    0.00000e+00    2.91318270E+08
    -7.86092513551533e-05    -1.36338823436079e-04    5.46718279534842e-05    6.1384649E-03    42.10    42.10    3.861    0.00000e+00    0.00000e+00    2.96340999E+08
    -7.99742297299068e-05    -1.38706895861459e-04    5.56270369568271e-05    5.9586899E-03    41.11    41.11    3.748    0.00000e+00    0.00000e+00    3.01363727E+08
    -8.13393099155333e-05    -1.41075147667900e-04    5.65823429229062e-05    5.7876466E-03    40.16    40.16    3.640    0.00000e+00    0.00000e+00    3.06386456E+08
    -8.27044870638960e-05    -1.43443583703541e-04    5.75377555479951e-05    5.6840632E-03    39.24    39.24    3.575    0.00000e+00    0.00000e+00    3.11409185E+08
    -8.40697660231318e-05    -1.45812208816517e-04    5.84932699839571e-05    5.5252834E-03    38.37    38.37    3.475    0.00000e+00    0.00000e+00    3.16431914E+08
    -8.54351419451038e-05    -1.48181013310555e-04    5.94488862307921e-05    5.3738400E-03    37.52    37.52    3.380    0.00000e+00    0.00000e+00    3.21454643E+08
    -8.68006196779487e-05    -1.50550002033792e-04    6.04046042885001e-05    5.2287354E-03    36.71    36.71    3.289    0.00000e+00    0.00000e+00    3.26477371E+08
    -8.81661992216668e-05    -1.52919174986227e-04    6.13604290052180e-05    5.0390505E-03    35.93    35.93    3.169    0.00000e+00    0.00000e+00    3.31500100E+08
    -8.95318805762579e-05    -1.55288532167862e-04    6.23163555328089e-05    4.9087062E-03    35.18    35.18    3.087    0.00000e+00    0.00000e+00    3.36522829E+08
    -9.08976588935852e-05    -1.57658073578695e-04    6.32723887194097e-05    4.7821985E-03    34.46    34.46    3.008    0.00000e+00    0.00000e+00    3.41545558E+08
    -9.22635390217855e-05    -1.60027794370590e-04    6.42285188687466e-05    4.6626802E-03    33.76    33.76    2.933    0.00000e+00    0.00000e+00    3.46568287E+08
    -9.36295209608589e-05    -1.62397694543548e-04    6.51847556770935e-05    4.5470023E-03    33.09    33.09    2.860    0.00000e+00    0.00000e+00    3.51591015E+08
    -9.49956047108053e-05    -1.64767778945704e-04    6.61410991444501e-05    4.5082977E-03    32.44    32.44    2.835    0.00000e+00    0.00000e+00    3.56613744E+08
    -9.63617902716247e-05    -1.67138042728922e-04    6.70975395745430e-05    4.3691681E-03    31.81    31.81    2.748    0.00000e+00    0.00000e+00    3.61636473E+08
    -9.77280679470435e-05    -1.69508481045065e-04    6.80540818155090e-05    4.2267198E-03    31.21    31.21    2.658    0.00000e+00    0.00000e+00    3.66659202E+08
    -9.90944522814722e-05    -1.71879098742271e-04    6.90107258673479e-05    4.1271303E-03    30.62    30.62    2.596    0.00000e+00    0.00000e+00    3.71681930E+08
    -1.00460928730500e-04    -1.74249890972401e-04    6.99674717300599e-05    4.0692216E-03    30.06    30.06    2.559    0.00000e+00    0.00000e+00    3.76704659E+08
    -1.01827506990401e-04    -1.76620862583594e-04    7.09243145555081e-05    3.9411056E-03    29.51    29.51    2.479    0.00000e+00    0.00000e+00    3.81727388E+08
    -1.03194177364902e-04    -1.78991999031438e-04    7.18812591918294e-05    3.8527528E-03    28.98    28.98    2.423    0.00000e+00    0.00000e+00    3.86750117E+08
    -1.04560949550276e-04    -1.81363310012207e-04    7.28383056390237e-05    3.7675650E-03    28.46    28.46    2.370    0.00000e+00    0.00000e+00    3.91772846E+08
    -1.05927813850249e-04    -1.83734790677765e-04    7.37954442008173e-05    3.6853930E-03    27.97    27.97    2.318    0.00000e+00    0.00000e+00    3.96795574E+08
    -1.07294775112958e-04    -1.86106436179974e-04    7.47526797253472e-05    3.6060568E-03    27.48    27.48    2.268    0.00000e+00    0.00000e+00    4.01818303E+08
    -1.08661828490266e-04    -1.88478246518835e-04    7.57100170607502e-05    3.5830645E-03    27.01    27.01    2.253    0.00000e+00    0.00000e+00    4.06841032E+08
    -1.10028973982174e-04    -1.90850221694348e-04    7.66674465107526e-05    3.5079112E-03    26.56    26.56    2.206    0.00000e+00    0.00000e+00    4.11863761E+08
    -1.11396211588682e-04    -1.93222356858375e-04    7.76249729234911e-05    3.4352476E-03    26.12    26.12    2.161    0.00000e+00    0.00000e+00    4.16886490E+08
    -1.12763536461652e-04    -1.95594652010917e-04    7.85825914508291e-05    3.3649851E-03    25.69    25.69    2.116    0.00000e+00    0.00000e+00    4.21909218E+08
    -1.14130953449221e-04    -1.97967107151974e-04    7.95403069409033e-05    3.2970111E-03    25.27    25.27    2.074    0.00000e+00    0.00000e+00    4.26931947E+08
    -1.15498457703253e-04    -2.00339712585272e-04    8.04981096974401e-05    3.2303305E-03    24.86    24.86    2.032    0.00000e+00    0.00000e+00    4.31954676E+08
    -1.16866054071885e-04    -2.02712473158947e-04    8.14560094167132e-05    3.1666542E-03    24.47    24.47    1.992    0.00000e+00    0.00000e+00    4.36977405E+08
    -1.18233732858842e-04    -2.05085384024864e-04    8.24140012505856e-05    3.1049470E-03    24.08    24.08    1.953    0.00000e+00    0.00000e+00    4.42000134E+08
    -1.19601494064125e-04    -2.07458440334886e-04    8.33720803509207e-05    3.0451687E-03    23.71    23.71    1.915    0.00000e+00    0.00000e+00    4.47022862E+08
    -1.20969342535871e-04    -2.09831646937148e-04    8.43302515658551e-05    2.9872145E-03    23.35    23.35    1.879    0.00000e+00    0.00000e+00    4.52045591E+08
    -1.22337273425942e-04    -2.12204994135378e-04    8.52885100472522e-05    2.9317283E-03    22.99    22.99    1.844    0.00000e+00    0.00000e+00    4.57068320E+08
    -1.23705286734339e-04    -2.14578481929576e-04    8.62468606432486e-05    2.8769699E-03    22.65    22.65    1.809    0.00000e+00    0.00000e+00    4.62091049E+08
    -1.25073377612926e-04    -2.16952115167878e-04    8.72052936575709e-05    2.8240435E-03    22.31    22.31    1.776    0.00000e+00    0.00000e+00    4.67113777E+08
    -1.26441550909838e-04    -2.19325879305873e-04    8.81638187864925e-05    2.7726047E-03    21.98    21.98    1.744    0.00000e+00    0.00000e+00    4.72136506E+08
    -1.27809801776938e-04    -2.21699779191700e-04    8.91224263337400e-05    2.7226968E-03    21.66    21.66    1.712    0.00000e+00    0.00000e+00    4.77159235E+08
    -1.29178125366092e-04    -2.24073814825357e-04    9.00811211474501e-05    2.6741602E-03    21.35    21.35    1.682    0.00000e+00    0.00000e+00    4.82181964E+08
    -1.30546526525434e-04    -2.26447981358708e-04    9.10398983794859e-05    2.6471606E-03    21.04    21.04    1.665    0.00000e+00    0.00000e+00    4.87204693E+08
    -1.31915005254965e-04    -2.28822273943616e-04    9.19987628779843e-05    2.6009795E-03    20.74    20.74    1.636    0.00000e+00    0.00000e+00    4.92227421E+08
    -1.33283556706548e-04    -2.31196692580081e-04    9.29577097948086e-05    2.5553611E-03    20.45    20.45    1.607    0.00000e+00    0.00000e+00    4.97250150E+08
    -1.34652180880183e-04    -2.33571237268104e-04    9.39167391299586e-05    2.5119017E-03    20.17    20.17    1.580    0.00000e+00    0.00000e+00    5.02272879E+08
    -1.36020872927734e-04    -2.35945903159546e-04    9.48758508834344e-05    2.4510772E-03    20.00    20.00    1.542    0.00000e+00    0.00000e+00    5.07295608E+08
    -1.37389642545474e-04    -2.38320690254409e-04    9.58350402070992e-05    2.4100138E-03    20.00    20.00    1.516    0.00000e+00    0.00000e+00    5.12318337E+08
    -1.38758475188992e-04    -2.40695593704556e-04    9.67943119490898e-05    2.3700311E-03    20.00    20.00    1.491    0.00000e+00    0.00000e+00    5.17341065E+08
    -1.40127375706426e-04    -2.43070613509985e-04    9.77536612612693e-05    2.3310949E-03    20.00    20.00    1.466    0.00000e+00    0.00000e+00    5.22363794E+08
    -1.41496344097775e-04    -2.45445749670699e-04    9.87130881436378e-05    2.3096122E-03    20.00    20.00    1.453    0.00000e+00    0.00000e+00    5.27386523E+08
    -1.42865380363039e-04    -2.47820997338559e-04    9.96725974443321e-05    2.2722487E-03    20.00    20.00    1.429    0.00000e+00    0.00000e+00    5.32409252E+08
    -1.44234479654082e-04    -2.50196351665428e-04    1.00632179467079e-04    2.2358337E-03    20.00    20.00    1.406    0.00000e+00    0.00000e+00    5.37431981E+08
    -1.45603641970904e-04    -2.52571817499445e-04    1.01591839060014e-04    2.2003323E-03    20.00    20.00    1.384    0.00000e+00    0.00000e+00    5.42454709E+08
    -1.46972867313504e-04    -2.54947385144334e-04    1.02551571375002e-04    2.1508113E-03    20.00    20.00    1.353    0.00000e+00    0.00000e+00    5.47477438E+08
    -1.48342155681882e-04    -2.57323059448234e-04    1.03511381260178e-04    2.1319510E-03    20.00    20.00    1.341    0.00000e+00    0.00000e+00    5.52500167E+08
    -1.49711502227902e-04    -2.59698840411143e-04    1.04471263867407e-04    2.0990113E-03    20.00    20.00    1.320    0.00000e+00    0.00000e+00    5.57522896E+08
    -1.51080911799701e-04    -2.62074718336788e-04    1.05431219196688e-04    2.0668679E-03    20.00    20.00    1.300    0.00000e+00    0.00000e+00    5.62545624E+08
    -1.52450374701005e-04    -2.64450693225170e-04    1.06391242399884e-04    2.0354945E-03    20.00    20.00    1.280    0.00000e+00    0.00000e+00    5.67568353E+08
    -1.53819900628087e-04    -2.66826769924425e-04    1.07351343173270e-04    2.0048659E-03    20.00    20.00    1.261    0.00000e+00    0.00000e+00    5.72591082E+08
    -1.55189479884674e-04    -2.69202938738279e-04    1.08311506972433e-04    1.9749572E-03    20.00    20.00    1.242    0.00000e+00    0.00000e+00    5.77613811E+08
    -1.56559117318903e-04    -2.71579204514869e-04    1.09271748341786e-04    1.9457427E-03    20.00    20.00    1.224    0.00000e+00    0.00000e+00    5.82636540E+08
    -1.57928808082637e-04    -2.73955557557922e-04    1.10232052736918e-04    1.9172061E-03    20.00    20.00    1.206    0.00000e+00    0.00000e+00    5.87659268E+08
    -1.59298552175876e-04    -2.76332007563711e-04    1.11192425005964e-04    1.8893227E-03    20.00    20.00    1.188    0.00000e+00    0.00000e+00    5.92681997E+08
    -1.60668349598620e-04    -2.78708539987826e-04    1.12152865148926e-04    1.8620722E-03    20.00    20.00    1.171    0.00000e+00    0.00000e+00    5.97704726E+08
    -1.62038195502731e-04    -2.81085164526540e-04    1.13113373165804e-04    1.8354350E-03    20.00    20.00    1.154    0.00000e+00    0.00000e+00    6.02727455E+08
    -1.63408099584485e-04    -2.83461876331717e-04    1.14073949056596e-04    1.8093922E-03    20.00    20.00    1.138    0.00000e+00    0.00000e+00    6.07750184E+08
    -1.64778047299470e-04    -2.85838670555220e-04    1.15034583125031e-04    1.7839259E-03    20.00    20.00    1.122    0.00000e+00    0.00000e+00    6.12772912E+08
    -1.66148048343959e-04    -2.88215547197048e-04    1.15995289915518e-04    1.7589969E-03    20.00    20.00    1.106    0.00000e+00    0.00000e+00    6.17795641E+08
    -1.67518097869817e-04    -2.90592506257202e-04    1.16956054883646e-04    1.7346349E-03    20.00    20.00    1.091    0.00000e+00    0.00000e+00    6.22818370E+08
    -1.68888191028907e-04    -2.92969542887546e-04    1.17916882877553e-04    1.7108164E-03    20.00    20.00    1.076    0.00000e+00    0.00000e+00    6.27841099E+08
    -1.70258332669364e-04    -2.95346661936215e-04    1.18877773897238e-04    1.6874896E-03    20.00    20.00    1.061    0.00000e+00    0.00000e+00    6.32863828E+08
    -1.71628522791189e-04    -2.97723853706936e-04    1.19838723094566e-04    1.6646594E-03    20.00    20.00    1.047    0.00000e+00    0.00000e+00    6.37886556E+08
    -1.72998756546246e-04    -3.00101127895983e-04    1.20799735317671e-04    1.6423112E-03    20.00    20.00    1.033    0.00000e+00    0.00000e+00    6.42909285E+08
    -1.74369038782671e-04    -3.02478474807082e-04    1.21760805718419e-04    1.6204219E-03    20.00    20.00    1.019    0.00000e+00    0.00000e+00    6.47932014E+08
    -1.75739359804190e-04    -3.04855894440233e-04    1.22721939144945e-04    1.5989230E-03    20.00    20.00    1.006    0.00000e+00    0.00000e+00    6.52954743E+08
    -1.77109724458941e-04    -3.07233386795437e-04    1.23683125900976e-04    1.5779422E-03    20.00    20.00    0.992    0.00000e+00    0.00000e+00    6.57977472E+08
    -1.78480132746922e-04    -3.09610956720829e-04    1.24644375682785e-04    1.5573911E-03    20.00    20.00    0.979    0.00000e+00    0.00000e+00    6.63000200E+08
    -1.79850584668136e-04    -3.11988589672000e-04    1.25605678794100e-04    1.5373220E-03    20.00    20.00    0.967    0.00000e+00    0.00000e+00    6.68022929E+08
    -1.81221075374443e-04    -3.14366295345224e-04    1.26567040083056e-04    1.5175935E-03    20.00    20.00    0.954    0.00000e+00    0.00000e+00    6.73045658E+08
    -1.82591604865845e-04    -3.16744068892362e-04    1.27528459549654e-04    1.4982006E-03    20.00    20.00    0.942    0.00000e+00    0.00000e+00    6.78068387E+08
    -1.83962173142342e-04    -3.19121910313416e-04    1.28489927497620e-04    1.4793110E-03    20.00    20.00    0.930    0.00000e+00    0.00000e+00    6.83091115E+08
    -1.85332785052070e-04    -3.21499814760248e-04    1.29451458471364e-04    1.4607395E-03    20.00    20.00    0.919    0.00000e+00    0.00000e+00    6.88113844E+08
    -1.86703430898756e-04    -3.23877787080996e-04    1.30413037926477e-04    1.4425456E-03    20.00    20.00    0.907    0.00000e+00    0.00000e+00    6.93136573E+08
    -1.88074120378673e-04    -3.26255822427523e-04    1.31374670711095e-04    1.4246823E-03    20.00    20.00    0.896    0.00000e+00    0.00000e+00    6.98159302E+08
    -1.89444843795547e-04    -3.28633920799827e-04    1.32336351977080e-04    1.4071231E-03    20.00    20.00    0.885    0.00000e+00    0.00000e+00    7.03182031E+08
    -1.90815601149380e-04    -3.31012082197911e-04    1.33298091420708e-04    1.3898720E-03    20.00    20.00    0.874    0.00000e+00    0.00000e+00    7.08204759E+08
    -1.92186397288306e-04    -3.33390306621773e-04    1.34259879345703e-04    1.3730317E-03    20.00    20.00    0.864    0.00000e+00    0.00000e+00    7.13227488E+08
    -1.93557227364191e-04    -3.35768589223276e-04    1.35221720600204e-04    1.3564565E-03    20.00    20.00    0.853    0.00000e+00    0.00000e+00    7.18250217E+08
    -1.94928096225170e-04    -3.38146930002422e-04    1.36183605487935e-04    1.3402486E-03    20.00    20.00    0.843    0.00000e+00    0.00000e+00    7.23272946E+08
    -1.96298999023106e-04    -3.40525333807346e-04    1.37145543705172e-04    1.3243446E-03    20.00    20.00    0.833    0.00000e+00    0.00000e+00    7.28295675E+08
    -1.97669930909864e-04    -3.42903795789911e-04    1.38107530403777e-04    1.3087895E-03    20.00    20.00    0.823    0.00000e+00    0.00000e+00    7.33318403E+08
    -1.99040901581716e-04    -3.45282311101982e-04    1.39069565583750e-04    1.2934173E-03    20.00    20.00    0.813    0.00000e+00    0.00000e+00    7.38341132E+08
    -2.00411901342389e-04    -3.47660884591695e-04    1.40031649245091e-04    1.2784322E-03    20.00    20.00    0.804    0.00000e+00    0.00000e+00    7.43363861E+08
    -2.01782935040019e-04    -3.50039516259049e-04    1.40993776539663e-04    1.2636753E-03    20.00    20.00    0.795    0.00000e+00    0.00000e+00    7.48386590E+08
    -2.03154002674607e-04    -3.52418196407771e-04    1.41955952315603e-04    1.2491751E-03    20.00    20.00    0.786    0.00000e+00    0.00000e+00    7.53409319E+08
    -2.04525099398017e-04    -3.54796939582272e-04    1.42918171724775e-04    1.2349414E-03    20.00    20.00    0.777    0.00000e+00    0.00000e+00    7.58432047E+08
    -2.05896230058383e-04    -3.57175731238140e-04    1.43880439615315e-04    1.2209631E-03    20.00    20.00    0.768    0.00000e+00    0.00000e+00    7.63454776E+08
    -2.07267384959434e-04    -3.59554576223514e-04    1.44842751139086e-04    1.2072332E-03    20.00    20.00    0.759    0.00000e+00    0.00000e+00    7.68477505E+08
    -2.08638578645579e-04    -3.61933474538393e-04    1.45805106296089e-04    1.1937380E-03    20.00    20.00    0.751    0.00000e+00    0.00000e+00    7.73500234E+08
    -2.10009796572409e-04    -3.64312421334640e-04    1.46767505086322e-04    1.1804796E-03    20.00    20.00    0.742    0.00000e+00    0.00000e+00    7.78522962E+08
    -2.11381043588059e-04    -3.66691421460391e-04    1.47729942661651e-04    1.1673591E-03    20.00    20.00    0.734    0.00000e+00    0.00000e+00    7.83545691E+08
    -2.12752319692530e-04    -3.69070474915648e-04    1.48692428718347e-04    1.1546308E-03    20.00    20.00    0.726    0.00000e+00    0.00000e+00    7.88568420E+08
    -2.14123629733959e-04    -3.71449572004136e-04    1.49654953560138e-04    1.1421426E-03    20.00    20.00    0.718    0.00000e+00    0.00000e+00    7.93591149E+08
    -2.15494959167935e-04    -3.73828722422129e-04    1.50617517187023e-04    1.1298461E-03    20.00    20.00    0.711    0.00000e+00    0.00000e+00    7.98613878E+08
    -2.16866322538868e-04    -3.76207921321490e-04    1.51580124447140e-04    1.1177391E-03    20.00    20.00    0.703    0.00000e+00    0.00000e+00    8.03636606E+08
    -2.18237710150486e-04    -3.78587163854082e-04    1.52542770492351e-04    1.1058565E-03    20.00    20.00    0.696    0.00000e+00    0.00000e+00    8.08659335E+08
    -2.19609126850925e-04    -3.80966459716179e-04    1.53505460170793e-04    1.0941735E-03    20.00    20.00    0.688    0.00000e+00    0.00000e+00    8.13682064E+08
    -2.20980572640184e-04    -3.83345799211508e-04    1.54468183786193e-04    1.0826854E-03    20.00    20.00    0.681    0.00000e+00    0.00000e+00    8.18704793E+08
    -2.22352037821991e-04    -3.85725182340068e-04    1.55430946186688e-04    1.0713739E-03    20.00    20.00    0.674    0.00000e+00    0.00000e+00    8.23727522E+08
    -2.23723532092619e-04    -3.88104613949996e-04    1.56393752220414e-04    1.0602848E-03    20.00    20.00    0.667    0.00000e+00    0.00000e+00    8.28750250E+08
    -2.25095055452067e-04    -3.90484094041292e-04    1.57356592191097e-04    1.0493551E-03    20.00    20.00    0.660    0.00000e+00    0.00000e+00    8.33772979E+08
    -2.26466598204063e-04    -3.92863612917682e-04    1.58319470946875e-04    1.0385846E-03    20.00    20.00    0.653    0.00000e+00    0.00000e+00    8.38795708E+08
    -2.27838170044879e-04    -3.95243180275441e-04    1.59282383639611e-04    1.0280103E-03    20.00    20.00    0.647    0.00000e+00    0.00000e+00    8.43818437E+08
    -2.29209766126380e-04    -3.97622786418294e-04    1.60245335117441e-04    1.0176038E-03    20.00    20.00    0.640    0.00000e+00    0.00000e+00    8.48841166E+08
    -2.30581381600428e-04    -4.00002441042515e-04    1.61208320532229e-04    1.0073807E-03    20.00    20.00    0.634    0.00000e+00    0.00000e+00    8.53863894E+08
    -2.31953026163296e-04    -4.02382134451831e-04    1.62171339883974e-04    9.9730384E-04    20.00    20.00    0.627    0.00000e+00    0.00000e+00    8.58886623E+08
    -2.33324694966849e-04    -4.04761871494378e-04    1.63134398020814e-04    9.8738633E-04    20.00    20.00    0.621    0.00000e+00    0.00000e+00    8.63909352E+08
    -2.34696383162949e-04    -4.07141652170156e-04    1.64097485246475e-04    9.7762492E-04    20.00    20.00    0.615    0.00000e+00    0.00000e+00    8.68932081E+08
    -2.36068095599733e-04    -4.09521471631029e-04    1.65060611257231e-04    9.6801586E-04    20.00    20.00    0.609    0.00000e+00    0.00000e+00    8.73954809E+08
    -2.37439827429065e-04    -4.11901334725133e-04    1.66023771204944e-04    9.5855841E-04    20.00    20.00    0.603    0.00000e+00    0.00000e+00    8.78977538E+08
    -2.38811588347217e-04    -4.14281236604332e-04    1.66986960241478e-04    9.4924546E-04    20.00    20.00    0.597    0.00000e+00    0.00000e+00    8.84000267E+08
    -2.40183368657916e-04    -4.16661182116762e-04    1.67950183214969e-04    9.4007117E-04    20.00    20.00    0.591    0.00000e+00    0.00000e+00    8.89022996E+08
    -2.41555168361163e-04    -4.19041161566149e-04    1.68913440125419e-04    9.3104628E-04    20.00    20.00    0.586    0.00000e+00    0.00000e+00    8.94045725E+08
    -2.42926992305094e-04    -4.21421184648768e-04    1.69876726124689e-04    9.2215409E-04    20.00    20.00    0.580    0.00000e+00    0.00000e+00    8.99068453E+08
    -2.44298835641572e-04    -4.23801241668345e-04    1.70840046060917e-04    9.1339264E-04    20.00    20.00    0.574    0.00000e+00    0.00000e+00    9.04091182E+08
    -2.45670698370597e-04    -4.26181342321153e-04    1.71803395085965e-04    9.0476534E-04    20.00    20.00    0.569    0.00000e+00    0.00000e+00    9.09113911E+08
    -2.47042585340306e-04    -4.28561476910918e-04    1.72766778047972e-04    8.9626834E-04    20.00    20.00    0.564    0.00000e+00    0.00000e+00    9.14136640E+08
    -2.48414491702563e-04    -4.30941650285778e-04    1.73730190098799e-04    8.8790151E-04    20.00    20.00    0.558    0.00000e+00    0.00000e+00    9.19159369E+08
    -2.49786417457366e-04    -4.33321862445733e-04    1.74693631238447e-04    8.7964884E-04    20.00    20.00    0.553    0.00000e+00    0.00000e+00    9.24182097E+08
    -2.51158362604717e-04    -4.35702113390782e-04    1.75657101466916e-04    8.7152218E-04    20.00    20.00    0.548    0.00000e+00    0.00000e+00    9.29204826E+08
    -2.52530327144616e-04    -4.38082398272788e-04    1.76620600784206e-04    8.6351585E-04    20.00    20.00    0.543    0.00000e+00    0.00000e+00    9.34227555E+08
    -2.53902311077061e-04    -4.40462717091753e-04    1.77584129190317e-04    8.5563221E-04    20.00    20.00    0.538    0.00000e+00    0.00000e+00    9.39250284E+08
    -2.55274314402054e-04    -4.42843074695812e-04    1.78547686685248e-04    8.4783385E-04    20.00    20.00    0.533    0.00000e+00    0.00000e+00    9.44273013E+08
    -2.56646337119594e-04    -4.45223471084965e-04    1.79511273269001e-04    8.4018874E-04    20.00    20.00    0.528    0.00000e+00    0.00000e+00    9.49295741E+08
    -2.58018379229681e-04    -4.47603896562939e-04    1.80474884093437e-04    8.3263555E-04    20.00    20.00    0.524    0.00000e+00    0.00000e+00    9.54318470E+08
    -2.59390440732316e-04    -4.49984360826008e-04    1.81438524006695e-04    8.2518946E-04    20.00    20.00    0.519    0.00000e+00    0.00000e+00    9.59341199E+08
    -2.60762516779360e-04    -4.52364859026034e-04    1.82402193008773e-04    8.1784526E-04    20.00    20.00    0.514    0.00000e+00    0.00000e+00    9.64363928E+08
    -2.62134612218953e-04    -4.54745391163018e-04    1.83365886251535e-04    8.1057912E-04    20.00    20.00    0.510    0.00000e+00    0.00000e+00    9.69386656E+08
    -2.63506727051092e-04    -4.57125957236960e-04    1.84329608583118e-04    8.2160314E-04    20.00    20.00    0.517    0.00000e+00    0.00000e+00    9.74409385E+08
    -2.64878856427642e-04    -4.59506557247859e-04    1.85293355155385e-04    8.1445288E-04    20.00    20.00    0.512    0.00000e+00    0.00000e+00    9.79432114E+08
    -2.66251005196739e-04    -4.61887191195716e-04    1.86257125968337e-04    8.0740687E-04    20.00    20.00    0.508    0.00000e+00    0.00000e+00    9.84454843E+08
    -2.67623173358383e-04    -4.64267854232394e-04    1.87220925870109e-04    8.0045687E-04    20.00    20.00    0.503    0.00000e+00    0.00000e+00    9.89477572E+08
    -2.68995356064438e-04    -4.66648556054167e-04    1.88184750012565e-04    7.9427517E-04    20.00    20.00    0.500    0.00000e+00    0.00000e+00    9.94500300E+08
    -2.70367553314903e-04    -4.69029286964760e-04    1.89148598395705e-04    7.8751451E-04    20.00    20.00    0.495    0.00000e+00    0.00000e+00    9.99523029E+08
    -2.71739769957916e-04    -4.71410046964174e-04    1.90112471019530e-04    7.6335181E-04    20.00    20.00    0.480    0.00000e+00    0.00000e+00    1.00454576E+09
