    -9.16473844663266e-06    2.33629676709225e-06    -5.18365017985249e-07    6.4918225E-01    2141.37    2141.37    408.291    0.00000e+00    0.00000e+00    2.51136440E+07
    -1.18508248909497e-05    3.02051712716149e-06    -6.64981644205873e-07    4.8399496E-01    1507.14    1507.14    304.399    0.00000e+00    0.00000e+00    3.01363727E+07
    -1.45743787061702e-05    3.71589959501775e-06    -8.11103421102189e-07    3.5305846E-01    1137.59    1137.59    222.049    0.00000e+00    0.00000e+00    3.51591015E+07
    -1.73203008550097e-05    4.41993031476175e-06    -9.57546096174031e-07    2.7390497E-01    901.11    901.11    172.267    0.00000e+00    0.00000e+00    4.01818303E+07
    -2.00808706795966e-05    5.13124569943400e-06    -1.10465063888332e-06    2.1270364E-01    738.76    738.76    133.776    0.00000e+00    0.00000e+00    4.52045591E+07
    -2.28519435077711e-05    5.84884412396932e-06    -1.25243823558793e-06    1.7297347E-01    621.31    621.31    108.788    0.00000e+00    0.00000e+00    5.02272879E+07
    -2.56309440092591e-05    6.57187730986988e-06    -1.40084896331687e-06    1.4328944E-01    532.88    532.88    90.119    0.00000e+00    0.00000e+00    5.52500167E+07
    -2.84161321877591e-05    7.29967960795152e-06    -1.54985979342029e-06    1.2193415E-01    464.19    464.19    76.688    0.00000e+00    0.00000e+00    6.02727455E+07
    -3.12063197649386e-05    8.03172984350703e-06    -1.69948798526523e-06    1.0409764E-01    409.52    409.52    65.470    0.00000e+00    0.00000e+00    6.52954743E+07
    -3.40007019500872e-05    8.76758053350877e-06    -1.84978342617948e-06    8.9837488E-02    365.12    365.12    56.502    0.00000e+00    0.00000e+00    7.03182031E+07
    -3.67987105415704e-05    9.50680116340790e-06    -2.00081418400387e-06    7.8198464E-02    328.42    328.42    49.181    0.00000e+00    0.00000e+00    7.53409319E+07
    -3.95999605973255e-05    1.02489830352712e-05    -2.15265390193656e-06    6.8973983E-02    297.66    297.66    43.380    0.00000e+00    0.00000e+00    8.03636606E+07
    -4.24041723798586e-05    1.09937416918497e-05    -2.30536647842072e-06    6.1171168E-02    271.56    271.56    38.472    0.00000e+00    0.00000e+00    8.53863894E+07
    -4.52111267533856e-05    1.17407338850570e-05    -2.45900359459475e-06    5.4918558E-02    249.16    249.16    34.540    0.00000e+00    0.00000e+00    9.04091182E+07
    -4.80206535483047e-05    1.24896566063425e-05    -2.61360515062462e-06    4.9363858E-02    229.73    229.73    31.046    0.00000e+00    0.00000e+00    9.54318470E+07
    -5.08326126534618e-05    1.32402485411320e-05    -2.76919916874108e-06    4.4554670E-02    212.74    212.74    28.022    0.00000e+00    0.00000e+00    1.00454576E+08
    -5.36468785021137e-05    1.39922818269955e-05    -2.92580130842605e-06    4.0483799E-02    197.77    197.77    25.462    0.00000e+00    0.00000e+00    1.05477305E+08
    -5.64633357086042e-05    1.47455552662553e-05    -3.08341389678518e-06    3.6940843E-02    184.48    184.48    23.233    0.00000e+00    0.00000e+00    1.10500033E+08
    -5.92818679176498e-05    1.54998928715451e-05    -3.24202680121255e-06    3.3849692E-02    172.61    172.61    21.289    0.00000e+00    0.00000e+00    1.15522762E+08
    -6.21023587739672e-05    1.62551375632323e-05    -3.40162058067954e-06    3.1126672E-02    161.96    161.96    19.577    0.00000e+00    0.00000e+00    1.20545491E+08
    -6.49247064666831e-05    1.70111555327408e-05    -3.56216910372873e-06    2.8733548E-02    152.35    152.35    18.071    0.00000e+00    0.00000e+00    1.25568220E+08
    -6.77488140330615e-05    1.77678318792283e-05    -3.72364061506403e-06    2.6619155E-02    143.65    143.65    16.742    0.00000e+00    0.00000e+00    1.30590949E+08
    -7.05745942066398e-05    1.85250706095858e-05    -3.88599904454754e-06    2.4727083E-02    135.74    135.74    15.552    0.00000e+00    0.00000e+00    1.35613677E+08
    -7.34019548728184e-05    1.92827868814193e-05    -4.04920531619658e-06    2.3033729E-02    128.51    128.51    14.487    0.00000e+00    0.00000e+00    1.40636406E+08
    -7.62308233095453e-05    2.00409103967449e-05    -4.21321933591972e-06    2.1641602E-02    121.90    121.90    13.611    0.00000e+00    0.00000e+00    1.45659135E+08
    -7.90611219466315e-05    2.07993805538525e-05    -4.37800067025594e-06    2.0338643E-02    115.83    115.83    12.792    0.00000e+00    0.00000e+00    1.50681864E+08
    -8.18927732138879e-05    2.15581464473055e-05    -4.54350903118836e-06    1.8907676E-02    110.23    110.23    11.892    0.00000e+00    0.00000e+00    1.55704592E+08
    -8.47257140855362e-05    2.23171654135001e-05    -4.70970500336470e-06    1.7914386E-02    105.07    105.07    11.267    0.00000e+00    0.00000e+00    1.60727321E+08
    -8.75598766876608e-05    2.30764010914102e-05    -4.87654980169047e-06    1.6912995E-02    100.29    100.29    10.637    0.00000e+00    0.00000e+00    1.65750050E+08
    -9.03951979944832e-05    2.38358229377738e-05    -5.04400687121410e-06    1.5843298E-02    95.85    95.85    9.964    0.00000e+00    0.00000e+00    1.70772779E+08
    -9.32316198283618e-05    2.45954057422795e-05    -5.21204038420458e-06    1.4983522E-02    91.72    91.72    9.424    0.00000e+00    0.00000e+00    1.75795508E+08
    -9.60690840116548e-05    2.53551281731254e-05    -5.38061591889054e-06    1.4193703E-02    87.88    87.88    8.927    0.00000e+00    0.00000e+00    1.80818236E+08
    -9.89075420629940e-05    2.61149708377642e-05    -5.54970196238271e-06    1.3466302E-02    84.29    84.29    8.469    0.00000e+00    0.00000e+00    1.85840965E+08
    -1.01746940652875e-04    2.68749187069718e-05    -5.71926700179181e-06    1.2908070E-02    80.94    80.94    8.118    0.00000e+00    0.00000e+00    1.90863694E+08
    -1.04587231299928e-04    2.76349582059651e-05    -5.88928291792435e-06    1.2288984E-02    77.80    77.80    7.729    0.00000e+00    0.00000e+00    1.95886423E+08
    -1.07428375219061e-04    2.83950781840295e-05    -6.05972110677313e-06    1.1709466E-02    74.85    74.85    7.364    0.00000e+00    0.00000e+00    2.00909152E+08
    -1.10270328777041e-04    2.91552689448913e-05    -6.23055587321306e-06    1.1171110E-02    72.09    72.09    7.026    0.00000e+00    0.00000e+00    2.05931880E+08
    -1.13113053188774e-04    2.99155222467181e-05    -6.40176249174640e-06    1.0670048E-02    69.48    69.48    6.711    0.00000e+00    0.00000e+00    2.10954609E+08
    -1.15956509669166e-04    3.06758308173044e-05    -6.57331817613014e-06    1.0202891E-02    67.03    67.03    6.417    0.00000e+00    0.00000e+00    2.15977338E+08
    -1.18800673977532e-04    3.14361893236999e-05    -6.74520159456231e-06    9.7665314E-03    64.72    64.72    6.142    0.00000e+00    0.00000e+00    2.21000067E+08
    -1.21645502480641e-04    3.21965924329541e-05    -6.91739286968198e-06    9.7674456E-03    62.54    62.54    6.143    0.00000e+00    0.00000e+00    2.26022796E+08
    -1.24490975785945e-04    3.29570362665574e-05    -7.08987309375560e-06    9.3667730E-03    60.47    60.47    5.891    0.00000e+00    0.00000e+00    2.31045524E+08
    -1.27337059956489e-04    3.37175174308143e-05    -7.26262481349063e-06    8.9915235E-03    58.52    58.52    5.655    0.00000e+00    0.00000e+00    2.36068253E+08
    -1.30183730751586e-04    3.44780325320288e-05    -7.43563154522193e-06    8.6388153E-03    56.66    56.66    5.433    0.00000e+00    0.00000e+00    2.41090982E+08
    -1.33030963930553e-04    3.52385796309462e-05    -7.60887874453906e-06    8.3072310E-03    54.91    54.91    5.225    0.00000e+00    0.00000e+00    2.46113711E+08
    -1.35878744948980e-04    3.59991567883119e-05    -7.78235186703159e-06    7.9938538E-03    53.23    53.23    5.028    0.00000e+00    0.00000e+00    2.51136440E+08
    -1.38727039869909e-04    3.67597615800574e-05    -7.95603733791645e-06    7.6996148E-03    51.65    51.65    4.843    0.00000e+00    0.00000e+00    2.56159168E+08
    -1.41575838997066e-04    3.75203930365554e-05    -8.12992303685160e-06    7.4219437E-03    50.13    50.13    4.668    0.00000e+00    0.00000e+00    2.61181897E+08
    -1.44425118089768e-04    3.82810501881785e-05    -8.30399684349502e-06    6.7738166E-03    48.69    48.69    4.260    0.00000e+00    0.00000e+00    2.66204626E+08
    -1.47274867451740e-04    3.90417310956719e-05    -8.47824857675941e-06    6.5175226E-03    47.32    47.32    4.099    0.00000e+00    0.00000e+00    2.71227355E+08
    -1.50125057994162e-04    3.98024352742220e-05    -8.65266708593010e-06    6.2947960E-03    46.01    46.01    3.959    0.00000e+00    0.00000e+00    2.76250083E+08
    -1.52975689717034e-04    4.05631617542015e-05    -8.82724364436083e-06    6.0838269E-03    44.76    44.76    3.826    0.00000e+00    0.00000e+00    2.81272812E+08
    -1.55826733531535e-04    4.13239105356103e-05    -9.00196855577799e-06    5.8835907E-03    43.56    43.56    3.700    0.00000e+00    0.00000e+00    2.86295541E+08
    -1.58678184589528e-04    4.20846801640074e-05    -9.17683406316266e-06    5.6933611E-03    42.42    42.42    3.581    0.00000e+00    0.00000e+00    2.91318270E+08
    -1.61530028346603e-04    4.28454711242064e-05    -9.35183143986860e-06    5.5124729E-03    41.32    41.32    3.467    0.00000e+00    0.00000e+00    2.96340999E+08
    -1.64382250258349e-04    4.36062819617664e-05    -9.52695438331794e-06    5.3402392E-03    40.27    40.27    3.359    0.00000e+00    0.00000e+00    3.01363727E+08
    -1.67234840628492e-04    4.43671126766873e-05    -9.70219465167811e-06    5.1762463E-03    39.27    39.27    3.256    0.00000e+00    0.00000e+00    3.06386456E+08
    -1.70087789760760e-04    4.51279627841555e-05    -9.87754642718494e-06    5.0206298E-03    38.30    38.30    3.158    0.00000e+00    0.00000e+00    3.11409185E+08
    -1.72941083110741e-04    4.58888317993572e-05    -1.00530029224469e-05    4.9676497E-03    37.38    37.38    3.124    0.00000e+00    0.00000e+00    3.16431914E+08
    -1.75794710982162e-04    4.66497197222924e-05    -1.02285592893271e-05    5.1038407E-03    36.49    36.49    3.210    0.00000e+00    0.00000e+00    3.21454643E+08
    -1.78648663678750e-04    4.74106260681476e-05    -1.04042097100615e-05    4.9584558E-03    35.63    35.63    3.119    0.00000e+00    0.00000e+00    3.26477371E+08
    -1.81502936352367e-04    4.81715513217363e-05    -1.05799488516996e-05    4.8194005E-03    34.81    34.81    3.031    0.00000e+00    0.00000e+00    3.31500100E+08
    -1.84357514458603e-04    4.89324920893628e-05    -1.07557723509181e-05    4.6863049E-03    34.02    34.02    2.947    0.00000e+00    0.00000e+00    3.36522829E+08
    -1.87212393149321e-04    4.96934556432324e-05    -1.09316753595804e-05    4.5588290E-03    33.26    33.26    2.867    0.00000e+00    0.00000e+00    3.41545558E+08
    -1.90067567576385e-04    5.04544337415123e-05    -1.11076535143632e-05    4.4764923E-03    32.53    32.53    2.815    0.00000e+00    0.00000e+00    3.46568287E+08
    -1.92923023195384e-04    5.12154312323395e-05    -1.12837034215708e-05    4.3565763E-03    31.82    31.82    2.740    0.00000e+00    0.00000e+00    3.51591015E+08
    -1.95778760006318e-04    5.19764481157140e-05    -1.14598207178801e-05    4.2416035E-03    31.14    31.14    2.668    0.00000e+00    0.00000e+00    3.56613744E+08
    -1.98634768312914e-04    5.27374795434989e-05    -1.16360024944090e-05    4.1312434E-03    30.48    30.48    2.598    0.00000e+00    0.00000e+00    3.61636473E+08
    -2.01491043267034e-04    5.34985303638310e-05    -1.18122448726480e-05    4.0519876E-03    29.85    29.85    2.548    0.00000e+00    0.00000e+00    3.66659202E+08
    -2.04347575172405e-04    5.42595957285736e-05    -1.19885444589014e-05    3.9493455E-03    29.23    29.23    2.484    0.00000e+00    0.00000e+00    3.71681930E+08
    -2.07204359180890e-04    5.50206804858633e-05    -1.21648993139145e-05    3.8505951E-03    28.64    28.64    2.422    0.00000e+00    0.00000e+00    3.76704659E+08
    -2.10061390444352e-04    5.57817846357004e-05    -1.23413060439914e-05    3.7556207E-03    28.07    28.07    2.362    0.00000e+00    0.00000e+00    3.81727388E+08
    -2.12918664114655e-04    5.65429081780847e-05    -1.25177617402501e-05    3.6641785E-03    27.51    27.51    2.305    0.00000e+00    0.00000e+00    3.86750117E+08
    -2.15776175343662e-04    5.73040462648794e-05    -1.26942644634359e-05    3.5761986E-03    26.98    26.98    2.249    0.00000e+00    0.00000e+00    3.91772846E+08
    -2.18633914435099e-04    5.80651988960846e-05    -1.28708117894803e-05    3.4913405E-03    26.46    26.46    2.196    0.00000e+00    0.00000e+00    3.96795574E+08
    -2.21491886237103e-04    5.88263709198370e-05    -1.30474012943150e-05    3.4096755E-03    25.96    25.96    2.144    0.00000e+00    0.00000e+00    4.01818303E+08
    -2.24350076205264e-04    5.95875623361366e-05    -1.32240315234989e-05    3.3309283E-03    25.47    25.47    2.095    0.00000e+00    0.00000e+00    4.06841032E+08
    -2.27208479491444e-04    6.03487682968467e-05    -1.34006995681500e-05    3.2549757E-03    25.00    25.00    2.047    0.00000e+00    0.00000e+00    4.11863761E+08
    -2.30067100943780e-04    6.11099936501041e-05    -1.35774039738271e-05    3.1816856E-03    24.54    24.54    2.001    0.00000e+00    0.00000e+00    4.16886490E+08
    -2.32925930866000e-04    6.18712383959086e-05    -1.37541432860892e-05    3.1109149E-03    24.10    24.10    1.957    0.00000e+00    0.00000e+00    4.21909218E+08
    -2.35784959561828e-04    6.26324976861236e-05    -1.39309160504954e-05    3.0425560E-03    23.67    23.67    1.914    0.00000e+00    0.00000e+00    4.26931947E+08
    -2.38644196727540e-04    6.33937715207491e-05    -1.41077198429772e-05    2.9764629E-03    23.25    23.25    1.872    0.00000e+00    0.00000e+00    4.31954676E+08
    -2.41503622970587e-04    6.41550647479217e-05    -1.42845536939071e-05    2.9126031E-03    22.85    22.85    1.832    0.00000e+00    0.00000e+00    4.36977405E+08
    -2.44363247987244e-04    6.49163773676417e-05    -1.44614166336580e-05    2.8507089E-03    22.45    22.45    1.793    0.00000e+00    0.00000e+00    4.42000134E+08
    -2.47223057233099e-04    6.56777045317720e-05    -1.46383067229750e-05    2.7909594E-03    22.07    22.07    1.755    0.00000e+00    0.00000e+00    4.47022862E+08
    -2.50083055556290e-04    6.64390462403128e-05    -1.48152229922307e-05    2.7330949E-03    21.70    21.70    1.719    0.00000e+00    0.00000e+00    4.52045591E+08
    -2.52943233260543e-04    6.72004073414009e-05    -1.49921639869842e-05    2.6773243E-03    21.33    21.33    1.684    0.00000e+00    0.00000e+00    4.57068320E+08
    -2.55803590345858e-04    6.79617829868993e-05    -1.51691287376081e-05    2.6230958E-03    20.98    20.98    1.650    0.00000e+00    0.00000e+00    4.62091049E+08
    -2.58664126812235e-04    6.87231780249450e-05    -1.53461162744750e-05    2.5705441E-03    20.64    20.64    1.617    0.00000e+00    0.00000e+00    4.67113777E+08
    -2.61524832963400e-04    6.94845876074012e-05    -1.55231261127712e-05    2.5196369E-03    20.30    20.30    1.585    0.00000e+00    0.00000e+00    4.72136506E+08
    -2.64385708799354e-04    7.02460117342678e-05    -1.57001563132421e-05    2.4702191E-03    20.00    20.00    1.554    0.00000e+00    0.00000e+00    4.77159235E+08
    -2.67246749471959e-04    7.10074552536816e-05    -1.58772063910738e-05    2.4223080E-03    20.00    20.00    1.523    0.00000e+00    0.00000e+00    4.82181964E+08
    -2.70107954981216e-04    7.17689133175059e-05    -1.60542758614528e-05    2.3758182E-03    20.00    20.00    1.494    0.00000e+00    0.00000e+00    4.87204693E+08
    -2.72969320478988e-04    7.25303907738774e-05    -1.62313632699380e-05    2.3307091E-03    20.00    20.00    1.466    0.00000e+00    0.00000e+00    4.92227421E+08
    -2.75830845965274e-04    7.32918779265225e-05    -1.64084686165294e-05    2.2869351E-03    20.00    20.00    1.438    0.00000e+00    0.00000e+00    4.97250150E+08
    -2.78692521743802e-04    7.40533893198517e-05    -1.65855909315996e-05    2.2392803E-03    20.00    20.00    1.408    0.00000e+00    0.00000e+00    5.02272879E+08
    -2.81554352662707e-04    7.48149104094545e-05    -1.67627292455214e-05    2.1982765E-03    20.00    20.00    1.383    0.00000e+00    0.00000e+00    5.07295608E+08
    -2.84416333873854e-04    7.55764508916045e-05    -1.69398830734809e-05    2.1583877E-03    20.00    20.00    1.357    0.00000e+00    0.00000e+00    5.12318337E+08
    -2.87278465377242e-04    7.63380010700282e-05    -1.71170524154782e-05    2.2482342E-03    20.00    20.00    1.414    0.00000e+00    0.00000e+00    5.17341065E+08
    -2.90140737476597e-04    7.70995706409991e-05    -1.72942358170722e-05    2.2091280E-03    20.00    20.00    1.389    0.00000e+00    0.00000e+00    5.22363794E+08
    -2.93003155020057e-04    7.78611596045173e-05    -1.74714332782631e-05    2.1710889E-03    20.00    20.00    1.365    0.00000e+00    0.00000e+00    5.27386523E+08
    -2.95865713159484e-04    7.86227582643090e-05    -1.76486438294233e-05    2.0095658E-03    20.00    20.00    1.264    0.00000e+00    0.00000e+00    5.32409252E+08
    -2.98728407046742e-04    7.93843763166481e-05    -1.78258674705528e-05    1.9748285E-03    20.00    20.00    1.242    0.00000e+00    0.00000e+00    5.37431981E+08
    -3.01591236681831e-04    8.01460040652607e-05    -1.80031037168381e-05    2.0629815E-03    20.00    20.00    1.297    0.00000e+00    0.00000e+00    5.42454709E+08
    -3.04454197216613e-04    8.09076512064206e-05    -1.81803520834655e-05    2.0288264E-03    20.00    20.00    1.276    0.00000e+00    0.00000e+00    5.47477438E+08
    -3.07317293499226e-04    8.16693128919909e-05    -1.83576125704348e-05    1.9955570E-03    20.00    20.00    1.255    0.00000e+00    0.00000e+00    5.52500167E+08
    -3.10180515833397e-04    8.24309891219717e-05    -1.85348837233052e-05    1.8444969E-03    20.00    20.00    1.160    0.00000e+00    0.00000e+00    5.57522896E+08
    -3.13043869067261e-04    8.31926798963629e-05    -1.87121665117039e-05    1.8143121E-03    20.00    20.00    1.141    0.00000e+00    0.00000e+00    5.62545624E+08
    -3.15907343504546e-04    8.39543852151645e-05    -1.88894594811898e-05    1.7846206E-03    20.00    20.00    1.122    0.00000e+00    0.00000e+00    5.67568353E+08
    -3.18770943993387e-04    8.47161099265134e-05    -1.90667631165768e-05    1.7556792E-03    20.00    20.00    1.104    0.00000e+00    0.00000e+00    5.72591082E+08
    -3.21634665685649e-04    8.54778443341359e-05    -1.92440764482374e-05    1.7274443E-03    20.00    20.00    1.086    0.00000e+00    0.00000e+00    5.77613811E+08
    -3.24498508581331e-04    8.62395932861688e-05    -1.94213999609853e-05    1.6999064E-03    20.00    20.00    1.069    0.00000e+00    0.00000e+00    5.82636540E+08
    -3.27362462984160e-04    8.70013567826122e-05    -1.95987331700068e-05    1.6730394E-03    20.00    20.00    1.052    0.00000e+00    0.00000e+00    5.87659268E+08
    -3.30226538590409e-04    8.77631348234660e-05    -1.97760755904883e-05    1.6468391E-03    20.00    20.00    1.036    0.00000e+00    0.00000e+00    5.92681997E+08
    -3.33090725703805e-04    8.85249225605934e-05    -1.99534272224297e-05    1.6212493E-03    20.00    20.00    1.020    0.00000e+00    0.00000e+00    5.97704726E+08
    -3.35955029172484e-04    8.92867296902680e-05    -2.01307875810174e-05    1.5962672E-03    20.00    20.00    1.004    0.00000e+00    0.00000e+00    6.02727455E+08
    -3.38819439300173e-04    9.00485513643531e-05    -2.03081566662513e-05    1.5718732E-03    20.00    20.00    0.989    0.00000e+00    0.00000e+00    6.07750184E+08
    -3.41683956086872e-04    9.08103827347118e-05    -2.04855344781315e-05    1.5480487E-03    20.00    20.00    0.974    0.00000e+00    0.00000e+00    6.12772912E+08
    -3.44548584380717e-04    9.15722286494810e-05    -2.06629200470306e-05    1.5247759E-03    20.00    20.00    0.959    0.00000e+00    0.00000e+00    6.17795641E+08
    -3.47413319333573e-04    9.23340891086606e-05    -2.08403143425759e-05    1.5020236E-03    20.00    20.00    0.945    0.00000e+00    0.00000e+00    6.22818370E+08
    -3.50278156097301e-04    9.30959641122506e-05    -2.10177163951401e-05    1.4798086E-03    20.00    20.00    0.931    0.00000e+00    0.00000e+00    6.27841099E+08
    -3.53143094671903e-04    9.38578536602510e-05    -2.11951262047233e-05    1.4580851E-03    20.00    20.00    0.917    0.00000e+00    0.00000e+00    6.32863828E+08
    -3.56008139905514e-04    9.46197529045251e-05    -2.13725437713253e-05    1.4368539E-03    20.00    20.00    0.904    0.00000e+00    0.00000e+00    6.37886556E+08
    -3.58873277253725e-04    9.53816666932096e-05    -2.15499686101326e-05    1.4160947E-03    20.00    20.00    0.891    0.00000e+00    0.00000e+00    6.42909285E+08
    -3.61738516412808e-04    9.61435950263045e-05    -2.17274007211450e-05    1.3957934E-03    20.00    20.00    0.878    0.00000e+00    0.00000e+00    6.47932014E+08
    -3.64603857382765e-04    9.69055330556731e-05    -2.19048405891764e-05    1.3759365E-03    20.00    20.00    0.865    0.00000e+00    0.00000e+00    6.52954743E+08
    -3.67469285619184e-04    9.76674856294521e-05    -2.20822872445993e-05    1.3565157E-03    20.00    20.00    0.853    0.00000e+00    0.00000e+00    6.57977472E+08
    -3.70334815666477e-04    9.84294527476415e-05    -2.22597411722274e-05    1.3375089E-03    20.00    20.00    0.841    0.00000e+00    0.00000e+00    6.63000200E+08
    -3.73200432980232e-04    9.91914295621045e-05    -2.24372014024334e-05    1.3189088E-03    20.00    20.00    0.830    0.00000e+00    0.00000e+00    6.68022929E+08
    -3.76066142408586e-04    9.99534209209780e-05    -2.26146689048446e-05    1.3007036E-03    20.00    20.00    0.818    0.00000e+00    0.00000e+00    6.73045658E+08
    -3.78931943951540e-04    1.00715421976125e-04    -2.27921431946473e-05    1.2828821E-03    20.00    20.00    0.807    0.00000e+00    0.00000e+00    6.78068387E+08
    -3.81797832760957e-04    1.01477437575683e-04    -2.29696237870279e-05    1.2654335E-03    20.00    20.00    0.796    0.00000e+00    0.00000e+00    6.83091115E+08
    -3.84663808836836e-04    1.02239462871514e-04    -2.31471106819863e-05    1.2483475E-03    20.00    20.00    0.785    0.00000e+00    0.00000e+00    6.88113844E+08
    -3.87529872179177e-04    1.03001502711755e-04    -2.33246043643363e-05    1.2316138E-03    20.00    20.00    0.775    0.00000e+00    0.00000e+00    6.93136573E+08
    -3.90396022787981e-04    1.03763552248271e-04    -2.35021043492641e-05    1.2152225E-03    20.00    20.00    0.764    0.00000e+00    0.00000e+00    6.98159302E+08
    -3.93262255815111e-04    1.04525616329196e-04    -2.36796106367698e-05    1.1991643E-03    20.00    20.00    0.754    0.00000e+00    0.00000e+00    7.03182031E+08
    -3.96128571260567e-04    1.05287690106396e-04    -2.38571227420396e-05    1.1834302E-03    20.00    20.00    0.744    0.00000e+00    0.00000e+00    7.08204759E+08
    -3.98994969124349e-04    1.06049778428005e-04    -2.40346411498873e-05    1.1679552E-03    20.00    20.00    0.735    0.00000e+00    0.00000e+00    7.13227488E+08
    -4.01861449406456e-04    1.06811876445889e-04    -2.42121653754992e-05    1.1529147E-03    20.00    20.00    0.725    0.00000e+00    0.00000e+00    7.18250217E+08
    -4.04728007258753e-04    1.07573984160046e-04    -2.43896959036889e-05    1.1380469E-03    20.00    20.00    0.716    0.00000e+00    0.00000e+00    7.23272946E+08
    -4.07594647529375e-04    1.08336106418613e-04    -2.45672322496429e-05    1.1235247E-03    20.00    20.00    0.707    0.00000e+00    0.00000e+00    7.28295675E+08
    -4.10461360522049e-04    1.09098233525317e-04    -2.47447739285473e-05    1.1092854E-03    20.00    20.00    0.698    0.00000e+00    0.00000e+00    7.33318403E+08
    -4.13328151084912e-04    1.09860380024569e-04    -2.49223219100295e-05    1.0953204E-03    20.00    20.00    0.689    0.00000e+00    0.00000e+00    7.38341132E+08
    -4.16195019217965e-04    1.10622531371957e-04    -2.50998752244622e-05    1.0816751E-03    20.00    20.00    0.680    0.00000e+00    0.00000e+00    7.43363861E+08
    -4.19061964921206e-04    1.11384697263755e-04    -2.52774343566592e-05    1.0681917E-03    20.00    20.00    0.672    0.00000e+00    0.00000e+00    7.48386590E+08
    -4.21928978498362e-04    1.12146872851828e-04    -2.54549988218066e-05    1.0550139E-03    20.00    20.00    0.664    0.00000e+00    0.00000e+00    7.53409319E+08
    -4.24796064797571e-04    1.12909058136174e-04    -2.56325691047182e-05    1.0420835E-03    20.00    20.00    0.655    0.00000e+00    0.00000e+00    7.58432047E+08
    -4.27663228666969e-04    1.13671253116793e-04    -2.58101447205802e-05    1.0299024E-03    20.00    20.00    0.648    0.00000e+00    0.00000e+00    7.63454776E+08
    -4.30530455562145e-04    1.14433457793686e-04    -2.59877261542065e-05    1.0173900E-03    20.00    20.00    0.640    0.00000e+00    0.00000e+00    7.68477505E+08
    -4.33397760027510e-04    1.15195677014990e-04    -2.61653124359695e-05    1.0051541E-03    20.00    20.00    0.632    0.00000e+00    0.00000e+00    7.73500234E+08
    -4.36265127518654e-04    1.15957901084430e-04    -2.63429040506831e-05    9.9318737E-04    20.00    20.00    0.625    0.00000e+00    0.00000e+00    7.78522962E+08
    -4.39132567731850e-04    1.16720139698281e-04    -2.65205009983471e-05    9.8139421E-04    20.00    20.00    0.617    0.00000e+00    0.00000e+00    7.83545691E+08
    -4.42000070970825e-04    1.17482388008406e-04    -2.66981032789617e-05    9.6975918E-04    20.00    20.00    0.610    0.00000e+00    0.00000e+00    7.88568420E+08
    -4.44867642083715e-04    1.18244646014804e-04    -2.68757108925267e-05    9.5839012E-04    20.00    20.00    0.603    0.00000e+00    0.00000e+00    7.93591149E+08
    -4.47735281070520e-04    1.19006913717476e-04    -2.70533233542286e-05    9.4710181E-04    20.00    20.00    0.596    0.00000e+00    0.00000e+00    7.98613878E+08
    -4.50602983083104e-04    1.19769191116421e-04    -2.72309411488809e-05    9.3613520E-04    20.00    20.00    0.589    0.00000e+00    0.00000e+00    8.03636606E+08
    -4.53470748121466e-04    1.20531473363503e-04    -2.74085637916700e-05    9.2547984E-04    20.00    20.00    0.582    0.00000e+00    0.00000e+00    8.08659335E+08
    -4.56338576185607e-04    1.21293770154996e-04    -2.75861912825960e-05    9.1489396E-04    20.00    20.00    0.575    0.00000e+00    0.00000e+00    8.13682064E+08
    -4.59206467275526e-04    1.22056076642762e-04    -2.77638236216588e-05    9.0449256E-04    20.00    20.00    0.569    0.00000e+00    0.00000e+00    8.18704793E+08
    -4.62074421391224e-04    1.22818392826802e-04    -2.79414612936720e-05    8.9430848E-04    20.00    20.00    0.562    0.00000e+00    0.00000e+00    8.23727522E+08
    -4.64942438532701e-04    1.23580713858978e-04    -2.81191033290084e-05    8.8423038E-04    20.00    20.00    0.556    0.00000e+00    0.00000e+00    8.28750250E+08
    -4.67810509003682e-04    1.24343049435565e-04    -2.82967506972953e-05    8.7435700E-04    20.00    20.00    0.550    0.00000e+00    0.00000e+00    8.33772979E+08
    -4.70678642500442e-04    1.25105389860289e-04    -2.84744024289053e-05    8.6464745E-04    20.00    20.00    0.544    0.00000e+00    0.00000e+00    8.38795708E+08
    -4.73546839022980e-04    1.25867739981287e-04    -2.86520594934658e-05    8.5511011E-04    20.00    20.00    0.538    0.00000e+00    0.00000e+00    8.43818437E+08
    -4.76415088875024e-04    1.26630099798558e-04    -2.88297204365357e-05    8.4576115E-04    20.00    20.00    0.532    0.00000e+00    0.00000e+00    8.48841166E+08
    -4.79283396904709e-04    1.27392469312103e-04    -2.90073867125562e-05    8.3653624E-04    20.00    20.00    0.526    0.00000e+00    0.00000e+00    8.53863894E+08
    -4.82151758263899e-04    1.28154848521921e-04    -2.91850573518998e-05    8.2746460E-04    20.00    20.00    0.520    0.00000e+00    0.00000e+00    8.58886623E+08
    -4.85020163256321e-04    1.28917232579876e-04    -2.93627323545665e-05    8.1854270E-04    20.00    20.00    0.515    0.00000e+00    0.00000e+00    8.63909352E+08
    -4.87888660363341e-04    1.29679626334105e-04    -2.95404122053700e-05    8.0973739E-04    20.00    20.00    0.509    0.00000e+00    0.00000e+00    8.68932081E+08
    -4.90757205951730e-04    1.30442029784607e-04    -2.97180964194966e-05    8.0096297E-04    20.00    20.00    0.504    0.00000e+00    0.00000e+00    8.73954809E+08
    -4.93625751540119e-04    1.31204442931383e-04    -2.98957854817601e-05    7.9264337E-04    20.00    20.00    0.499    0.00000e+00    0.00000e+00    8.78977538E+08
    -4.96494394091244e-04    1.31966860926296e-04    -3.00734784225330e-05    7.8414767E-04    20.00    20.00    0.493    0.00000e+00    0.00000e+00    8.84000267E+08
    -4.99363085123737e-04    1.32729288617483e-04    -3.02511762114427e-05    7.7594294E-04    20.00    20.00    0.488    0.00000e+00    0.00000e+00    8.89022996E+08
    -5.02231824637599e-04    1.33491721156806e-04    -3.04288783636755e-05    7.6786955E-04    20.00    20.00    0.483    0.00000e+00    0.00000e+00    8.94045725E+08
    -5.05100612632828e-04    1.34254168240540e-04    -3.06065843944178e-05    7.5992631E-04    20.00    20.00    0.478    0.00000e+00    0.00000e+00    8.99068453E+08
    -5.07969497590794e-04    1.35016620172410e-04    -3.07842952732970e-05    7.5210569E-04    20.00    20.00    0.473    0.00000e+00    0.00000e+00    9.04091182E+08
    -5.10838382548760e-04    1.35779076952418e-04    -3.09620100306855e-05    7.4441135E-04    20.00    20.00    0.468    0.00000e+00    0.00000e+00    9.09113911E+08
    -5.13707315988093e-04    1.36541543428699e-04    -3.11397291513972e-05    7.3683276E-04    20.00    20.00    0.463    0.00000e+00    0.00000e+00    9.14136640E+08
    -5.16576297908795e-04    1.37304019601253e-04    -3.13174526354320e-05    7.2937390E-04    20.00    20.00    0.459    0.00000e+00    0.00000e+00    9.19159369E+08
    -5.19445376792233e-04    1.38066500621945e-04    -3.14951799979763e-05    7.2203369E-04    20.00    20.00    0.454    0.00000e+00    0.00000e+00    9.24182097E+08
    -5.22314455675672e-04    1.38828991338910e-04    -3.16729117238437e-05    7.1480466E-04    20.00    20.00    0.450    0.00000e+00    0.00000e+00    9.29204826E+08
    -5.25183583040478e-04    1.39591486904011e-04    -3.18506473282205e-05    7.0769329E-04    20.00    20.00    0.445    0.00000e+00    0.00000e+00    9.34227555E+08
    -5.28052758886652e-04    1.40353992165387e-04    -3.20283872959205e-05    7.0068403E-04    20.00    20.00    0.441    0.00000e+00    0.00000e+00    9.39250284E+08
    -5.30921983214195e-04    1.41116502274899e-04    -3.22061311421299e-05    6.9378104E-04    20.00    20.00    0.436    0.00000e+00    0.00000e+00    9.44273013E+08
    -5.33791256023105e-04    1.41879022080685e-04    -3.23838788668488e-05    6.8698227E-04    20.00    20.00    0.432    0.00000e+00    0.00000e+00    9.49295741E+08
    -5.36660577313384e-04    1.42641546734608e-04    -3.25616309548908e-05    6.8028552E-04    20.00    20.00    0.428    0.00000e+00    0.00000e+00    9.54318470E+08
    -5.39529947085031e-04    1.43404081084804e-04    -3.27393864366285e-05    6.7366552E-04    20.00    20.00    0.424    0.00000e+00    0.00000e+00    9.59341199E+08
    -5.42399365338046e-04    1.44166620283137e-04    -3.29171462816894e-05    6.6716690E-04    20.00    20.00    0.420    0.00000e+00    0.00000e+00    9.64363928E+08
    -5.45268832072429e-04    1.44929169177744e-04    -3.30949100052598e-05    6.6076436E-04    20.00    20.00    0.416    0.00000e+00    0.00000e+00    9.69386656E+08
    -5.48138347288180e-04    1.45691722920487e-04    -3.32726776073396e-05    6.5445592E-04    20.00    20.00    0.412    0.00000e+00    0.00000e+00    9.74409385E+08
    -5.51007862503931e-04    1.46454281511368e-04    -3.34504490879288e-05    6.4826264E-04    20.00    20.00    0.408    0.00000e+00    0.00000e+00    9.79432114E+08
    -5.53877474682418e-04    1.47216849798522e-04    -3.36282239622138e-05    6.4213686E-04    20.00    20.00    0.404    0.00000e+00    0.00000e+00    9.84454843E+08
    -5.56747086860905e-04    1.47979422933813e-04    -3.38060031998220e-05    6.3609976E-04    20.00    20.00    0.400    0.00000e+00    0.00000e+00    9.89477572E+08
    -5.59616747520761e-04    1.48742000917240e-04    -3.39837858311259e-05    6.3014968E-04    20.00    20.00    0.396    0.00000e+00    0.00000e+00    9.94500300E+08
    -5.62486456661985e-04    1.49504588596942e-04    -3.41615723409392e-05    6.2428359E-04    20.00    20.00    0.393    0.00000e+00    0.00000e+00    9.99523029E+08
    -5.65356214284576e-04    1.50267181124780e-04    -3.43393622444484e-05    6.1845483E-04    20.00    20.00    0.389    0.00000e+00    0.00000e+00    1.00454576E+09
