    -4.03035628184733e-05    4.38137650734452e-05    -4.19242319541411e-06    10390499.573920982    1010.3811422778580    1010.3811422778580    0.60624589111903215    0.00000e+00    0.00000e+00    356613744.09584570
    -4.22985491025339e-05    4.59823335792243e-05    -4.39967386864571e-06    9418719.8039948195    947.74077578391041    947.74077578391041    0.58344975539614874    0.00000e+00    0.00000e+00    361636472.88592803
    -4.42967493585194e-05    4.81542586807191e-05    -4.60702042300109e-06    8576481.6087645013    891.41330405791530    891.41330405791530    0.43860336674426165    0.00000e+00    0.00000e+00    366659201.67601037
    -4.62977942430471e-05    5.03291701511535e-05    -4.81445944918210e-06    7841884.4540571291    840.56714579619916    840.56714579619916    0.38331904094542835    0.00000e+00    0.00000e+00    371681930.46609271
    -4.83013836423160e-05    5.25067695324173e-05    -5.02199122301294e-06    7197132.3553352598    794.46098275142924    794.46098275142924    0.37652375471264199    0.00000e+00    0.00000e+00    376704659.25617504
    -5.03072583056400e-05    5.46868030267805e-05    -5.22961532856076e-06    6628205.4165134849    752.54351432582303    752.54351432582303    0.35769594502885921    0.00000e+00    0.00000e+00    381727388.04625738
    -5.23152041638455e-05    5.68690672662636e-05    -5.43733309670561e-06    6123758.2715423526    714.30119047291953    714.30119047291953    0.35185240134767198    0.00000e+00    0.00000e+00    386750116.83633971
    -5.43250337533677e-05    5.90533872835620e-05    -5.64514720471086e-06    5674631.4282021672    679.31675720217640    679.31675720217640    0.34616472608308219    0.00000e+00    0.00000e+00    391772845.62642205
    -5.63365823813311e-05    6.12396117749292e-05    -5.85306147006520e-06    5273161.3557133991    647.22081049105361    647.22081049105361    0.34066093467312775    0.00000e+00    0.00000e+00    396795574.41650438
    -5.83497039207495e-05    6.34276067085346e-05    -6.06107926943510e-06    4912951.4774615327    617.69358842099336    617.69358842099336    0.33523405116364385    0.00000e+00    0.00000e+00    401818303.20658672
    -6.03642687678105e-05    6.56172511210725e-05    -6.26920309007314e-06    4588606.7617432289    590.45668794020924    590.45668794020924    0.32998039547204761    0.00000e+00    0.00000e+00    406841031.99666899
    -6.23801615035456e-05    6.78084345770433e-05    -6.47743478862186e-06    4295554.8760344544    565.26686402962957    565.26686402962957    0.32486102334772293    0.00000e+00    0.00000e+00    411863760.78675133
    -6.43972777243366e-05    7.00010553780047e-05    -6.68577563955297e-06    4029907.3682773425    541.91142946346611    541.91142946346611    0.31987116934323390    0.00000e+00    0.00000e+00    416886489.57683367
    -6.64155218955420e-05    7.21950192852635e-05    -6.89422632074863e-06    3788346.5932252188    520.20435775918861    520.20435775918861    0.31500633473273926    0.00000e+00    0.00000e+00    421909218.36691600
    -6.84348073620529e-05    7.43902392355840e-05    -7.10278731902447e-06    3568033.2270329129    499.98315915654206    499.98315915654206    0.31026200317864633    0.00000e+00    0.00000e+00    426931947.15699834
    -7.04550567970463e-05    7.65866360436327e-05    -7.31145957081797e-06    3366569.3585508969    481.10960981119069    481.10960981119069    0.30563417650031965    0.00000e+00    0.00000e+00    431954675.94708067
    -7.24762009668277e-05    7.87841381605587e-05    -7.52024426437626e-06    3181903.9964270163    463.46339625463941    463.46339625463941    0.30111871619371877    0.00000e+00    0.00000e+00    436977404.73716301
    -7.44981775177526e-05    8.09826805306212e-05    -7.72914284378176e-06    3012243.7931287270    446.93623121786851    446.93623121786851    0.29671196746175665    0.00000e+00    0.00000e+00    442000133.52724534
    -7.65209301606002e-05    8.31822038598510e-05    -7.93815717570554e-06    2856019.6302779489    431.43129048199398    431.43129048199398    0.29241022950497286    0.00000e+00    0.00000e+00    447022862.31732768
    -7.85444079845943e-05    8.53826537121070e-05    -8.14728957121275e-06    2711860.2968759402    416.86194157731939    416.86194157731939    0.28821014979597492    0.00000e+00    0.00000e+00    452045591.10741001
    -8.05685647589426e-05    8.75839797156383e-05    -8.35654273145057e-06    2578556.8987835473    403.15004271899892    403.15004271899892    0.28410823050143397    0.00000e+00    0.00000e+00    457068319.89749235
    -8.25933582646564e-05    8.97861350116309e-05    -8.56591963310053e-06    2455044.2584363394    390.22526880586599    390.22526880586599    0.28010139804124351    0.00000e+00    0.00000e+00    462091048.68757468
    -8.46187499349844e-05    9.19890760241243e-05    -8.77542346745104e-06    2340382.7883281964    378.02430425787765    378.02430425787765    0.27618669946015567    0.00000e+00    0.00000e+00    467113777.47765702
    -8.66447046764346e-05    9.41927622249338e-05    -8.98505753935877e-06    2233738.3185288496    366.48998944767089    366.48998944767089    0.27236120867889951    0.00000e+00    0.00000e+00    472136506.26773936
    -8.86711905499137e-05    9.63971557776294e-05    -9.19482522570561e-06    2134372.2548664808    355.57076984223283    355.57076984223283    0.26862228699997054    0.00000e+00    0.00000e+00    477159235.05782169
    -9.06981784880733e-05    9.86022214093800e-05    -9.40472990306671e-06    2041627.9598272315    345.22005195144806    345.22005195144806    0.26496705790063935    0.00000e+00    0.00000e+00    482181963.84790403
    -9.27256420812992e-05    1.00807926459627e-04    -9.61477495555352e-06    1954922.7171722807    335.39593856589863    335.39593856589863    0.26139317450207356    0.00000e+00    0.00000e+00    487204692.63798636
    -9.47535571746493e-05    1.03014240409119e-04    -9.82496376369511e-06    1873740.8019776021    326.06084926874752    326.06084926874752    0.25789804988347903    0.00000e+00    0.00000e+00    492227421.42806870
    -9.67819016942479e-05    1.05221134636391e-04    -1.00352996570237e-05    1797621.4617277703    317.18079417629667    317.18079417629667    0.25447943593584410    0.00000e+00    0.00000e+00    497250150.21815103
    -9.88106553769053e-05    1.07428582165797e-04    -1.02457858523336e-05    1726148.5080013631    308.72444816592031    308.72444816592031    0.25113493333922565    0.00000e+00    0.00000e+00    502272879.00823337
    -1.00839799483000e-04    1.09636557435772e-04    -1.04564254307888e-05    1658947.0448625761    300.66308997830646    300.66308997830646    0.24786231309208381    0.00000e+00    0.00000e+00    507295607.79831570
    -1.02869316703079e-04    1.11845036197356e-04    -1.06672213774047e-05    1595678.7029536346    292.97056566676110    292.97056566676110    0.24465957751171896    0.00000e+00    0.00000e+00    512318336.58839804
    -1.04899191118072e-04    1.14053995435867e-04    -1.08781766116573e-05    1536037.8025112166    285.62280543093556    285.62280543093556    0.24152458085604200    0.00000e+00    0.00000e+00    517341065.37848037
    -1.06929408022944e-04    1.16263413258360e-04    -1.10892939776300e-05    1479747.0907281435    278.59759345000049    278.59759345000049    0.23845533108693756    0.00000e+00    0.00000e+00    522363794.16856271
    -1.08959953769022e-04    1.18473268786796e-04    -1.13005762290351e-05    1426554.1163880192    271.87448518890869    271.87448518890869    0.23544997952676505    0.00000e+00    0.00000e+00    527386522.95864505
    -1.10990815648986e-04    1.20683542065284e-04    -1.15120260012977e-05    1376230.7691957387    265.43469516643239    265.43469516643239    0.23250660585934563    0.00000e+00    0.00000e+00    532409251.74872738
    -1.13021981702258e-04    1.22894213900841e-04    -1.17236457696655e-05    1328568.2697317896    259.26084433150584    259.26084433150584    0.22962349596641873    0.00000e+00    0.00000e+00    537431980.53880966
    -1.15053440598527e-04    1.25105265760474e-04    -1.19354378451350e-05    1283377.2014037175    253.33690085366518    253.33690085366518    0.22679886419020492    0.00000e+00    0.00000e+00    542454709.32889199
    -1.17085181533576e-04    1.27316679717927e-04    -1.21474043785770e-05    1240487.4694646045    247.64849050533047    247.64849050533047    0.22403111993577074    0.00000e+00    0.00000e+00    547477438.11897433
    -1.19117194141797e-04    1.29528438429273e-04    -1.23595473837081e-05    1199746.4461778805    242.18263009882949    242.18263009882949    0.22131866354608590    0.00000e+00    0.00000e+00    552500166.90905666
    -1.21149468559812e-04    1.31740525185497e-04    -1.25718687668490e-05    1161012.6909572757    236.92719546322590    236.92719546322590    0.21865995192358775    0.00000e+00    0.00000e+00    557522895.69913900
    -1.23181995496931e-04    1.33952923943730e-04    -1.27843703246605e-05    1124155.8317812616    231.87079986785159    231.87079986785159    0.21605349607217397    0.00000e+00    0.00000e+00    562545624.48922133
    -1.25214766167069e-04    1.36165619288497e-04    -1.29970537288082e-05    1089055.3665234514    227.00276371868890    227.00276371868890    0.21349791855153455    0.00000e+00    0.00000e+00    567568353.27930367
    -1.27247772222868e-04    1.38378596382191e-04    -1.32099205092473e-05    1055600.1696187130    222.31311483794877    222.31311483794877    0.21099182872815853    0.00000e+00    0.00000e+00    572591082.06938601
    -1.29281005703858e-04    1.40591840935404e-04    -1.34229720522306e-05    1023687.6401314102    217.79252638078498    217.79252638078498    0.20853388357430716    0.00000e+00    0.00000e+00    577613810.85946834
    -1.31314459004696e-04    1.42805339185479e-04    -1.36362096183115e-05    993222.76754850964    213.43229118094584    213.43229118094584    0.20612278607031664    0.00000e+00    0.00000e+00    582636539.64955068
    -1.33348124862237e-04    1.45019077900320e-04    -1.38496343854302e-05    964117.97048331972    209.22426295513529    209.22426295513529    0.20375739410958563    0.00000e+00    0.00000e+00    587659268.43963301
    -1.35381996329848e-04    1.47233044372070e-04    -1.40632474631880e-05    936292.41365882498    205.16083367436718    205.16083367436718    0.20143649083802759    0.00000e+00    0.00000e+00    592681997.22971535
    -1.37416066770141e-04    1.49447226396211e-04    -1.42770498678998e-05    909670.79020690511    201.23489565693666    201.23489565693666    0.19915890013503831    0.00000e+00    0.00000e+00    597704726.01979768
    -1.39450329838952e-04    1.51661612256860e-04    -1.44910424980792e-05    884183.47003679804    197.43975836325745    197.43975836325745    0.19692348499113341    0.00000e+00    0.00000e+00    602727454.80988002
    -1.41484779461134e-04    1.53876190710309e-04    -1.47052261314030e-05    859765.15252741892    193.76911965400652    193.76911965400652    0.19472924943905148    0.00000e+00    0.00000e+00    607750183.59996235
    -1.43519409808318e-04    1.56090950968742e-04    -1.49196014212613e-05    836355.92139497004    190.21707676272374    190.21707676272374    0.19257512478245151    0.00000e+00    0.00000e+00    612772912.39004469
    -1.45554215305578e-04    1.58305882706735e-04    -1.51341689023564e-05    813900.72551853606    186.77823584151227    186.77823584151227    0.19046002719868629    0.00000e+00    0.00000e+00    617795641.18012702
    -1.47589190643461e-04    1.60520976075075e-04    -1.53489290116111e-05    792348.41157629865    183.44764374070212    183.44764374070212    0.18838300807554195    0.00000e+00    0.00000e+00    622818369.97020936
    -1.49624330759691e-04    1.62736221695043e-04    -1.55638820922491e-05    771652.12830338813    180.22059401926853    180.22059401926853    0.18634319594759999    0.00000e+00    0.00000e+00    627841098.76029170
    -1.51659630811747e-04    1.64951610636050e-04    -1.57790283957876e-05    751766.79064463242    177.09260323135913    177.09260323135913    0.18433955379251721    0.00000e+00    0.00000e+00    632863827.55037403
    -1.53695086150902e-04    1.67167134385173e-04    -1.59943680876803e-05    732650.87996877660    174.05940334301042    174.05940334301042    0.18237126782002624    0.00000e+00    0.00000e+00    637886556.34045637
    -1.55730692304006e-04    1.69382784813401e-04    -1.62099012568028e-05    714264.57723585633    171.11693460405829    171.11693460405829    0.18043745484416579    0.00000e+00    0.00000e+00    642909285.13053870
    -1.57766444965187e-04    1.71598554142111e-04    -1.64256279252954e-05    696570.99457805697    168.26134965737029    168.26134965737029    0.17853725943625817    0.00000e+00    0.00000e+00    647932013.92062104
    -1.59802339995522e-04    1.73814434915214e-04    -1.66415480569731e-05    679535.51061351458    165.48900027179965    165.48900027179965    0.17666989737758385    0.00000e+00    0.00000e+00    652954742.71070337
    -1.61838373414605e-04    1.76030419978186e-04    -1.68576615581254e-05    663125.60740746930    162.79641697462247    162.79641697462247    0.17483451976736997    0.00000e+00    0.00000e+00    657977471.50078571
    -1.63874541383547e-04    1.78246502457410e-04    -1.70739682792301e-05    647310.33562779753    160.18029860884724    160.18029860884724    0.17303043459280254    0.00000e+00    0.00000e+00    663000200.29086804
    -1.65910840191158e-04    1.80462675741414e-04    -1.72904680136944e-05    632060.79702657578    157.63750544022696    157.63750544022696    0.17125684103497288    0.00000e+00    0.00000e+00    668022929.08095038
    -1.67947266247023e-04    1.82678933466617e-04    -1.75071604984121e-05    617349.80318696960    155.16505232182357    155.16505232182357    0.16951304755313262    0.00000e+00    0.00000e+00    673045657.87103271
    -1.69983816075370e-04    1.84895269504895e-04    -1.77240454153418e-05    603151.40641433501    152.76010035924574    152.76010035924574    0.16779834113199410    0.00000e+00    0.00000e+00    678068386.66111505
    -1.72020486321221e-04    1.87111677961207e-04    -1.79411223896185e-05    589441.86344366381    150.41995330943806    150.41995330943806    0.16611203025087176    0.00000e+00    0.00000e+00    683091115.45119739
    -1.74057273780526e-04    1.89328153193381e-04    -1.81583909841256e-05    576197.94476626604    148.14206384433956    148.14206384433956    0.16445348390007838    0.00000e+00    0.00000e+00    688113844.24127972
    -1.76094175401318e-04    1.91544689806658e-04    -1.83758507104136e-05    563398.72842900991    145.92403373329330    145.92403373329330    0.16282201022034626    0.00000e+00    0.00000e+00    693136573.03136206
    -1.78131188268842e-04    1.93761282636615e-04    -1.85935010347498e-05    551023.96996916179    143.76358325830140    143.76358325830140    0.16121701625494775    0.00000e+00    0.00000e+00    698159301.82144439
    -1.80168309593349e-04    1.95977926732849e-04    -1.88113413815791e-05    539054.54910495458    141.65853897934508    141.65853897934508    0.15963792527280257    0.00000e+00    0.00000e+00    703182030.61152673
    -1.82205536698241e-04    1.98194617350006e-04    -1.90293711314442e-05    527472.83630753076    139.60682802920087    139.60682802920087    0.15808413881010958    0.00000e+00    0.00000e+00    708204759.40160906
    -1.84242867011220e-04    2.00411349940417e-04    -1.92475896215742e-05    516261.56582415290    137.60647363236563    137.60647363236563    0.15655503896594383    0.00000e+00    0.00000e+00    713227488.19169140
    -1.86280298056308e-04    2.02628120145119e-04    -1.94659961486244e-05    505404.68813709437    135.65558986741976    135.65558986741976    0.15505013580739233    0.00000e+00    0.00000e+00    718250216.98177373
    -1.88317827449829e-04    2.04844923783297e-04    -1.96845899708391e-05    494887.13713088253    133.75238174873169    133.75238174873169    0.15356891548509641    0.00000e+00    0.00000e+00    723272945.77185607
    -1.90355452901063e-04    2.07061756846232e-04    -1.99033703085915e-05    484694.49711101834    131.89515515045738    131.89515515045738    0.15211080727965831    0.00000e+00    0.00000e+00    728295674.56193841
    -1.92393172210429e-04    2.09278615493367e-04    -2.01223363453274e-05    474813.35523126874    130.08229561653010    130.08229561653010    0.15067532727324653    0.00000e+00    0.00000e+00    733318403.35202074
    -1.94430983261096e-04    2.11495496045600e-04    -2.03414872294692e-05    465230.72582782531    128.31225744549155    128.31225744549155    0.14926200421244806    0.00000e+00    0.00000e+00    738341132.14210308
    -1.96468884010008e-04    2.13712394980556e-04    -2.05608220732399e-05    455934.52627289231    126.58356184606482    126.58356184606482    0.14787037910034651    0.00000e+00    0.00000e+00    743363860.93218541
    -1.98506872481218e-04    2.15929308927068e-04    -2.07803399508300e-05    446913.03558930126    124.89479847500803    124.89479847500803    0.14649993831985783    0.00000e+00    0.00000e+00    748386589.72226775
    -2.00544946762443e-04    2.18146234656957e-04    -2.10000398990929e-05    438155.34834148979    123.24461875747629    123.24461875747629    0.14515031467622458    0.00000e+00    0.00000e+00    753409318.51235008
    -2.02583105001948e-04    2.20363169076599e-04    -2.12199209192850e-05    429651.08764432085    121.63173055060028    121.63173055060028    0.14382098673734278    0.00000e+00    0.00000e+00    758432047.30243242
    -2.04621345404466e-04    2.22580109219241e-04    -2.14399819792299e-05    421390.26643991482    120.05490116255210    120.05490116255210    0.14251160864482509    0.00000e+00    0.00000e+00    763454776.09251475
    -2.06659666222437e-04    2.24797052236797e-04    -2.16602220159147e-05    413363.37906161591    118.51295626434093    118.51295626434093    0.14122174705838247    0.00000e+00    0.00000e+00    768477504.88259709
    -2.08698065749251e-04    2.27013995393951e-04    -2.18806399379812e-05    405561.68376894109    117.00476987742371    117.00476987742371    0.13995098051828397    0.00000e+00    0.00000e+00    773500233.67267942
    -2.10736542316081e-04    2.29230936065497e-04    -2.21012346284271e-05    397976.63534166507    115.52927704059108    115.52927704059108    0.13869892958729477    0.00000e+00    0.00000e+00    778522962.46276176
    -2.12775094294063e-04    2.31447871736810e-04    -2.23220049439974e-05    390600.18326539389    114.08547099435738    114.08547099435738    0.13746522425112503    0.00000e+00    0.00000e+00    783545691.25284410
    -2.14813720092791e-04    2.33664799999272e-04    -2.25429497114024e-05    383424.73814554047    112.67238393473083    112.67238393473083    0.13624947393157125    0.00000e+00    0.00000e+00    788568420.04292643
    -2.16852418159122e-04    2.35881718542184e-04    -2.27640677277970e-05    376443.04716426216    111.28908314531103    111.28908314531103    0.13505132784055054    0.00000e+00    0.00000e+00    793591148.83300877
    -2.18891186978496e-04    2.38098625149817e-04    -2.29853577647599e-05    369648.17656727578    109.93466952987217    109.93466952987217    0.13387044377069554    0.00000e+00    0.00000e+00    798613877.62309110
    -2.20930025074858e-04    2.40315517699533e-04    -2.32068185692208e-05    363033.31704062322    108.60827614965602    108.60827614965602    0.13270645923119337    0.00000e+00    0.00000e+00    803636606.41317344
    -2.22968931008652e-04    2.42532394157678e-04    -2.34284488639700e-05    356592.22410065396    107.30906932572061    107.30906932572061    0.13155904967281987    0.00000e+00    0.00000e+00    808659335.20325565
    -2.25007903373961e-04    2.44749252574557e-04    -2.36502473480519e-05    350318.74695012643    106.03624826550231    106.03624826550231    0.13042787040021281    0.00000e+00    0.00000e+00    813682063.99333799
    -2.27046940799949e-04    2.46966091084939e-04    -2.38722126967071e-05    344207.00107645773    104.78904086224138    104.78904086224138    0.12931261319035753    0.00000e+00    0.00000e+00    818704792.78342032
    -2.29086041953403e-04    2.49182907910163e-04    -2.40943435615398e-05    338251.43577662873    103.56670206921210    103.56670206921210    0.12821297715208702    0.00000e+00    0.00000e+00    823727521.57350266
    -2.31125205536944e-04    2.51399701356098e-04    -2.43166385725755e-05    332446.73294785572    102.36851268056604    102.36851268056604    0.12712864183653294    0.00000e+00    0.00000e+00    828750250.36358500
    -2.33164430288073e-04    2.53616469810223e-04    -2.45390963400102e-05    326787.71822323982    101.19378252829844    101.19378252829844    0.12605936650629318    0.00000e+00    0.00000e+00    833772979.15366733
    -2.35203714980551e-04    2.55833211742192e-04    -2.47617154561742e-05    321269.51022801315    100.04186267298228    100.04186267298228    0.12500471071739838    0.00000e+00    0.00000e+00    838795707.94374967
    -2.37243058426091e-04    2.58049925703970e-04    -2.49844944980718e-05    315887.57542794995    98.912134612893780    98.912134612893780    0.12396460387792364    0.00000e+00    0.00000e+00    843818436.73383200
    -2.39282459473654e-04    2.60266610325054e-04    -2.52074320288159e-05    310637.48508445598    97.804002048881259    97.804002048881259    0.12293861559593737    0.00000e+00    0.00000e+00    848841165.52391434
    -2.41321917007327e-04    2.62483264308015e-04    -2.54305266000065e-05    305514.98585437506    96.716887776903448    96.716887776903448    0.12192651650738676    0.00000e+00    0.00000e+00    853863894.31399667
    -2.43361429944506e-04    2.64699886424360e-04    -2.56537767539013e-05    300516.06087296369    95.650234500649702    95.650234500649702    0.12092805415114098    0.00000e+00    0.00000e+00    858886623.10407901
    -2.45400997233470e-04    2.66916475509236e-04    -2.58771810243909e-05    295636.77908184967    94.603507328255773    94.603507328255773    0.11994298178748507    0.00000e+00    0.00000e+00    863909351.89416134
    -2.47440617851753e-04    2.69133030457062e-04    -2.61007379370588e-05    290873.36189819558    93.576188576672408    93.576188576672408    0.11897101909025949    0.00000e+00    0.00000e+00    868932080.68424368
    -2.49480290809096e-04    2.71349550221114e-04    -2.63244460122514e-05    286222.30603044166    92.567776088037775    92.567776088037775    0.11801198038694199    0.00000e+00    0.00000e+00    873954809.47432601
    -2.51520015150909e-04    2.73566033813858e-04    -2.65483037684169e-05    281679.98214567412    91.577782370140369    91.577782370140369    0.11706562472895495    0.00000e+00    0.00000e+00    878977538.26440835
    -2.53559789957345e-04    2.75782480304594e-04    -2.67723097236987e-05    277243.15345104027    90.605733366856413    90.605733366856413    0.11614279583191682    0.00000e+00    0.00000e+00    884000267.05449069
    -2.55599614342950e-04    2.77998888818112e-04    -2.69964623982772e-05    272908.51693262166    89.651167762574744    89.651167762574744    0.11522105142903588    0.00000e+00    0.00000e+00    889022995.84457302
    -2.57639487455690e-04    2.80215258532415e-04    -2.72207603150021e-05    268672.95583345200    88.713637979141126    88.713637979141126    0.11430310369810216    0.00000e+00    0.00000e+00    894045724.63465536
    -2.59679408475281e-04    2.82431588675803e-04    -2.74452019990400e-05    264533.52783923433    87.792709912553121    87.792709912553121    0.11340212847191293    0.00000e+00    0.00000e+00    899068453.42473769
    -2.61719376611055e-04    2.84647878524412e-04    -2.76697859784022e-05    260487.22518270090    86.887962458472998    86.887962458472998    0.11251574407187204    0.00000e+00    0.00000e+00    904091182.21482003
    -2.63759391099039e-04    2.86864127399395e-04    -2.78945107847645e-05    256531.26780662136    85.998986996466400    85.998986996466400    0.11164072333530001    0.00000e+00    0.00000e+00    909113911.00490236
    -2.65799451198633e-04    2.89080334665144e-04    -2.81193749542257e-05    252663.03196209003    85.125387279448972    85.125387279448972    0.11077980652279704    0.00000e+00    0.00000e+00    914136639.79498470
    -2.67839556191527e-04    2.91296499729204e-04    -2.83443770293500e-05    248879.82501146133    84.266779356470352    84.266779356470352    0.10992687496659105    0.00000e+00    0.00000e+00    919159368.58506703
    -2.69879705382056e-04    2.93512622043621e-04    -2.85695155618135e-05    245179.21425156060    83.422790983373005    83.422790983373005    0.10909276878366769    0.00000e+00    0.00000e+00    924182097.37514937
    -2.71919898096722e-04    2.95728701103246e-04    -2.87947891125535e-05    241558.74813902515    82.593061101460307    82.593061101460307    0.10825023892299537    0.00000e+00    0.00000e+00    929204826.16523170
    -2.73960133682974e-04    2.97944736443474e-04    -2.90201962516161e-05    238016.06439934182    81.777240426774753    81.777240426774753    0.10742910399880816    0.00000e+00    0.00000e+00    934227554.95531404
    -2.76000411507255e-04    3.00160727638556e-04    -2.92457355593009e-05    234548.98571013732    80.974992950486325    80.974992950486325    0.10661816073384639    0.00000e+00    0.00000e+00    939250283.74539638
    -2.78040730953310e-04    3.02376674299848e-04    -2.94714056274596e-05    231155.36010875786    80.185993874030800    80.185993874030800    0.10581727932160646    0.00000e+00    0.00000e+00    944273012.53547871
    -2.80081091420416e-04    3.04592576073265e-04    -2.96972050593278e-05    227833.06269352109    79.409930612863093    79.409930612863093    0.10502625246249649    0.00000e+00    0.00000e+00    949295741.32556105
    -2.82121492318598e-04    3.06808432634836e-04    -2.99231324686951e-05    224580.13796129316    78.646506682250859    78.646506682250859    0.10424493682470834    0.00000e+00    0.00000e+00    954318470.11564338
    -2.84161933063541e-04    3.09024243686592e-04    -3.01491864794301e-05    221394.78779573704    77.895437697732191    77.895437697732191    0.10347315288898543    0.00000e+00    0.00000e+00    959341198.90572572
    -2.86202413075725e-04    3.11240008954951e-04    -3.03753657255749e-05    218275.08905598443    77.156446387479590    77.156446387479590    0.10274793849391574    0.00000e+00    0.00000e+00    964363927.69580805
    -2.88242931780362e-04    3.13455728189704e-04    -3.06016688517669e-05    215219.31893836739    76.429262276828211    76.429262276828211    0.10199493127937929    0.00000e+00    0.00000e+00    969386656.48589039
    -2.90283488607296e-04    3.15671401163295e-04    -3.08280945143221e-05    212225.72219420664    75.713621858267672    75.713621858267672    0.10125099009341020    0.00000e+00    0.00000e+00    974409385.27597272
    -2.92324082991369e-04    3.17887027670123e-04    -3.10546413819100e-05    209292.73081243382    75.009268304435807    75.009268304435807    0.10051593123516421    0.00000e+00    0.00000e+00    979432114.06605506
    -2.94364714372898e-04    3.20102607525231e-04    -3.12813081357387e-05    206418.61429678081    74.315951965145317    74.315951965145317    9.9789648878638657E-002    0.00000e+00    0.00000e+00    984454842.85613739
    -2.96405382198887e-04    3.22318140564508e-04    -3.15080934692086e-05    203601.95023177721    73.633435880716064    73.633435880716064    9.9071984110233990E-002    0.00000e+00    0.00000e+00    989477571.64621973
    -2.98446085925052e-04    3.24533626646117e-04    -3.17349960874057e-05    200841.23537885628    72.961492580106466    72.961492580106466    9.8362781626747886E-002    0.00000e+00    0.00000e+00    994500300.43630207
    -3.00486825016076e-04    3.26749065650062e-04    -3.19620147070741e-05    198135.05415422979    72.299900809599279    72.299900809599279    9.7661907383603350E-002    0.00000e+00    0.00000e+00    999523029.22638440
    -3.02527598945638e-04    3.28964457478409e-04    -3.21891480566136e-05    195481.95623007108    71.648446717630719    71.648446717630719    9.6969212466520918E-002    0.00000e+00    0.00000e+00    1004545758.0164667
    -3.04568407196139e-04    3.31179802055062e-04    -3.24163948762169e-05    192880.73021316822    71.006921467412781    71.006921467412781    9.6284585982465393E-002    0.00000e+00    0.00000e+00    1009568486.8065491
    -3.06609249258361e-04    3.33395099324627e-04    -3.26437539179721e-05    190329.97074682283    70.375120723770081    70.375120723770081    9.5607884513715657E-002    0.00000e+00    0.00000e+00    1014591215.5966314
    -3.08650124631427e-04    3.35610349251199e-04    -3.28712239458286e-05    187828.50430985619    69.752844946472663    69.752844946472663    9.4938967865113535E-002    0.00000e+00    0.00000e+00    1019613944.3867137
    -3.10691032822678e-04    3.37825551817386e-04    -3.30988037356228e-05    185375.04410752511    69.139898001124948    69.139898001124948    9.4277732497421302E-002    0.00000e+00    0.00000e+00    1024636673.1767961
    -3.12731973347496e-04    3.40040707023385e-04    -3.33264920750974e-05    182968.41599267221    68.536080151476042    68.536080151476042    9.3624043309685379E-002    0.00000e+00    0.00000e+00    1029659401.9668784
    -3.14772945729162e-04    3.42255814886119e-04    -3.35542877639733e-05    180607.48055231950    67.941205647551683    67.941205647551683    9.2977751792769570E-002    0.00000e+00    0.00000e+00    1034682130.7569607
    -3.16813949498603e-04    3.44470875438469e-04    -3.37821896139399e-05    178291.06287648459    67.355092729027589    67.355092729027589    9.2338810436612850E-002    0.00000e+00    0.00000e+00    1039704859.5470431
    -3.18854984193947e-04    3.46685888728504e-04    -3.40101964486399e-05    176018.12690613070    66.777564611253212    66.777564611253212    9.1707042656245089E-002    0.00000e+00    0.00000e+00    1044727588.3371254
    -3.20896049358937e-04    3.48900854818111e-04    -3.42383071033996e-05    173787.59868911977    66.208451055945503    66.208451055945503    9.1082372044940199E-002    0.00000e+00    0.00000e+00    1049750317.1272078
    -3.22937144542059e-04    3.51115773781969e-04    -3.44665204250208e-05    171598.46943831796    65.647585709630690    65.647585709630690    9.0464660052691354E-002    0.00000e+00    0.00000e+00    1054773045.9172901
    -3.24978269298299e-04    3.53330645707972e-04    -3.46948352718264e-05    169449.72714906451    65.094805892890435    65.094805892890435    8.9853802495340002E-002    0.00000e+00    0.00000e+00    1059795774.7073724
    -3.27019423191338e-04    3.55545470698161e-04    -3.49232505139748e-05    167340.45344602971    64.549952512347744    64.549952512347744    8.9249697223599725E-002    0.00000e+00    0.00000e+00    1064818503.4974548
    -3.29060605793512e-04    3.57760248868300e-04    -3.51517650333930e-05    165269.66132435721    64.012869758946323    64.012869758946323    8.8652243940624459E-002    0.00000e+00    0.00000e+00    1069841232.2875371
    -3.31101816685592e-04    3.59974980347153e-04    -3.53803777238670e-05    163236.45544915495    63.483405039382788    63.483405039382788    8.8061314154289527E-002    0.00000e+00    0.00000e+00    1074863961.0776193
    -3.33143055456575e-04    3.62189665275646e-04    -3.56090874913448e-05    161239.96569591071    62.961409213579259    62.961409213579259    8.7476871819018975E-002    0.00000e+00    0.00000e+00    1079886689.8677018
    -3.35184321703097e-04    3.64404303805691e-04    -3.58378932541396e-05    159279.34632023732    62.446739130251444    62.446739130251444    8.6898732603044329E-002    0.00000e+00    0.00000e+00    1084909418.6577840
    -3.37225615028095e-04    3.66618896098317e-04    -3.60667939429482e-05    157353.71672018836    61.939256908031943    61.939256908031943    8.6326892962521704E-002    0.00000e+00    0.00000e+00    1089932147.4478664
    -3.39266935040400e-04    3.68833442322639e-04    -3.62957885007142e-05    155462.33785253987    61.438827289112972    61.438827289112972    8.5761173792356260E-002    0.00000e+00    0.00000e+00    1094954876.2379487
    -3.41308281354733e-04    3.71047942655295e-04    -3.65248758826486e-05    153604.40408221917    60.945317371782977    60.945317371782977    8.5201515787154652E-002    0.00000e+00    0.00000e+00    1099977605.0280311
    -3.43349653591766e-04    3.73262397279589e-04    -3.67540550566287e-05    151779.16077188042    60.458597486127495    60.458597486127495    8.4647860039229486E-002    0.00000e+00    0.00000e+00    1105000333.8181133
    -3.45391051378075e-04    3.75476806384873e-04    -3.69833250033095e-05    149985.87390076515    59.978540530915744    59.978540530915744    8.4100063957429763E-002    0.00000e+00    0.00000e+00    1110023062.6081958
    -3.47432474346052e-04    3.77691170166193e-04    -3.72126847160186e-05    148223.82940573135    59.505021899253144    59.505021899253144    8.3558071947694365E-002    0.00000e+00    0.00000e+00    1115045791.3982780
    -3.49473922133791e-04    3.79905488823874e-04    -3.74421332006287e-05    146492.27942318423    59.037919415167686    59.037919415167686    8.3021801462299497E-002    0.00000e+00    0.00000e+00    1120068520.1883605
    -3.51515394384958e-04    3.82119762563198e-04    -3.76716694754072e-05    144790.57653813937    58.577113362158386    58.577113362158386    8.2491144070542782E-002    0.00000e+00    0.00000e+00    1125091248.9784427
    -3.53556890748752e-04    3.84333991594409e-04    -3.79012925710280e-05    143118.06399658881    58.122486629674945    58.122486629674945    8.1966047838104600E-002    0.00000e+00    0.00000e+00    1130113977.7685251
    -3.55598410880224e-04    3.86548176133547e-04    -3.81310015307849e-05    141474.05183802737    57.673924602243474    57.673924602243474    8.1446407733986120E-002    0.00000e+00    0.00000e+00    1135136706.5586073
    -3.57639954440383e-04    3.88762316402401e-04    -3.83607954106243e-05    139857.92008368779    57.231315351219713    57.231315351219713    8.0935412084764319E-002    0.00000e+00    0.00000e+00    1140159435.3486898
    -3.59681521096050e-04    3.90976412627945e-04    -3.85906732790564e-05    138269.08968354302    56.794549535433298    56.794549535433298    8.0426463442750618E-002    0.00000e+00    0.00000e+00    1145182164.1387720
    -3.61723110519495e-04    3.93190465041963e-04    -3.88206342171521e-05    136706.94749581427    56.363520127865016    56.363520127865016    7.9922746022899019E-002    0.00000e+00    0.00000e+00    1150204892.9288545
    -3.63764722388190e-04    3.95404473880741e-04    -3.90506773182924e-05    135170.82563812163    55.938122293129545    55.938122293129545    7.9424187586060624E-002    0.00000e+00    0.00000e+00    1155227621.7189367
    -3.65806356384649e-04    3.97618439384746e-04    -3.92808016878541e-05    133660.26482726308    55.518253338768552    55.518253338768552    7.8930717140691137E-002    0.00000e+00    0.00000e+00    1160250350.5090191
    -3.67848012196276e-04    3.99832361798273e-04    -3.95110064429310e-05    132174.67552191086    55.103812725251856    55.103812725251856    7.8442264917354121E-002    0.00000e+00    0.00000e+00    1165273079.2991014
    -3.69889689515188e-04    4.02046241369068e-04    -3.97412907121161e-05    130713.48489673136    54.694701962874660    54.694701962874660    7.7958737388652860E-002    0.00000e+00    0.00000e+00    1170295808.0891838
    -3.71931388038002e-04    4.04260078347710e-04    -3.99716536352868e-05    129276.22621735514    54.290824667656516    54.290824667656516    7.7480092584006205E-002    0.00000e+00    0.00000e+00    1175318536.8792660
    -3.73973107465756e-04    4.06473872987102e-04    -4.02020943634328e-05    127862.31019854927    53.892086554393970    53.892086554393970    7.7006264241804359E-002    0.00000e+00    0.00000e+00    1180341265.6693485
    -3.76014847503753e-04    4.08687625542026e-04    -4.04326120583051e-05    126471.25272261453    53.498395294829571    53.498395294829571    7.6537162973478873E-002    0.00000e+00    0.00000e+00    1185363994.4594307
    -3.78056607861378e-04    4.10901336268825e-04    -4.06632058921132e-05    125102.62487893565    53.109660489881797    53.109660489881797    7.6072725429044613E-002    0.00000e+00    0.00000e+00    1190386723.2495131
    -3.80098388251998e-04    4.13115005425280e-04    -4.08938750473248e-05    123755.87982396655    52.725793560082892    52.725793560082892    7.5612913118276490E-002    0.00000e+00    0.00000e+00    1195409452.0395954
    -3.82140188392888e-04    4.15328633270480e-04    -4.11246187164622e-05    122430.61254564738    52.346707827936342    52.346707827936342    7.5157927200860050E-002    0.00000e+00    0.00000e+00    1200432180.8296778
    -3.84182008005096e-04    4.17542220064608e-04    -4.13554361018420e-05    121126.30303520292    51.972318436895499    51.972318436895499    7.4707136316146033E-002    0.00000e+00    0.00000e+00    1205454909.6197600
    -3.86223846813361e-04    4.19755766068730e-04    -4.15863264153824e-05    119842.56867732431    51.602542285447058    51.602542285447058    7.4259535065293883E-002    0.00000e+00    0.00000e+00    1210477638.4098425
    -3.88265704546107e-04    4.21969271544606e-04    -4.18172888784795e-05    118578.95478329997    51.237297998341631    51.237297998341631    7.3817529738061577E-002    0.00000e+00    0.00000e+00    1215500367.1999247
    -3.90307580935384e-04    4.24182736754493e-04    -4.20483227219172e-05    117335.05854500420    50.876505939197443    50.876505939197443    7.3379806444758111E-002    0.00000e+00    0.00000e+00    1220523095.9900072
    -3.92349475716823e-04    4.26396161960896e-04    -4.22794271857563e-05    116110.40899464898    50.520088150561328    50.520088150561328    7.2946331978292395E-002    0.00000e+00    0.00000e+00    1225545824.7800894
    -3.94391388629618e-04    4.28609547426439e-04    -4.25106015192139e-05    114904.70268104182    50.167968287033126    50.167968287033126    7.2517028609624404E-002    0.00000e+00    0.00000e+00    1230568553.5701718
    -3.96433319416530e-04    4.30822893413801e-04    -4.27418449805763e-05    113717.48943291399    49.820071626335441    49.820071626335441    7.2093055699954098E-002    0.00000e+00    0.00000e+00    1235591282.3602540
    -3.98475267823859e-04    4.33036200185588e-04    -4.29731568371606e-05    112548.36957790285    49.476325020740013    49.476325020740013    7.1671065837025233E-002    0.00000e+00    0.00000e+00    1240614011.1503365
    -4.00517233601434e-04    4.35249468004200e-04    -4.32045363653135e-05    111397.02782520936    49.136657022534500    49.136657022534500    7.1253675410010681E-002    0.00000e+00    0.00000e+00    1245636739.9404187
    -4.02559216502767e-04    4.37462697131911e-04    -4.34359828501666e-05    110263.08244720484    48.800998207079680    48.800998207079680    7.0840568367175963E-002    0.00000e+00    0.00000e+00    1250659468.7305012
    -4.04601216285263e-04    4.39675887831024e-04    -4.36674955854068e-05    109146.16180982022    48.469280532411560    48.469280532411560    7.0432220603567394E-002    0.00000e+00    0.00000e+00    1255682197.5205834
    -4.06643232710435e-04    4.41889040364051e-04    -4.38990738733696e-05    108045.97485952236    48.141437067593834    48.141437067593834    7.0025990270788721E-002    0.00000e+00    0.00000e+00    1260704926.3106658
    -4.08685265543902e-04    4.44102154993733e-04    -4.41307170249829e-05    106962.13145480913    47.817402276327059    47.817402276327059    6.9624442286976937E-002    0.00000e+00    0.00000e+00    1265727655.1007481
    -4.10727314555265e-04    4.46315231982867e-04    -4.43624243596257e-05    105894.32152556644    47.497111961745716    47.497111961745716    6.9226657224645993E-002    0.00000e+00    0.00000e+00    1270750383.8908305
    -4.12769379517945e-04    4.48528271594148e-04    -4.45941952050051e-05    104842.24213042531    47.180503234245720    47.180503234245720    6.8832587691217584E-002    0.00000e+00    0.00000e+00    1275773112.6809127
    -4.14811460209047e-04    4.50741274090010e-04    -4.48260288970153e-05    103805.56370461092    46.867514549798017    46.867514549798017    6.8442166677142813E-002    0.00000e+00    0.00000e+00    1280795841.4709952
    -4.16853556409267e-04    4.52954239732455e-04    -4.50579247795645e-05    102783.96519272066    46.558085588336418    46.558085588336418    6.8055348792893863E-002    0.00000e+00    0.00000e+00    1285818570.2610774
    -4.18895667902834e-04    4.55167168782908e-04    -4.52898822044430e-05    101777.23185666339    46.252157281409126    46.252157281409126    6.7672109408518297E-002    0.00000e+00    0.00000e+00    1290841299.0511596
    -4.20937794477478e-04    4.57380061502059e-04    -4.55219005312636e-05    100784.95828225646    45.949671865855542    45.949671865855542    6.7290544315024306E-002    0.00000e+00    0.00000e+00    1295864027.8412421
    -4.22979935924320e-04    4.59592918149782e-04    -4.57539791273854e-05    99806.974886077631    45.650573377498418    45.650573377498418    6.6916997312833834E-002    0.00000e+00    0.00000e+00    1300886756.6313243
    -4.25022092037736e-04    4.61805738985112e-04    -4.59861173678098e-05    98842.924430068917    45.354806350624692    45.354806350624692    6.6541527248349178E-002    0.00000e+00    0.00000e+00    1305909485.4214067
    -4.27064262615274e-04    4.64018524266193e-04    -4.62183146350565e-05    97892.553476230591    45.062316370390192    45.062316370390192    6.6174760035387775E-002    0.00000e+00    0.00000e+00    1310932214.2114890
    -4.29106447457552e-04    4.66231274250235e-04    -4.64505703190351e-05    96955.644812324521    44.773050071940084    44.773050071940084    6.5806073540715992E-002    0.00000e+00    0.00000e+00    1315954943.0015714
    -4.31148646368176e-04    4.68443989193456e-04    -4.66828838168885e-05    96031.894357387733    44.486955531548553    44.486955531548553    6.5445940024668026E-002    0.00000e+00    0.00000e+00    1320977671.7916536
    -4.33190859153672e-04    4.70656669350976e-04    -4.69152545328766e-05    95121.066167138808    44.203982796188839    44.203982796188839    6.5086445404038823E-002    0.00000e+00    0.00000e+00    1326000400.5817361
    -4.35233085623434e-04    4.72869314976718e-04    -4.71476818782640e-05    94222.899928788029    43.924081590067324    43.924081590067324    6.4729374365579004E-002    0.00000e+00    0.00000e+00    1331023129.3718183
    -4.37275325589535e-04    4.75081926323232e-04    -4.73801652711094e-05    93337.200052014392    43.647202762226641    43.647202762226641    6.4376618891178669E-002    0.00000e+00    0.00000e+00    1336045858.1619008
    -4.39317578866448e-04    4.77294503641455e-04    -4.76127041360785e-05    92463.688039189801    43.373298214677568    43.373298214677568    6.4026686158224488E-002    0.00000e+00    0.00000e+00    1341068586.9519830
    -4.41359845270961e-04    4.79507047180648e-04    -4.78452979043367e-05    91602.178210285114    43.102320842907758    43.102320842907758    6.3679535372514862E-002    0.00000e+00    0.00000e+00    1346091315.7420654
    -4.43402124622186e-04    4.81719557188388e-04    -4.80779460134817e-05    90752.403872808471    42.834224490770147    42.834224490770147    6.3335764932977268E-002    0.00000e+00    0.00000e+00    1351114044.5321476
    -4.45444416741553e-04    4.83932033910552e-04    -4.83106479074793e-05    89914.160990757082    42.568963931317569    42.568963931317569    6.2995048278984736E-002    0.00000e+00    0.00000e+00    1356136773.3222301
    -4.47486721452802e-04    4.86144477591312e-04    -4.85434030365742e-05    89087.277195630682    42.306494856681276    42.306494856681276    6.2657313374156517E-002    0.00000e+00    0.00000e+00    1361159502.1123123
    -4.49529038581969e-04    4.88356888473143e-04    -4.87762108571866e-05    88271.474827250975    42.046773858008862    42.046773858008862    6.2322542792891060E-002    0.00000e+00    0.00000e+00    1366182230.9023948
    -4.51571367957376e-04    4.90569266796777e-04    -4.90090708318133e-05    87466.591119717254    41.789758356214932    41.789758356214932    6.1990684075775279E-002    0.00000e+00    0.00000e+00    1371204959.6924770
    -4.53613709409610e-04    4.92781612801204e-04    -4.92419824289168e-05    86672.439552909433    41.535406644836378    41.535406644836378    6.1662053648954239E-002    0.00000e+00    0.00000e+00    1376227688.4825594
    -4.55656062771472e-04    4.94993926723674e-04    -4.94749451228528e-05    85888.811397891346    41.283677831673366    41.283677831673366    6.1335935046627925E-002    0.00000e+00    0.00000e+00    1381250417.2726417
    -4.57698427877928e-04    4.97206208799669e-04    -4.97079583938794e-05    85115.502941562474    41.034532016969990    41.034532016969990    6.1012644470956605E-002    0.00000e+00    0.00000e+00    1386273146.0627241
    -4.59740804565900e-04    4.99418459262715e-04    -4.99410217281250e-05    84352.340793824696    40.787930519247055    40.787930519247055    6.0692132029478957E-002    0.00000e+00    0.00000e+00    1391295874.8528063
    -4.61783192674171e-04    5.01630678344366e-04    -5.01741346174568e-05    83599.180238303859    40.543835618387497    40.543835618387497    6.0374365641519608E-002    0.00000e+00    0.00000e+00    1396318603.6428888
    -4.63825592043429e-04    5.03842866274362e-04    -5.04072965593276e-05    82855.779418915117    40.302210476970330    40.302210476970330    6.0059313689651506E-002    0.00000e+00    0.00000e+00    1401341332.4329710
    -4.65868002516337e-04    5.06055023280723e-04    -5.06405070567491e-05    82122.026161697853    40.063019045410464    40.063019045410464    5.9746961523345965E-002    0.00000e+00    0.00000e+00    1406364061.2230535
    -4.67910423937559e-04    5.08267149589732e-04    -5.08737656182533e-05    81397.736411904887    39.826225925246661    39.826225925246661    5.9437245272572471E-002    0.00000e+00    0.00000e+00    1411386790.0131357
    -4.69952856153837e-04    5.10479245425960e-04    -5.11070717578103e-05    80682.730455463825    39.591796814363875    39.591796814363875    5.9128589008512179E-002    0.00000e+00    0.00000e+00    1416409518.8032181
    -4.71995299014171e-04    5.12691311012553e-04    -5.13404249946182e-05    79976.880206637637    39.359698445743781    39.359698445743781    5.8824114410819833E-002    0.00000e+00    0.00000e+00    1421432247.5933003
    -4.74037752369869e-04    5.14903346571348e-04    -5.15738248530219e-05    79280.012627120959    39.129897992592035    39.129897992592035    5.8522202520270301E-002    0.00000e+00    0.00000e+00    1426454976.3833828
    -4.76080216074498e-04    5.17115352322851e-04    -5.18072708624708e-05    78591.981880388601    38.902363901036473    38.902363901036473    5.8222808478350416E-002    0.00000e+00    0.00000e+00    1431477705.1734650
    -4.78122689983834e-04    5.19327328486223e-04    -5.20407625574157e-05    77912.644997031268    38.677065359498407    38.677065359498407    5.7925935551571744E-002    0.00000e+00    0.00000e+00    1436500433.9635475
    -4.80165173955794e-04    5.21539275279233e-04    -5.22742994772194e-05    77241.861808761445    38.453970699845200    38.453970699845200    5.7631523954993713E-002    0.00000e+00    0.00000e+00    1441523162.7536297
    -4.82207667850390e-04    5.23751192918241e-04    -5.25078811661087e-05    76579.472513392757    38.233050355711036    38.233050355711036    5.7339577254142328E-002    0.00000e+00    0.00000e+00    1446545891.5437121
    -4.84250171529679e-04    5.25963081618194e-04    -5.27415071731103e-05    75925.343117031269    38.014274698434107    38.014274698434107    5.7067703255125030E-002    0.00000e+00    0.00000e+00    1451568620.3337944
    -4.86292684857744e-04    5.28174941592593e-04    -5.29751770519849e-05    75279.342215854616    37.797613520129936    37.797613520129936    5.6762876382789783E-002    0.00000e+00    0.00000e+00    1456591349.1238768
    -4.88335207700551e-04    5.30386773053348e-04    -5.32088903611442e-05    74641.340937494591    37.583037535393849    37.583037535393849    5.6495536008484039E-002    0.00000e+00    0.00000e+00    1461614077.9139590
    -4.90377739925652e-04    5.32598576210551e-04    -5.34426466634591e-05    74011.212883937420    37.370522476574330    37.370522476574330    5.6212972407610820E-002    0.00000e+00    0.00000e+00    1466636806.7040415
    -4.92420281402171e-04    5.34810351272340e-04    -5.36764455261000e-05    73388.834075897321    37.160041643980904    37.160041643980904    5.5932711048258393E-002    0.00000e+00    0.00000e+00    1471659535.4941237
    -4.94462832000932e-04    5.37022098445051e-04    -5.39102865204956e-05    72774.061997649449    36.951568377476761    36.951568377476761    5.5654741507050028E-002    0.00000e+00    0.00000e+00    1476682264.2842062
    -4.96505391594591e-04    5.39233817933454e-04    -5.41441692223487e-05    72166.798711570853    36.745076864852962    36.745076864852962    5.5379023917696828E-002    0.00000e+00    0.00000e+00    1481704993.0742884
    -4.98547960057640e-04    5.41445509940829e-04    -5.43780932115935e-05    71566.927164507899    36.540541741658302    36.540541741658302    5.5105548317381015E-002    0.00000e+00    0.00000e+00    1486727721.8643708
    -5.00590537266415e-04    5.43657174669057e-04    -5.46120580723840e-05    70974.312299048441    36.337937994048950    36.337937994048950    5.4834275746135058E-002    0.00000e+00    0.00000e+00    1491750450.6544530
    -5.02633123099008e-04    5.45868812318632e-04    -5.48460633931590e-05    70388.882085196179    36.137240944130966    36.137240944130966    5.4565196688869423E-002    0.00000e+00    0.00000e+00    1496773179.4445355
    -5.04675717435207e-04    5.48080423088640e-04    -5.50801087666281e-05    69810.485741716286    35.938426324059506    35.938426324059506    5.4298258836070319E-002    0.00000e+00    0.00000e+00    1501795908.2346177
    -5.06718320156407e-04    5.50292007176626e-04    -5.53141937896604e-05    69239.034973568647    35.741470514038909    35.741470514038909    5.4033467543896881E-002    0.00000e+00    0.00000e+00    1506818637.0247002
    -5.08760931145496e-04    5.52503564778454e-04    -5.55483180631504e-05    68674.423293446511    35.546350338017845    35.546350338017845    5.3756476670450581E-002    0.00000e+00    0.00000e+00    1511841365.8147824
    -5.10803550286770e-04    5.54715096088305e-04    -5.57824811919350e-05    68116.527055538958    35.353042948261667    35.353042948261667    5.3495974935049470E-002    0.00000e+00    0.00000e+00    1516864094.6048648
    -5.12846177465877e-04    5.56926601298673e-04    -5.60166827847600e-05    67565.282165603843    35.161525778848606    35.161525778848606    5.3237537049615938E-002    0.00000e+00    0.00000e+00    1521886823.3949471
    -5.14888812569802e-04    5.59138080600377e-04    -5.62509224542697e-05    67020.549869720344    34.971776545156068    34.971776545156068    5.2981127328971783E-002    0.00000e+00    0.00000e+00    1526909552.1850295
    -5.16931455486858e-04    5.61349534182558e-04    -5.64851998169840e-05    66482.268994379599    34.783773232542231    34.783773232542231    5.2726751589051241E-002    0.00000e+00    0.00000e+00    1531932280.9751117
    -5.18974106106656e-04    5.63560962232683e-04    -5.67195144932670e-05    65950.305263497197    34.597494104439306    34.597494104439306    5.2488195241556790E-002    0.00000e+00    0.00000e+00    1536955009.7651942
    -5.21016764320095e-04    5.65772364936544e-04    -5.69538661072857e-05    65424.582153269337    34.412917700868334    34.412917700868334    5.2237692290122782E-002    0.00000e+00    0.00000e+00    1541977738.5552764
    -5.23059430019349e-04    5.67983742478283e-04    -5.71882542869629e-05    64905.006148250679    34.230022825568660    34.230022825568660    5.1989146950661286E-002    0.00000e+00    0.00000e+00    1547000467.3453588
    -5.25102103097868e-04    5.70195095040417e-04    -5.74226786639264e-05    64391.467677355366    34.048788574637534    34.048788574637534    5.1728960568370376E-002    0.00000e+00    0.00000e+00    1552023196.1354411
    -5.27144783450571e-04    5.72406422804024e-04    -5.76571388733761e-05    63883.912281018929    33.869194335222815    33.869194335222815    5.1497820890237848E-002    0.00000e+00    0.00000e+00    1557045924.9255235
    -5.29187470974274e-04    5.74617725949208e-04    -5.78916345539945e-05    63382.216104628940    33.691219808594397    33.691219808594397    5.1255000221801711E-002    0.00000e+00    0.00000e+00    1562068653.7156057
    -5.31230165567892e-04    5.76829004655366e-04    -5.81261653479899e-05    62886.309960215185    33.514844960729384    33.514844960729384    5.1014056871878086E-002    0.00000e+00    0.00000e+00    1567091382.5056882
    -5.33272867132399e-04    5.79040259101159e-04    -5.83607309010726e-05    62396.091440460521    33.340050016896910    33.340050016896910    5.0761744301589917E-002    0.00000e+00    0.00000e+00    1572114111.2957704
    -5.35315575570750e-04    5.81251489464456e-04    -5.85953308624336e-05    61911.494065770552    33.166815499495037    33.166815499495037    5.0524570859751004E-002    0.00000e+00    0.00000e+00    1577136840.0858529
    -5.37358290787755e-04    5.83462695922336e-04    -5.88299648847198e-05    61432.418792358178    32.995122242707758    32.995122242707758    5.0289203905948911E-002    0.00000e+00    0.00000e+00    1582159568.8759351
    -5.39401012689985e-04    5.85673878651050e-04    -5.90646326239997e-05    60958.785228402914    32.824951331543268    32.824951331543268    5.0055280697332082E-002    0.00000e+00    0.00000e+00    1587182297.6660175
    -5.41443741185703e-04    5.87885037825999e-04    -5.92993337397262e-05    60490.530735746644    32.656284092944738    32.656284092944738    4.9823483656476861E-002    0.00000e+00    0.00000e+00    1592205026.4560997
    -5.43486476184814e-04    5.90096173621685e-04    -5.95340678946976e-05    60027.544894837280    32.489102106522495    32.489102106522495    4.9593438166196081E-002    0.00000e+00    0.00000e+00    1597227755.2461822
    -5.45529217598812e-04    5.92307286211659e-04    -5.97688347550557e-05    59569.783990813245    32.323387243227153    32.323387243227153    4.9365483719545820E-002    0.00000e+00    0.00000e+00    1602250484.0362644
    -5.47571965340721e-04    5.94518375768510e-04    -6.00036339903017e-05    59117.156805945313    32.159121712038278    32.159121712038278    4.9138543085505422E-002    0.00000e+00    0.00000e+00    1607273212.8263469
    -5.49614719325107e-04    5.96729442463995e-04    -6.02384652732888e-05    58669.589762745345    31.996288323235948    31.996288323235948    4.8914015938335394E-002    0.00000e+00    0.00000e+00    1612295941.6164291
    -5.51657479468100e-04    5.98940486469175e-04    -6.04733282802282e-05    58227.010562491028    31.834870206921721    31.834870206921721    4.8690812913531993E-002    0.00000e+00    0.00000e+00    1617318670.4065113
    -5.53700245687377e-04    6.01151507954388e-04    -6.07082226906856e-05    57789.332789629443    31.674850678708449    31.674850678708449    4.8469274520307137E-002    0.00000e+00    0.00000e+00    1622341399.1965938
    -5.55743017902106e-04    6.03362507089220e-04    -6.09431481875444e-05    57356.517517839391    31.516213260341313    31.516213260341313    4.8249384065665112E-002    0.00000e+00    0.00000e+00    1627364127.9866760
    -5.57785796032915e-04    6.05573484042465e-04    -6.11781044569648e-05    56928.465540892605    31.358941664798575    31.358941664798575    4.8030767268851970E-002    0.00000e+00    0.00000e+00    1632386856.7767584
    -5.59828580001847e-04    6.07784438982095e-04    -6.14130911883508e-05    56505.139699978899    31.203019786816160    31.203019786816160    4.7814123423164365E-002    0.00000e+00    0.00000e+00    1637409585.5668406
    -5.61871369732317e-04    6.09995372075221e-04    -6.16481080743110e-05    56086.443726588805    31.048431694082549    31.048431694082549    4.7599078700040730E-002    0.00000e+00    0.00000e+00    1642432314.3569231
    -5.63914165149065e-04    6.12206283488048e-04    -6.18831548106244e-05    55672.312904084662    30.895161628707765    30.895161628707765    4.7385617225579685E-002    0.00000e+00    0.00000e+00    1647455043.1470053
    -5.65956966178114e-04    6.14417173385839e-04    -6.21182310962120e-05    55262.712573228651    30.743193944771672    30.743193944771672    4.7173711880505689E-002    0.00000e+00    0.00000e+00    1652477771.9370878
    -5.67999772746740e-04    6.16628041932900e-04    -6.23533366331121e-05    54857.536325041248    30.592512873132762    30.592512873132762    4.6963370149095261E-002    0.00000e+00    0.00000e+00    1657500500.7271700
    -5.70042584783468e-04    6.18838889292563e-04    -6.25884711264564e-05    54456.765696778893    30.443104812598037    30.443104812598037    4.6754553931419557E-002    0.00000e+00    0.00000e+00    1662523229.5172524
    -5.72085402218078e-04    6.21049715627216e-04    -6.28236342844840e-05    54060.311287448734    30.294956161830786    30.294956161830786    4.6547259567104177E-002    0.00000e+00    0.00000e+00    1667545958.3073347
    -5.74128224981586e-04    6.23260521098288e-04    -6.30588258185299e-05    53668.113668844962    30.148051650219585    30.148051650219585    4.6341472138059121E-002    0.00000e+00    0.00000e+00    1672568687.0974171
    -5.76171053006219e-04    6.25471305866239e-04    -6.32940454430009e-05    53280.114405329477    30.002376547333661    30.002376547333661    4.6137176909213921E-002    0.00000e+00    0.00000e+00    1677591415.8874993
    -5.78213886225380e-04    6.27682070090539e-04    -6.35292928753457e-05    52896.269693778049    29.857916380609094    29.857916380609094    4.5934705645169077E-002    0.00000e+00    0.00000e+00    1682614144.6775818
    -5.80256724573616e-04    6.29892813929647e-04    -6.37645678360255e-05    52516.495576475201    29.714656888422486    29.714656888422486    4.5733329453766909E-002    0.00000e+00    0.00000e+00    1687636873.4676640
    -5.82299567986593e-04    6.32103537540991e-04    -6.39998700484899e-05    52140.750272305377    29.572584030618515    29.572584030618515    4.5533402608494811E-002    0.00000e+00    0.00000e+00    1692659602.2577465
    -5.84342416401079e-04    6.34314241080921e-04    -6.42351992391574e-05    51768.979125865822    29.431683938931197    29.431683938931197    4.5334911076246119E-002    0.00000e+00    0.00000e+00    1697682331.0478287
    -5.86385269754915e-04    6.36524924704691e-04    -6.44705551373864e-05    51401.128381414404    29.291942946425831    29.291942946425831    4.5137830307528978E-002    0.00000e+00    0.00000e+00    1702705059.8379111
    -5.88428127986989e-04    6.38735588566451e-04    -6.47059374754421e-05    51037.145165509464    29.153347564745175    29.153347564745175    4.4942157437190024E-002    0.00000e+00    0.00000e+00    1707727788.6279933
    -5.90470991037196e-04    6.40946232819233e-04    -6.49413459884681e-05    50676.951668727226    29.015884491411420    29.015884491411420    4.4747868389843279E-002    0.00000e+00    0.00000e+00    1712750517.4180758
    -5.92513858846411e-04    6.43156857614946e-04    -6.51767804144510e-05    50320.523016311061    28.879540596232584    28.879540596232584    4.4554950007314222E-002    0.00000e+00    0.00000e+00    1717773246.2081580
    -5.94556731356452e-04    6.45367463104369e-04    -6.54122404941769e-05    49967.808872110334    28.744302922633597    28.744302922633597    4.4363389288483560E-002    0.00000e+00    0.00000e+00    1722795974.9982405
    -5.96599608510053e-04    6.47578049437147e-04    -6.56477259711987e-05    49618.734631316256    28.610158689615101    28.610158689615101    4.4173183721033259E-002    0.00000e+00    0.00000e+00    1727818703.7883227
    -5.98642490250844e-04    6.49788616761802e-04    -6.58832365917902e-05    49273.264700039479    28.477095300612930    28.477095300612930    4.3984310138904609E-002    0.00000e+00    0.00000e+00    1732841432.5784051
    -6.00685376523333e-04    6.51999165225716e-04    -6.61187721049129e-05    48931.351481926620    28.345100335036133    28.345100335036133    4.3796755999322770E-002    0.00000e+00    0.00000e+00    1737864161.3684874
    -6.02728267272926e-04    6.54209694975111e-04    -6.63543322621835e-05    48592.935945145211    28.214161581067955    28.214161581067955    4.3610508907404123E-002    0.00000e+00    0.00000e+00    1742886890.1585698
    -6.04771162445944e-04    6.56420206155027e-04    -6.65899168178436e-05    48257.984426562965    28.084266976427458    28.084266976427458    4.3425556613915693E-002    0.00000e+00    0.00000e+00    1747909618.9486520
    -6.06814061989619e-04    6.58630698909312e-04    -6.68255255287288e-05    47926.439595453339    27.955404628175121    27.955404628175121    4.3241887013644870E-002    0.00000e+00    0.00000e+00    1752932347.7387345
    -6.08856965852062e-04    6.60841173380611e-04    -6.70611581542344e-05    47598.257145059608    27.827562793510392    27.827562793510392    4.3059488142586186E-002    0.00000e+00    0.00000e+00    1757955076.5288167
    -6.10899873982230e-04    6.63051629710365e-04    -6.72968144562821e-05    47273.393467799971    27.700729881687540    27.700729881687540    4.2878348176878300E-002    0.00000e+00    0.00000e+00    1762977805.3188992
    -6.12942786329886e-04    6.65262068038795e-04    -6.75324941992753e-05    46951.805642332991    27.574894469482821    27.574894469482821    4.2698455430271752E-002    0.00000e+00    0.00000e+00    1768000534.1089814
    -6.14985702845543e-04    6.67472488504884e-04    -6.77681971500380e-05    46633.451420897080    27.450045273834458    27.450045273834458    4.2519798352130656E-002    0.00000e+00    0.00000e+00    1773023262.8990638
    -6.17028623480435e-04    6.69682891246354e-04    -6.80039230777781e-05    46318.289216917430    27.326171175700207    27.326171175700207    4.2342355848584784E-002    0.00000e+00    0.00000e+00    1778045991.6891460
    -6.19071548186498e-04    6.71893276399643e-04    -6.82396717540723e-05    46006.266752685027    27.203261219528638    27.203261219528638    4.2166126437374829E-002    0.00000e+00    0.00000e+00    1783068720.4792285
    -6.21114476916347e-04    6.74103644099898e-04    -6.84754429528533e-05    45697.344032093781    27.081304593945525    27.081304593945525    4.1991098962985141E-002    0.00000e+00    0.00000e+00    1788091449.2693107
    -6.23157409623233e-04    6.76313994480952e-04    -6.87112364503986e-05    45391.481677199634    26.960290634819700    26.960290634819700    4.1817252905569730E-002    0.00000e+00    0.00000e+00    1793114178.0593932
    -6.25200346261019e-04    6.78524327675347e-04    -6.89470520252782e-05    45088.640917019999    26.840208813787484    26.840208813787484    4.1644586978351342E-002    0.00000e+00    0.00000e+00    1798136906.8494754
    -6.27243286784149e-04    6.80734643814345e-04    -6.91828894582963e-05    44788.783576565555    26.721048756807249    26.721048756807249    4.1473014445162243E-002    0.00000e+00    0.00000e+00    1803159635.6395578
    -6.29286231147626e-04    6.82944943027938e-04    -6.94187485324540e-05    44491.861220878112    26.602800235474032    26.602800235474032    4.1302670113007083E-002    0.00000e+00    0.00000e+00    1808182364.4296401
    -6.31329179307000e-04    6.85155225444844e-04    -6.96546290329224e-05    44197.847871074264    26.485453144771711    26.485453144771711    4.1133464761751726E-002    0.00000e+00    0.00000e+00    1813205093.2197225
    -6.33372131218360e-04    6.87365491192523e-04    -6.98905307470235e-05    43906.696417701743    26.368997526008854    26.368997526008854    4.0965397347794343E-002    0.00000e+00    0.00000e+00    1818227822.0098047
    -6.35415086838326e-04    6.89575740397177e-04    -7.01264534642062e-05    43618.381803000426    26.253423551814642    26.253423551814642    4.0798439302674919E-002    0.00000e+00    0.00000e+00    1823250550.7998872
    -6.37458046124041e-04    6.91785973183754e-04    -7.03623969760201e-05    43332.847728221168    26.138721520937121    26.138721520937121    4.0632608026695938E-002    0.00000e+00    0.00000e+00    1828273279.5899694
    -6.39501009033163e-04    6.93996189675954e-04    -7.05983610760903e-05    43050.070295026402    26.024881865716921    26.024881865716921    4.0467866216968497E-002    0.00000e+00    0.00000e+00    1833296008.3800519
    -6.41543975523858e-04    6.96206389996229e-04    -7.08343455601014e-05    42770.015468655940    25.911895144730064    25.911895144730064    4.0304261265199488E-002    0.00000e+00    0.00000e+00    1838318737.1701341
    -6.43586945554788e-04    6.98416574265790e-04    -7.10703502257812e-05    42492.639523871381    25.799752045285036    25.799752045285036    4.0141693861956464E-002    0.00000e+00    0.00000e+00    1843341465.9602165
    -6.45629919085103e-04    7.00626742604614e-04    -7.13063748728813e-05    42217.919812773638    25.688443374462985    25.688443374462985    3.9980187112581861E-002    0.00000e+00    0.00000e+00    1848364194.7502987
    -6.47672896074422e-04    7.02836895131450e-04    -7.15424193031564e-05    41945.803749061532    25.577960065284980    25.577960065284980    3.9819749317872626E-002    0.00000e+00    0.00000e+00    1853386923.5403812
    -6.49715876482873e-04    7.05047031963918e-04    -7.17784833203669e-05    41676.279676142862    25.468293174088881    25.468293174088881    3.9660353468767465E-002    0.00000e+00    0.00000e+00    1858409652.3304634
    -6.51758860271125e-04    7.07257153218657e-04    -7.20145667302947e-05    41409.296301766837    25.359433882264408    25.359433882264408    3.9501999164401169E-002    0.00000e+00    0.00000e+00    1863432381.1205459
    -6.53801847400392e-04    7.09467259011348e-04    -7.22506693407232e-05    41144.842556467716    25.251373488754510    25.251373488754510    3.9344685888216914E-002    0.00000e+00    0.00000e+00    1868455109.9106281
    -6.55844837832416e-04    7.11677349456710e-04    -7.24867909614096e-05    40882.858713140326    25.144103401212501    25.144103401212501    3.9188378680564642E-002    0.00000e+00    0.00000e+00    1873477838.7007105
    -6.57887831529450e-04    7.13887424668516e-04    -7.27229314040462e-05    40623.334511244844    25.037615145121848    25.037615145121848    3.9033094497334317E-002    0.00000e+00    0.00000e+00    1878500567.4907928
    -6.59930828454244e-04    7.16097484759591e-04    -7.29590904822299e-05    40366.230892303283    24.931900352829363    24.931900352829363    3.8878815848031038E-002    0.00000e+00    0.00000e+00    1883523296.2808752
    -6.61973828570039e-04    7.18307529841811e-04    -7.31952680114392e-05    40111.518993820238    24.826950773566541    24.826950773566541    3.8725500199888796E-002    0.00000e+00    0.00000e+00    1888546025.0709574
    -6.64016831840554e-04    7.20517560026100e-04    -7.34314638090157e-05    39859.170370784617    24.722758252398570    24.722758252398570    3.8573191789788179E-002    0.00000e+00    0.00000e+00    1893568753.8610399
    -6.66059838229973e-04    7.22727575422432e-04    -7.36676776941460e-05    39609.147700531059    24.619314741406253    24.619314741406253    3.8421863092018678E-002    0.00000e+00    0.00000e+00    1898591482.6511221
    -6.68102847702927e-04    7.24937576139814e-04    -7.39039094878423e-05    39361.432794710083    24.516612273221316    24.516612273221316    3.8271505629613171E-002    0.00000e+00    0.00000e+00    1903614211.4412045
    -6.70145860224417e-04    7.27147562286252e-04    -7.41401590129077e-05    39115.989282026378    24.414643101372729    24.414643101372729    3.8133650420386453E-002    0.00000e+00    0.00000e+00    1908636940.2312868
    -6.72188875759794e-04    7.29357533968727e-04    -7.43764260939105e-05    38872.790542321243    24.313399591447890    24.313399591447890    3.7985128705131981E-002    0.00000e+00    0.00000e+00    1913659669.0213692
    -6.74231894274746e-04    7.31567491293209e-04    -7.46127105571589e-05    38631.810333834517    24.212874101968932    24.212874101968932    3.7826158383306233E-002    0.00000e+00    0.00000e+00    1918682397.8114514
    -6.76274915735284e-04    7.33777434364665e-04    -7.48490122306544e-05    38393.022786899062    24.113059165709227    24.113059165709227    3.7679585128557652E-002    0.00000e+00    0.00000e+00    1923705126.6015339
    -6.78317940107699e-04    7.35987363287043e-04    -7.50853309440349e-05    38156.402397755497    24.013947441964767    24.013947441964767    3.7533934278230478E-002    0.00000e+00    0.00000e+00    1928727855.3916161
    -6.80360967358549e-04    7.38197278163285e-04    -7.53216665285519e-05    37921.915258169611    23.915531688472850    23.915531688472850    3.7389198029873942E-002    0.00000e+00    0.00000e+00    1933750584.1816983
    -6.82403997454663e-04    7.40407179095321e-04    -7.55580188170535e-05    37689.536792707193    23.817804746334492    23.817804746334492    3.7245368663681555E-002    0.00000e+00    0.00000e+00    1938773312.9717808
    -6.84447030363132e-04    7.42617066184089e-04    -7.57943876439726e-05    37459.251391287740    23.720759541088640    23.720759541088640    3.7102446426420188E-002    0.00000e+00    0.00000e+00    1943796041.7618630
    -6.86490066051310e-04    7.44826939529533e-04    -7.60307728453064e-05    37231.017845461822    23.624389085717080    23.624389085717080    3.6960415781995756E-002    0.00000e+00    0.00000e+00    1948818770.5519454
    -6.88533104486800e-04    7.47036799230625e-04    -7.62671742585963e-05    37004.829768624222    23.528686461061920    23.528686461061920    3.6819269253178896E-002    0.00000e+00    0.00000e+00    1953841499.3420277
    -6.90576145637441e-04    7.49246645385385e-04    -7.65035917228969e-05    36780.646891141289    23.433644877535151    23.433644877535151    3.6678999441474153E-002    0.00000e+00    0.00000e+00    1958864228.1321101
    -6.92619189471310e-04    7.51456478090948e-04    -7.67400250787342e-05    36558.454851050672    23.339257620704775    23.339257620704775    3.6539606726096997E-002    0.00000e+00    0.00000e+00    1963886956.9221923
    -6.94662235956702e-04    7.53666297443583e-04    -7.69764741680736e-05    36338.222770846813    23.245517865652378    23.245517865652378    3.6401068416588099E-002    0.00000e+00    0.00000e+00    1968909685.7122748
    -6.96705285062126e-04    7.55876103538712e-04    -7.72129388343073e-05    36119.936776095834    23.152419931092204    23.152419931092204    3.6263056781208391E-002    0.00000e+00    0.00000e+00    1973932414.5023570
    -6.98748336756306e-04    7.58085896470921e-04    -7.74494189222461e-05    35903.566736162829    23.059958577106638    23.059958577106638    3.6126229683678471E-002    0.00000e+00    0.00000e+00    1978955143.2924395
    -7.00791391008181e-04    7.60295676333953e-04    -7.76859142781156e-05    35689.091164056161    22.968127188597176    22.968127188597176    3.5990562600904719E-002    0.00000e+00    0.00000e+00    1983977872.0825217
    -7.02834447786897e-04    7.62505443220716e-04    -7.79224247495477e-05    35476.488864986277    22.876919425340382    22.876919425340382    3.5855401905799354E-002    0.00000e+00    0.00000e+00    1989000600.8726041
    -7.04877507061801e-04    7.64715197223305e-04    -7.81589501855677e-05    35265.738931707790    22.786329083426597    22.786329083426597    3.5721068254858511E-002    0.00000e+00    0.00000e+00    1994023329.6626863
    -7.06920568802422e-04    7.66924938433049e-04    -7.83954904365822e-05    35056.820739946532    22.696350085441395    22.696350085441395    3.5587554843445432E-002    0.00000e+00    0.00000e+00    1999046058.4527688
    -7.08963632978482e-04    7.69134666940513e-04    -7.86320453543645e-05    34849.706113284257    22.606976427369062    22.606976427369062    3.5454854937060611E-002    0.00000e+00    0.00000e+00    2004068787.2428510
    -7.11006699559890e-04    7.71344382835500e-04    -7.88686147920409e-05    34644.390702704361    22.518202189744532    22.518202189744532    3.5322954563860781E-002    0.00000e+00    0.00000e+00    2009091516.0329335
    -7.13049768516741e-04    7.73554086207047e-04    -7.91051986040794e-05    34440.831396766895    22.430021526985069    22.430021526985069    3.5191854517564139E-002    0.00000e+00    0.00000e+00    2014114244.8230157
    -7.15092839819314e-04    7.75763777143427e-04    -7.93417966462824e-05    34239.024316389776    22.342428662933365    22.342428662933365    3.5061548268776811E-002    0.00000e+00    0.00000e+00    2019136973.6130981
    -7.17135913438066e-04    7.77973455732155e-04    -7.95784087757776e-05    34038.942593955551    22.255417890944347    22.255417890944347    3.4932029351241359E-002    0.00000e+00    0.00000e+00    2024159702.4031804
    -7.19178989343628e-04    7.80183122059995e-04    -7.98150348510087e-05    33840.567384532456    22.168983570527732    22.168983570527732    3.4803284227905601E-002    0.00000e+00    0.00000e+00    2029182431.1932628
    -7.21222067506796e-04    7.82392776212970e-04    -8.00516747317256e-05    33643.872621295450    22.083120130543580    22.083120130543580    3.4675313787677298E-002    0.00000e+00    0.00000e+00    2034205159.9833450
    -7.23265147898526e-04    7.84602418276363e-04    -8.02883282789680e-05    33448.854955189992    21.997822063866487    21.997822063866487    3.4548111761203815E-002    0.00000e+00    0.00000e+00    2039227888.7734275
    -7.25308230489929e-04    7.86812048334727e-04    -8.05249953550540e-05    33255.481392005742    21.913083948878043    21.913083948878043    3.4421687994167567E-002    0.00000e+00    0.00000e+00    2044250617.5635097
    -7.27351315252251e-04    7.89021666471893e-04    -8.07616758235648e-05    33063.741531803520    21.828900430830235    21.828900430830235    3.4295998427373027E-002    0.00000e+00    0.00000e+00    2049273346.3535922
    -7.29394402156881e-04    7.91231272770975e-04    -8.09983695493315e-05    32873.617737691886    21.745266212326282    21.745266212326282    3.4171051959403960E-002    0.00000e+00    0.00000e+00    2054296075.1436744
    -7.31437491175346e-04    7.93440867314372e-04    -8.12350763984211e-05    32685.078225839061    21.662176063953428    21.662176063953428    3.4046849588314616E-002    0.00000e+00    0.00000e+00    2059318803.9337568
    -7.33480582279317e-04    7.95650450183761e-04    -8.14717962381237e-05    32498.120414549041    21.579624813629348    21.579624813629348    3.3923378490471418E-002    0.00000e+00    0.00000e+00    2064341532.7238390
    -7.35523675440607e-04    7.97860021460103e-04    -8.17085289369411e-05    32312.720265766020    21.497607349967382    21.497607349967382    3.3800639704242560E-002    0.00000e+00    0.00000e+00    2069364261.5139215
    -7.37566770631160e-04    8.00069581223625e-04    -8.19452743645799e-05    32128.861202857839    21.416118620611218    21.416118620611218    3.3678620600454706E-002    0.00000e+00    0.00000e+00    2074386990.3040037
    -7.39609867823026e-04    8.02279129553789e-04    -8.21820323919440e-05    31946.519889911600    21.335153657369073    21.335153657369073    3.3557315508203268E-002    0.00000e+00    0.00000e+00    2079409719.0940862
    -7.41652966988321e-04    8.04488666529254e-04    -8.24188028911053e-05    31765.694173678101    21.254707658133199    21.254707658133199    3.3436725522728063E-002    0.00000e+00    0.00000e+00    2084432447.8841684
    -7.43696068099167e-04    8.06698192227840e-04    -8.26555857352727e-05    31586.354214700219    21.174775905387140    21.174775905387140    3.3316838298902383E-002    0.00000e+00    0.00000e+00    2089455176.6742508
    -7.45739171127706e-04    8.08907706726530e-04    -8.28923807987793e-05    31408.484427209663    21.095353734319865    21.095353734319865    3.3197654968631453E-002    0.00000e+00    0.00000e+00    2094477905.4643331
    -7.47782276046089e-04    8.11117210101486e-04    -8.31291879570743e-05    31232.082955593796    21.016436528836088    21.016436528836088    3.3079156771969292E-002    0.00000e+00    0.00000e+00    2099500634.2544155
    -7.49825382826482e-04    8.13326702428065e-04    -8.33660070867142e-05    31057.114157957956    20.938019740244894    20.938019740244894    3.2961351548244790E-002    0.00000e+00    0.00000e+00    2104523363.0444977
    -7.51868491441056e-04    8.15536183780836e-04    -8.36028380653528e-05    30883.576518225145    20.860098859774048    20.860098859774048    3.2844227317309453E-002    0.00000e+00    0.00000e+00    2109546091.8345802
    -7.53911601861997e-04    8.17745654233590e-04    -8.38396807717401e-05    30711.448462710920    20.782669422775868    20.782669422775868    3.2727785278808603E-002    0.00000e+00    0.00000e+00    2114568820.6246624
    -7.55954714061503e-04    8.19955113859353e-04    -8.40765350857130e-05    30540.721937369621    20.705727017368101    20.705727017368101    3.2612007174334622E-002    0.00000e+00    0.00000e+00    2119591549.4147449
    -7.57997828011795e-04    8.22164562730387e-04    -8.43134008881877e-05    30371.375840890079    20.629267272935966    20.629267272935966    3.2496900762034958E-002    0.00000e+00    0.00000e+00    2124614278.2048271
    -7.60040943685118e-04    8.24374000918197e-04    -8.45502780611533e-05    30203.389448078899    20.553285863185526    20.553285863185526    3.2382448026858697E-002    0.00000e+00    0.00000e+00    2129637006.9949095
    -7.62084061053751e-04    8.26583428493547e-04    -8.47871664876638e-05    30036.761671267202    20.477778506047699    20.477778506047699    3.2268656685831842E-002    0.00000e+00    0.00000e+00    2134659735.7849917
    -7.64127180090010e-04    8.28792845526457e-04    -8.50240660518301e-05    29871.472091504838    20.402740949088056    20.402740949088056    3.2155508962703173E-002    0.00000e+00    0.00000e+00    2139682464.5750742
    -7.66170300766257e-04    8.31002252086220e-04    -8.52609766388114e-05    29707.500652374132    20.328169059309410    20.328169059309410    3.2043012533063214E-002    0.00000e+00    0.00000e+00    2144705193.3651564
    -7.68213423054901e-04    8.33211648241402e-04    -8.54978981348071e-05    29544.846502096552    20.254058749954751    20.254058749954751    3.1931156103115303E-002    0.00000e+00    0.00000e+00    2149727922.1552386
    -7.70256546928404e-04    8.35421034059859e-04    -8.57348304270525e-05    29383.483639208422    20.180405905280935    20.180405905280935    3.1819928562956061E-002    0.00000e+00    0.00000e+00    2154750650.9453211
    -7.72299672359292e-04    8.37630409608756e-04    -8.59717734038198e-05    29223.398977076893    20.107206457102993    20.107206457102993    3.1709337525803377E-002    0.00000e+00    0.00000e+00    2159773379.7354035
    -7.74342799320165e-04    8.39839774954579e-04    -8.62087269544087e-05    29064.585737083115    20.034456387442798    20.034456387442798    3.1599371941227784E-002    0.00000e+00    0.00000e+00    2164796108.5254860
    -7.76385927783705e-04    8.42049130163136e-04    -8.64456909691356e-05    28907.031018569025    20.000000000000000    20.000000000000000    3.1490020937811086E-002    0.00000e+00    0.00000e+00    2169818837.3155680
    -7.78429057722675e-04    8.44258475299564e-04    -8.66826653393248e-05    28750.716020670803    20.000000000000000    20.000000000000000    3.1381285984400598E-002    0.00000e+00    0.00000e+00    2174841566.1056504
    -7.80472189109930e-04    8.46467810428339e-04    -8.69196499573060e-05    28595.628288497126    20.000000000000000    20.000000000000000    3.1273162413496182E-002    0.00000e+00    0.00000e+00    2179864294.8957329
    -7.82515321918425e-04    8.48677135613288e-04    -8.71566447164028e-05    28441.755518821094    20.000000000000000    20.000000000000000    3.1165645602096999E-002    0.00000e+00    0.00000e+00    2184887023.6858153
    -7.84558456121232e-04    8.50886450917629e-04    -8.73936495109005e-05    28289.091487480782    20.000000000000000    20.000000000000000    3.1058730970899791E-002    0.00000e+00    0.00000e+00    2189909752.4758973
    -7.86601591691543e-04    8.53095756403966e-04    -8.76306642360281e-05    28137.612286692551    20.000000000000000    20.000000000000000    3.0952413983817456E-002    0.00000e+00    0.00000e+00    2194932481.2659798
    -7.88644728602651e-04    8.55305052134272e-04    -8.78676887879491e-05    27987.312027641878    20.000000000000000    20.000000000000000    3.0846690147672585E-002    0.00000e+00    0.00000e+00    2199955210.0560622
    -7.90687866827945e-04    8.57514338169880e-04    -8.81047230637534e-05    27838.178992458914    20.000000000000000    20.000000000000000    3.0741549120256409E-002    0.00000e+00    0.00000e+00    2204977938.8461447
    -7.92731006340915e-04    8.59723614571489e-04    -8.83417669614481e-05    27690.201604462429    20.000000000000000    20.000000000000000    3.0636992445628595E-002    0.00000e+00    0.00000e+00    2210000667.6362267
    -7.94774147115157e-04    8.61932881399172e-04    -8.85788203799524e-05    27543.368426165722    20.000000000000000    20.000000000000000    3.0532684476991701E-002    0.00000e+00    0.00000e+00    2215023396.4263091
    -7.96817289124374e-04    8.64142138712379e-04    -8.88158832190905e-05    27397.662475562141    20.000000000000000    20.000000000000000    3.0429278965263575E-002    0.00000e+00    0.00000e+00    2220046125.2163916
    -7.98860432342385e-04    8.66351386569949e-04    -8.90529553795831e-05    27253.078349337873    20.000000000000000    20.000000000000000    3.0326444878677371E-002    0.00000e+00    0.00000e+00    2225068854.0064740
    -8.00903576743120e-04    8.68560625030118e-04    -8.92900367630383e-05    27109.599412574004    20.000000000000000    20.000000000000000    3.0224505300488699E-002    0.00000e+00    0.00000e+00    2230091582.7965560
