    1.86368027097891e-06    8.37012591441204e-06    -2.84252166265157e-06    6.7519709E-01    2284.54    2284.54    424.652    0.00000e+00    0.00000e+00    3.01363727E+07
    2.43529009693611e-06    1.09352954633372e-05    -3.71368210572172e-06    5.3589886E-01    1587.06    1587.06    337.043    0.00000e+00    0.00000e+00    3.51591015E+07
    3.01617145124949e-06    1.35403772985597e-05    -4.59818462129601e-06    3.9341413E-01    1189.69    1189.69    247.430    0.00000e+00    0.00000e+00    4.01818303E+07
    3.60162023525260e-06    1.61688610901694e-05    -5.48979886875850e-06    3.0359767E-01    938.65    938.65    190.942    0.00000e+00    0.00000e+00    4.52045591E+07
    4.18957380913917e-06    1.88121893918809e-05    -6.38552559675236e-06    2.4733370E-01    768.25    768.25    155.556    0.00000e+00    0.00000e+00    5.02272879E+07
    4.77951429493502e-06    2.14652769929932e-05    -7.28391249741447e-06    1.9881833E-01    646.29    646.29    125.043    0.00000e+00    0.00000e+00    5.52500167E+07
    5.37151935979188e-06    2.41247748005971e-05    -8.18431234448055e-06    1.6623062E-01    555.37    555.37    104.548    0.00000e+00    0.00000e+00    6.02727455E+07
    5.96588929730383e-06    2.67885026075687e-05    -9.08651715288140e-06    1.4036001E-01    485.25    485.25    88.277    0.00000e+00    0.00000e+00    6.52954743E+07
    6.56294364816808e-06    2.94550253654119e-05    -9.99052158966653e-06    1.2147676E-01    429.56    429.56    76.400    0.00000e+00    0.00000e+00    7.03182031E+07
    7.16293936363562e-06    3.21233875063613e-05    -1.08964308594047e-05    1.0714262E-01    384.24    384.24    67.385    0.00000e+00    0.00000e+00    7.53409319E+07
    7.76604515886747e-06    3.47929573181902e-05    -1.18043865276909e-05    9.3974749E-02    346.60    346.60    59.104    0.00000e+00    0.00000e+00    8.03636606E+07
    8.37235120920833e-06    3.74633459803266e-05    -1.27145238575421e-05    8.2634869E-02    314.80    314.80    51.972    0.00000e+00    0.00000e+00    8.53863894E+07
    8.98187787683281e-06    4.01343338721728e-05    -1.36269504775954e-05    7.3686758E-02    287.55    287.55    46.344    0.00000e+00    0.00000e+00    9.04091182E+07
    9.59457425630437e-06    4.28058157891601e-05    -1.45417386250895e-05    6.6129130E-02    263.95    263.95    41.591    0.00000e+00    0.00000e+00    9.54318470E+07
    1.02103118719975e-05    4.54777539158213e-05    -1.54589227217956e-05    5.9806795E-02    243.32    243.32    37.614    0.00000e+00    0.00000e+00    1.00454576E+08
    1.08289055250861e-05    4.81501467977153e-05    -1.63785056765958e-05    5.4234781E-02    225.16    225.16    34.110    0.00000e+00    0.00000e+00    1.05477305E+08
    1.14501448064325e-05    5.08230181907127e-05    -1.73004603399240e-05    4.9628715E-02    209.07    209.07    31.213    0.00000e+00    0.00000e+00    1.10500033E+08
    1.20738076713708e-05    5.34964020317709e-05    -1.82247280493248e-05    4.5549049E-02    194.74    194.74    28.647    0.00000e+00    0.00000e+00    1.15522762E+08
    1.26996701359802e-05    5.61703240160152e-05    -1.91512263864724e-05    4.1790279E-02    181.92    181.92    26.283    0.00000e+00    0.00000e+00    1.20545491E+08
    1.33275159733591e-05    5.88448035359928e-05    -2.00798612975126e-05    3.8577760E-02    170.41    170.41    24.263    0.00000e+00    0.00000e+00    1.25568220E+08
    1.39571367136245e-05    6.15198599842509e-05    -2.10105290323177e-05    3.5235536E-02    160.03    160.03    22.161    0.00000e+00    0.00000e+00    1.30590949E+08
    1.45883379464904e-05    6.41954836645158e-05    -2.19431219622505e-05    3.2676914E-02    150.64    150.64    20.552    0.00000e+00    0.00000e+00    1.35613677E+08
    1.52209398060809e-05    6.68716794249245e-05    -2.28775305194190e-05    3.0399528E-02    142.11    142.11    19.119    0.00000e+00    0.00000e+00    1.40636406E+08
    1.58547779405583e-05    6.95484327210665e-05    -2.38136446511177e-05    2.8344283E-02    134.34    134.34    17.827    0.00000e+00    0.00000e+00    1.45659135E+08
    1.64897073906319e-05    7.22257241603945e-05    -2.47513572135230e-05    2.6842075E-02    127.24    127.24    16.882    0.00000e+00    0.00000e+00    1.50681864E+08
    1.71256001654898e-05    7.49035343503613e-05    -2.56905649413209e-05    2.5144522E-02    120.74    120.74    15.814    0.00000e+00    0.00000e+00    1.55704592E+08
    1.77623437883581e-05    7.75818438984196e-05    -2.66311694173340e-05    2.3365792E-02    114.76    114.76    14.695    0.00000e+00    0.00000e+00    1.60727321E+08
    1.83998403268731e-05    8.02606334120223e-05    -2.75730780421493e-05    2.2205381E-02    109.26    109.26    13.966    0.00000e+00    0.00000e+00    1.65750050E+08
    1.90380034841997e-05    8.29398738023483e-05    -2.85162025796769e-05    2.0927912E-02    104.18    104.18    13.162    0.00000e+00    0.00000e+00    1.70772779E+08
    1.96767581142172e-05    8.56195505249874e-05    -2.94604606115909e-05    1.9759951E-02    99.50    99.50    12.428    0.00000e+00    0.00000e+00    1.75795508E+08
    2.03160368278240e-05    8.82996538836658e-05    -3.04057740828886e-05    1.8688685E-02    95.15    95.15    11.754    0.00000e+00    0.00000e+00    1.80818236E+08
    2.09557819321921e-05    9.09801596376996e-05    -3.13520717259590e-05    1.7704249E-02    91.13    91.13    11.135    0.00000e+00    0.00000e+00    1.85840965E+08
    2.15959420370711e-05    9.36610629389518e-05    -3.22992861517004e-05    1.6650953E-02    87.39    87.39    10.472    0.00000e+00    0.00000e+00    1.90863694E+08
    2.22364730244162e-05    9.63423492430122e-05    -3.32473557887752e-05    1.5835992E-02    83.91    83.91    9.960    0.00000e+00    0.00000e+00    1.95886423E+08
    2.28773356243192e-05    9.90240040054702e-05    -3.41962229443555e-05    1.5077947E-02    80.66    80.66    9.483    0.00000e+00    0.00000e+00    2.00909152E+08
    2.35184949301951e-05    1.01706022378189e-04    -3.51458362281910e-05    1.4375594E-02    77.62    77.62    9.041    0.00000e+00    0.00000e+00    2.05931880E+08
    2.41599208835955e-05    1.04388389816758e-04    -3.60961471589136e-05    1.3723538E-02    74.77    74.77    8.631    0.00000e+00    0.00000e+00    2.10954609E+08
    2.48015868197681e-05    1.07071106321178e-04    -3.70471121032921e-05    1.3117008E-02    72.10    72.10    8.250    0.00000e+00    0.00000e+00    2.15977338E+08
    2.54434689828424e-05    1.09754152498901e-04    -3.79986903369771e-05    1.2551769E-02    69.59    69.59    7.894    0.00000e+00    0.00000e+00    2.21000067E+08
    2.60855460410166e-05    1.12437528349927e-04    -3.89508450141290e-05    1.2024065E-02    67.23    67.23    7.562    0.00000e+00    0.00000e+00    2.26022796E+08
    2.67278000561844e-05    1.15121224177982e-04    -3.99035421977901e-05    1.1530569E-02    65.00    65.00    7.252    0.00000e+00    0.00000e+00    2.31045524E+08
    2.73702145446806e-05    1.17805230286793e-04    -4.08567513446984e-05    1.1068317E-02    62.90    62.90    6.961    0.00000e+00    0.00000e+00    2.36068253E+08
    2.80127749620948e-05    1.20489541828224e-04    -4.18104433660330e-05    1.0634671E-02    60.91    60.91    6.688    0.00000e+00    0.00000e+00    2.41090982E+08
    2.86554687032714e-05    1.23174153954137e-04    -4.27645920818553e-05    1.0227240E-02    59.03    59.03    6.432    0.00000e+00    0.00000e+00    2.46113711E+08
    2.92982841326819e-05    1.25859061816395e-04    -4.37191737362948e-05    9.8439047E-03    57.25    57.25    6.191    0.00000e+00    0.00000e+00    2.51136440E+08
    2.99412110692390e-05    1.28544255718725e-04    -4.46741655431086e-05    9.4827453E-03    55.56    55.56    5.964    0.00000e+00    0.00000e+00    2.56159168E+08
    3.05842403014829e-05    1.31229730812990e-04    -4.56295471401219e-05    9.1748447E-03    53.95    53.95    5.770    0.00000e+00    0.00000e+00    2.61181897E+08
    3.12273640723946e-05    1.33915482251053e-04    -4.65852986499740e-05    8.8513497E-03    52.42    52.42    5.567    0.00000e+00    0.00000e+00    2.66204626E+08
    3.18705746249551e-05    1.36601510032915e-04    -4.75414026193722e-05    8.5455521E-03    50.97    50.97    5.375    0.00000e+00    0.00000e+00    2.71227355E+08
    3.25138656565868e-05    1.39287804462301e-04    -4.84978420798377e-05    8.2561431E-03    49.58    49.58    5.193    0.00000e+00    0.00000e+00    2.76250083E+08
    3.31572308647117e-05    1.41974360691075e-04    -4.94546024869601e-05    7.9819399E-03    48.25    48.25    5.020    0.00000e+00    0.00000e+00    2.81272812E+08
    3.38006658860066e-05    1.44661178719237e-04    -5.04116683267017e-05    7.7218625E-03    46.99    46.99    4.857    0.00000e+00    0.00000e+00    2.86295541E+08
    3.44441653875212e-05    1.47348253698650e-04    -5.13690299027886e-05    7.4749271E-03    45.78    45.78    4.701    0.00000e+00    0.00000e+00    2.91318270E+08
    3.50877250059322e-05    1.50035575933040e-04    -5.23266726708107e-05    7.2402362E-03    44.62    44.62    4.554    0.00000e+00    0.00000e+00    2.96340999E+08
    3.57313413475439e-05    1.52723145422407e-04    -5.32845820863573e-05    7.0169658E-03    43.51    43.51    4.413    0.00000e+00    0.00000e+00    3.01363727E+08
    3.63750115034742e-05    1.55410962166752e-04    -5.42427533012918e-05    7.0246757E-03    42.45    42.45    4.418    0.00000e+00    0.00000e+00    3.06386456E+08
    3.70187315952136e-05    1.58099016469801e-04    -5.52011717712036e-05    6.8189602E-03    41.43    41.43    4.289    0.00000e+00    0.00000e+00    3.11409185E+08
    3.76624991986938e-05    1.60787308331553e-04    -5.61598277998192e-05    6.7271243E-03    40.45    40.45    4.231    0.00000e+00    0.00000e+00    3.16431914E+08
    3.83063114050327e-05    1.63475832903873e-04    -5.71187165390017e-05    6.5354831E-03    39.51    39.51    4.110    0.00000e+00    0.00000e+00    3.21454643E+08
    3.89501662749755e-05    1.66164590186759e-04    -5.80778282924775e-05    6.3523903E-03    38.60    38.60    3.995    0.00000e+00    0.00000e+00    3.26477371E+08
    3.95940613844538e-05    1.68853570483938e-04    -5.90371485158362e-05    6.1773300E-03    37.73    37.73    3.885    0.00000e+00    0.00000e+00    3.31500100E+08
    4.02379952790266e-05    1.71542773795411e-04    -5.99966772090777e-05    6.0097682E-03    36.89    36.89    3.780    0.00000e+00    0.00000e+00    3.36522829E+08
    4.08819655346255e-05    1.74232195273041e-04    -6.09564095240654e-05    5.8643329E-03    36.08    36.08    3.688    0.00000e+00    0.00000e+00    3.41545558E+08
    4.15259711816231e-05    1.76921830068690e-04    -6.19163309163886e-05    5.7095708E-03    35.31    35.31    3.591    0.00000e+00    0.00000e+00    3.46568287E+08
    4.21700097959511e-05    1.79611683030495e-04    -6.28764365379107e-05    5.5612636E-03    34.56    34.56    3.498    0.00000e+00    0.00000e+00    3.51591015E+08
    4.28140804079819e-05    1.82301739614047e-04    -6.38367263886316e-05    5.4189486E-03    33.83    33.83    3.408    0.00000e+00    0.00000e+00    3.56613744E+08
    4.34581820480884e-05    1.84992009515618e-04    -6.47971859241409e-05    5.2823437E-03    33.13    33.13    3.322    0.00000e+00    0.00000e+00    3.61636473E+08
    4.41023127770158e-05    1.87682478190799e-04    -6.57578199925754e-05    5.1510888E-03    32.46    32.46    3.240    0.00000e+00    0.00000e+00    3.66659202E+08
    4.47464721099503e-05    1.90373150487725e-04    -6.67186188976615e-05    4.9984440E-03    31.81    31.81    3.144    0.00000e+00    0.00000e+00    3.71681930E+08
    4.53906590772647e-05    1.93064016710124e-04    -6.76795729431255e-05    4.8779855E-03    31.17    31.17    3.068    0.00000e+00    0.00000e+00    3.76704659E+08
    4.60348722245178e-05    1.95755076857996e-04    -6.86406869771043e-05    4.4219695E-03    30.57    30.57    2.781    0.00000e+00    0.00000e+00    3.81727388E+08
    4.66791105820823e-05    1.98446335779477e-04    -6.96019513033242e-05    4.3132551E-03    29.98    29.98    2.713    0.00000e+00    0.00000e+00    3.86750117E+08
    4.73233736651446e-05    2.01137778930156e-04    -7.05633610736485e-05    4.5590810E-03    29.40    29.40    2.867    0.00000e+00    0.00000e+00    3.91772846E+08
    4.79676609888910e-05    2.03829406310035e-04    -7.15249114399402e-05    4.4553293E-03    28.85    28.85    2.802    0.00000e+00    0.00000e+00    3.96795574E+08
    4.86119720685077e-05    2.06521222767249e-04    -7.24866072503364e-05    4.3551834E-03    28.32    28.32    2.739    0.00000e+00    0.00000e+00    4.01818303E+08
    4.92563039951127e-05    2.09213218605525e-04    -7.34484339604264e-05    4.2457685E-03    27.80    27.80    2.670    0.00000e+00    0.00000e+00    4.06841032E+08
    4.99006601624018e-05    2.11905388976726e-04    -7.44103915702103e-05    4.1525572E-03    27.29    27.29    2.612    0.00000e+00    0.00000e+00    4.11863761E+08
    5.05450357222381e-05    2.14597743577126e-04    -7.53724800796881e-05    4.0625165E-03    26.80    26.80    2.555    0.00000e+00    0.00000e+00    4.16886490E+08
    5.11894355227584e-05    2.17290263014178e-04    -7.63346946407230e-05    3.7086693E-03    26.33    26.33    2.332    0.00000e+00    0.00000e+00    4.21909218E+08
    5.18338547158260e-05    2.19982961832292e-04    -7.72970304051782e-05    3.6256438E-03    25.87    25.87    2.280    0.00000e+00    0.00000e+00    4.26931947E+08
    5.24782933014409e-05    2.22675825487057e-04    -7.82594873730537e-05    3.8733339E-03    25.42    25.42    2.436    0.00000e+00    0.00000e+00    4.31954676E+08
    5.31227512796030e-05    2.25368858826610e-04    -7.92220606962126e-05    3.4704986E-03    24.99    24.99    2.183    0.00000e+00    0.00000e+00    4.36977405E+08
    5.37672286503123e-05    2.28062052154679e-04    -8.01847503746550e-05    3.7170706E-03    24.57    24.57    2.338    0.00000e+00    0.00000e+00    4.42000134E+08
    5.44117254135689e-05    2.30755410319399e-04    -8.11475515602441e-05    3.6427531E-03    24.16    24.16    2.291    0.00000e+00    0.00000e+00    4.47022862E+08
    5.50562464175095e-05    2.33448933320770e-04    -8.21104594048429e-05    3.5707491E-03    23.76    23.76    2.246    0.00000e+00    0.00000e+00    4.52045591E+08
    5.57007819658606e-05    2.36142611462520e-04    -8.30734739084517e-05    3.1890896E-03    23.37    23.37    2.006    0.00000e+00    0.00000e+00    4.57068320E+08
    5.63453320586221e-05    2.38836444744647e-04    -8.40365950710703e-05    3.1242485E-03    23.00    23.00    1.965    0.00000e+00    0.00000e+00    4.62091049E+08
    5.69899063920677e-05    2.41530433167153e-04    -8.49998180445619e-05    3.0614610E-03    22.63    22.63    1.925    0.00000e+00    0.00000e+00    4.67113777E+08
    5.76344952699237e-05    2.44224576730036e-04    -8.59631428289265e-05    3.1147050E-03    22.27    22.27    1.959    0.00000e+00    0.00000e+00    4.72136506E+08
    5.82791035403269e-05    2.46918870585161e-04    -8.69265645760274e-05    3.0554420E-03    21.92    21.92    1.922    0.00000e+00    0.00000e+00    4.77159235E+08
    5.89237263551406e-05    2.49613314732526e-04    -8.78900832858645e-05    2.9979245E-03    21.58    21.58    1.885    0.00000e+00    0.00000e+00    4.82181964E+08
    5.95683685625015e-05    2.52307904323996e-04    -8.88536941103010e-05    2.9420775E-03    21.25    21.25    1.850    0.00000e+00    0.00000e+00    4.87204693E+08
    6.02130301624097e-05    2.55002639359570e-04    -8.98173970493369e-05    2.8878362E-03    20.93    20.93    1.816    0.00000e+00    0.00000e+00    4.92227421E+08
    6.08577063067283e-05    2.57697519839249e-04    -9.07811921029722e-05    2.8351428E-03    20.62    20.62    1.783    0.00000e+00    0.00000e+00    4.97250150E+08
    6.15023969954573e-05    2.60392540914895e-04    -9.17450744230701e-05    2.7839362E-03    20.31    20.31    1.751    0.00000e+00    0.00000e+00    5.02272879E+08
    6.21471022285967e-05    2.63087707434646e-04    -9.27090440096307e-05    2.7454310E-03    20.02    20.02    1.727    0.00000e+00    0.00000e+00    5.07295608E+08
    6.27918268542835e-05    2.65783009702227e-04    -9.36731008626538e-05    2.6969380E-03    20.00    20.00    1.696    0.00000e+00    0.00000e+00    5.12318337E+08
    6.34365660243806e-05    2.68478447717639e-04    -9.46372401340027e-05    2.6497337E-03    20.00    20.00    1.666    0.00000e+00    0.00000e+00    5.17341065E+08
    6.40813197388882e-05    2.71174021480882e-04    -9.56014569755406e-05    2.6040172E-03    20.00    20.00    1.638    0.00000e+00    0.00000e+00    5.22363794E+08
    6.47260879978062e-05    2.73869730991955e-04    -9.65657610835411e-05    2.5382253E-03    20.00    20.00    1.596    0.00000e+00    0.00000e+00    5.27386523E+08
    6.53708708011346e-05    2.76565571402722e-04    -9.75301379135937e-05    2.6243801E-03    20.00    20.00    1.651    0.00000e+00    0.00000e+00    5.32409252E+08
    6.60156681488735e-05    2.79261542713183e-04    -9.84945971619722e-05    2.5812293E-03    20.00    20.00    1.623    0.00000e+00    0.00000e+00    5.37431981E+08
    6.66604800410228e-05    2.81957649771475e-04    -9.94591291324028e-05    2.5693616E-03    20.00    20.00    1.616    0.00000e+00    0.00000e+00    5.42454709E+08
    6.73053064775825e-05    2.84653878033187e-04    -1.00423733824886e-04    2.5274657E-03    20.00    20.00    1.590    0.00000e+00    0.00000e+00    5.47477438E+08
    6.79501474585527e-05    2.87350237194593e-04    -1.01388411239421e-04    2.4866229E-03    20.00    20.00    1.564    0.00000e+00    0.00000e+00    5.52500167E+08
    6.85950029839333e-05    2.90046717559420e-04    -1.02353166224144e-04    2.4467972E-03    20.00    20.00    1.539    0.00000e+00    0.00000e+00    5.57522896E+08
    6.92398682055875e-05    2.92743323975803e-04    -1.03317984234647e-04    2.4079543E-03    20.00    20.00    1.514    0.00000e+00    0.00000e+00    5.62545624E+08
    6.98847479716522e-05    2.95440051595607e-04    -1.04282874967202e-04    2.3700609E-03    20.00    20.00    1.491    0.00000e+00    0.00000e+00    5.67568353E+08
    7.05296374339905e-05    2.98136905266968e-04    -1.05247833573672e-04    2.3330859E-03    20.00    20.00    1.467    0.00000e+00    0.00000e+00    5.72591082E+08
    7.11745414407392e-05    3.00833875293612e-04    -1.06212860054057e-04    2.2969984E-03    20.00    20.00    1.445    0.00000e+00    0.00000e+00    5.77613811E+08
    7.18194599918983e-05    3.03530961675540e-04    -1.07177949560221e-04    2.2617925E-03    20.00    20.00    1.423    0.00000e+00    0.00000e+00    5.82636540E+08
    7.24643882393311e-05    3.06228169260888e-04    -1.08143106940300e-04    2.2273943E-03    20.00    20.00    1.401    0.00000e+00    0.00000e+00    5.87659268E+08
    7.31093310311743e-05    3.08925493201519e-04    -1.09108322498021e-04    2.2187524E-03    20.00    20.00    1.395    0.00000e+00    0.00000e+00    5.92681997E+08
    7.37542835192911e-05    3.11622928649297e-04    -1.10073601081520e-04    2.1855711E-03    20.00    20.00    1.375    0.00000e+00    0.00000e+00    5.97704726E+08
    7.43992457036816e-05    3.14320480452359e-04    -1.11038942690799e-04    2.1531534E-03    20.00    20.00    1.354    0.00000e+00    0.00000e+00    6.02727455E+08
    7.50442224324825e-05    3.17018143762567e-04    -1.12004347325855e-04    2.1214754E-03    20.00    20.00    1.334    0.00000e+00    0.00000e+00    6.07750184E+08
    7.56892088575570e-05    3.19715918579922e-04    -1.12969805290417e-04    2.0921731E-03    20.00    20.00    1.316    0.00000e+00    0.00000e+00    6.12772912E+08
    7.63342049789051e-05    3.22413804904423e-04    -1.13935326280757e-04    2.0618513E-03    20.00    20.00    1.297    0.00000e+00    0.00000e+00    6.17795641E+08
    7.69792107965268e-05    3.25111797887935e-04    -1.14900900600602e-04    2.0322044E-03    20.00    20.00    1.278    0.00000e+00    0.00000e+00    6.22818370E+08
    7.76242263104222e-05    3.27809897530456e-04    -1.15866533098088e-04    2.0032127E-03    20.00    20.00    1.260    0.00000e+00    0.00000e+00    6.27841099E+08
    7.82692563687280e-05    3.30508108680124e-04    -1.16832223773217e-04    1.9748568E-03    20.00    20.00    1.242    0.00000e+00    0.00000e+00    6.32863828E+08
    7.89142961233075e-05    3.33206421640665e-04    -1.17797962929714e-04    1.9471177E-03    20.00    20.00    1.225    0.00000e+00    0.00000e+00    6.37886556E+08
    7.95593407260237e-05    3.35904841260215e-04    -1.18763760263852e-04    1.9199770E-03    20.00    20.00    1.208    0.00000e+00    0.00000e+00    6.42909285E+08
    8.02043998731504e-05    3.38603362690639e-04    -1.19729610927495e-04    1.8934037E-03    20.00    20.00    1.191    0.00000e+00    0.00000e+00    6.47932014E+08
    8.08494687165507e-05    3.41301990780073e-04    -1.20695510072506e-04    1.8674221E-03    20.00    20.00    1.174    0.00000e+00    0.00000e+00    6.52954743E+08
    8.14945424080878e-05    3.44000715832243e-04    -1.21661462547023e-04    1.8419738E-03    20.00    20.00    1.158    0.00000e+00    0.00000e+00    6.57977472E+08
    8.21396257958985e-05    3.46699542695286e-04    -1.22627463502907e-04    1.8170576E-03    20.00    20.00    1.143    0.00000e+00    0.00000e+00    6.63000200E+08
    8.27847237281197e-05    3.49398471369202e-04    -1.23593517788296e-04    1.7926582E-03    20.00    20.00    1.127    0.00000e+00    0.00000e+00    6.68022929E+08
    8.34298265084776e-05    3.52097497005854e-04    -1.24559615706917e-04    1.7687565E-03    20.00    20.00    1.112    0.00000e+00    0.00000e+00    6.73045658E+08
    8.40749341369724e-05    3.54796619605242e-04    -1.25525766955042e-04    1.7453479E-03    20.00    20.00    1.098    0.00000e+00    0.00000e+00    6.78068387E+08
    8.47200563098776e-05    3.57495839167367e-04    -1.26491961836399e-04    1.7224140E-03    20.00    20.00    1.083    0.00000e+00    0.00000e+00    6.83091115E+08
    8.53651833309196e-05    3.60195150844091e-04    -1.27458205199124e-04    1.6999452E-03    20.00    20.00    1.069    0.00000e+00    0.00000e+00    6.88113844E+08
    8.60103200482353e-05    3.62894559483551e-04    -1.28424497043217e-04    1.6779215E-03    20.00    20.00    1.055    0.00000e+00    0.00000e+00    6.93136573E+08
    8.66554664618246e-05    3.65594065085747e-04    -1.29390832520542e-04    1.6563337E-03    20.00    20.00    1.042    0.00000e+00    0.00000e+00    6.98159302E+08
    8.73006177235507e-05    3.68293662802543e-04    -1.30357211631097e-04    1.6351717E-03    20.00    20.00    1.028    0.00000e+00    0.00000e+00    7.03182031E+08
    8.79457786815503e-05    3.70993347785802e-04    -1.31323634374884e-04    1.6144243E-03    20.00    20.00    1.015    0.00000e+00    0.00000e+00    7.08204759E+08
    8.85909444876869e-05    3.73693129731796e-04    -1.32290100751902e-04    1.5940786E-03    20.00    20.00    1.003    0.00000e+00    0.00000e+00    7.13227488E+08
    8.92361199900970e-05    3.76392998944254e-04    -1.33256610762152e-04    1.5741249E-03    20.00    20.00    0.990    0.00000e+00    0.00000e+00    7.18250217E+08
    8.98813003406440e-05    3.79092955423173e-04    -1.34223164405633e-04    1.5545529E-03    20.00    20.00    0.978    0.00000e+00    0.00000e+00    7.23272946E+08
    9.05264903874645e-05    3.81793004016693e-04    -1.35189761682345e-04    1.5353528E-03    20.00    20.00    0.966    0.00000e+00    0.00000e+00    7.28295675E+08
    9.11716852824219e-05    3.84493135028538e-04    -1.36156397744152e-04    1.5165148E-03    20.00    20.00    0.954    0.00000e+00    0.00000e+00    7.33318403E+08
    9.18168850255161e-05    3.87193358154982e-04    -1.37123072591053e-04    1.4982551E-03    20.00    20.00    0.942    0.00000e+00    0.00000e+00    7.38341132E+08
    9.24620944648839e-05    3.89893663699753e-04    -1.38089791071185e-04    1.4801176E-03    20.00    20.00    0.931    0.00000e+00    0.00000e+00    7.43363861E+08
    9.31073087523885e-05    3.92594056510985e-04    -1.39056543488275e-04    1.4623158E-03    20.00    20.00    0.920    0.00000e+00    0.00000e+00    7.48386590E+08
    9.37525327361668e-05    3.95294531740544e-04    -1.40023339538597e-04    1.4448418E-03    20.00    20.00    0.909    0.00000e+00    0.00000e+00    7.53409319E+08
    9.43977615680818e-05    3.97995094236565e-04    -1.40990174374012e-04    1.4276923E-03    20.00    20.00    0.898    0.00000e+00    0.00000e+00    7.58432047E+08
    9.50429952481337e-05    4.00695734302776e-04    -1.41957047994523e-04    1.4108471E-03    20.00    20.00    0.887    0.00000e+00    0.00000e+00    7.63454776E+08
    9.56882337763224e-05    4.03396461635448e-04    -1.42923955551991e-04    1.3943035E-03    20.00    20.00    0.877    0.00000e+00    0.00000e+00    7.68477505E+08
    9.63334820007847e-05    4.06097266538310e-04    -1.43890901894553e-04    1.3780563E-03    20.00    20.00    0.867    0.00000e+00    0.00000e+00    7.73500234E+08
    9.69787350733838e-05    4.08798153859498e-04    -1.44857887022210e-04    1.3620975E-03    20.00    20.00    0.857    0.00000e+00    0.00000e+00    7.78522962E+08
    9.76239881459829e-05    4.11499118750874e-04    -1.45824906086825e-04    1.3464201E-03    20.00    20.00    0.847    0.00000e+00    0.00000e+00    7.83545691E+08
    9.82692509148557e-05    4.14200161212440e-04    -1.46791959088397e-04    1.3310174E-03    20.00    20.00    0.837    0.00000e+00    0.00000e+00    7.88568420E+08
    9.89145233800020e-05    4.16901286092331e-04    -1.47759050875064e-04    1.3158830E-03    20.00    20.00    0.828    0.00000e+00    0.00000e+00    7.93591149E+08
    9.95597958451484e-05    4.19602483694275e-04    -1.48726171750552e-04    1.3010105E-03    20.00    20.00    0.818    0.00000e+00    0.00000e+00    7.98613878E+08
    1.00205073158432e-04    4.22303758866407e-04    -1.49693331411134e-04    1.2863938E-03    20.00    20.00    0.809    0.00000e+00    0.00000e+00    8.03636606E+08
    1.00850355319852e-04    4.25005111608729e-04    -1.50660525008674e-04    1.2720267E-03    20.00    20.00    0.800    0.00000e+00    0.00000e+00    8.08659335E+08
    1.01495647177545e-04    4.27706541921239e-04    -1.51627752543172e-04    1.2579037E-03    20.00    20.00    0.791    0.00000e+00    0.00000e+00    8.13682064E+08
    1.02140939035239e-04    4.30408044955802e-04    -1.52595014014627e-04    1.2440193E-03    20.00    20.00    0.782    0.00000e+00    0.00000e+00    8.18704793E+08
    1.02786235741069e-04    4.33109620712417e-04    -1.53562304574903e-04    1.2303677E-03    20.00    20.00    0.774    0.00000e+00    0.00000e+00    8.23727522E+08
    1.03431542143173e-04    4.35811269191084e-04    -1.54529629072137e-04    1.2169438E-03    20.00    20.00    0.765    0.00000e+00    0.00000e+00    8.28750250E+08
    1.04076848545277e-04    4.38512990391803e-04    -1.55496987506328e-04    1.2037426E-03    20.00    20.00    0.757    0.00000e+00    0.00000e+00    8.33772979E+08
    1.04722159795518e-04    4.41214784314574e-04    -1.56464375029341e-04    1.1907590E-03    20.00    20.00    0.749    0.00000e+00    0.00000e+00    8.38795708E+08
    1.05367475893896e-04    4.43916650959397e-04    -1.57431796489311e-04    1.1779882E-03    20.00    20.00    0.741    0.00000e+00    0.00000e+00    8.43818437E+08
    1.06012796840410e-04    4.46618585478136e-04    -1.58399247038102e-04    1.1654256E-03    20.00    20.00    0.733    0.00000e+00    0.00000e+00    8.48841166E+08
    1.06658122635061e-04    4.49320592718927e-04    -1.59366726675713e-04    1.1522691E-03    20.00    20.00    0.725    0.00000e+00    0.00000e+00    8.53863894E+08
    1.07303448429713e-04    4.52022667833633e-04    -1.60334235402146e-04    1.1406180E-03    20.00    20.00    0.717    0.00000e+00    0.00000e+00    8.58886623E+08
    1.07948783920638e-04    4.54724810822255e-04    -1.61301778065536e-04    1.1286524E-03    20.00    20.00    0.710    0.00000e+00    0.00000e+00    8.63909352E+08
    1.08594119411563e-04    4.57427021684792e-04    -1.62269349817748e-04    1.1168776E-03    20.00    20.00    0.702    0.00000e+00    0.00000e+00    8.68932081E+08
    1.09239459750624e-04    4.60129300421245e-04    -1.63236945810643e-04    1.1052895E-03    20.00    20.00    0.695    0.00000e+00    0.00000e+00    8.73954809E+08
    1.09884804937823e-04    4.62831642183475e-04    -1.64204575740496e-04    1.0938841E-03    20.00    20.00    0.688    0.00000e+00    0.00000e+00    8.78977538E+08
    1.10530150125021e-04    4.65534056667759e-04    -1.65172234759169e-04    1.0826576E-03    20.00    20.00    0.681    0.00000e+00    0.00000e+00    8.84000267E+08
    1.11175505008493e-04    4.68236534177820e-04    -1.66139918018527e-04    1.0716062E-03    20.00    20.00    0.674    0.00000e+00    0.00000e+00    8.89022996E+08
    1.11820859891966e-04    4.70939074713660e-04    -1.67107630366706e-04    1.0607261E-03    20.00    20.00    0.667    0.00000e+00    0.00000e+00    8.94045725E+08
    1.12466214775438e-04    4.73641678275279e-04    -1.68075371803706e-04    1.0500139E-03    20.00    20.00    0.660    0.00000e+00    0.00000e+00    8.99068453E+08
    1.13111579355184e-04    4.76344349710813e-04    -1.69043137481389e-04    1.0380006E-03    20.00    20.00    0.653    0.00000e+00    0.00000e+00    9.04091182E+08
    1.13756943934929e-04    4.79047084172126e-04    -1.70010932247894e-04    1.0276120E-03    20.00    20.00    0.646    0.00000e+00    0.00000e+00    9.09113911E+08
    1.14402313362812e-04    4.81749876811080e-04    -1.70978756103219e-04    1.0173972E-03    20.00    20.00    0.640    0.00000e+00    0.00000e+00    9.14136640E+08
    1.15047682790694e-04    4.84452737323950e-04    -1.71946604199228e-04    1.0073337E-03    20.00    20.00    0.634    0.00000e+00    0.00000e+00    9.19159369E+08
    1.15693057066714e-04    4.87155670558872e-04    -1.72914476535922e-04    9.9742459E-04    20.00    20.00    0.627    0.00000e+00    0.00000e+00    9.24182097E+08
    1.16338436190870e-04    4.89858652275162e-04    -1.73882373113299e-04    9.8766374E-04    20.00    20.00    0.621    0.00000e+00    0.00000e+00    9.29204826E+08
    1.16983815315026e-04    4.92561682472820e-04    -1.74850298779498e-04    9.7804813E-04    20.00    20.00    0.615    0.00000e+00    0.00000e+00    9.34227555E+08
    1.17629199287319e-04    4.95264761151846e-04    -1.75818248686380e-04    9.6857498E-04    20.00    20.00    0.609    0.00000e+00    0.00000e+00    9.39250284E+08
    1.18274583259612e-04    4.97967936793609e-04    -1.76786227682083e-04    9.5904598E-04    20.00    20.00    0.603    0.00000e+00    0.00000e+00    9.44273013E+08
    1.18919972080042e-04    5.00671160916739e-04    -1.77754226070334e-04    9.4985098E-04    20.00    20.00    0.597    0.00000e+00    0.00000e+00    9.49295741E+08
    1.19565365748609e-04    5.03374433521238e-04    -1.78722248699269e-04    9.4079411E-04    20.00    20.00    0.592    0.00000e+00    0.00000e+00    9.54318470E+08
    1.20210759417175e-04    5.06077754607105e-04    -1.79690300417024e-04    9.3186451E-04    20.00    20.00    0.586    0.00000e+00    0.00000e+00    9.59341199E+08
    1.20856157933879e-04    5.08781172655708e-04    -1.80658371527327e-04    9.2305966E-04    20.00    20.00    0.581    0.00000e+00    0.00000e+00    9.64363928E+08
    1.21501556450582e-04    5.11484590704311e-04    -1.81626466878313e-04    9.1438043E-04    20.00    20.00    0.575    0.00000e+00    0.00000e+00    9.69386656E+08
    1.22146959815423e-04    5.14188105715650e-04    -1.82594591318121e-04    9.0583488E-04    20.00    20.00    0.570    0.00000e+00    0.00000e+00    9.74409385E+08
    1.22792363180263e-04    5.16891669208357e-04    -1.83562735150476e-04    8.9740602E-04    20.00    20.00    0.564    0.00000e+00    0.00000e+00    9.79432114E+08
    1.23437771393240e-04    5.19595281182433e-04    -1.84530898375378e-04    8.8909637E-04    20.00    20.00    0.559    0.00000e+00    0.00000e+00    9.84454843E+08
    1.24083179606217e-04    5.22298941637876e-04    -1.85499090689101e-04    8.8107849E-04    20.00    20.00    0.554    0.00000e+00    0.00000e+00    9.89477572E+08
    1.24728587819194e-04    5.25002699056056e-04    -1.86467302395371e-04    8.7299881E-04    20.00    20.00    0.549    0.00000e+00    0.00000e+00    9.94500300E+08
    1.25374005728445e-04    5.27706456474236e-04    -1.87435533494189e-04    8.6503171E-04    20.00    20.00    0.544    0.00000e+00    0.00000e+00    9.99523029E+08
    1.26019418789559e-04    5.30410310855152e-04    -1.88403793681827e-04    8.5717505E-04    20.00    20.00    0.539    0.00000e+00    0.00000e+00    1.00454576E+09
