    3.84312837668670e-05    6.79541714121059e-06    2.74890666186046e-05    8.6147366E-03    808.00    808.00    1.4138861961793421    0.00000e+00    0.00000e+00    5.73595628E+10
    4.97337000269013e-05    1.79574745076132e-05    3.41764042458854e-05    6.5437432E-03    2033.88    2033.88    0.9620121426833161    0.00000e+00    0.00000e+00    5.74097901E+10
    5.93334908784144e-05    2.70815875070236e-05    3.76753016735709e-05    5.2252872E-03    1596.14    1596.14    0.7554248875851997    0.00000e+00    0.00000e+00    5.74600174E+10
    6.90390486825983e-05    3.51522881286592e-05    4.11912257577369e-05    4.2391072E-03    1305.53    1305.53    0.6256982755407586    0.00000e+00    0.00000e+00    5.75102446E+10
    7.84736344241366e-05    4.18619024597734e-05    4.44662599833563e-05    3.5770259E-03    1125.55    1125.55    0.5761608769141197    0.00000e+00    0.00000e+00    5.75604719E+10
    8.72605139358493e-05    4.77844600798870e-05    4.68682116735854e-05    3.1731775E-03    990.25    990.25    0.5675282005744470    0.00000e+00    0.00000e+00    5.76106992E+10
    9.53425519254177e-05    5.30655432652321e-05    4.81790310272085e-05    2.7507526E-03    873.40    873.40    0.5673092875439293    0.00000e+00    0.00000e+00    5.76609265E+10
    1.02609661750272e-04    5.76679813508779e-05    4.84246759383394e-05    2.4861622E-03    781.51    781.51    0.5357905470919719    0.00000e+00    0.00000e+00    5.77111538E+10
    1.08994352497866e-04    6.17307733280808e-05    4.78133724285736e-05    2.3760720E-03    708.56    708.56    0.5410349713631329    0.00000e+00    0.00000e+00    5.77613811E+10
    1.14589199340606e-04    6.54757893298635e-05    4.66381981251609e-05    2.2294640E-03    647.96    647.96    0.5214696285034369    0.00000e+00    0.00000e+00    5.78116084E+10
    1.19565923284342e-04    6.90552802446419e-05    4.51395818288369e-05    2.0504898E-03    596.55    596.55    0.5018722560828568    0.00000e+00    0.00000e+00    5.78618357E+10
    1.24080057406111e-04    7.25447121700173e-05    4.34658047735965e-05    1.9214794E-03    563.20    563.20    0.4696389455757310    0.00000e+00    0.00000e+00    5.79120629E+10
    1.28377489508697e-04    7.61431496034535e-05    4.19144276587985e-05    1.8235212E-03    700.47    700.47    0.4461427925031828    0.00000e+00    0.00000e+00    5.79622902E+10
    1.33301645104990e-04    8.07647766145976e-05    4.17366736315017e-05    1.7417928E-03    1118.30    1118.30    0.4117310479782856    0.00000e+00    0.00000e+00    5.80125175E+10
    1.39389314750852e-04    8.68200752509717e-05    4.36550348255388e-05    1.6661542E-03    1425.38    1425.38    0.3917896916689899    0.00000e+00    0.00000e+00    5.80627448E+10
    1.46336840245256e-04    9.37865666565807e-05    4.71423612050972e-05    1.5856380E-03    1535.97    1535.97    0.3734163627222684    0.00000e+00    0.00000e+00    5.81129721E+10
    1.53715161480420e-04    1.01076094266050e-04    5.15207087110606e-05    1.5096446E-03    1521.32    1521.32    0.3664077286967961    0.00000e+00    0.00000e+00    5.81631994E+10
    1.61115837474420e-04    1.08333852034996e-04    5.61912000931238e-05    1.4521920E-03    1450.65    1450.65    0.3575638286501608    0.00000e+00    0.00000e+00    5.82134267E+10
    1.68302410050569e-04    1.15427917312652e-04    6.07289058560679e-05    1.3687004E-03    1362.21    1362.21    0.3481199852517874    0.00000e+00    0.00000e+00    5.82636540E+10
    1.75176539601790e-04    1.22338810285311e-04    6.48909876751620e-05    1.3056314E-03    1279.26    1279.26    0.3394754721895527    0.00000e+00    0.00000e+00    5.83138813E+10
    1.81765812026538e-04    1.29084439970354e-04    6.86324209038413e-05    1.2534527E-03    1208.32    1208.32    0.3328171937400429    0.00000e+00    0.00000e+00    5.83641085E+10
    1.88153115919873e-04    1.35663031949707e-04    7.20311151006603e-05    1.2186601E-03    1148.37    1148.37    0.3315212753506741    0.00000e+00    0.00000e+00    5.84143358E+10
    1.94402611524352e-04    1.42070673776964e-04    7.52005554520931e-05    1.1670991E-03    1094.65    1094.65    0.3318519305264487    0.00000e+00    0.00000e+00    5.84645631E+10
    2.00545322067430e-04    1.48301431332669e-04    7.82427176678241e-05    1.1115059E-03    1044.63    1044.63    0.3258775692968787    0.00000e+00    0.00000e+00    5.85147904E+10
    2.06590497794143e-04    1.54342384332219e-04    8.12178204551841e-05    1.0616925E-03    997.11    997.11    0.3162978579946203    0.00000e+00    0.00000e+00    5.85650177E+10
    2.12538783506685e-04    1.60174368090800e-04    8.41450188027136e-05    1.0410198E-03    951.52    951.52    0.3148721224819105    0.00000e+00    0.00000e+00    5.86152450E+10
    2.18388739308425e-04    1.65785364077258e-04    8.70107136866576e-05    1.0118064E-03    908.03    908.03    0.3133496976079856    0.00000e+00    0.00000e+00    5.86654723E+10
    2.24138949543414e-04    1.71175440165508e-04    8.97838673351514e-05    9.7900448E-04    867.19    867.19    0.3144562304473218    0.00000e+00    0.00000e+00    5.87156996E+10
    2.29789341489599e-04    1.76360895791509e-04    9.24308336787260e-05    9.5060046E-04    829.36    829.36    0.3108275829970167    0.00000e+00    0.00000e+00    5.87659268E+10
    2.35343173094917e-04    1.81372744486442e-04    9.49235129164243e-05    9.2680911E-04    794.67    794.67    0.3124953755712346    0.00000e+00    0.00000e+00    5.88161541E+10
    2.40808952839473e-04    1.86247628468324e-04    9.72446456811988e-05    8.9440606E-04    763.37    763.37    0.3100971326004367    0.00000e+00    0.00000e+00    5.88663814E+10
    2.46200788801385e-04    1.91021758470998e-04    9.93888602374628e-05    8.6438002E-04    736.86    736.86    0.3056132872580473    0.00000e+00    0.00000e+00    5.89166087E+10
    2.51541952037348e-04    1.95734123210698e-04    1.01370560399682e-04    8.3111235E-04    720.54    720.54    0.3029722180115986    0.00000e+00    0.00000e+00    5.89668360E+10
    2.56879314334051e-04    2.00448136316915e-04    1.03257814008684e-04    8.0794961E-04    729.14    729.14    0.3008352907272106    0.00000e+00    0.00000e+00    5.90170633E+10
    2.62311074702603e-04    2.05287696773991e-04    1.05232639512906e-04    7.8383621E-04    779.82    779.82    0.2966211490740293    0.00000e+00    0.00000e+00    5.90672906E+10
    2.67969984825165e-04    2.10405307573458e-04    1.07552788105907e-04    7.6487053E-04    856.52    856.52    0.2894921792323794    0.00000e+00    0.00000e+00    5.91175179E+10
    2.73941066476993e-04    2.15879174010214e-04    1.10387139785368e-04    7.4827746E-04    921.29    921.29    0.2862604395042285    0.00000e+00    0.00000e+00    5.91677451E+10
    2.80222719772941e-04    2.21692220946411e-04    1.13754146559989e-04    7.2597209E-04    956.93    956.93    0.2827383405716409    0.00000e+00    0.00000e+00    5.92179724E+10
    2.86752777054678e-04    2.27772637779604e-04    1.17567429176209e-04    7.0975147E-04    966.58    966.58    0.2823030635853429    0.00000e+00    0.00000e+00    5.92681997E+10
    2.93450608958900e-04    2.34042015593145e-04    1.21700082804860e-04    6.9135088E-04    959.62    959.62    0.2779722650370000    0.00000e+00    0.00000e+00    5.93184270E+10
    3.00236958145019e-04    2.40435001502822e-04    1.26027840003199e-04    6.7202841E-04    943.76    943.76    0.2772174569381037    0.00000e+00    0.00000e+00    5.93686543E+10
    3.07050742937352e-04    2.46901262152263e-04    1.30450499479616e-04    6.4946951E-04    923.25    923.25    0.2768334864931122    0.00000e+00    0.00000e+00    5.94188816E+10
    3.13850022104347e-04    2.53398080608023e-04    1.34898854081132e-04    6.3049441E-04    899.44    899.44    0.2756405767104824    0.00000e+00    0.00000e+00    5.94691089E+10
    3.20606914011202e-04    2.59885100979288e-04    1.39325178748978e-04    6.1864271E-04    872.73    872.73    0.2730614863515005    0.00000e+00    0.00000e+00    5.95193362E+10
    3.27308251118338e-04    2.66327324566419e-04    1.43701213693682e-04    5.9668965E-04    844.13    844.13    0.2716284901784288    0.00000e+00    0.00000e+00    5.95695635E+10
    3.33949577988027e-04    2.72697829665703e-04    1.48012133312877e-04    5.7244599E-04    814.98    814.98    0.2697904145759928    0.00000e+00    0.00000e+00    5.96197907E+10
    3.40530729783617e-04    2.78976913449141e-04    1.52247354123903e-04    5.6873224E-04    786.43    786.43    0.2657090130703206    0.00000e+00    0.00000e+00    5.96700180E+10
    3.47055090504601e-04    2.85150574497621e-04    1.56399046385811e-04    5.5720278E-04    759.12    759.12    0.2613619548622856    0.00000e+00    0.00000e+00    5.97202453E+10
    3.53527644035622e-04    2.91210086164884e-04    1.60458817973781e-04    5.4426019E-04    733.27    733.27    0.2573700078850357    0.00000e+00    0.00000e+00    5.97704726E+10
    3.59954309951726e-04    2.97152714101768e-04    1.64417888912047e-04    5.2461584E-04    709.02    709.02    0.2518375480377201    0.00000e+00    0.00000e+00    5.98206999E+10
    3.66341904733269e-04    3.02982477413690e-04    1.68272981860126e-04    5.0934820E-04    686.42    686.42    0.2499414755978403    0.00000e+00    0.00000e+00    5.98709272E+10
    3.72696939427989e-04    3.08708766941653e-04    1.72025808210311e-04    4.9922387E-04    665.53    665.53    0.2441501617151631    0.00000e+00    0.00000e+00    5.99211545E+10
    3.79024853645388e-04    3.14344260563417e-04    1.75681250036372e-04    4.9551779E-04    646.34    646.34    0.2418933721582920    0.00000e+00    0.00000e+00    5.99713818E+10
    3.85330539155508e-04    3.19903090597788e-04    1.79247059509070e-04    4.8268234E-04    628.83    628.83    0.2421917934685479    0.00000e+00    0.00000e+00    6.00216090E+10
    3.91618155659733e-04    3.25399534807673e-04    1.82732908661342e-04    4.7043073E-04    612.92    612.92    0.2388145043852585    0.00000e+00    0.00000e+00    6.00718363E+10
    3.97891193816567e-04    3.30847512193858e-04    1.86149948207854e-04    4.5223326E-04    598.63    598.63    0.2350855240110622    0.00000e+00    0.00000e+00    6.01220636E+10
    4.04152809763074e-04    3.36260602387550e-04    1.89510671797168e-04    4.5761382E-04    586.09    586.09    0.2321556474515077    0.00000e+00    0.00000e+00    6.01722909E+10
    4.10406334169243e-04    3.41652389868095e-04    1.92829497788161e-04    4.4716553E-04    575.52    575.52    0.2291136488637492    0.00000e+00    0.00000e+00    6.02225182E+10
    4.16655917040185e-04    3.47037385108967e-04    1.96123515863092e-04    4.3316157E-04    567.16    567.16    0.2253766226030858    0.00000e+00    0.00000e+00    6.02727455E+10
    4.22906920415212e-04    3.52431276680887e-04    1.99412845789726e-04    4.2670485E-04    561.27    561.27    0.2229584244964445    0.00000e+00    0.00000e+00    6.03229728E+10
    4.29166757095510e-04    3.57851440306187e-04    2.02721296767944e-04    4.2410499E-04    558.05    558.05    0.2185328390255802    0.00000e+00    0.00000e+00    6.03732001E+10
    4.35444628844744e-04    3.63316323145432e-04    2.06075339624732e-04    4.1237198E-04    557.35    557.35    0.2167646379099432    0.00000e+00    0.00000e+00    6.04234273E+10
    4.41750275569770e-04    3.68843363946732e-04    2.09500800384885e-04    4.0544673E-04    558.56    558.56    0.2153220131102086    0.00000e+00    0.00000e+00    6.04736546E+10
    4.48092336650383e-04    3.74446132645022e-04    2.13018133337609e-04    4.0299145E-04    560.84    560.84    0.2128418790386530    0.00000e+00    0.00000e+00    6.05238819E+10
    4.54478050354844e-04    3.80133719496822e-04    2.16642178629681e-04    3.9452446E-04    563.34    563.34    0.2107922727770196    0.00000e+00    0.00000e+00    6.05741092E+10
    4.60913059914400e-04    3.85910201785190e-04    2.20382104087812e-04    3.8477306E-04    565.32    565.32    0.2086827680353407    0.00000e+00    0.00000e+00    6.06243365E+10
    4.67400729935998e-04    3.91774178398587e-04    2.24240750720173e-04    3.8164229E-04    566.32    566.32    0.2048656629747409    0.00000e+00    0.00000e+00    6.06745638E+10
    4.73942558493913e-04    3.97719720065695e-04    2.28215069048711e-04    3.7604466E-04    566.06    566.06    0.2027831245230032    0.00000e+00    0.00000e+00    6.07247911E+10
    4.80538555284418e-04    4.03737683200487e-04    2.32297583246461e-04    3.6920993E-04    564.47    564.47    0.2001280669349623    0.00000e+00    0.00000e+00    6.07750184E+10
    4.87187134966776e-04    4.09816679529594e-04    2.36477743767724e-04    3.6518243E-04    561.60    561.60    0.1957847695521142    0.00000e+00    0.00000e+00    6.08252456E+10
    4.93885611673194e-04    4.15944336607873e-04    2.40743299370777e-04    3.5579131E-04    557.59    557.59    0.1942870460862582    0.00000e+00    0.00000e+00    6.08754729E+10
    5.00630533530262e-04    4.22108340167826e-04    2.45081494607671e-04    3.5262526E-04    552.63    552.63    0.1912579924934828    0.00000e+00    0.00000e+00    6.09257002E+10
    5.07418070509900e-04    4.28296487449097e-04    2.49479443130761e-04    3.4798084E-04    546.90    546.90    0.1875847521615925    0.00000e+00    0.00000e+00    6.09759275E+10
    5.14244586509499e-04    4.34496905364638e-04    2.53925228219767e-04    3.4104260E-04    540.62    540.62    0.1861238995027802    0.00000e+00    0.00000e+00    6.10261548E+10
    5.21107075684236e-04    4.40698254122446e-04    2.58409633566610e-04    3.3530178E-04    533.94    533.94    0.1843419784401653    0.00000e+00    0.00000e+00    6.10763821E+10
    5.28002968521602e-04    4.46889761162528e-04    2.62924499757037e-04    3.2825965E-04    526.95    526.95    0.1814447522792619    0.00000e+00    0.00000e+00    6.11266094E+10
    5.34929404620878e-04    4.53061352056590e-04    2.67461163170567e-04    3.2468740E-04    519.71    519.71    0.1783190859227833    0.00000e+00    0.00000e+00    6.11768367E+10
    5.41883038767664e-04    4.59204081992215e-04    2.72010572335773e-04    3.1648477E-04    512.25    512.25    0.1771793192618513    0.00000e+00    0.00000e+00    6.12270640E+10
    5.48860137896616e-04    4.65310416964800e-04    2.76563598211040e-04    3.1222002E-04    504.61    504.61    0.1761935290581761    0.00000e+00    0.00000e+00    6.12772912E+10
    5.55856532610075e-04    4.71374422854886e-04    2.81111199021216e-04    3.0880620E-04    496.84    496.84    0.1729635473278491    0.00000e+00    0.00000e+00    6.13275185E+10
    5.62867714140809e-04    4.77391949657365e-04    2.85644711145818e-04    3.0376128E-04    489.00    489.00    0.1704393365877601    0.00000e+00    0.00000e+00    6.13777458E+10
    5.69889416128423e-04    4.83360442404137e-04    2.90155771548849e-04    2.9950196E-04    481.14    481.14    0.1682924658881503    0.00000e+00    0.00000e+00    6.14279731E+10
    5.76917614619363e-04    4.89279202963500e-04    2.94636933492165e-04    2.9305624E-04    473.32    473.32    0.1662783544577997    0.00000e+00    0.00000e+00    6.14782004E+10
    5.83948915917863e-04    4.95149375495742e-04    2.99082093171522e-04    2.9068127E-04    465.60    465.60    0.1632549382358760    0.00000e+00    0.00000e+00    6.15284277E+10
    5.90980702030044e-04    5.00973684653751e-04    3.03486193980226e-04    2.8488029E-04    458.04    458.04    0.1614991334893218    0.00000e+00    0.00000e+00    6.15786550E+10
    5.98011276108022e-04    5.06756008946977e-04    3.07845706474678e-04    2.8192043E-04    450.67    450.67    0.1610479127816329    0.00000e+00    0.00000e+00    6.16288823E+10
    6.05039474598963e-04    5.12501293474965e-04    3.12158730185249e-04    2.7741564E-04    443.56    443.56    0.1598344815602534    0.00000e+00    0.00000e+00    6.16791095E+10
    6.12064618763712e-04    5.18215113595050e-04    3.16424833627762e-04    2.7330946E-04    436.75    436.75    0.1579257826914607    0.00000e+00    0.00000e+00    6.17293368E+10
    6.19086272269958e-04    5.23903335552772e-04    3.20644962188895e-04    2.6932371E-04    430.30    430.30    0.1550264328027785    0.00000e+00    0.00000e+00    6.17795641E+10
    6.26103901822650e-04    5.29572019519145e-04    3.24821118149152e-04    2.6517377E-04    424.25    424.25    0.1542790706954997    0.00000e+00    0.00000e+00    6.18297914E+10
    6.33116877164004e-04    5.35227516553392e-04    3.28955793450853e-04    2.6192977E-04    418.61    418.61    0.1516952158550613    0.00000e+00    0.00000e+00    6.18800187E+10
    6.40124519554866e-04    5.40876226196104e-04    3.33052527233870e-04    2.5789591E-04    413.41    413.41    0.1500180527060513    0.00000e+00    0.00000e+00    6.19302460E+10
    6.47126780513867e-04    5.46524547987870e-04    3.37115886443080e-04    2.5481524E-04    408.66    408.66    0.1485137504679695    0.00000e+00    0.00000e+00    6.19804733E+10
    6.54123805485112e-04    5.52178687543810e-04    3.41151470676499e-04    2.5563907E-04    404.35    404.35    0.1467270789365629    0.00000e+00    0.00000e+00    6.20307006E+10
    6.61116176245019e-04    5.57844608072201e-04    3.45165713411675e-04    2.5039716E-04    400.45    400.45    0.1443674548804599    0.00000e+00    0.00000e+00    6.20809278E+10
    6.68104813939581e-04    5.63527884930376e-04    3.49165634750712e-04    2.4674538E-04    396.93    396.93    0.1423154053500976    0.00000e+00    0.00000e+00    6.21311551E+10
    6.75090979084369e-04    5.69233366255145e-04    3.53158531139509e-04    2.4424586E-04    393.73    393.73    0.1412944692915183    0.00000e+00    0.00000e+00    6.21813824E+10
    6.82076271564532e-04    5.74965076000063e-04    3.57151616605642e-04    2.4064855E-04    390.80    390.80    0.1407261588250744    0.00000e+00    0.00000e+00    6.22316097E+10
    6.89062145821111e-04    5.80726068491319e-04    3.61151634907415e-04    2.3863495E-04    388.07    388.07    0.1392610845572259    0.00000e+00    0.00000e+00    6.22818370E+10
    6.96050056295152e-04    5.86518428427744e-04    3.65164655912115e-04    2.3583370E-04    385.50    385.50    0.1385772032497719    0.00000e+00    0.00000e+00    6.23320643E+10
    7.03040972614015e-04    5.92343367843539e-04    3.69195891366814e-04    2.3215456E-04    383.01    383.01    0.1361799908401576    0.00000e+00    0.00000e+00    6.23822916E+10
    7.10035864405064e-04    5.98201274589649e-04    3.73249593087496e-04    2.2918890E-04    380.57    380.57    0.1356368426131476    0.00000e+00    0.00000e+00    6.24325189E+10
    7.17035361926082e-04    6.04091954740602e-04    3.77329004477688e-04    2.2722939E-04    378.12    378.12    0.1344651516076120    0.00000e+00    0.00000e+00    6.24827461E+10
    7.24039756065280e-04    6.10014487150404e-04    3.81436404161689e-04    2.2564493E-04    375.64    375.64    0.1331058928152546    0.00000e+00    0.00000e+00    6.25329734E+10
    7.31049289229498e-04    6.15967659784853e-04    3.85573139921535e-04    2.2424515E-04    373.11    373.11    0.1316103057297864    0.00000e+00    0.00000e+00    6.25832007E+10
    7.38063719011896e-04    6.21949678833327e-04    3.89739594760033e-04    2.1997465E-04    370.50    370.50    0.1291915679636973    0.00000e+00    0.00000e+00    6.26334280E+10
    7.45082899968368e-04    6.27958653522471e-04    3.93935574751710e-04    2.1741990E-04    367.83    367.83    0.1276141783378133    0.00000e+00    0.00000e+00    6.26836553E+10
    7.52106541210706e-04    6.33992499153456e-04    3.98160439942508e-04    2.1524558E-04    365.08    365.08    0.1268620397544112    0.00000e+00    0.00000e+00    6.27338826E+10
    7.59134206406597e-04    6.40048985583349e-04    4.02413259490158e-04    2.1327470E-04    362.28    362.28    0.1270642149544135    0.00000e+00    0.00000e+00    6.27841099E+10
    7.66165265298256e-04    6.46125494818271e-04    4.06692661371944e-04    2.1141329E-04    359.41    359.41    0.1263304193626829    0.00000e+00    0.00000e+00    6.28343372E+10
    7.73199087627898e-04    6.52219360382978e-04    4.10996774207056e-04    2.0803164E-04    356.51    356.51    0.1254253687873209    0.00000e+00    0.00000e+00    6.28845645E+10
    7.80234946175000e-04    6.58327624914013e-04    4.15323299978645e-04    2.0588773E-04    353.57    353.57    0.1238337255999814    0.00000e+00    0.00000e+00    6.29347917E+10
    7.87272016756305e-04    6.64447331047922e-04    4.19669674022340e-04    2.0334838E-04    350.60    350.60    0.1222731723642050    0.00000e+00    0.00000e+00    6.29850190E+10
    7.94309572151291e-04    6.70575763828092e-04    4.24033229862893e-04    2.0163224E-04    347.62    347.62    0.1209823079523796    0.00000e+00    0.00000e+00    6.30352463E+10
    8.01346788176700e-04    6.76710208297907e-04    4.28411325265742e-04    1.9944065E-04    344.63    344.63    0.1198041340410593    0.00000e+00    0.00000e+00    6.30854736E+10
    8.08383083056115e-04    6.82848385833067e-04    4.32801458592293e-04    1.9733869E-04    341.63    341.63    0.1184158924265051    0.00000e+00    0.00000e+00    6.31357009E+10
    8.15417971975855e-04    6.88988211734742e-04    4.37201370610792e-04    1.9515561E-04    338.63    338.63    0.1165691416721548    0.00000e+00    0.00000e+00    6.31859282E+10
    8.22451164047711e-04    6.95128086117786e-04    4.41609301447577e-04    1.9343466E-04    335.65    335.65    0.1153355673456061    0.00000e+00    0.00000e+00    6.32361555E+10
    8.29482659271683e-04    7.01266554541154e-04    4.46023728787688e-04    1.9118584E-04    332.67    332.67    0.1141741382802110    0.00000e+00    0.00000e+00    6.32863828E+10
    8.36512506129140e-04    7.07402453452013e-04    4.50443251519588e-04    1.8927918E-04    329.73    329.73    0.1136198117944436    0.00000e+00    0.00000e+00    6.33366100E+10
    8.43540947026921e-04    7.13534619297527e-04    4.54866560646338e-04    1.8665085E-04    326.82    326.82    0.1137946359967437    0.00000e+00    0.00000e+00    6.33868373E+10
    8.50568418297340e-04    7.19662082450334e-04    4.59292497463239e-04    1.8469322E-04    323.94    323.94    0.1127929999983840    0.00000e+00    0.00000e+00    6.34370646E+10
    8.57595307791341e-04    7.25784018727176e-04    4.63719937202552e-04    1.8351404E-04    321.11    321.11    0.1116600125462438    0.00000e+00    0.00000e+00    6.34872919E+10
    8.64622100322607e-04    7.31899700907533e-04    4.68147881148093e-04    1.8179272E-04    318.34    318.34    0.1105441478816760    0.00000e+00    0.00000e+00    6.35375192E+10
    8.71649232223449e-04    7.38008741140458e-04    4.72575490572193e-04    1.7980468E-04    315.61    315.61    0.1094670295322143    0.00000e+00    0.00000e+00    6.35877465E+10
    8.78677285270285e-04    7.44110848537743e-04    4.77002091583838e-04    1.7781740E-04    312.95    312.95    0.1083795677372449    0.00000e+00    0.00000e+00    6.36379738E+10
    8.85706792758165e-04    7.50205926136652e-04    4.81427233306302e-04    1.7594806E-04    310.35    310.35    0.1069663655519639    0.00000e+00    0.00000e+00    6.36882011E+10
    8.92738336463505e-04    7.56294070899921e-04    4.85850697573429e-04    1.7421891E-04    307.81    307.81    0.1068057263373799    0.00000e+00    0.00000e+00    6.37384283E+10
    8.99772643606828e-04    7.62375670678495e-04    4.90272392270621e-04    1.7250100E-04    305.34    305.34    0.1052244274270292    0.00000e+00    0.00000e+00    6.37886556E+10
    9.06810489890022e-04    7.68450967879215e-04    4.94692535564033e-04    1.7007464E-04    302.94    302.94    0.1041677148632691    0.00000e+00    0.00000e+00    6.38388829E+10
    9.13852602533611e-04    7.74520447315762e-04    4.99111272897769e-04    1.6825413E-04    300.59    300.59    0.1033524241811724    0.00000e+00    0.00000e+00    6.38891102E+10
    9.20899757239483e-04    7.80584448357712e-04    5.03528943641407e-04    1.6615536E-04    298.31    298.31    0.1027971951780779    0.00000e+00    0.00000e+00    6.39393375E+10
    9.27952487302688e-04    7.86643455818746e-04    5.07945887164524e-04    1.6473139E-04    296.10    296.10    0.1015196051802831    0.00000e+00    0.00000e+00    6.39895648E+10
    9.35011374499642e-04    7.92697857549810e-04    5.12362442836696e-04    1.6374966E-04    293.94    293.94    0.1010082984292143    0.00000e+00    0.00000e+00    6.40397921E+10
    9.42076903644028e-04    7.98748089883217e-04    5.16779046990235e-04    1.6262461E-04    291.84    291.84    0.1004346745255392    0.00000e+00    0.00000e+00    6.40900194E+10
    9.49149365624054e-04    8.04794686114015e-04    5.21196087476088e-04    1.6120568E-04    289.80    289.80    0.0997536974839338    0.00000e+00    0.00000e+00    6.41402466E+10
    9.56229099809297e-04    8.10838082574518e-04    5.25613952145199e-04    1.6038865E-04    287.80    287.80    0.0989905975012462    0.00000e+00    0.00000e+00    6.41904739E+10
    9.63316397087965e-04    8.16878861041142e-04    5.30033077329880e-04    1.5831394E-04    285.85    285.85    0.0979701971246821    0.00000e+00    0.00000e+00    6.42407012E+10
    9.70411499866899e-04    8.22917651771675e-04    5.34453899362446e-04    1.5597234E-04    283.94    283.94    0.0971129768054222    0.00000e+00    0.00000e+00    6.42909285E+10
    9.77514699034307e-04    8.28955036542532e-04    5.38877000019312e-04    1.5448864E-04    282.08    282.08    0.0957006107072079    0.00000e+00    0.00000e+00    6.43411558E+10
    9.84626236997030e-04    8.34991500167395e-04    5.43302912595529e-04    1.5292573E-04    280.24    280.24    0.0951807069471197    0.00000e+00    0.00000e+00    6.43913831E+10
    9.91746307680541e-04    8.41027624422681e-04    5.47732073423410e-04    1.5200801E-04    278.44    278.44    0.0946283793218645    0.00000e+00    0.00000e+00    6.44416104E+10
    9.98875008047576e-04    8.47063700196599e-04    5.52164870353899e-04    1.4987891E-04    276.67    276.67    0.0940989224439835    0.00000e+00    0.00000e+00    6.44918377E+10
    1.00601243506087e-03    8.53100115340094e-04    5.56601691237941e-04    1.4887068E-04    274.93    274.93    0.0933234333970866    0.00000e+00    0.00000e+00    6.45420650E+10
    1.01315844327632e-03    8.59137160741374e-04    5.61042826963745e-04    1.4773048E-04    273.20    273.20    0.0933563657109455    0.00000e+00    0.00000e+00    6.45922922E+10
    1.02031293573119e-03    8.65175127288649e-04    5.65488471456783e-04    1.4673639E-04    271.50    271.50    0.0924831664841002    0.00000e+00    0.00000e+00    6.46425195E+10
    1.02747576698137e-03    8.71214257388757e-04    5.69938867123896e-04    1.4568883E-04    269.82    269.82    0.0919246443703607    0.00000e+00    0.00000e+00    6.46927468E+10
    1.03464664613867e-03    8.77254890411278e-04    5.74394159409188e-04    1.4440985E-04    268.15    268.15    0.0913382926543715    0.00000e+00    0.00000e+00    6.47429741E+10
    1.04182533079622e-03    8.83297365725787e-04    5.78854493756764e-04    1.4308333E-04    266.49    266.49    0.0901646722935242    0.00000e+00    0.00000e+00    6.47932014E+10
    1.04901162702857e-03    8.89342071183228e-04    5.83320015610728e-04    1.4123750E-04    264.86    264.86    0.0892871128436964    0.00000e+00    0.00000e+00    6.48434287E+10
    1.05620529242888e-03    8.95389297671812e-04    5.87790967377920e-04    1.3983806E-04    263.23    263.23    0.0884136489640672    0.00000e+00    0.00000e+00    6.48936560E+10
    1.06340618155303e-03    9.01439384561114e-04    5.92267397539709e-04    1.3857467E-04    261.62    261.62    0.0878638450047324    0.00000e+00    0.00000e+00    6.49438833E+10
    1.07061400351282e-03    9.07492574257975e-04    5.96749548502934e-04    1.3783492E-04    260.02    260.02    0.0875504952705341    0.00000e+00    0.00000e+00    6.49941105E+10
    1.07782861286415e-03    9.13549157650604e-04    6.01237517230333e-04    1.3653959E-04    258.43    258.43    0.0868605087828874    0.00000e+00    0.00000e+00    6.50443378E+10
    1.08504971871880e-03    9.19609280183106e-04    6.05731206759170e-04    1.3514215E-04    256.86    256.86    0.0862234832765398    0.00000e+00    0.00000e+00    6.50945651E+10
    1.09227693322584e-03    9.25673087299583e-04    6.10230665570811e-04    1.3418890E-04    255.30    255.30    0.0857162632820365    0.00000e+00    0.00000e+00    6.51447924E+10
    1.09950991701568e-03    9.31740724444141e-04    6.14735748221153e-04    1.3350598E-04    253.76    253.76    0.0853314145646572    0.00000e+00    0.00000e+00    6.51950197E+10
    1.10674823375601e-03    9.37812337060885e-04    6.19246212303356e-04    1.3296026E-04    252.22    252.22    0.0845175871905668    0.00000e+00    0.00000e+00    6.52452470E+10
    1.11399149559589e-03    9.43888119075286e-04    6.23761912373315e-04    1.3182622E-04    250.71    250.71    0.0838556181047630    0.00000e+00    0.00000e+00    6.52954743E+10
    1.12123931468438e-03    9.49968167450080e-04    6.28282654505557e-04    1.3074875E-04    249.21    249.21    0.0830050772630574    0.00000e+00    0.00000e+00    6.53457016E+10
    1.12849130317052e-03    9.56052773073477e-04    6.32808244774610e-04    1.2931475E-04    247.73    247.73    0.0825222642382789    0.00000e+00    0.00000e+00    6.53959288E+10
    1.13574717016611e-03    9.62142081389581e-04    6.37338343810897e-04    1.2780225E-04    246.27    246.27    0.0820711009520014    0.00000e+00    0.00000e+00    6.54461561E+10
    1.14300652782020e-03    9.68236237842496e-04    6.41872709207578e-04    1.2701318E-04    244.83    244.83    0.0816587103029840    0.00000e+00    0.00000e+00    6.54963834E+10
    1.15026913372596e-03    9.74335339394959e-04    6.46411050076445e-04    1.2620224E-04    243.40    243.40    0.0812388889580115    0.00000e+00    0.00000e+00    6.55466107E+10
    1.15753455155107e-03    9.80439531491072e-04    6.50952978566551e-04    1.2552523E-04    242.00    242.00    0.0807428881635515    0.00000e+00    0.00000e+00    6.55968380E+10
    1.16480239344458e-03    9.86548814130838e-04    6.55498058345585e-04    1.2463408E-04    240.62    240.62    0.0801529998807909    0.00000e+00    0.00000e+00    6.56470653E+10
    1.17207222307418e-03    9.92663235795623e-04    6.60045853081233e-04    1.2357665E-04    239.27    239.27    0.0793052385136215    0.00000e+00    0.00000e+00    6.56972926E+10
    1.17934360410757e-03    9.98782844966797e-04    6.64595926441182e-04    1.2258328E-04    237.93    237.93    0.0791631489540900    0.00000e+00    0.00000e+00    6.57475199E+10
    1.18661610021242e-03    1.00490769012573e-03    6.69147793611752e-04    1.2139980E-04    236.62    236.62    0.0786371725316809    0.00000e+00    0.00000e+00    6.57977472E+10
    1.19388922657506e-03    1.01103791671652e-03    6.73701066741996e-04    1.2098367E-04    235.34    235.34    0.0780751838710484    0.00000e+00    0.00000e+00    6.58479744E+10
    1.20116264382590e-03    1.01717367018327e-03    6.78255309499603e-04    1.2012534E-04    234.07    234.07    0.0773488959695360    0.00000e+00    0.00000e+00    6.58982017E+10
    1.20843596411401e-03    1.02331509597009e-03    6.82810230996363e-04    1.1972017E-04    232.83    232.83    0.0766501971348255    0.00000e+00    0.00000e+00    6.59484290E+10
    1.21570879958844e-03    1.02946238800246e-03    6.87365394899964e-04    1.1863964E-04    231.61    231.61    0.0764285367427293    0.00000e+00    0.00000e+00    6.59986563E+10
    1.22298095632372e-03    1.03561574020584e-03    6.91920510322197e-04    1.1770331E-04    230.41    230.41    0.0759924254970028    0.00000e+00    0.00000e+00    6.60488836E+10
    1.23025199798752e-03    1.04177520106160e-03    6.96475334856221e-04    1.1697686E-04    229.24    229.24    0.0755048665612915    0.00000e+00    0.00000e+00    6.60991109E+10
    1.23752177913576e-03    1.04794091601384e-03    7.01029480651092e-04    1.1629984E-04    228.08    228.08    0.0752009904301814    0.00000e+00    0.00000e+00    6.61493382E+10
    1.24478991191748e-03    1.05411303050668e-03    7.05582608337232e-04    1.1515298E-04    226.95    226.95    0.0747374440377096    0.00000e+00    0.00000e+00    6.61995655E+10
    1.25205615392585e-03    1.06029154454011e-03    7.10134523989169e-04    1.1455158E-04    225.83    225.83    0.0742377735258000    0.00000e+00    0.00000e+00    6.62497927E+10
    1.25932021427265e-03    1.06647665203960e-03    7.14684839755959e-04    1.1349479E-04    224.74    224.74    0.0739998773022211    0.00000e+00    0.00000e+00    6.63000200E+10
    1.26658185055104e-03    1.07266840148652e-03    7.19233410193497e-04    1.1229685E-04    223.66    223.66    0.0733959484989162    0.00000e+00    0.00000e+00    6.63502473E+10
    1.27384077187283e-03    1.07886698680635e-03    7.23779895932206e-04    1.1135586E-04    222.60    222.60    0.0729651471611997    0.00000e+00    0.00000e+00    6.64004746E+10
    1.28109683279389e-03    1.08507245648045e-03    7.28324248490718e-04    1.1051916E-04    221.56    221.56    0.0723438798904470    0.00000e+00    0.00000e+00    6.64507019E+10
    1.28834979090739e-03    1.09128510139702e-03    7.32866225462193e-04    1.1042291E-04    220.54    220.54    0.0716059597886995    0.00000e+00    0.00000e+00    6.65009292E+10
    1.29559959773197e-03    1.09750492155608e-03    7.37405729883894e-04    1.0992965E-04    219.53    219.53    0.0715235369605983    0.00000e+00    0.00000e+00    6.65511565E+10
    1.30284610782351e-03    1.10373201392036e-03    7.41942713274453e-04    1.0906639E-04    218.53    218.53    0.0711178352488778    0.00000e+00    0.00000e+00    6.66013838E+10
    1.31008917573792e-03    1.10996657241532e-03    7.46477030189766e-04    1.0813044E-04    217.55    217.55    0.0705964433550127    0.00000e+00    0.00000e+00    6.66516110E+10
    1.31732870451246e-03    1.11620850007824e-03    7.51008535185729e-04    1.0741323E-04    216.58    216.58    0.0703479817121428    0.00000e+00    0.00000e+00    6.67018383E+10
    1.32456454870301e-03    1.12245789387185e-03    7.55537228262341e-04    1.0659973E-04    215.63    215.63    0.0702243943269575    0.00000e+00    0.00000e+00    6.67520656E+10
    1.33179661134686e-03    1.12871475379614e-03    7.60062915494130e-04    1.0590117E-04    214.69    214.69    0.0698270228041644    0.00000e+00    0.00000e+00    6.68022929E+10
    1.33902469851852e-03    1.13497912833249e-03    7.64585596881097e-04    1.0556727E-04    213.76    213.76    0.0693075008031108    0.00000e+00    0.00000e+00    6.68525202E+10
    1.34624876173663e-03    1.14125096899953e-03    7.69105078497768e-04    1.0434536E-04    212.84    212.84    0.0688622878082301    0.00000e+00    0.00000e+00    6.69027475E+10
    1.35346870403845e-03    1.14753027579727e-03    7.73621311862776e-04    1.0369224E-04    211.93    211.93    0.0683727127487728    0.00000e+00    0.00000e+00    6.69529748E+10
    1.36068442846125e-03    1.15381714568842e-03    7.78134200013384e-04    1.0325773E-04    211.03    211.03    0.0676226664581806    0.00000e+00    0.00000e+00    6.70032021E+10
    1.36789598348638e-03    1.16011153019163e-03    7.82643694468224e-04    1.0267916E-04    210.14    210.14    0.0672179706434168    0.00000e+00    0.00000e+00    6.70534293E+10
    1.37510332063249e-03    1.16641342930690e-03    7.87149746745929e-04    1.0184060E-04    209.26    209.26    0.0671387378535870    0.00000e+00    0.00000e+00    6.71036566E+10
    1.38230639141821e-03    1.17272284303423e-03    7.91652308365129e-04    1.0115001E-04    208.39    208.39    0.0665762535747693    0.00000e+00    0.00000e+00    6.71538839E+10
    1.38950529280627e-03    1.17903962592951e-03    7.96151282363090e-04    1.0029196E-04    207.53    207.53    0.0662232983995633    0.00000e+00    0.00000e+00    6.72041112E+10
    1.39669997631530e-03    1.18536377799275e-03    8.00646571777074e-04    1.0008812E-04    206.68    206.68    0.0663747176532941    0.00000e+00    0.00000e+00    6.72543385E+10
    1.40389039346394e-03    1.19169515377983e-03    8.05138176607081e-04    9.9173016E-05    205.83    205.83    0.0662300780946837    0.00000e+00    0.00000e+00    6.73045658E+10
    1.41107659273356e-03    1.19803365632802e-03    8.09625999890376e-04    9.8355237E-05    204.99    204.99    0.0656490130628005    0.00000e+00    0.00000e+00    6.73547931E+10
    1.41825847716141e-03    1.20437918867459e-03    8.14110041626958e-04    9.7723112E-05    204.15    204.15    0.0650988101595787    0.00000e+00    0.00000e+00    6.74050204E+10
    1.42543614371024e-03    1.21073165385680e-03    8.18590204854091e-04    9.7863769E-05    203.32    203.32    0.0646569406773817    0.00000e+00    0.00000e+00    6.74552477E+10
    1.43260954389867e-03    1.21709095491192e-03    8.23066538053143e-04    9.6725552E-05    202.50    202.50    0.0643450022092035    0.00000e+00    0.00000e+00    6.75054749E+10
    1.43977872620808e-03    1.22345694639583e-03    8.27539041224115e-04    9.5901173E-05    201.68    201.68    0.0638141022783753    0.00000e+00    0.00000e+00    6.75557022E+10
    1.44694373911983e-03    1.22982957982717e-03    8.32007811329742e-04    9.5269979E-05    200.87    200.87    0.0633478671170685    0.00000e+00    0.00000e+00    6.76059295E+10
    1.45410472807802e-03    1.23620866128048e-03    8.36472896851393e-04    9.4634883E-05    200.06    200.06    0.0631922506075388    0.00000e+00    0.00000e+00    6.76561568E+10
    1.46126169308267e-03    1.24259404531163e-03    8.40934346270435e-04    9.3762526E-05    199.26    199.26    0.0630089083827362    0.00000e+00    0.00000e+00    6.77063841E+10
    1.46841477957786e-03    1.24898558647654e-03    8.45392208068238e-04    9.3260108E-05    198.45    198.45    0.0626504615153760    0.00000e+00    0.00000e+00    6.77566114E+10
    1.47556398756361e-03    1.25538304236836e-03    8.49846482244800e-04    9.3071541E-05    197.66    197.66    0.0623146007546929    0.00000e+00    0.00000e+00    6.78068387E+10
    1.48270946248401e-03    1.26178621906161e-03    8.54297314244226e-04    9.2640117E-05    196.86    196.86    0.0622723833260696    0.00000e+00    0.00000e+00    6.78570660E+10
    1.48985125282043e-03    1.26819492263083e-03    8.58744752547884e-04    9.2542269E-05    196.07    196.07    0.0618416214820016    0.00000e+00    0.00000e+00    6.79072932E+10
    1.49698940705425e-03    1.27460886218781e-03    8.63188845637143e-04    9.1636720E-05    195.28    195.28    0.0615239845138339    0.00000e+00    0.00000e+00    6.79575205E+10
    1.50412407062956e-03    1.28102789228843e-03    8.67629738956106e-04    9.0998994E-05    194.50    194.50    0.0611261604959952    0.00000e+00    0.00000e+00    6.80077478E+10
    1.51125524354637e-03    1.28745181900724e-03    8.72067529467510e-04    9.0737857E-05    193.72    193.72    0.0608649268122476    0.00000e+00    0.00000e+00    6.80579751E+10
    1.51838316821151e-03    1.29388039993738e-03    8.76502411096828e-04    8.9655075E-05    192.94    192.94    0.0601825700772301    0.00000e+00    0.00000e+00    6.81082024E+10
    1.52550794158773e-03    1.30031339267203e-03    8.80934480806795e-04    8.9246213E-05    192.16    192.16    0.0598359478158380    0.00000e+00    0.00000e+00    6.81584297E+10
    1.53262966063776e-03    1.30675065176706e-03    8.85363981004252e-04    8.8455420E-05    191.39    191.39    0.0593287509781154    0.00000e+00    0.00000e+00    6.82086570E+10
    1.53974851928707e-03    1.31319183785292e-03    8.89791008651936e-04    8.7838009E-05    190.62    190.62    0.0589482671159721    0.00000e+00    0.00000e+00    6.82588843E+10
    1.54686461449839e-03    1.31963670852275e-03    8.94215806156686e-04    8.7508376E-05    189.85    189.85    0.0588337759505095    0.00000e+00    0.00000e+00    6.83091115E+10
    1.55397814019721e-03    1.32608506985108e-03    8.98638470481240e-04    8.6983625E-05    189.08    189.08    0.0582204438542376    0.00000e+00    0.00000e+00    6.83593388E+10
    1.56108924182762e-03    1.33253658246834e-03    9.03059195551069e-04    8.6554559E-05    188.32    188.32    0.0584117857275302    0.00000e+00    0.00000e+00    6.84095661E+10
    1.56819791938962e-03    1.33899095548632e-03    9.07478126810278e-04    8.6456858E-05    187.55    187.55    0.0582146511190627    0.00000e+00    0.00000e+00    6.84597934E+10
    1.57530441529006e-03    1.34544799497954e-03    9.11895458184340e-04    8.5916672E-05    186.80    186.80    0.0579742268366847    0.00000e+00    0.00000e+00    6.85100207E+10
    1.58240882649167e-03    1.35190741005981e-03    9.16311335117358e-04    8.5795781E-05    186.04    186.04    0.0573026647959497    0.00000e+00    0.00000e+00    6.85602480E+10
    1.58951124995719e-03    1.35836900680164e-03    9.20725903053437e-04    8.4767422E-05    185.28    185.28    0.0571520398336169    0.00000e+00    0.00000e+00    6.86104753E+10
    1.59661187961209e-03    1.36483249431682e-03    9.25139452880786e-04    8.4468721E-05    184.53    184.53    0.0568737075883846    0.00000e+00    0.00000e+00    6.86607026E+10
    1.60371090938184e-03    1.37129763019852e-03    9.29552081562140e-04    8.3934952E-05    183.78    183.78    0.0565255387043834    0.00000e+00    0.00000e+00    6.87109298E+10
    1.61080838774781e-03    1.37776417203989e-03    9.33964031504342e-04    8.3569808E-05    183.03    183.03    0.0562580413262184    0.00000e+00    0.00000e+00    6.87611571E+10
    1.61790460559821e-03    1.38423192591547e-03    9.38375448151493e-04    8.3121277E-05    182.29    182.29    0.0558439278472080    0.00000e+00    0.00000e+00    6.88113844E+10
    1.62499965989578e-03    1.39070055245568e-03    9.42786525429069e-04    8.2644688E-05    181.54    181.54    0.0556980069438328    0.00000e+00    0.00000e+00    6.88616117E+10
    1.63209369608461e-03    1.39716980925367e-03    9.47197408781171e-04    8.2123603E-05    180.80    180.80    0.0552004132995920    0.00000e+00    0.00000e+00    6.89118390E+10
    1.63918681112745e-03    1.40363950238397e-03    9.51608243651906e-04    8.1384530E-05    180.06    180.06    0.0551727971884141    0.00000e+00    0.00000e+00    6.89620663E+10
    1.64627915046841e-03    1.41010929247701e-03    9.56019127004008e-04    8.0917871E-05    179.33    179.33    0.0551592300489512    0.00000e+00    0.00000e+00    6.90122936E+10
    1.65337085955157e-03    1.41657898560731e-03    9.60430301244320e-04    8.1048186E-05    178.59    178.59    0.0542827305890327    0.00000e+00    0.00000e+00    6.90625209E+10
    1.66046203533969e-03    1.42304838784940e-03    9.64841814854208e-04    8.1007577E-05    177.86    177.86    0.0542574126159252    0.00000e+00    0.00000e+00    6.91127482E+10
    1.66755277479549e-03    1.42951725679645e-03    9.69253910240513e-04    8.0626187E-05    177.13    177.13    0.0541922120692310    0.00000e+00    0.00000e+00    6.91629754E+10
    1.67464327184445e-03    1.43598535004160e-03    9.73666684365972e-04    7.9605444E-05    176.40    176.40    0.0539684530378026    0.00000e+00    0.00000e+00    6.92132027E+10
    1.68173347800521e-03    1.44245252214076e-03    9.78080234193321e-04    7.9218820E-05    175.68    175.68    0.0535676496373394    0.00000e+00    0.00000e+00    6.92634300E+10
    1.68882363568460e-03    1.44891853068709e-03    9.82494802129400e-04    7.8939369E-05    174.95    174.95    0.0533949505082727    0.00000e+00    0.00000e+00    6.93136573E+10
    1.69591369640125e-03    1.45538313327374e-03    9.86910388174209e-04    7.8254807E-05    174.23    174.23    0.0529369060916524    0.00000e+00    0.00000e+00    6.93638846E+10
    1.70300380559926e-03    1.46184613597524e-03    9.91327186253222e-04    7.7730259E-05    173.52    173.52    0.0525673336951874    0.00000e+00    0.00000e+00    6.94141119E+10
    1.71009401176002e-03    1.46830734486613e-03    9.95745293329173e-04    7.7401915E-05    172.80    172.80    0.0522373169698182    0.00000e+00    0.00000e+00    6.94643392E+10
    1.71718436336488e-03    1.47476651753955e-03    1.00016475788343e-03    7.7039226E-05    172.09    172.09    0.0525403593948589    0.00000e+00    0.00000e+00    6.95145665E+10
    1.72427486041384e-03    1.48122355703277e-03    1.00458567687873e-03    7.6490831E-05    171.38    171.38    0.0523486987181032    0.00000e+00    0.00000e+00    6.95647937E+10
    1.73136555138828e-03    1.48767817245759e-03    1.00900809879645e-03    7.6028443E-05    170.67    170.67    0.0516551148494697    0.00000e+00    0.00000e+00    6.96150210E+10
    1.73845653325092e-03    1.49413026685127e-03    1.01343216908067e-03    7.5761990E-05    169.96    169.96    0.0516260319012307    0.00000e+00    0.00000e+00    6.96652483E+10
    1.74554775752041e-03    1.50057974325107e-03    1.01785783925005e-03    7.5320120E-05    169.25    169.25    0.0514721116229319    0.00000e+00    0.00000e+00    6.97154756E+10
    1.75263927267810e-03    1.50702640773152e-03    1.02228530323005e-03    7.4704186E-05    168.55    168.55    0.0511876400775217    0.00000e+00    0.00000e+00    6.97657029E+10
    1.75973117568674e-03    1.51347016332989e-03    1.02671451253930e-03    7.4240464E-05    167.85    167.85    0.0507967624858281    0.00000e+00    0.00000e+00    6.98159302E+10
    1.76682351502769e-03    1.51991081612069e-03    1.03114556414053e-03    7.3824446E-05    167.16    167.16    0.0508028585503465    0.00000e+00    0.00000e+00    6.98661575E+10
    1.77391629070095e-03    1.52634831762257e-03    1.03557840955239e-03    7.3431675E-05    166.46    166.46    0.0506282169473054    0.00000e+00    0.00000e+00    6.99163848E+10
    1.78100955118790e-03    1.53278252239141e-03    1.04001304877487e-03    7.3250984E-05    165.77    165.77    0.0498813798774974    0.00000e+00    0.00000e+00    6.99666120E+10
    1.78810329648853e-03    1.53921323650175e-03    1.04444948180796e-03    7.3196172E-05    165.08    165.08    0.0496668834626091    0.00000e+00    0.00000e+00    7.00168393E+10
    1.79519757508420e-03    1.54564045995359e-03    1.04888770865168e-03    7.2783161E-05    164.39    164.39    0.0499530486795751    0.00000e+00    0.00000e+00    7.00670666E+10
    1.80229238697493e-03    1.55206404730282e-03    1.05332768082465e-03    7.2366866E-05    163.71    163.71    0.0498391492561259    0.00000e+00    0.00000e+00    7.01172939E+10
    1.80938778064207e-03    1.55848395006807e-03    1.05776939832687e-03    7.2013843E-05    163.03    163.03    0.0493401920535716    0.00000e+00    0.00000e+00    7.01675212E+10
    1.81648370760426e-03    1.56490011976798e-03    1.06221286115835e-03    7.1668208E-05    162.35    162.35    0.0491256254294595    0.00000e+00    0.00000e+00    7.02177485E+10
    1.82358031330561e-03    1.57131241095844e-03    1.06665811780044e-03    7.1185066E-05    161.67    161.67    0.0490574660592946    0.00000e+00    0.00000e+00    7.02679758E+10
    1.83067750078337e-03    1.57772092060218e-03    1.07110511977178e-03    7.0625972E-05    161.00    161.00    0.0486275429234426    0.00000e+00    0.00000e+00    7.03182031E+10
    1.83777541548165e-03    1.58412550325511e-03    1.07555381859101e-03    7.0180151E-05    160.33    160.33    0.0482326259914521    0.00000e+00    0.00000e+00    7.03684303E+10
    1.84487400891909e-03    1.59052620739859e-03    1.08000426273949e-03    6.9947449E-05    159.66    159.66    0.0482723761139823    0.00000e+00    0.00000e+00    7.04186576E+10
    1.85197332957705e-03    1.59692293606989e-03    1.08445640373586e-03    6.9666904E-05    158.99    158.99    0.0482862656670664    0.00000e+00    0.00000e+00    7.04688849E+10
    1.85907342593690e-03    1.60331573775037e-03    1.08891024158011e-03    6.9475445E-05    158.33    158.33    0.0475337060033681    0.00000e+00    0.00000e+00    7.05191122E+10
    1.86617429799864e-03    1.60970456395866e-03    1.09336567930951e-03    6.9147298E-05    157.67    157.67    0.0475751073823751    0.00000e+00    0.00000e+00    7.05693395E+10
    1.87327589728090e-03    1.61608936621340e-03    1.09782266844268e-03    6.9154836E-05    157.02    157.02    0.0476716737162835    0.00000e+00    0.00000e+00    7.06195668E+10
    1.88037832074642e-03    1.62247024147732e-03    1.10228125746101e-03    6.8525889E-05    156.37    156.37    0.0475346228444536    0.00000e+00    0.00000e+00    7.06697941E+10
    1.88748147143246e-03    1.62884714126906e-03    1.10674130092037e-03    6.8233224E-05    155.72    155.72    0.0472364635548984    0.00000e+00    0.00000e+00    7.07200214E+10
    1.89458539782039e-03    1.63522016255135e-03    1.11120284730215e-03    6.8054026E-05    155.08    155.08    0.0468790399428180    0.00000e+00    0.00000e+00    7.07702487E+10
    1.90169014839157e-03    1.64158930532419e-03    1.11566584812497e-03    6.7699470E-05    154.44    154.44    0.0467527405628403    0.00000e+00    0.00000e+00    7.08204759E+10
    1.90879567466465e-03    1.64795461806895e-03    1.12013020642610e-03    6.7307627E-05    153.80    153.80    0.0462744447016323    0.00000e+00    0.00000e+00    7.08707032E+10
    1.91590207360236e-03    1.65431619774837e-03    1.12459597068691e-03    6.6915868E-05    153.17    153.17    0.0461011714078484    0.00000e+00    0.00000e+00    7.09209305E+10
    1.92300929672332e-03    1.66067399588107e-03    1.12906304394465e-03    6.6447737E-05    152.54    152.54    0.0460400813096269    0.00000e+00    0.00000e+00    7.09711578E+10
    1.93011734402754e-03    1.66702815791116e-03    1.13353142619933e-03    6.6006489E-05    151.91    151.91    0.0460399291807574    0.00000e+00    0.00000e+00    7.10213851E+10
    1.93722626399638e-03    1.67337868383865e-03    1.13800102048822e-03    6.5597911E-05    151.29    151.29    0.0457560935866465    0.00000e+00    0.00000e+00    7.10716124E+10
    1.94433600814848e-03    1.67972567062626e-03    1.14247177832994e-03    6.5185937E-05    150.67    150.67    0.0456835292630267    0.00000e+00    0.00000e+00    7.11218397E+10
    1.95144657648385e-03    1.68606911827400e-03    1.14694365124312e-03    6.5102685E-05    150.06    150.06    0.0455874698008339    0.00000e+00    0.00000e+00    7.11720670E+10
    1.95855801748383e-03    1.69240912374461e-03    1.15141659074641e-03    6.5117317E-05    149.45    149.45    0.0451774099714226    0.00000e+00    0.00000e+00    7.12222942E+10
    1.96567023418571e-03    1.69874583248218e-03    1.15589049987705e-03    6.4586961E-05    148.85    148.85    0.0449355449850829    0.00000e+00    0.00000e+00    7.12725215E+10
    1.97278332355221e-03    1.70507924448673e-03    1.16036542711643e-03    6.4276606E-05    148.25    148.25    0.0450578593221552    0.00000e+00    0.00000e+00    7.13227488E+10
    1.97989718862061e-03    1.71140950520234e-03    1.16484132398317e-03    6.4184615E-05    147.66    147.66    0.0445337777417700    0.00000e+00    0.00000e+00    7.13729761E+10
    1.98701187787226e-03    1.71773671159177e-03    1.16931804503317e-03    6.3886169E-05    147.07    147.07    0.0442347416305150    0.00000e+00    0.00000e+00    7.14232034E+10
    1.99412743978853e-03    1.72406091213637e-03    1.17379563874779e-03    6.3505500E-05    146.49    146.49    0.0440944599208882    0.00000e+00    0.00000e+00    7.14734307E+10
    2.00124382588807e-03    1.73038220379888e-03    1.17827400816430e-03    6.3305450E-05    145.91    145.91    0.0439867227984658    0.00000e+00    0.00000e+00    7.15236580E+10
    2.00836103617086e-03    1.73670063506068e-03    1.18275315328271e-03    6.3042508E-05    145.33    145.33    0.0439640741266011    0.00000e+00    0.00000e+00    7.15738853E+10
    2.01547902215554e-03    1.74301639984723e-03    1.18723297714026e-03    6.2987754E-05    144.76    144.76    0.0437707989593248    0.00000e+00    0.00000e+00    7.16241125E+10
    2.02259788080485e-03    1.74932949815853e-03    1.19171343125561e-03    6.2688992E-05    144.20    144.20    0.0437781673940843    0.00000e+00    0.00000e+00    7.16743398E+10
    2.02971746667468e-03    1.75563997847596e-03    1.19619441866600e-03    6.1758015E-05    143.64    143.64    0.0436852130111149    0.00000e+00    0.00000e+00    7.17245671E+10
    2.03683782824640e-03    1.76194803472498e-03    1.20067593937144e-03    6.1372113E-05    143.08    143.08    0.0433198285617270    0.00000e+00    0.00000e+00    7.17747944E+10
    2.04395896552001e-03    1.76825371538696e-03    1.20515789640919e-03    6.1039977E-05    142.53    142.53    0.0432203973102944    0.00000e+00    0.00000e+00    7.18250217E+10
    2.05108078153277e-03    1.77455711742464e-03    1.20964024129789e-03    6.0990329E-05    141.99    141.99    0.0428818372379692    0.00000e+00    0.00000e+00    7.18752490E+10
    2.05820337324742e-03    1.78085833780076e-03    1.21412292555616e-03    6.0634554E-05    141.45    141.45    0.0424844695218118    0.00000e+00    0.00000e+00    7.19254763E+10
    2.06532669218260e-03    1.78715747347805e-03    1.21860590070265e-03    6.0273709E-05    140.92    140.92    0.0423623226651813    0.00000e+00    0.00000e+00    7.19757036E+10
    2.07245073833829e-03    1.79345462141924e-03    1.22308911825597e-03    6.0082690E-05    140.39    140.39    0.0422355944620314    0.00000e+00    0.00000e+00    7.20259308E+10
    2.07957546323314e-03    1.79974983010572e-03    1.22757252973477e-03    5.9989219E-05    139.87    139.87    0.0420887261900958    0.00000e+00    0.00000e+00    7.20761581E+10
    2.08670091534851e-03    1.80604324498157e-03    1.23205603817630e-03    5.9799083E-05    139.35    139.35    0.0419970891356633    0.00000e+00    0.00000e+00    7.21263854E+10
    2.09382704620304e-03    1.81233491452817e-03    1.23653964358057e-03    5.9628414E-05    138.84    138.84    0.0418376160121628    0.00000e+00    0.00000e+00    7.21766127E+10
    2.10095380731535e-03    1.81862493570825e-03    1.24102315202210e-03    5.9448713E-05    138.33    138.33    0.0416748557035642    0.00000e+00    0.00000e+00    7.22268400E+10
    2.10808124716681e-03    1.82491335700318e-03    1.24550666046364e-03    5.9545487E-05    137.83    137.83    0.0415845061169550    0.00000e+00    0.00000e+00    7.22770673E+10
    2.11520926879469e-03    1.83120027537571e-03    1.24998997497970e-03    5.8883341E-05    137.33    137.33    0.0413924220298054    0.00000e+00    0.00000e+00    7.23272946E+10
    2.12233787219899e-03    1.83748583626993e-03    1.25447309557028e-03    5.8261435E-05    136.84    136.84    0.0411708437683350    0.00000e+00    0.00000e+00    7.23775219E+10
    2.12946705737971e-03    1.84377008816720e-03    1.25895597375403e-03    5.7819059E-05    136.36    136.36    0.0408702563208581    0.00000e+00    0.00000e+00    7.24277492E+10
    2.13659687281821e-03    1.85005312803028e-03    1.26343856104957e-03    5.7596287E-05    135.88    135.88    0.0406537893775137    0.00000e+00    0.00000e+00    7.24779764E+10
    2.14372722155176e-03    1.85633505282189e-03    1.26792076049416e-03    5.7155075E-05    135.40    135.40    0.0405593472314560    0.00000e+00    0.00000e+00    7.25282037E+10
    2.15085810358036e-03    1.86261595950477e-03    1.27240257208781e-03    5.6936119E-05    134.93    134.93    0.0405427461806698    0.00000e+00    0.00000e+00    7.25784310E+10
    2.15798956738538e-03    1.86889584807891e-03    1.27688389886778e-03    5.6584504E-05    134.47    134.47    0.0402711435482905    0.00000e+00    0.00000e+00    7.26286583E+10
    2.16512156448544e-03    1.87517486398844e-03    1.28136464387133e-03    5.6509892E-05    134.01    134.01    0.0403022391277525    0.00000e+00    0.00000e+00    7.26788856E+10
    2.17225404639919e-03    1.88145305571470e-03    1.28584485557983e-03    5.6572417E-05    133.55    133.55    0.0400960533524257    0.00000e+00    0.00000e+00    7.27291129E+10
    2.17938706160799e-03    1.88773052022044e-03    1.29032438854918e-03    5.6679889E-05    133.10    133.10    0.0398978161978900    0.00000e+00    0.00000e+00    7.27793402E+10
    2.18652051314910e-03    1.89400730598703e-03    1.29480319429801e-03    5.6382988E-05    132.66    132.66    0.0397516984566300    0.00000e+00    0.00000e+00    7.28295675E+10
    2.19365444950389e-03    1.90028350997720e-03    1.29928122434494e-03    5.6097268E-05    132.22    132.22    0.0396839160570267    0.00000e+00    0.00000e+00    7.28797947E+10
    2.20078882219099e-03    1.90655918067233e-03    1.30375843020862e-03    5.5929852E-05    131.79    131.79    0.0394498163372650    0.00000e+00    0.00000e+00    7.29300220E+10
    2.20792367969177e-03    1.91283441503513e-03    1.30823476340767e-03    5.5214193E-05    131.36    131.36    0.0391437914168075    0.00000e+00    0.00000e+00    7.29802493E+10
    2.21505892504350e-03    1.91910931002837e-03    1.31271017546073e-03    5.5009504E-05    130.93    130.93    0.0390793402964671    0.00000e+00    0.00000e+00    7.30304766E+10
    2.22219465520892e-03    1.92538386565202e-03    1.31718461788643e-03    5.4576968E-05    130.51    130.51    0.0389176723480417    0.00000e+00    0.00000e+00    7.30807039E+10
    2.22933082170664e-03    1.93165822735021e-03    1.32165809068476e-03    5.4273404E-05    130.10    130.10    0.0388390296136626    0.00000e+00    0.00000e+00    7.31309312E+10
    2.23646737605531e-03    1.93793244360429e-03    1.32613044841163e-03    5.4169890E-05    129.69    129.69    0.0387521539144863    0.00000e+00    0.00000e+00    7.31811585E+10
    2.24360436673629e-03    1.94420656289563e-03    1.33060173954840e-03    5.3741337E-05    129.28    129.28    0.0387143429710496    0.00000e+00    0.00000e+00    7.32313858E+10
    2.25074179374958e-03    1.95048063370560e-03    1.33507186713233e-03    5.3604166E-05    128.88    128.88    0.0384864625622605    0.00000e+00    0.00000e+00    7.32816130E+10
    2.25787960861382e-03    1.95675470451558e-03    1.33954078268207e-03    5.3656607E-05    128.48    128.48    0.0385581118710159    0.00000e+00    0.00000e+00    7.33318403E+10
    2.26501781132901e-03    1.96302882380692e-03    1.34400843771623e-03    5.3745087E-05    128.09    128.09    0.0383749295027178    0.00000e+00    0.00000e+00    7.33820676E+10
    2.27215640189514e-03    1.96930308854237e-03    1.34847483223482e-03    5.3564272E-05    127.71    127.71    0.0383017285725216    0.00000e+00    0.00000e+00    7.34322949E+10
    2.27929542879358e-03    1.97557759568466e-03    1.35293991775647e-03    5.3299139E-05    127.32    127.32    0.0380573855628410    0.00000e+00    0.00000e+00    7.34825222E+10
    2.28643479506160e-03    1.98185234523378e-03    1.35740364579981e-03    5.2898646E-05    126.94    126.94    0.0377568726274376    0.00000e+00    0.00000e+00    7.35327495E+10
    2.29357459766193e-03    1.98812738567112e-03    1.36186601636485e-03    5.2550718E-05    126.57    126.57    0.0376213910253179    0.00000e+00    0.00000e+00    7.35829768E+10
    2.30071478811321e-03    1.99440281395940e-03    1.36632698097021e-03    5.2288504E-05    126.20    126.20    0.0373591906674693    0.00000e+00    0.00000e+00    7.36332041E+10
    2.30785541489680e-03    2.00067863009863e-03    1.37078649113453e-03    5.2064896E-05    125.83    125.83    0.0372011741865548    0.00000e+00    0.00000e+00    7.36834314E+10
    2.31499642953133e-03    2.00695493105154e-03    1.37524454685780e-03    5.1927738E-05    125.47    125.47    0.0372830637615301    0.00000e+00    0.00000e+00    7.37336586E+10
    2.32213788049818e-03    2.01323176529949e-03    1.37970114814003e-03    5.1659635E-05    125.11    125.11    0.0371344097138193    0.00000e+00    0.00000e+00    7.37838859E+10
    2.32927971931597e-03    2.01950913284250e-03    1.38415619801848e-03    5.1455144E-05    124.76    124.76    0.0370354826909762    0.00000e+00    0.00000e+00    7.38341132E+10
    2.33642199446608e-03    2.02578708216192e-03    1.38860974497452e-03    5.1197668E-05    124.41    124.41    0.0374769706335246    0.00000e+00    0.00000e+00    7.38843405E+10
    2.34356470594850e-03    2.03206571022050e-03    1.39306169204542e-03    5.0893956E-05    124.06    124.06    0.0372606045632941    0.00000e+00    0.00000e+00    7.39345678E+10
    2.35070780528186e-03    2.03834496853686e-03    1.39751208771253e-03    5.0955602E-05    123.72    123.72    0.0370585625178469    0.00000e+00    0.00000e+00    7.39847951E+10
    2.35785134094754e-03    2.04462500255512e-03    1.40196088349449e-03    5.0748167E-05    123.38    123.38    0.0369291749320831    0.00000e+00    0.00000e+00    7.40350224E+10
    2.36499531294553e-03    2.05090581227526e-03    1.40640807939131e-03    5.0446245E-05    123.04    123.04    0.0364534501050681    0.00000e+00    0.00000e+00    7.40852497E+10
    2.37213972127583e-03    2.05718744617866e-03    1.41085367540298e-03    5.0363794E-05    122.71    122.71    0.0361763211155857    0.00000e+00    0.00000e+00    7.41354769E+10
    2.37928461441981e-03    2.06346995274668e-03    1.41529767152951e-03    5.0128144E-05    122.38    122.38    0.0358344442401459    0.00000e+00    0.00000e+00    7.41857042E+10
    2.38642994389611e-03    2.06975333197934e-03    1.41974001928951e-03    5.0076419E-05    122.05    122.05    0.0356942507779589    0.00000e+00    0.00000e+00    7.42359315E+10
    2.39357575818609e-03    2.07603768083935e-03    1.42418076716437e-03    4.9912376E-05    121.73    121.73    0.0357294537831030    0.00000e+00    0.00000e+00    7.42861588E+10
    2.40072205728975e-03    2.08232295084536e-03    1.42861981819135e-03    4.9549919E-05    121.41    121.41    0.0356807202858120    0.00000e+00    0.00000e+00    7.43363861E+10
    2.40786884120709e-03    2.08860919047873e-03    1.43305726933317e-03    4.9150939E-05    121.09    121.09    0.0356417372555186    0.00000e+00    0.00000e+00    7.43866134E+10
    2.41501610993811e-03    2.09489649670220e-03    1.43749302362712e-03    4.8903705E-05    120.78    120.78    0.0359242463221999    0.00000e+00    0.00000e+00    7.44368407E+10
    2.42216386348281e-03    2.10118486951577e-03    1.44192712955454e-03    4.8469918E-05    120.47    120.47    0.0357312110163154    0.00000e+00    0.00000e+00    7.44870680E+10
    2.42931205335982e-03    2.10747435740080e-03    1.44635949015272e-03    4.8499007E-05    120.16    120.16    0.0359100865442153    0.00000e+00    0.00000e+00    7.45372952E+10
    2.43646077653189e-03    2.11376500883867e-03    1.45079020238438e-03    4.8296127E-05    119.86    119.86    0.0355438996622120    0.00000e+00    0.00000e+00    7.45875225E+10
    2.44360998451763e-03    2.12005687231074e-03    1.45521921776816e-03    4.8176596E-05    119.55    119.55    0.0350428791019800    0.00000e+00    0.00000e+00    7.46377498E+10
    2.45075967731706e-03    2.12634994781701e-03    1.45964648782268e-03    4.7913740E-05    119.25    119.25    0.0348627209406628    0.00000e+00    0.00000e+00    7.46879771E+10
    2.45790990341154e-03    2.13264433232023e-03    1.46407206102932e-03    4.7795281E-05    118.96    118.96    0.0344794792626874    0.00000e+00    0.00000e+00    7.47382044E+10
    2.46506061431969e-03    2.13893997733901e-03    1.46849588890671e-03    4.7664333E-05    118.66    118.66    0.0343798747784718    0.00000e+00    0.00000e+00    7.47884317E+10
    2.47221185852290e-03    2.14523697983610e-03    1.47291801993621e-03    4.7644130E-05    118.37    118.37    0.0344706200314011    0.00000e+00    0.00000e+00    7.48386590E+10
    2.47936363602116e-03    2.15153529133013e-03    1.47733840563647e-03    4.7626577E-05    118.08    118.08    0.0344509162515200    0.00000e+00    0.00000e+00    7.48888863E+10
    2.48651589833309e-03    2.15783505726521e-03    1.48175699752610e-03    4.7646843E-05    117.79    117.79    0.0342891583653933    0.00000e+00    0.00000e+00    7.49391135E+10
    2.49366869394008e-03    2.16413618067859e-03    1.48617384408648e-03    4.7108462E-05    117.50    117.50    0.0345200713005418    0.00000e+00    0.00000e+00    7.49893408E+10
    2.50082197436074e-03    2.17043880701438e-03    1.49058889683624e-03    4.6507312E-05    117.22    117.22    0.0343373251971729    0.00000e+00    0.00000e+00    7.50395681E+10
    2.50797573959509e-03    2.17674283930985e-03    1.49500220425675e-03    4.6244808E-05    116.94    116.94    0.0342714103154666    0.00000e+00    0.00000e+00    7.50897954E+10
    2.51513008660586e-03    2.18304847149046e-03    1.49941376634800e-03    4.5891283E-05    116.66    116.66    0.0338842930203916    0.00000e+00    0.00000e+00    7.51400227E+10
    2.52228491843030e-03    2.18935555811212e-03    1.50382358311001e-03    4.5844050E-05    116.38    116.38    0.0336579671032558    0.00000e+00    0.00000e+00    7.51902500E+10
    2.52944023506843e-03    2.19566429310029e-03    1.50823160606139e-03    4.5792865E-05    116.10    116.10    0.0335374650090187    0.00000e+00    0.00000e+00    7.52404773E+10
    2.53659613348298e-03    2.20197457949225e-03    1.51263793216489e-03    4.5427858E-05    115.83    115.83    0.0333725668540494    0.00000e+00    0.00000e+00    7.52907046E+10
    2.54375251671120e-03    2.20828646576935e-03    1.51704251293914e-03    4.5499092E-05    115.55    115.55    0.0332945573336854    0.00000e+00    0.00000e+00    7.53409319E+10
    2.55090943323448e-03    2.21459995193160e-03    1.52144539686551e-03    4.5303454E-05    115.28    115.28    0.0334304701536173    0.00000e+00    0.00000e+00    7.53911591E+10
    2.55806688305280e-03    2.22091508646036e-03    1.52584648698125e-03    4.5352239E-05    115.02    115.02    0.0333150245372491    0.00000e+00    0.00000e+00    7.54413864E+10
    2.56522481768481e-03    2.22723191783701e-03    1.53024592873048e-03    4.5435776E-05    114.75    114.75    0.0332889570808961    0.00000e+00    0.00000e+00    7.54916137E+10
    2.57238328561186e-03    2.23355039758018e-03    1.53464367363182e-03    4.5444524E-05    114.48    114.48    0.0331536041898787    0.00000e+00    0.00000e+00    7.55418410E+10
    2.57954223835260e-03    2.23987052568986e-03    1.53903972168528e-03    4.5093694E-05    114.22    114.22    0.0329736103322569    0.00000e+00    0.00000e+00    7.55920683E+10
    2.58670167590702e-03    2.24619239912879e-03    1.54343407289086e-03    4.4658818E-05    113.96    113.96    0.0327707161048426    0.00000e+00    0.00000e+00    7.56422956E+10
    2.59386164675648e-03    2.25251601789697e-03    1.54782682421129e-03    4.4450173E-05    113.70    113.70    0.0325910424234762    0.00000e+00    0.00000e+00    7.56925229E+10
    2.60102210241963e-03    2.25884138199441e-03    1.55221792716520e-03    4.4159099E-05    113.44    113.44    0.0324768770392368    0.00000e+00    0.00000e+00    7.57427502E+10
    2.60818304289646e-03    2.26516844293973e-03    1.55660747871534e-03    4.4037148E-05    113.18    113.18    0.0323534486102354    0.00000e+00    0.00000e+00    7.57929774E+10
    2.61534451666834e-03    2.27149729769567e-03    1.56099543038032e-03    4.3843541E-05    112.92    112.92    0.0322281583652400    0.00000e+00    0.00000e+00    7.58432047E+10
    2.62250642677253e-03    2.27782794626223e-03    1.56538178216016e-03    4.3624157E-05    112.67    112.67    0.0321576674128148    0.00000e+00    0.00000e+00    7.58934320E+10
    2.62966882169040e-03    2.28416034015804e-03    1.56976667949896e-03    4.2911820E-05    112.42    112.42    0.0322178292716256    0.00000e+00    0.00000e+00    7.59436593E+10
    2.63683170142195e-03    2.29049452786447e-03    1.57415002543397e-03    4.3097121E-05    112.16    112.16    0.0320897854452265    0.00000e+00    0.00000e+00    7.59938866E+10
    2.64399501748582e-03    2.29683046090016e-03    1.57853186844658e-03    4.3313982E-05    111.91    111.91    0.0320257345761539    0.00000e+00    0.00000e+00    7.60441139E+10
    2.65115876988199e-03    2.30316823622783e-03    1.58291225701814e-03    4.3388832E-05    111.66    111.66    0.0318961698606492    0.00000e+00    0.00000e+00    7.60943412E+10
    2.65832295861049e-03    2.30950775688475e-03    1.58729119114865e-03    4.3347255E-05    111.42    111.42    0.0317416924303958    0.00000e+00    0.00000e+00    7.61445685E+10
    2.66548758367129e-03    2.31584911983367e-03    1.59166876780086e-03    4.3191808E-05    111.17    111.17    0.0317166751675849    0.00000e+00    0.00000e+00    7.61947957E+10
    2.67265264506441e-03    2.32219232507457e-03    1.59604493849340e-03    4.2981875E-05    110.92    110.92    0.0314682067644266    0.00000e+00    0.00000e+00    7.62450230E+10
    2.67981809430847e-03    2.32853727564472e-03    1.60041975170763e-03    4.2729049E-05    110.68    110.68    0.0313542461115148    0.00000e+00    0.00000e+00    7.62952503E+10
    2.68698393140348e-03    2.33488411698823e-03    1.60479325592492e-03    4.2630371E-05    110.44    110.44    0.0312264840901540    0.00000e+00    0.00000e+00    7.63454776E+10
    2.69415015634943e-03    2.34123275214236e-03    1.60916549962664e-03    4.2417711E-05    110.20    110.20    0.0311584732732598    0.00000e+00    0.00000e+00    7.63957049E+10
    2.70131681762770e-03    2.34758318110711e-03    1.61353648281278e-03    4.2156537E-05    109.96    109.96    0.0310723129775472    0.00000e+00    0.00000e+00    7.64459322E+10
    2.70848381827554e-03    2.35393545236385e-03    1.61790620548336e-03    4.1976031E-05    109.72    109.72    0.0310160651624828    0.00000e+00    0.00000e+00    7.64961595E+10
    2.71565120677433e-03    2.36028951743120e-03    1.62227476460110e-03    4.1606524E-05    109.48    109.48    0.0309963462681915    0.00000e+00    0.00000e+00    7.65463868E+10
    2.72281888616132e-03    2.36664537630918e-03    1.62664220864738e-03    4.1162008E-05    109.24    109.24    0.0309105417070821    0.00000e+00    0.00000e+00    7.65966140E+10
    2.72998695339926e-03    2.37300307747915e-03    1.63100848914082e-03    4.1422211E-05    109.01    109.01    0.0307690137332198    0.00000e+00    0.00000e+00    7.66468413E+10
    2.73715531152541e-03    2.37936252397837e-03    1.63537370304416e-03    4.1447088E-05    108.77    108.77    0.0306432296753778    0.00000e+00    0.00000e+00    7.66970686E+10
    2.74432400902114e-03    2.38572381276957e-03    1.63973785035740e-03    4.1376588E-05    108.54    108.54    0.0306440964222347    0.00000e+00    0.00000e+00    7.67472959E+10
    2.75149294892371e-03    2.39208689537140e-03    1.64410097956192e-03    4.1183668E-05    108.31    108.31    0.0305808754620017    0.00000e+00    0.00000e+00    7.67975232E+10
    2.75866222819585e-03    2.39845177178385e-03    1.64846313913907e-03    4.1086450E-05    108.08    108.08    0.0305158682644367    0.00000e+00    0.00000e+00    7.68477505E+10
    2.76583179835620e-03    2.40481839352554e-03    1.65282437757022e-03    4.0963213E-05    107.85    107.85    0.0301521106471551    0.00000e+00    0.00000e+00    7.68979778E+10
    2.77300161092339e-03    2.41118685755923e-03    1.65718474333676e-03    4.0982366E-05    107.62    107.62    0.0300843069001660    0.00000e+00    0.00000e+00    7.69482051E+10
    2.78017166589743e-03    2.41755701844080e-03    1.66154423643866e-03    4.0892422E-05    107.40    107.40    0.0300678176574733    0.00000e+00    0.00000e+00    7.69984324E+10
    2.78734196327830e-03    2.42392892465162e-03    1.66590290535731e-03    4.0655862E-05    107.17    107.17    0.0300765965428217    0.00000e+00    0.00000e+00    7.70486596E+10
    2.79451250306602e-03    2.43030262467307e-03    1.67026079857407e-03    4.0346669E-05    106.95    106.95    0.0300270271300683    0.00000e+00    0.00000e+00    7.70988869E+10
    2.80168323677920e-03    2.43667802154239e-03    1.67461796457030e-03    3.9959517E-05    106.72    106.72    0.0299484317625029    0.00000e+00    0.00000e+00    7.71491142E+10
    2.80885416441786e-03    2.44305511525960e-03    1.67897440334601e-03    3.9661307E-05    106.50    106.50    0.0298139008785399    0.00000e+00    0.00000e+00    7.71993415E+10
    2.81602523750063e-03    2.44943390582470e-03    1.68333016338258e-03    3.9347969E-05    106.28    106.28    0.0296557970229313    0.00000e+00    0.00000e+00    7.72495688E+10
    2.82319645602749e-03    2.45581439323768e-03    1.68768534164272e-03    3.9424329E-05    106.06    106.06    0.0295921477701801    0.00000e+00    0.00000e+00    7.72997961E+10
    2.83036786847983e-03    2.46219657749854e-03    1.69203993812644e-03    3.9387510E-05    105.84    105.84    0.0294600788850774    0.00000e+00    0.00000e+00    7.73500234E+10
    2.83753937789491e-03    2.46858041012592e-03    1.69639395283375e-03    3.9238520E-05    105.62    105.62    0.0293363718910027    0.00000e+00    0.00000e+00    7.74002507E+10
    2.84471103275409e-03    2.47496589111981e-03    1.70074748272738e-03    3.9278523E-05    105.40    105.40    0.0291425055102632    0.00000e+00    0.00000e+00    7.74504779E+10
    2.85188283305738e-03    2.48135302048022e-03    1.70510057628869e-03    3.9185958E-05    105.19    105.19    0.0290639598289948    0.00000e+00    0.00000e+00    7.75007052E+10
    2.85905468184203e-03    2.48774174972578e-03    1.70945323351770e-03    3.9125641E-05    104.98    104.98    0.0291063918081303    0.00000e+00    0.00000e+00    7.75509325E+10
    2.86622657910805e-03    2.49413207885648e-03    1.71380550289575e-03    3.9175824E-05    104.76    104.76    0.0291629313833121    0.00000e+00    0.00000e+00    7.76011598E+10
    2.87339857333681e-03    2.50052395939097e-03    1.71815743290423e-03    3.9197201E-05    104.55    104.55    0.0291485027092350    0.00000e+00    0.00000e+00    7.76513871E+10
    2.88057061604694e-03    2.50691743981060e-03    1.72250902354314e-03    3.8923223E-05    104.34    104.34    0.0290853890720530    0.00000e+00    0.00000e+00    7.77016144E+10
    2.88774261027569e-03    2.51331237467127e-03    1.72686037177520e-03    3.8531862E-05    104.13    104.13    0.0288829409013922    0.00000e+00    0.00000e+00    7.77518417E+10
    2.89491470146719e-03    2.51970890941710e-03    1.73121147760042e-03    3.8238703E-05    103.92    103.92    0.0287045835092824    0.00000e+00    0.00000e+00    7.78020690E+10
    2.90208674417731e-03    2.52610685012259e-03    1.73556243798154e-03    3.8130482E-05    103.71    103.71    0.0286185024884973    0.00000e+00    0.00000e+00    7.78522962E+10
    2.90925873840607e-03    2.53250634223187e-03    1.73991320443718e-03    3.8033547E-05    103.51    103.51    0.0284376279382034    0.00000e+00    0.00000e+00    7.79025235E+10
    2.91643068415346e-03    2.53890724030083e-03    1.74426387393009e-03    3.7804920E-05    103.30    103.30    0.0283292704908561    0.00000e+00    0.00000e+00    7.79527508E+10
    2.92360262990085e-03    2.54530959281082e-03    1.74861444646026e-03    3.7641548E-05    103.10    103.10    0.0282211675897459    0.00000e+00    0.00000e+00    7.80029781E+10
    2.93077443020413e-03    2.55171330279913e-03    1.75296501899044e-03    3.7312051E-05    102.89    102.89    0.0281626758214087    0.00000e+00    0.00000e+00    7.80532054E+10
    2.93794618202605e-03    2.55811841874710e-03    1.75731559152061e-03    3.7409097E-05    102.69    102.69    0.0282147322831200    0.00000e+00    0.00000e+00    7.81034327E+10
    2.94511778840386e-03    2.56452484369202e-03    1.76166616405078e-03    3.7599315E-05    102.49    102.49    0.0282911076080866    0.00000e+00    0.00000e+00    7.81536600E+10
    2.95228929781894e-03    2.57093262611525e-03    1.76601683354369e-03    3.7571593E-05    102.29    102.29    0.0282808734880608    0.00000e+00    0.00000e+00    7.82038873E+10
    2.95946061330855e-03    2.57734166905404e-03    1.77036755151797e-03    3.7658598E-05    102.09    102.09    0.0281918482853473    0.00000e+00    0.00000e+00    7.82541145E+10
    2.96663173487268e-03    2.58375197250841e-03    1.77471846341772e-03    3.7397620E-05    101.90    101.90    0.0280252236306783    0.00000e+00    0.00000e+00    7.83043418E+10
    2.97380271099270e-03    2.59016353647835e-03    1.77906952076157e-03    3.7250733E-05    101.70    101.70    0.0278073239295260    0.00000e+00    0.00000e+00    7.83545691E+10
    2.98097344470589e-03    2.59657631248249e-03    1.78342077203090e-03    3.6974415E-05    101.51    101.51    0.0277100184544072    0.00000e+00    0.00000e+00    7.84047964E+10
    2.98814398449361e-03    2.60299025203946e-03    1.78777226570706e-03    3.6727406E-05    101.31    101.31    0.0275639870639351    0.00000e+00    0.00000e+00    7.84550237E+10
    2.99531423339311e-03    2.60940535514927e-03    1.79212405027144e-03    3.6512541E-05    101.12    101.12    0.0274499869037650    0.00000e+00    0.00000e+00    7.85052510E+10
    3.00248428836714e-03    2.61582162181191e-03    1.79647612572402e-03    3.6427204E-05    100.93    100.93    0.0274083121060777    0.00000e+00    0.00000e+00    7.85554783E+10
    3.00965405245297e-03    2.62223890658329e-03    1.80082849206482e-03    3.6200563E-05    100.74    100.74    0.0273803550609422    0.00000e+00    0.00000e+00    7.86057056E+10
    3.01682352565058e-03    2.62865730642613e-03    1.80518124625655e-03    3.5946505E-05    100.55    100.55    0.0273505069852021    0.00000e+00    0.00000e+00    7.86559329E+10
    3.02399265947862e-03    2.63507672437770e-03    1.80953438829924e-03    3.5745007E-05    100.36    100.36    0.0274321946847533    0.00000e+00    0.00000e+00    7.87061601E+10
    3.03116150241845e-03    2.64149716043800e-03    1.81388791819286e-03    3.5824738E-05    100.17    100.17    0.0274097976879388    0.00000e+00    0.00000e+00    7.87563874E+10
    3.03833005447008e-03    2.64791851764430e-03    1.81824188441880e-03    3.6099058E-05    99.98    99.98    0.0273309889279427    0.00000e+00    0.00000e+00    7.88066147E+10
    3.04549817018938e-03    2.65434084447796e-03    1.82259628697706e-03    3.6133865E-05    99.80    99.80    0.0271294119694030    0.00000e+00    0.00000e+00    7.88568420E+10
    3.05266594653912e-03    2.66076404397624e-03    1.82695122283036e-03    3.6093128E-05    99.62    99.62    0.0269450419630626    0.00000e+00    0.00000e+00    7.89070693E+10
    3.05983338351927e-03    2.66718816462052e-03    1.83130664349734e-03    3.5927605E-05    99.43    99.43    0.0268532351414727    0.00000e+00    0.00000e+00    7.89572966E+10
    3.06700038416711e-03    2.67361310944806e-03    1.83566259745938e-03    3.5769731E-05    99.25    99.25    0.0267417461839382    0.00000e+00    0.00000e+00    7.90075239E+10
    3.07416699696401e-03    2.68003887845885e-03    1.84001908471646e-03    3.5651062E-05    99.07    99.07    0.0266331384175884    0.00000e+00    0.00000e+00    7.90577512E+10
    3.08133322190996e-03    2.68646547165290e-03    1.84437615374996e-03    3.5583506E-05    98.89    98.89    0.0266010216331786    0.00000e+00    0.00000e+00    7.91079784E+10
    3.08849896204224e-03    2.69289274358611e-03    1.84873380455988e-03    3.5326033E-05    98.71    98.71    0.0266613239602948    0.00000e+00    0.00000e+00    7.91582057E+10
    3.09566431432356e-03    2.69932079122120e-03    1.85309208562758e-03    3.5049290E-05    98.53    98.53    0.0266284615759298    0.00000e+00    0.00000e+00    7.92084330E+10
    3.10282918179121e-03    2.70574946911408e-03    1.85745099695307e-03    3.4783563E-05    98.35    98.35    0.0265895401545680    0.00000e+00    0.00000e+00    7.92586603E+10
    3.10999356444517e-03    2.71217882574612e-03    1.86181058701771e-03    3.4494800E-05    98.18    98.18    0.0265741466822007    0.00000e+00    0.00000e+00    7.93088876E+10
    3.11715751076682e-03    2.71860876415457e-03    1.86617075885877e-03    3.4201681E-05    98.00    98.00    0.0264655369507042    0.00000e+00    0.00000e+00    7.93591149E+10
    3.12432092379343e-03    2.72503933282080e-03    1.87053165792035e-03    3.4478214E-05    97.83    97.83    0.0263416565792209    0.00000e+00    0.00000e+00    7.94093422E+10
    3.13148380352498e-03    2.73147043478209e-03    1.87489323572108e-03    3.4491002E-05    97.66    97.66    0.0261445648273473    0.00000e+00    0.00000e+00    7.94595695E+10
    3.13864624692422e-03    2.73790211851979e-03    1.87925554074233e-03    3.4561142E-05    97.48    97.48    0.0260585781993871    0.00000e+00    0.00000e+00    7.95097967E+10
    3.14580810854704e-03    2.74433423858981e-03    1.88361857298411e-03    3.4434742E-05    97.31    97.31    0.0259897106549375    0.00000e+00    0.00000e+00    7.95600240E+10
    3.15296948535618e-03    2.75076684347351e-03    1.88798233244641e-03    3.4304791E-05    97.14    97.14    0.0258750964302506    0.00000e+00    0.00000e+00    7.96102513E+10
    3.16013028038891e-03    2.75719988468952e-03    1.89234681912923e-03    3.4241662E-05    96.97    96.97    0.0259057633059815    0.00000e+00    0.00000e+00    7.96604786E+10
    3.16729054212658e-03    2.76363326527511e-03    1.89671208151394e-03    3.4174347E-05    96.80    96.80    0.0258789914547313    0.00000e+00    0.00000e+00    7.97107059E+10
    3.17445027056921e-03    2.77006708219301e-03    1.90107807111917e-03    3.4198724E-05    96.64    96.64    0.0258020500195682    0.00000e+00    0.00000e+00    7.97609332E+10
    3.18160941723541e-03    2.77650118999912e-03    1.90544488490766e-03    3.4017049E-05    96.47    96.47    0.0257925769879887    0.00000e+00    0.00000e+00    7.98111605E+10
    3.18876798212521e-03    2.78293558869343e-03    1.90981247439804e-03    3.3679633E-05    96.30    96.30    0.0257140149641695    0.00000e+00    0.00000e+00    7.98613878E+10
    3.19592591675721e-03    2.78937022979459e-03    1.91418083959031e-03    3.3412868E-05    96.14    96.14    0.0256259253802909    0.00000e+00    0.00000e+00    7.99116151E+10
    3.20308331809417e-03    2.79580516178396e-03    1.91854998048447e-03    3.3377010E-05    95.97    95.97    0.0255326207770803    0.00000e+00    0.00000e+00    7.99618423E+10
    3.21024008917334e-03    2.80224023921743e-03    1.92291994556189e-03    3.3155573E-05    95.81    95.81    0.0254374983384491    0.00000e+00    0.00000e+00    8.00120696E+10
    3.21739627847609e-03    2.80867555905774e-03    1.92729068634120e-03    3.3126695E-05    95.65    95.65    0.0253566350302946    0.00000e+00    0.00000e+00    8.00622969E+10
    3.22455183752106e-03    2.81511097586079e-03    1.93166229978513e-03    3.3011569E-05    95.49    95.49    0.0252596753304065    0.00000e+00    0.00000e+00    8.01125242E+10
    3.23170676630824e-03    2.82154648962657e-03    1.93603468893095e-03    3.2955331E-05    95.32    95.32    0.0251662902687410    0.00000e+00    0.00000e+00    8.01627515E+10
    3.23886111331901e-03    2.82798210035509e-03    1.94040795074140e-03    3.2900201E-05    95.16    95.16    0.0251633674003532    0.00000e+00    0.00000e+00    8.02129788E+10
    3.24601483007199e-03    2.83441775956498e-03    1.94478198825374e-03    3.3030727E-05    95.01    95.01    0.0251217107247044    0.00000e+00    0.00000e+00    8.02632061E+10
    3.25316791656718e-03    2.84085341877487e-03    1.94915684994933e-03    3.2941479E-05    94.85    94.85    0.0250507920450734    0.00000e+00    0.00000e+00    8.03134334E+10
    3.26032037280459e-03    2.84728902950339e-03    1.95353258430956e-03    3.2943029E-05    94.69    94.69    0.0250402338243503    0.00000e+00    0.00000e+00    8.03636606E+10
