    -3.53746265916981e-05    2.40708048568023e-05    2.70238408646529e-05    8.2214919E-03    598.85    598.85    1.3496529712260239    0.00000e+00    0.00000e+00    6.29850190E+10
    -5.11517170183681e-05    2.25254903370866e-05    3.65663500101156e-05    6.3279425E-03    1489.68    1489.68    0.9129654858484177    0.00000e+00    0.00000e+00    6.30352463E+10
    -6.29426233016558e-05    2.19592376538242e-05    4.10253152438560e-05    5.2242179E-03    1347.22    1347.22    0.7304033283000708    0.00000e+00    0.00000e+00    6.30854736E+10
    -7.35095059398358e-05    2.15995888055804e-05    4.41322432344327e-05    4.2862286E-03    1182.24    1182.24    0.6458437287094767    0.00000e+00    0.00000e+00    6.31357009E+10
    -8.31348707130274e-05    2.11837500516960e-05    4.66942508285297e-05    3.6490468E-03    1007.02    1007.02    0.5914959245264576    0.00000e+00    0.00000e+00    6.31859282E+10
    -9.16898153596973e-05    2.09527615429588e-05    4.86126508076612e-05    3.2269946E-03    863.32    863.32    0.5953393868846557    0.00000e+00    0.00000e+00    6.32361555E+10
    -9.89667475097311e-05    2.09153625307843e-05    4.96766859380028e-05    2.9102527E-03    766.96    766.96    0.5769603191379642    0.00000e+00    0.00000e+00    6.32863828E+10
    -1.04857825207903e-04    2.08864443643335e-05    4.97327788809072e-05    2.6727614E-03    700.01    700.01    0.5781239418581764    0.00000e+00    0.00000e+00    6.33366100E+10
    -1.09497002474303e-04    2.07113136638652e-05    4.88078901251809e-05    2.4662436E-03    648.20    648.20    0.5600685489837551    0.00000e+00    0.00000e+00    6.33868373E+10
    -1.13149394822310e-04    2.03398940242578e-05    4.70881057060442e-05    2.3342138E-03    606.37    606.37    0.5310173646201697    0.00000e+00    0.00000e+00    6.34370646E+10
    -1.16197946882358e-04    1.97168958388763e-05    4.49775192811430e-05    2.1874067E-03    716.34    716.34    0.4946165961898011    0.00000e+00    0.00000e+00    6.34872919E+10
    -1.20223194888096e-04    1.84364137013487e-05    4.44181010163433e-05    2.1046135E-03    1295.36    1295.36    0.4512312342558113    0.00000e+00    0.00000e+00    6.35375192E+10
    -1.26090046446623e-04    1.67602271221132e-05    4.65060238560937e-05    2.0415928E-03    1596.85    1596.85    0.4214983320077853    0.00000e+00    0.00000e+00    6.35877465E+10
    -1.33288782998030e-04    1.53596367584138e-05    4.98307306370385e-05    1.9192813E-03    1715.67    1715.67    0.4084186290579008    0.00000e+00    0.00000e+00    6.36379738E+10
    -1.41883399948225e-04    1.43319859252122e-05    5.35665351788802e-05    1.8513214E-03    1720.27    1720.27    0.3969412111504793    0.00000e+00    0.00000e+00    6.36882011E+10
    -1.51190421513990e-04    1.34522318687561e-05    5.75766036682624e-05    1.7509039E-03    1638.77    1638.77    0.3879759896204953    0.00000e+00    0.00000e+00    6.37384283E+10
    -1.60306794947795e-04    1.27037231783543e-05    6.15090340947517e-05    1.6744334E-03    1522.89    1522.89    0.3754925225387498    0.00000e+00    0.00000e+00    6.37886556E+10
    -1.68998234038245e-04    1.21579286628075e-05    6.50649145832600e-05    1.6075871E-03    1407.55    1407.55    0.3737965617972607    0.00000e+00    0.00000e+00    6.38388829E+10
    -1.77322858249430e-04    1.17165130783624e-05    6.81913325686311e-05    1.5356629E-03    1311.13    1311.13    0.3666786560123690    0.00000e+00    0.00000e+00    6.38891102E+10
    -1.85358368670022e-04    1.12223410387664e-05    7.10352593182932e-05    1.4845639E-03    1232.12    1232.12    0.3638182797751568    0.00000e+00    0.00000e+00    6.39393375E+10
    -1.93147981591556e-04    1.05874595852473e-05    7.37576578225117e-05    1.4219680E-03    1164.41    1164.41    0.3558420311006569    0.00000e+00    0.00000e+00    6.39895648E+10
    -2.00706168702412e-04    9.80120427126166e-06    7.64312840704105e-05    1.3460243E-03    1102.95    1102.95    0.3530311743574346    0.00000e+00    0.00000e+00    6.40397921E+10
    -2.08022676193235e-04    8.92338316695222e-06    7.90429220410426e-05    1.3080931E-03    1044.51    1044.51    0.3501000449182973    0.00000e+00    0.00000e+00    6.40900194E+10
    -2.15086057613013e-04    8.03607231964873e-06    8.15474792139281e-05    1.2609099E-03    988.49    988.49    0.3447357810208609    0.00000e+00    0.00000e+00    6.41402466E+10
    -2.21902358588351e-04    7.20545267533211e-06    8.38992037219806e-05    1.2077254E-03    935.97    935.97    0.3330217819551313    0.00000e+00    0.00000e+00    6.41904739E+10
    -2.28494050233368e-04    6.46687442356045e-06    8.60559846488590e-05    1.1530580E-03    888.10    888.10    0.3327821686673772    0.00000e+00    0.00000e+00    6.42407012E+10
    -2.34887802148662e-04    5.82947581740899e-06    8.79821784927281e-05    1.1125118E-03    845.42    845.42    0.3328364470860067    0.00000e+00    0.00000e+00    6.42909285E+10
    -2.41104795843959e-04    5.28344471278576e-06    8.96493121460962e-05    1.0937802E-03    808.75    808.75    0.3238221902462849    0.00000e+00    0.00000e+00    6.43411558E+10
    -2.47170813710823e-04    4.79956735233855e-06    9.10537058731239e-05    1.0423666E-03    784.75    784.75    0.3216989997368577    0.00000e+00    0.00000e+00    6.43913831E+10
    -2.53176627414766e-04    4.31940875523229e-06    9.22913624789444e-05    1.0116632E-03    805.73    805.73    0.3158007529756580    0.00000e+00    0.00000e+00    6.44416104E+10
    -2.59407341337239e-04    3.73858790566631e-06    9.37332468479323e-05    9.8030495E-04    916.46    916.46    0.3136559968777912    0.00000e+00    0.00000e+00    6.44918377E+10
    -2.66261162043358e-04    2.95028396298977e-06    9.59210946354961e-05    9.5106878E-04    1049.99    1049.99    0.3085559394972665    0.00000e+00    0.00000e+00    6.45420650E+10
    -2.73902068064485e-04    1.96367260789407e-06    9.90277952484565e-05    9.3762193E-04    1122.58    1122.58    0.2972972248656712    0.00000e+00    0.00000e+00    6.45922922E+10
    -2.82207910593664e-04    8.85122883160637e-07    1.02797536747976e-04    9.0381684E-04    1138.88    1138.88    0.2966478602114616    0.00000e+00    0.00000e+00    6.46425195E+10
    -2.90988657212311e-04    -1.89744468346747e-07    1.06878751645061e-04    8.8179810E-04    1123.88    1123.88    0.2939228173369489    0.00000e+00    0.00000e+00    6.46927468E+10
    -3.00063438480413e-04    -1.21270765745827e-06    1.11059207902669e-04    8.5484228E-04    1094.44    1094.44    0.2902522126746935    0.00000e+00    0.00000e+00    6.47429741E+10
    -3.09260034034032e-04    -2.16086174907637e-06    1.15267351869605e-04    8.2579022E-04    1060.08    1060.08    0.2868540442457942    0.00000e+00    0.00000e+00    6.47932014E+10
    -3.18407498569207e-04    -3.02674087431136e-06    1.19491135925894e-04    8.0460084E-04    1025.88    1025.88    0.2874165768573610    0.00000e+00    0.00000e+00    6.48434287E+10
    -3.27364043476760e-04    -3.81774726540915e-06    1.23714953919141e-04    7.8390494E-04    993.34    993.34    0.2852022479042741    0.00000e+00    0.00000e+00    6.48936560E+10
    -3.36050624734125e-04    -4.54953730146201e-06    1.27897698497324e-04    7.6238415E-04    961.43    961.43    0.2848104409269840    0.00000e+00    0.00000e+00    6.49438833E+10
    -3.44455005643990e-04    -5.23695059595367e-06    1.31990432567472e-04    7.4375275E-04    928.91    928.91    0.2842456265455480    0.00000e+00    0.00000e+00    6.49941105E+10
    -3.52599817308988e-04    -5.89056573492456e-06    1.35963926712751e-04    7.2005425E-04    896.03    896.03    0.2829271081249706    0.00000e+00    0.00000e+00    6.50443378E+10
    -3.60516209008132e-04    -6.51394352941834e-06    1.39797813910418e-04    6.9213851E-04    863.51    863.51    0.2851859299314400    0.00000e+00    0.00000e+00    6.50945651E+10
    -3.68243271268529e-04    -7.10701901440172e-06    1.43480565291136e-04    6.7109913E-04    832.15    832.15    0.2830589433658203    0.00000e+00    0.00000e+00    6.51447924E+10
    -3.75822300519535e-04    -7.66921865528996e-06    1.47012529920755e-04    6.6138923E-04    802.40    802.40    0.2808018077735781    0.00000e+00    0.00000e+00    6.51950197E+10
    -3.83290549844409e-04    -8.19984819889171e-06    1.50401901150486e-04    6.3915022E-04    774.60    774.60    0.2780719204975686    0.00000e+00    0.00000e+00    6.52452470E+10
    -3.90676792935122e-04    -8.69938664112390e-06    1.53662408903779e-04    6.2778873E-04    748.89    748.89    0.2772532477543089    0.00000e+00    0.00000e+00    6.52954743E+10
    -3.98001542258524e-04    -9.16969033357151e-06    1.56812175516032e-04    6.1691718E-04    725.33    725.33    0.2705074139540166    0.00000e+00    0.00000e+00    6.53457016E+10
    -4.05277965354193e-04    -9.61419418116519e-06    1.59870903815247e-04    6.0621491E-04    704.03    704.03    0.2673414932293272    0.00000e+00    0.00000e+00    6.53959288E+10
    -4.12514590094779e-04    -1.00380701762550e-05    1.62859377763931e-04    5.9271725E-04    685.22    685.22    0.2683975689999594    0.00000e+00    0.00000e+00    6.54461561E+10
    -4.19718955333025e-04    -1.04483190283962e-05    1.65800786000454e-04    5.7231984E-04    669.63    669.63    0.2640192226419842    0.00000e+00    0.00000e+00    6.54963834E+10
    -4.26901120952812e-04    -1.08536106606481e-05    1.68723800405916e-04    5.6656718E-04    658.25    658.25    0.2606883227682700    0.00000e+00    0.00000e+00    6.55466107E+10
    -4.34076625232621e-04    -1.12634736010991e-05    1.71664874120999e-04    5.5710095E-04    651.83    651.83    0.2593904656309770    0.00000e+00    0.00000e+00    6.55968380E+10
    -4.41266223046140e-04    -1.16861957396279e-05    1.74667451299667e-04    5.3543038E-04    650.47    650.47    0.2572799886182403    0.00000e+00    0.00000e+00    6.56470653E+10
    -4.48492254607794e-04    -1.21287055485512e-05    1.77775669379449e-04    5.2869216E-04    653.40    653.40    0.2564119208907630    0.00000e+00    0.00000e+00    6.56972926E+10
    -4.55775882034764e-04    -1.25971024687910e-05    1.81024066486988e-04    5.2235778E-04    658.96    658.96    0.2541397258198024    0.00000e+00    0.00000e+00    6.57475199E+10
    -4.63134030172657e-04    -1.30953004011950e-05    1.84432873897195e-04    5.1372714E-04    665.03    665.03    0.2506326357353248    0.00000e+00    0.00000e+00    6.57977472E+10
    -4.70577786710361e-04    -1.36244788974491e-05    1.88005499850248e-04    5.0678837E-04    670.01    670.01    0.2477643278241702    0.00000e+00    0.00000e+00    6.58479744E+10
    -4.78113260300257e-04    -1.41836605731725e-05    1.91731714777478e-04    4.9593259E-04    672.92    672.92    0.2445721128697626    0.00000e+00    0.00000e+00    6.58982017E+10
    -4.85742099308861e-04    -1.47716474537589e-05    1.95594521111223e-04    4.9130971E-04    673.33    673.33    0.2411222911881331    0.00000e+00    0.00000e+00    6.59484290E+10
    -4.93462126922745e-04    -1.53874262786150e-05    1.99574676596481e-04    4.7331140E-04    671.20    671.20    0.2386706122603675    0.00000e+00    0.00000e+00    6.59986563E+10
    -5.01268548334602e-04    -1.60296497505209e-05    2.03652473557114e-04    4.6604644E-04    666.73    666.73    0.2372931278013709    0.00000e+00    0.00000e+00    6.60488836E+10
    -5.09157339590880e-04    -1.66962923179168e-05    2.07806376569408e-04    4.5671421E-04    660.24    660.24    0.2344058317704676    0.00000e+00    0.00000e+00    6.60991109E+10
    -5.17124234331185e-04    -1.73837013945295e-05    2.12015005350025e-04    4.5429889E-04    652.11    652.11    0.2315513646528181    0.00000e+00    0.00000e+00    6.61493382E+10
    -5.25161524017987e-04    -1.80884731035037e-05    2.16260901758309e-04    4.4258995E-04    642.76    642.76    0.2265560141585206    0.00000e+00    0.00000e+00    6.61995655E+10
    -5.33257185271995e-04    -1.88082730669649e-05    2.20529332306492e-04    4.3216498E-04    632.63    632.63    0.2251800999478068    0.00000e+00    0.00000e+00    6.62497927E+10
    -5.41395316204468e-04    -1.95413671063759e-05    2.24806969466478e-04    4.2348411E-04    622.02    622.02    0.2214025665664661    0.00000e+00    0.00000e+00    6.63000200E+10
    -5.49557784783732e-04    -2.02868389238792e-05    2.29081746225746e-04    4.1914331E-04    611.12    611.12    0.2183758236234339    0.00000e+00    0.00000e+00    6.63502473E+10
    -5.57726943791796e-04    -2.10452048460454e-05    2.33341634356867e-04    4.1400549E-04    600.02    600.02    0.2154767316582850    0.00000e+00    0.00000e+00    6.64004746E+10
    -5.65886891339919e-04    -2.18179435546017e-05    2.37575526778407e-04    4.0672196E-04    588.77    588.77    0.2121274868390464    0.00000e+00    0.00000e+00    6.64507019E+10
    -5.74024004163661e-04    -2.26069632761970e-05    2.41774493222360e-04    3.9954470E-04    577.44    577.44    0.2105428857852517    0.00000e+00    0.00000e+00    6.65009292E+10
    -5.82127907250248e-04    -2.34139632827837e-05    2.45931891741295e-04    3.9035865E-04    566.11    566.11    0.2084288456419709    0.00000e+00    0.00000e+00    6.65511565E+10
    -5.90191861689511e-04    -2.42397687272469e-05    2.50042879046536e-04    3.8551539E-04    554.91    554.91    0.2066387882920058    0.00000e+00    0.00000e+00    6.66013838E+10
    -5.98212716192523e-04    -2.50839219454717e-05    2.54104488078357e-04    3.7906110E-04    543.90    543.90    0.2039148669042449    0.00000e+00    0.00000e+00    6.66516110E+10
    -6.06190228352444e-04    -2.59447493606309e-05    2.58115700728027e-04    3.7282749E-04    533.22    533.22    0.1997967301600133    0.00000e+00    0.00000e+00    6.67018383E+10
    -6.14126482868103e-04    -2.68194579611076e-05    2.62076929087174e-04    3.6835322E-04    522.99    522.99    0.1983244204043156    0.00000e+00    0.00000e+00    6.67520656E+10
    -6.22025261286212e-04    -2.77048106459531e-05    2.65990388754322e-04    3.6172364E-04    513.35    513.35    0.1959108539954898    0.00000e+00    0.00000e+00    6.68022929E+10
    -6.29891169336742e-04    -2.85978049640402e-05    2.69859769161583e-04    3.5395973E-04    504.43    504.43    0.1940084289508023    0.00000e+00    0.00000e+00    6.68525202E+10
    -6.37729636932921e-04    -2.94957618349672e-05    2.73690505070322e-04    3.5106367E-04    496.35    496.35    0.1918834693666240    0.00000e+00    0.00000e+00    6.69027475E+10
    -6.45546384876186e-04    -3.03962736739936e-05    2.77489732937927e-04    3.4484724E-04    489.21    489.21    0.1897619915266729    0.00000e+00    0.00000e+00    6.69529748E+10
    -6.53347570300288e-04    -3.12974400114895e-05    2.81266329702897e-04    3.4041101E-04    483.10    483.10    0.1871446246271542    0.00000e+00    0.00000e+00    6.70032021E+10
    -6.61139447301712e-04    -3.21980163307355e-05    2.85031106710322e-04    3.3619712E-04    478.05    478.05    0.1843135957184796    0.00000e+00    0.00000e+00    6.70534293E+10
    -6.68928560865154e-04    -3.30974295819605e-05    2.88796247328008e-04    3.3007972E-04    474.01    474.01    0.1818526160208260    0.00000e+00    0.00000e+00    6.71036566E+10
    -6.76721746863517e-04    -3.39956826740466e-05    2.92574545788999e-04    3.2495814E-04    470.86    470.86    0.1837821055046751    0.00000e+00    0.00000e+00    6.71538839E+10
    -6.84526229020651e-04    -3.48931925467596e-05    2.96378849655844e-04    3.2201742E-04    468.45    468.45    0.1805921437390311    0.00000e+00    0.00000e+00    6.72041112E+10
    -6.92349085616298e-04    -3.57904086223819e-05    3.00221162915289e-04    3.1960057E-04    466.57    466.57    0.1783118542807997    0.00000e+00    0.00000e+00    6.72543385E+10
    -7.00196764672418e-04    -3.66876023965748e-05    3.04111676350909e-04    3.1127192E-04    465.00    465.00    0.1761339026505973    0.00000e+00    0.00000e+00    6.73045658E+10
    -7.08074647620871e-04    -3.75849774910844e-05    3.08058302121982e-04    3.0752189E-04    463.55    463.55    0.1749564265334612    0.00000e+00    0.00000e+00    6.73547931E+10
    -7.15986709933842e-04    -3.84828054015722e-05    3.12066416812229e-04    3.0389566E-04    462.04    462.04    0.1718156313896455    0.00000e+00    0.00000e+00    6.74050204E+10
    -7.23935569605210e-04    -3.93814463446032e-05    3.16138682048761e-04    3.0221999E-04    460.34    460.34    0.1699586935131394    0.00000e+00    0.00000e+00    6.74552477E+10
    -7.31922341706440e-04    -4.02813448943230e-05    3.20275257820091e-04    2.9650402E-04    458.38    458.38    0.1689803836568545    0.00000e+00    0.00000e+00    6.75054749E+10
    -7.39946492942484e-04    -4.11830595560923e-05    3.24474214567771e-04    2.9359847E-04    456.10    456.10    0.1661021360857497    0.00000e+00    0.00000e+00    6.75557022E+10
    -7.48005890133145e-04    -4.20875463824901e-05    3.28731799833907e-04    2.9015290E-04    453.49    453.49    0.1647612225104203    0.00000e+00    0.00000e+00    6.76059295E+10
    -7.56097721359072e-04    -4.29958865080254e-05    3.33042733997512e-04    2.8758941E-04    450.57    450.57    0.1632423040750597    0.00000e+00    0.00000e+00    6.76561568E+10
    -7.64219029256810e-04    -4.39090771944402e-05    3.37400956887572e-04    2.8350777E-04    447.37    447.37    0.1629218027228767    0.00000e+00    0.00000e+00    6.77063841E+10
    -7.72366904944273e-04    -4.48280967957429e-05    3.41800340459159e-04    2.8038089E-04    443.93    443.93    0.1608493505312925    0.00000e+00    0.00000e+00    6.77566114E+10
    -7.80538633464847e-04    -4.57539663295461e-05    3.46234999074183e-04    2.7675365E-04    440.28    440.28    0.1579965796435176    0.00000e+00    0.00000e+00    6.78068387E+10
    -7.88731499861917e-04    -4.66874144708124e-05    3.50699042246420e-04    2.7123836E-04    436.47    436.47    0.1547963032688340    0.00000e+00    0.00000e+00    6.78570660E+10
    -7.96942498290660e-04    -4.76288038601752e-05    3.55186419501128e-04    2.6833149E-04    432.54    432.54    0.1554382966613423    0.00000e+00    0.00000e+00    6.79072932E+10
    -8.05168428980782e-04    -4.85782193400289e-05    3.59691085211704e-04    2.6385976E-04    428.52    428.52    0.1526753274621647    0.00000e+00    0.00000e+00    6.79575205E+10
    -8.13405898236514e-04    -4.95355372828846e-05    3.64207284639754e-04    2.6036299E-04    424.48    424.48    0.1511612276579302    0.00000e+00    0.00000e+00    6.80077478E+10
    -8.21651560843457e-04    -5.05004668005337e-05    3.68729660594102e-04    2.5746218E-04    420.42    420.42    0.1500500255519099    0.00000e+00    0.00000e+00    6.80579751E+10
    -8.29902071587211e-04    -5.14726830678099e-05    3.73253209797557e-04    2.5718173E-04    416.39    416.39    0.1487759040330828    0.00000e+00    0.00000e+00    6.81082024E+10
    -8.38154376141585e-04    -5.24518806520940e-05    3.77773181076047e-04    2.5414247E-04    412.39    412.39    0.1471848933848873    0.00000e+00    0.00000e+00    6.81584297E+10
    -8.46405856512701e-04    -5.34377153356726e-05    3.82285438968869e-04    2.4975571E-04    408.44    408.44    0.1459721855806795    0.00000e+00    0.00000e+00    6.82086570E+10
    -8.54654234076259e-04    -5.44297410899589e-05    3.86786599476531e-04    2.4629872E-04    404.56    404.56    0.1461104887600530    0.00000e+00    0.00000e+00    6.82588843E+10
    -8.62897715021636e-04    -5.54273809866725e-05    3.91273996123787e-04    2.4351986E-04    400.75    400.75    0.1442797505211072    0.00000e+00    0.00000e+00    6.83091115E+10
    -8.71134699463687e-04    -5.64299320459757e-05    3.95745500578575e-04    2.4092881E-04    397.03    397.03    0.1417003710234673    0.00000e+00    0.00000e+00    6.83593388E+10
    -8.79363732961368e-04    -5.74365167551058e-05    4.00199512955750e-04    2.3859766E-04    393.40    393.40    0.1407265992719425    0.00000e+00    0.00000e+00    6.84095661E+10
    -8.87583603480476e-04    -5.84461024609219e-05    4.04634898791295e-04    2.3456753E-04    389.85    389.85    0.1387862031581502    0.00000e+00    0.00000e+00    6.84597934E+10
    -8.95793244430913e-04    -5.94575304587263e-05    4.09051047219975e-04    2.3168190E-04    386.40    386.40    0.1373818213156224    0.00000e+00    0.00000e+00    6.85100207E+10
    -9.03991734666683e-04    -6.04695159922639e-05    4.13447623720348e-04    2.2921530E-04    383.04    383.04    0.1356682756471146    0.00000e+00    0.00000e+00    6.85602480E+10
    -9.12178346967267e-04    -6.14807161276381e-05    4.17824701014467e-04    2.2674280E-04    379.76    379.76    0.1343139161645183    0.00000e+00    0.00000e+00    6.86104753E+10
    -9.20352402593510e-04    -6.24898073234995e-05    4.22182759067876e-04    2.2535479E-04    376.58    376.58    0.1330554611859882    0.00000e+00    0.00000e+00    6.86607026E+10
    -9.28513513694467e-04    -6.34955484568244e-05    4.26522549341781e-04    2.2471763E-04    373.48    373.48    0.1321323537392880    0.00000e+00    0.00000e+00    6.87109298E+10
    -9.36661486344667e-04    -6.44968099117358e-05    4.30845046311680e-04    2.2141831E-04    370.46    370.46    0.1317574684359329    0.00000e+00    0.00000e+00    6.87611571E+10
    -9.44796417506844e-04    -6.54925347944090e-05    4.35151447467367e-04    2.1794866E-04    367.51    367.51    0.1308539553584327    0.00000e+00    0.00000e+00    6.88113844E+10
    -9.52918646550577e-04    -6.64816565147455e-05    4.39443158768516e-04    2.1535657E-04    364.64    364.64    0.1293434059018573    0.00000e+00    0.00000e+00    6.88616117E+10
    -9.61028658289545e-04    -6.74631036345101e-05    4.43721780100275e-04    2.1344524E-04    361.82    361.82    0.1277706514292764    0.00000e+00    0.00000e+00    6.89118390E+10
    -9.69127131462903e-04    -6.84357998673306e-05    4.47988954981024e-04    2.1133176E-04    359.07    359.07    0.1271340260891331    0.00000e+00    0.00000e+00    6.89620663E+10
    -9.77214744809804e-04    -6.93986883193822e-05    4.52246292992182e-04    2.1019080E-04    356.36    356.36    0.1263629293752921    0.00000e+00    0.00000e+00    6.90122936E+10
    -9.85292031625298e-04    -7.03507896670292e-05    4.56495292208025e-04    2.0844270E-04    353.69    353.69    0.1245782749999798    0.00000e+00    0.00000e+00    6.90625209E+10
    -9.93359573685801e-04    -7.12912506381927e-05    4.60737305258724e-04    2.0624885E-04    351.07    351.07    0.1229926022433658    0.00000e+00    0.00000e+00    6.91127482E+10
    -1.00141775884226e-03    -7.22192567458885e-05    4.64973510241523e-04    2.0461350E-04    348.48    348.48    0.1223693308014409    0.00000e+00    0.00000e+00    6.91629754E+10
    -1.00946692646425e-03    -7.31341001621422e-05    4.69204973746521e-04    2.0238627E-04    345.92    345.92    0.1215898393624563    0.00000e+00    0.00000e+00    6.92132027E+10
    -1.01750756136545e-03    -7.40352524400414e-05    4.73432660552942e-04    2.0087502E-04    343.38    343.38    0.1206089133787595    0.00000e+00    0.00000e+00    6.92634300E+10
    -1.02554000291544e-03    -7.49223887544196e-05    4.77657482110509e-04    1.9825040E-04    340.86    340.86    0.1208083021031460    0.00000e+00    0.00000e+00    6.93136573E+10
    -1.03356497833474e-03    -7.57953733574463e-05    4.81880461376087e-04    1.9713512E-04    338.37    338.37    0.1186007209118940    0.00000e+00    0.00000e+00    6.93638846E+10
    -1.04158297243704e-03    -7.66541868565742e-05    4.86102703724870e-04    1.9601454E-04    335.89    335.89    0.1177200887129867    0.00000e+00    0.00000e+00    6.94141119E+10
    -1.04959471244284e-03    -7.74988631887609e-05    4.90325043036389e-04    1.9322031E-04    333.43    333.43    0.1166370813425044    0.00000e+00    0.00000e+00    6.94643392E+10
    -1.05760073164721e-03    -7.83294847723323e-05    4.94548351975271e-04    1.9070103E-04    330.99    330.99    0.1165528583244087    0.00000e+00    0.00000e+00    6.95145665E+10
    -1.06560151486383e-03    -7.91461970513926e-05    4.98772969911091e-04    1.8893920E-04    328.57    328.57    0.1159895355918347    0.00000e+00    0.00000e+00    6.95647937E+10
    -1.07359749842500e-03    -7.99492618253296e-05    5.02999236213427e-04    1.8808990E-04    326.17    326.17    0.1148329463164151    0.00000e+00    0.00000e+00    6.96150210E+10
    -1.08158911866304e-03    -8.07390524006780e-05    5.07227344807751e-04    1.8635285E-04    323.80    323.80    0.1133120718753089    0.00000e+00    0.00000e+00    6.96652483E+10
    -1.08957661798479e-03    -8.15160245022977e-05    5.11457392656800e-04    1.8554088E-04    321.46    321.46    0.1123167179829756    0.00000e+00    0.00000e+00    6.97154756E+10
    -1.09756052968531e-03    -8.22807453621959e-05    5.15689670648782e-04    1.8199263E-04    319.15    319.15    0.1120666995738605    0.00000e+00    0.00000e+00    6.97657029E+10
    -1.10554114465279e-03    -8.30339131120731e-05    5.19924227265065e-04    1.8046157E-04    316.88    316.88    0.1116589025685191    0.00000e+00    0.00000e+00    6.98159302E+10
    -1.11351914162639e-03    -8.37763083019562e-05    5.24161304912490e-04    1.7961018E-04    314.64    314.64    0.1097609195858850    0.00000e+00    0.00000e+00    6.98661575E+10
    -1.12149515086390e-03    -8.45087648113764e-05    5.28401194479266e-04    1.7840690E-04    312.45    312.45    0.1083479566127628    0.00000e+00    0.00000e+00    6.99163848E+10
    -1.12946994806720e-03    -8.52321116717287e-05    5.32644089890864e-04    1.7626309E-04    310.29    310.29    0.1077927127210656    0.00000e+00    0.00000e+00    6.99666120E+10
    -1.13744435741957e-03    -8.59471633699972e-05    5.36890330516862e-04    1.7395020E-04    308.18    308.18    0.1070953679780652    0.00000e+00    0.00000e+00    7.00168393E+10
    -1.14541915462287e-03    -8.66547392413029e-05    5.41140207245468e-04    1.7242032E-04    306.12    306.12    0.1062148767878432    0.00000e+00    0.00000e+00    7.00670666E+10
    -1.15339511537902e-03    -8.73556537726302e-05    5.45393865520787e-04    1.7084796E-04    304.10    304.10    0.1060979023581762    0.00000e+00    0.00000e+00    7.01172939E+10
    -1.16137286994578e-03    -8.80507262991001e-05    5.49651547749659e-04    1.6963809E-04    302.14    302.14    0.1049591858091377    0.00000e+00    0.00000e+00    7.01675212E+10
    -1.16935314554368e-03    -8.87408003965178e-05    5.53913399376188e-04    1.6906376E-04    300.21    300.21    0.1041410567887062    0.00000e+00    0.00000e+00    7.02177485E+10
    -1.17733652394914e-03    -8.94267341850988e-05    5.58179565844480e-04    1.6805888E-04    298.33    298.33    0.1036216046759452    0.00000e+00    0.00000e+00    7.02679758E+10
    -1.18532358693858e-03    -9.01094245701532e-05    5.62450095635901e-04    1.6593809E-04    296.50    296.50    0.1036930718895397    0.00000e+00    0.00000e+00    7.03182031E+10
    -1.19331496476978e-03    -9.07897975458119e-05    5.66725182675925e-04    1.6494959E-04    294.71    294.71    0.1025001784864119    0.00000e+00    0.00000e+00    7.03684303E+10
    -1.20131119073780e-03    -9.14687548655218e-05    5.71004972408656e-04    1.6294784E-04    292.95    292.95    0.1011635667628491    0.00000e+00    0.00000e+00    7.04186576E+10
    -1.20931294358177e-03    -9.21471594976352e-05    5.75289513315461e-04    1.6098493E-04    291.23    291.23    0.1001866352880573    0.00000e+00    0.00000e+00    7.04688849E+10
    -1.21732075659676e-03    -9.28257871440418e-05    5.79579047803182e-04    1.5908024E-04    289.54    289.54    0.0990502415764525    0.00000e+00    0.00000e+00    7.05191122E+10
    -1.22533511459645e-03    -9.35053456327163e-05    5.83873624353187e-04    1.5826209E-04    287.89    287.89    0.0993772094111820    0.00000e+00    0.00000e+00    7.05693395E+10
    -1.23335645391314e-03    -9.41864603733071e-05    5.88173291446843e-04    1.5582824E-04    286.26    286.26    0.0985321110722557    0.00000e+00    0.00000e+00    7.06195668E+10
    -1.24138506543505e-03    -9.48696889015475e-05    5.92477952121415e-04    1.5492991E-04    284.65    284.65    0.0979681035167988    0.00000e+00    0.00000e+00    7.06697941E+10
    -1.24942104612491e-03    -9.55555451199395e-05    5.96787606376901e-04    1.5386719E-04    283.06    283.06    0.0972727819204448    0.00000e+00    0.00000e+00    7.07200214E+10
    -1.25746449294547e-03    -9.62444944496170e-05    6.01102108769200e-04    1.5316888E-04    281.49    281.49    0.0963947096830449    0.00000e+00    0.00000e+00    7.07702487E+10
    -1.26551535741534e-03    -9.69369926154403e-05    6.05421362335573e-04    1.5287024E-04    279.93    279.93    0.0957065507459353    0.00000e+00    0.00000e+00    7.08204759E+10
    -1.27357359105317e-03    -9.76334759497222e-05    6.09745221631916e-04    1.5206873E-04    278.39    278.39    0.0961938114479372    0.00000e+00    0.00000e+00    7.08707032E+10
    -1.28163909689621e-03    -9.83343662403655e-05    6.14073492732758e-04    1.5025903E-04    276.85    276.85    0.0950689949587332    0.00000e+00    0.00000e+00    7.09209305E+10
    -1.28971168101900e-03    -9.90400852752726e-05    6.18406030193993e-04    1.4899294E-04    275.33    275.33    0.0942465871538823    0.00000e+00    0.00000e+00    7.09711578E+10
    -1.29779134342153e-03    -9.97510693867565e-05    6.22742882496990e-04    1.4745189E-04    273.81    273.81    0.0937826895200917    0.00000e+00    0.00000e+00    7.10213851E+10
    -1.30587784169696e-03    -1.00467672488805e-04    6.27083807234909e-04    1.4614568E-04    272.30    272.30    0.0926704965728743    0.00000e+00    0.00000e+00    7.10716124E+10
    -1.31397107888256e-03    -1.01190175773352e-04    6.31428755926381e-04    1.4497144E-04    270.79    270.79    0.0919870263745490    0.00000e+00    0.00000e+00    7.11218397E+10
    -1.32207076409012e-03    -1.01918802254691e-04    6.35777631608669e-04    1.4417768E-04    269.28    269.28    0.0913780991711341    0.00000e+00    0.00000e+00    7.11720670E+10
    -1.33017665491280e-03    -1.02653726465748e-04    6.40130143393566e-04    1.4391288E-04    267.79    267.79    0.0906458835888509    0.00000e+00    0.00000e+00    7.12222942E+10
    -1.33828846046239e-03    -1.03395059913670e-04    6.44486145836967e-04    1.4273679E-04    266.29    266.29    0.0898006512642472    0.00000e+00    0.00000e+00    7.12725215E+10
    -1.34640574440658e-03    -1.04142914105602e-04    6.48845299569296e-04    1.4169710E-04    264.80    264.80    0.0893687750974523    0.00000e+00    0.00000e+00    7.13227488E+10
    -1.35452821585715e-03    -1.04897361763597e-04    6.53207410665079e-04    1.4040903E-04    263.31    263.31    0.0889934379364274    0.00000e+00    0.00000e+00    7.13729761E+10
    -1.36265548696317e-03    -1.05658490154119e-04    6.57572188236108e-04    1.3918588E-04    261.82    261.82    0.0893259090191707    0.00000e+00    0.00000e+00    7.14232034E+10
    -1.37078731531778e-03    -1.06426347758533e-04    6.61939486838279e-04    1.3830743E-04    260.34    260.34    0.0888021186221373    0.00000e+00    0.00000e+00    7.14734307E+10
    -1.37892341003280e-03    -1.07200958817526e-04    6.66309015583383e-04    1.3768061E-04    258.85    258.85    0.0884687431874674    0.00000e+00    0.00000e+00    7.15236580E+10
    -1.38706367414547e-03    -1.07982294242276e-04    6.70680677508684e-04    1.3648878E-04    257.38    257.38    0.0856958740260424    0.00000e+00    0.00000e+00    7.15738853E+10
    -1.39520786524895e-03    -1.08770266766320e-04    6.75054230207341e-04    1.3536508E-04    255.91    255.91    0.0852415285861279    0.00000e+00    0.00000e+00    7.16241125E+10
    -1.40335588638052e-03    -1.09564750338102e-04    6.79429625197987e-04    1.3411634E-04    254.44    254.44    0.0847881577454507    0.00000e+00    0.00000e+00    7.16743398E+10
    -1.41150754361470e-03    -1.10365565576558e-04    6.83806668555148e-04    1.3332310E-04    252.97    252.97    0.0849376503248757    0.00000e+00    0.00000e+00    7.17245671E+10
    -1.41966273998874e-03    -1.11172513708081e-04    6.88185166353352e-04    1.3257021E-04    251.52    251.52    0.0843471582762860    0.00000e+00    0.00000e+00    7.17747944E+10
    -1.42782128157719e-03    -1.11985400807197e-04    6.92565021629864e-04    1.3183856E-04    250.07    250.07    0.0835094927757220    0.00000e+00    0.00000e+00    7.18250217E+10
    -1.43598297445457e-03    -1.12804023252161e-04    6.96946137421947e-04    1.3109777E-04    248.62    248.62    0.0831915862472327    0.00000e+00    0.00000e+00    7.18752490E+10
    -1.44414767317676e-03    -1.13628201661911e-04    7.01328319804127e-04    1.3009838E-04    247.19    247.19    0.0830253170521147    0.00000e+00    0.00000e+00    7.19254763E+10
    -1.45231532926241e-03    -1.14457766351657e-04    7.05711568776407e-04    1.2864675E-04    245.76    245.76    0.0822650767105366    0.00000e+00    0.00000e+00    7.19757036E+10
    -1.46048579726742e-03    -1.15292547636612e-04    7.10095884338785e-04    1.2832412E-04    244.34    244.34    0.0814876630989027    0.00000e+00    0.00000e+00    7.20259308E+10
    -1.46865907719177e-03    -1.16132341895030e-04    7.14481266491261e-04    1.2689909E-04    242.93    242.93    0.0807748678470938    0.00000e+00    0.00000e+00    7.20761581E+10
    -1.47683526599821e-03    -1.16976926112618e-04    7.18867763715204e-04    1.2610448E-04    241.53    241.53    0.0802320107831978    0.00000e+00    0.00000e+00    7.21263854E+10
    -1.48501426672400e-03    -1.17826048186260e-04    7.23255424491982e-04    1.2514602E-04    240.14    240.14    0.0801595052800223    0.00000e+00    0.00000e+00    7.21766127E+10
    -1.49319627329461e-03    -1.18679412379612e-04    7.27644297302962e-04    1.2455062E-04    238.76    238.76    0.0794812431004855    0.00000e+00    0.00000e+00    7.22268400E+10
    -1.50138118874731e-03    -1.19536713260055e-04    7.32034479110881e-04    1.2399320E-04    237.40    237.40    0.0789487697039329    0.00000e+00    0.00000e+00    7.22770673E+10
    -1.50956906156347e-03    -1.20397635698696e-04    7.36426018397108e-04    1.2307780E-04    236.04    236.04    0.0787044677254581    0.00000e+00    0.00000e+00    7.23272946E+10
    -1.51775994022445e-03    -1.21261869414779e-04    7.40818866680273e-04    1.2209576E-04    234.70    234.70    0.0782307690926066    0.00000e+00    0.00000e+00    7.23775219E+10
    -1.52595372776751e-03    -1.22129104127547e-04    7.45213169404482e-04    1.2155498E-04    233.38    233.38    0.0780194017505811    0.00000e+00    0.00000e+00    7.24277492E+10
    -1.53415052115540e-03    -1.22999068341341e-04    7.49608975051102e-04    1.2038902E-04    232.07    232.07    0.0774811375528471    0.00000e+00    0.00000e+00    7.24779764E+10
    -1.54235036886948e-03    -1.23871514801181e-04    7.54006283620133e-04    1.1941171E-04    230.77    230.77    0.0770255395736932    0.00000e+00    0.00000e+00    7.25282037E+10
    -1.55055331939111e-03    -1.24746196252092e-04    7.58405289037049e-04    1.1890976E-04    229.48    229.48    0.0764724693881076    0.00000e+00    0.00000e+00    7.25784310E+10
    -1.55875946968305e-03    -1.25622855742821e-04    7.62806136745953e-04    1.1828699E-04    228.22    228.22    0.0759578535406513    0.00000e+00    0.00000e+00    7.26286583E+10
    -1.56696906215211e-03    -1.26501216929572e-04    7.67208972190949e-04    1.1740939E-04    226.97    226.97    0.0753990134111841    0.00000e+00    0.00000e+00    7.26788856E+10
    -1.57518209679832e-03    -1.27380998620407e-04    7.71613940816142e-04    1.1672702E-04    225.73    225.73    0.0749603108814749    0.00000e+00    0.00000e+00    7.27291129E+10
    -1.58339876754713e-03    -1.28261890534573e-04    7.76021188065636e-04    1.1585800E-04    224.52    224.52    0.0745384906101324    0.00000e+00    0.00000e+00    7.27793402E+10
    -1.59161912287992e-03    -1.29143582391312e-04    7.80430810902168e-04    1.1518487E-04    223.32    223.32    0.0745757051440849    0.00000e+00    0.00000e+00    7.28295675E+10
    -1.59984330824079e-03    -1.30025778454280e-04    7.84842954769842e-04    1.1418788E-04    222.14    222.14    0.0743636606115640    0.00000e+00    0.00000e+00    7.28797947E+10
    -1.60807127514837e-03    -1.30908187835268e-04    7.89257716631393e-04    1.1406321E-04    220.97    220.97    0.0739052160365609    0.00000e+00    0.00000e+00    7.29300220E+10
    -1.61630307208403e-03    -1.31790543886750e-04    7.93675144968191e-04    1.1308538E-04    219.83    219.83    0.0732305105605130    0.00000e+00    0.00000e+00    7.29802493E+10
    -1.62453879601051e-03    -1.32672599353751e-04    7.98095336742971e-04    1.1276827E-04    218.70    218.70    0.0728954017464211    0.00000e+00    0.00000e+00    7.30304766E+10
    -1.63277844692781e-03    -1.33554136070112e-04    8.02518437399837e-04    1.1137432E-04    217.60    217.60    0.0724328481382469    0.00000e+00    0.00000e+00    7.30807039E+10
    -1.64102217028003e-03    -1.34434926173405e-04    8.06944495420159e-04    1.1040125E-04    216.51    216.51    0.0719497197701153    0.00000e+00    0.00000e+00    7.31309312E+10
    -1.64926996606717e-03    -1.35314741801198e-04    8.11373753210776e-04    1.1013142E-04    215.44    215.44    0.0715385280403074    0.00000e+00    0.00000e+00    7.31811585E+10
    -1.65752197973334e-03    -1.36193345394789e-04    8.15806259253056e-04    1.0946761E-04    214.39    214.39    0.0710264651899640    0.00000e+00    0.00000e+00    7.32313858E+10
    -1.66577830824126e-03    -1.37070484851063e-04    8.20242207472472e-04    1.0830816E-04    213.36    213.36    0.0705956066819730    0.00000e+00    0.00000e+00    7.32816130E+10
    -1.67403895159095e-03    -1.37945917763179e-04    8.24681743313128e-04    1.0792550E-04    212.35    212.35    0.0703026896567606    0.00000e+00    0.00000e+00    7.33318403E+10
    -1.68230400674514e-03    -1.38819401724297e-04    8.29124915256393e-04    1.0714610E-04    211.35    211.35    0.0701896925452803    0.00000e+00    0.00000e+00    7.33820676E+10
    -1.69057347370382e-03    -1.39690708871987e-04    8.33571771783634e-04    1.0659375E-04    210.38    210.38    0.0698483639002717    0.00000e+00    0.00000e+00    7.34322949E+10
    -1.69884730398564e-03    -1.40559640432640e-04    8.38022458338955e-04    1.0658902E-04    209.42    209.42    0.0693673507088369    0.00000e+00    0.00000e+00    7.34825222E+10
    -1.70712549759059e-03    -1.41426012177056e-04    8.42476926440990e-04    1.0553802E-04    208.48    208.48    0.0690812845594823    0.00000e+00    0.00000e+00    7.35327495E+10
    -1.71540805451866e-03    -1.42289678661132e-04    8.46935273052473e-04    1.0492085E-04    207.56    207.56    0.0686776731539632    0.00000e+00    0.00000e+00    7.35829768E+10
    -1.72369487780713e-03    -1.43150508985173e-04    8.51397498173405e-04    1.0469449E-04    206.65    206.65    0.0682976697399895    0.00000e+00    0.00000e+00    7.36332041E+10
    -1.73198601593736e-03    -1.44008377097623e-04    8.55863698766523e-04    1.0371848E-04    205.76    205.76    0.0678191962985892    0.00000e+00    0.00000e+00    7.36834314E+10
    -1.74028146890935e-03    -1.44863176339471e-04    8.60333923313193e-04    1.0290585E-04    204.89    204.89    0.0674198823313878    0.00000e+00    0.00000e+00    7.37336586E+10
    -1.74858123672311e-03    -1.45714785507298e-04    8.64808220294785e-04    1.0186578E-04    204.04    204.04    0.0669798536772870    0.00000e+00    0.00000e+00    7.37838859E+10
    -1.75688531937862e-03    -1.46563088245819e-04    8.69286638192666e-04    1.0163142E-04    203.20    203.20    0.0665676479376015    0.00000e+00    0.00000e+00    7.38341132E+10
    -1.76519366839453e-03    -1.47407973047889e-04    8.73769080044100e-04    1.0077017E-04    202.37    202.37    0.0663818785138557    0.00000e+00    0.00000e+00    7.38843405E+10
    -1.77350628377084e-03    -1.48249338102634e-04    8.78255642811824e-04    1.0071810E-04    201.57    201.57    0.0662256715311684    0.00000e+00    0.00000e+00    7.39345678E+10
    -1.78182306854480e-03    -1.49087096143591e-04    8.82746229533101e-04    1.0036080E-04    200.77    200.77    0.0659004269759081    0.00000e+00    0.00000e+00    7.39847951E+10
    -1.79014397423505e-03    -1.49921188993119e-04    8.87240791726564e-04    9.9654502E-05    199.99    199.99    0.0656233737346283    0.00000e+00    0.00000e+00    7.40350224E+10
    -1.79846890387886e-03    -1.50751568169850e-04    8.91739232429475e-04    9.9027951E-05    199.23    199.23    0.0654404805325050    0.00000e+00    0.00000e+00    7.40852497E+10
    -1.80679780899485e-03    -1.51578219129373e-04    8.96241551641835e-04    9.9098302E-05    198.48    198.48    0.0650628156796963    0.00000e+00    0.00000e+00    7.41354769E+10
    -1.81513059262028e-03    -1.52401132175415e-04    9.00747652400907e-04    9.7877901E-05    197.74    197.74    0.0645922646082865    0.00000e+00    0.00000e+00    7.41857042E+10
    -1.82346725475517e-03    -1.53220326700522e-04    9.05257437743956e-04    9.7592873E-05    197.01    197.01    0.0641733860427279    0.00000e+00    0.00000e+00    7.42359315E+10
    -1.83180779539951e-03    -1.54035793008422e-04    9.09770956152350e-04    9.6749123E-05    196.30    196.30    0.0638304770320046    0.00000e+00    0.00000e+00    7.42861588E+10
    -1.84015216607192e-03    -1.54847550491661e-04    9.14288062181983e-04    9.6174587E-05    195.60    195.60    0.0634352464949104    0.00000e+00    0.00000e+00    7.43363861E+10
    -1.84850026980968e-03    -1.55655599150240e-04    9.18808707351489e-04    9.5345025E-05    194.91    194.91    0.0631126205691662    0.00000e+00    0.00000e+00    7.43866134E+10
    -1.85685210661279e-03    -1.56459948680432e-04    9.23332843179499e-04    9.4733905E-05    194.23    194.23    0.0627422239541615    0.00000e+00    0.00000e+00    7.44368407E+10
    -1.86520762799987e-03    -1.57260623322921e-04    9.27860324221909e-04    9.4169207E-05    193.56    193.56    0.0625513369497197    0.00000e+00    0.00000e+00    7.44870680E+10
    -1.87356673700820e-03    -1.58057647318392e-04    9.32391005034613e-04    9.4046089E-05    192.90    192.90    0.0623902402016772    0.00000e+00    0.00000e+00    7.45372952E+10
    -1.88192933667502e-03    -1.58851083692622e-04    9.36924788654878e-04    9.3432115E-05    192.26    192.26    0.0622968760200450    0.00000e+00    0.00000e+00    7.45875225E+10
    -1.89029533003762e-03    -1.59640990623254e-04    9.41461529638596e-04    9.2961956E-05    191.62    191.62    0.0621629257563099    0.00000e+00    0.00000e+00    7.46377498E+10
    -1.89866462013324e-03    -1.60427465073023e-04    9.46001179504401e-04    9.2653622E-05    190.99    190.99    0.0617804879054048    0.00000e+00    0.00000e+00    7.46879771E+10
    -1.90703720696190e-03    -1.61210589460256e-04    9.50543495845453e-04    9.2848611E-05    190.37    190.37    0.0613731124683769    0.00000e+00    0.00000e+00    7.47382044E+10
    -1.91541299356085e-03    -1.61990455899552e-04    9.55088478661751e-04    9.1553256E-05    189.76    189.76    0.0608686580490860    0.00000e+00    0.00000e+00    7.47884317E+10
    -1.92379193144873e-03    -1.62767166201784e-04    9.59635982509190e-04    9.0685643E-05    189.16    189.16    0.0604705589631757    0.00000e+00    0.00000e+00    7.48386590E+10
    -1.93217406910691e-03    -1.63540793089005e-04    9.64185910425035e-04    9.0427170E-05    188.56    188.56    0.0601392675407134    0.00000e+00    0.00000e+00    7.48888863E+10
    -1.94055921260991e-03    -1.64311418979539e-04    9.68738116965181e-04    8.9916108E-05    187.97    187.97    0.0598702502717066    0.00000e+00    0.00000e+00    7.49391135E+10
    -1.94894741043909e-03    -1.65079121443576e-04    9.73292553648260e-04    8.9405301E-05    187.39    187.39    0.0595814381512212    0.00000e+00    0.00000e+00    7.49893408E+10
    -1.95733856563174e-03    -1.65843992595715e-04    9.77849026548800e-04    8.9070180E-05    186.82    186.82    0.0594143810869680    0.00000e+00    0.00000e+00    7.50395681E+10
    -1.96573258122510e-03    -1.66606124550556e-04    9.82407390222696e-04    8.8551282E-05    186.25    186.25    0.0591758997219520    0.00000e+00    0.00000e+00    7.50897954E+10
    -1.97412936025645e-03    -1.67365633663382e-04    9.86967547707213e-04    8.8223019E-05    185.69    185.69    0.0593341290364387    0.00000e+00    0.00000e+00    7.51400227E+10
    -1.98252885424440e-03    -1.68122650833887e-04    9.91529353558244e-04    8.7715155E-05    185.13    185.13    0.0588986167862344    0.00000e+00    0.00000e+00    7.51902500E+10
    -1.99093091774487e-03    -1.68877321506176e-04    9.96092662331688e-04    8.7379802E-05    184.58    184.58    0.0585616594535723    0.00000e+00    0.00000e+00    7.52404773E+10
    -1.99933559923922e-03    -1.69629776579942e-04    1.00065732858344e-03    8.6499398E-05    184.03    184.03    0.0581786040663286    0.00000e+00    0.00000e+00    7.52907046E+10
    -2.00774275328334e-03    -1.70380161499290e-04    1.00522330383213e-03    8.6067887E-05    183.48    183.48    0.0576793731862835    0.00000e+00    0.00000e+00    7.53409319E+10
    -2.01615237987723e-03    -1.71128602315776e-04    1.00979049111502e-03    8.5431792E-05    182.94    182.94    0.0574202803057359    0.00000e+00    0.00000e+00    7.53911591E+10
    -2.02456443053953e-03    -1.71875220232822e-04    1.01435879346938e-03    8.5159326E-05    182.40    182.40    0.0570961323224725    0.00000e+00    0.00000e+00    7.54413864E+10
    -2.03297895375161e-03    -1.72620141301983e-04    1.01892806545110e-03    8.4850248E-05    181.87    181.87    0.0568776944724992    0.00000e+00    0.00000e+00    7.54916137E+10
    -2.04139575558798e-03    -1.73363481878545e-04    1.02349825857882e-03    8.4589863E-05    181.33    181.33    0.0567687170608483    0.00000e+00    0.00000e+00    7.55418410E+10
    -2.04981488453003e-03    -1.74105363165926e-04    1.02806917892705e-03    8.4083059E-05    180.80    180.80    0.0565956025957096    0.00000e+00    0.00000e+00    7.55920683E+10
    -2.05823629209637e-03    -1.74845920911957e-04    1.03264077801444e-03    8.3822576E-05    180.27    180.27    0.0564862478408963    0.00000e+00    0.00000e+00    7.56422956E+10
    -2.06665983284291e-03    -1.75585286016333e-04    1.03721291039688e-03    8.3458944E-05    179.74    179.74    0.0563262789897083    0.00000e+00    0.00000e+00    7.56925229E+10
    -2.07508555525102e-03    -1.76323599075021e-04    1.04178547911164e-03    8.2646188E-05    179.22    179.22    0.0559755111524758    0.00000e+00    0.00000e+00    7.57427502E+10
    -2.08351336235796e-03    -1.77061010380263e-04    1.04635838719597e-03    8.2204171E-05    178.69    178.69    0.0557034213928582    0.00000e+00    0.00000e+00    7.57929774E+10
    -2.09194325416372e-03    -1.77797655679888e-04    1.05093153768714e-03    8.2164100E-05    178.16    178.16    0.0552695134730348    0.00000e+00    0.00000e+00    7.58432047E+10
    -2.10037523066831e-03    -1.78533670721727e-04    1.05550488210378e-03    8.1761658E-05    177.64    177.64    0.0549835260837558    0.00000e+00    0.00000e+00    7.58934320E+10
    -2.10880924339037e-03    -1.79269181557339e-04    1.06007832348316e-03    8.1409176E-05    177.12    177.12    0.0547209537926941    0.00000e+00    0.00000e+00    7.59436593E+10
    -2.11724534081125e-03    -1.80004304542005e-04    1.06465186182527e-03    8.0751765E-05    176.59    176.59    0.0544190445057233    0.00000e+00    0.00000e+00    7.59938866E+10
    -2.12568347444959e-03    -1.80739146334736e-04    1.06922535168602e-03    8.0401376E-05    176.07    176.07    0.0542111451231631    0.00000e+00    0.00000e+00    7.60441139E+10
    -2.13412354734266e-03    -1.81473813594543e-04    1.07379879306540e-03    7.9962080E-05    175.55    175.55    0.0541228947626304    0.00000e+00    0.00000e+00    7.60943412E+10
    -2.14256565645319e-03    -1.82208403284160e-04    1.07837204051930e-03    7.9536854E-05    175.03    175.03    0.0539165596365818    0.00000e+00    0.00000e+00    7.61445685E+10
    -2.15100960785571e-03    -1.82943022062598e-04    1.08294509404774e-03    7.9402664E-05    174.50    174.50    0.0537680821046859    0.00000e+00    0.00000e+00    7.61947957E+10
    -2.15945549851295e-03    -1.83677786285140e-04    1.08751775972523e-03    7.9247923E-05    173.98    173.98    0.0537643365435014    0.00000e+00    0.00000e+00    7.62450230E+10
    -2.16790318298081e-03    -1.84412807458933e-04    1.09209013451451e-03    7.8662438E-05    173.46    173.46    0.0535330552210075    0.00000e+00    0.00000e+00    7.62952503E+10
    -2.17635270974066e-03    -1.85148187394851e-04    1.09666202449011e-03    7.7863467E-05    172.93    172.93    0.0532572732836041    0.00000e+00    0.00000e+00    7.63454776E+10
    -2.18480403031113e-03    -1.85884032751902e-04    1.10123342965202e-03    7.7548886E-05    172.41    172.41    0.0528684517628486    0.00000e+00    0.00000e+00    7.63957049E+10
    -2.19325719317359e-03    -1.86620435644687e-04    1.10580425303752e-03    7.6528594E-05    171.88    171.88    0.0525355549648557    0.00000e+00    0.00000e+00    7.64459322E+10
    -2.20171210136530e-03    -1.87357478491530e-04    1.11037449464661e-03    7.6024168E-05    171.36    171.36    0.0522303985156214    0.00000e+00    0.00000e+00    7.64961595E+10
    -2.21016880336763e-03    -1.88095224318211e-04    1.11494400903517e-03    7.5397494E-05    170.83    170.83    0.0519343124114348    0.00000e+00    0.00000e+00    7.65463868E+10
    -2.21862729918058e-03    -1.88833736150509e-04    1.11951274772184e-03    7.5147179E-05    170.30    170.30    0.0517196104338787    0.00000e+00    0.00000e+00    7.65966140E+10
    -2.22708754032278e-03    -1.89573067317927e-04    1.12408061374389e-03    7.5278354E-05    169.78    169.78    0.0515801583886681    0.00000e+00    0.00000e+00    7.66468413E+10
    -2.23554952679423e-03    -1.90313280846245e-04    1.12864755861994e-03    7.5183516E-05    169.25    169.25    0.0513779382270308    0.00000e+00    0.00000e+00    7.66970686E+10
    -2.24401325859494e-03    -1.91054425216831e-04    1.13321353386863e-03    7.5251248E-05    168.72    168.72    0.0512761585798747    0.00000e+00    0.00000e+00    7.67472959E+10
    -2.25247863876216e-03    -1.91796568303600e-04    1.13777839404585e-03    7.4729297E-05    168.19    168.19    0.0512290804344070    0.00000e+00    0.00000e+00    7.67975232E+10
    -2.26094566729590e-03    -1.92539758587920e-04    1.14234213915161e-03    7.4352613E-05    167.66    167.66    0.0509919904122641    0.00000e+00    0.00000e+00    7.68477505E+10
    -2.26941439267752e-03    -1.93284054247433e-04    1.14690472070453e-03    7.3894829E-05    167.13    167.13    0.0507266853827537    0.00000e+00    0.00000e+00    7.68979778E+10
    -2.27788476642565e-03    -1.94029508611644e-04    1.15146609022325e-03    7.3333825E-05    166.60    166.60    0.0504910438804997    0.00000e+00    0.00000e+00    7.69482051E+10
    -2.28635683702168e-03    -1.94776160465647e-04    1.15602624770777e-03    7.3004806E-05    166.07    166.07    0.0502714315915212    0.00000e+00    0.00000e+00    7.69984324E+10
    -2.29483055598421e-03    -1.95524038898263e-04    1.16058514467671e-03    7.2700786E-05    165.54    165.54    0.0499077740817706    0.00000e+00    0.00000e+00    7.70486596E+10
    -2.30330592331327e-03    -1.96273163302040e-04    1.16514273264872e-03    7.2457559E-05    165.01    165.01    0.0496087798524796    0.00000e+00    0.00000e+00    7.70988869E+10
    -2.31178298749020e-03    -1.97023553069525e-04    1.16969906010515e-03    7.1990146E-05    164.48    164.48    0.0493755821066073    0.00000e+00    0.00000e+00    7.71491142E+10
    -2.32026170003365e-03    -1.97775213048854e-04    1.17425403008328e-03    7.1510648E-05    163.95    163.95    0.0492299986434514    0.00000e+00    0.00000e+00    7.71993415E+10
    -2.32874201246225e-03    -1.98528157784438e-04    1.17880764258310e-03    7.1342801E-05    163.42    163.42    0.0491241536940780    0.00000e+00    0.00000e+00    7.72495688E+10
    -2.33722387629463e-03    -1.99282406668824e-04    1.18335984912325e-03    7.0913713E-05    162.89    162.89    0.0490175026133666    0.00000e+00    0.00000e+00    7.72997961E+10
    -2.34570734001216e-03    -2.00037974246423e-04    1.18791060122235e-03    7.0848003E-05    162.36    162.36    0.0488822921666361    0.00000e+00    0.00000e+00    7.73500234E+10
    -2.35419235513347e-03    -2.00794879909781e-04    1.19245989888041e-03    7.0630225E-05    161.83    161.83    0.0487631835058425    0.00000e+00    0.00000e+00    7.74002507E+10
    -2.36267892165855e-03    -2.01553138203310e-04    1.19700769361606e-03    6.9979089E-05    161.30    161.30    0.0484587959254148    0.00000e+00    0.00000e+00    7.74504779E+10
    -2.37116699110605e-03    -2.02312758823283e-04    1.20155403391066e-03    6.9648451E-05    160.78    160.78    0.0484100208654365    0.00000e+00    0.00000e+00    7.75007052E+10
    -2.37965656347596e-03    -2.03073732073426e-04    1.20609887128286e-03    6.9598674E-05    160.25    160.25    0.0481007412287395    0.00000e+00    0.00000e+00    7.75509325E+10
    -2.38814768724965e-03    -2.03836062801876e-04    1.21064220573264e-03    6.9231868E-05    159.73    159.73    0.0477917295828996    0.00000e+00    0.00000e+00    7.76011598E+10
    -2.39664026546438e-03    -2.04599731616087e-04    1.21518408574138e-03    6.9010343E-05    159.20    159.20    0.0474646820512518    0.00000e+00    0.00000e+00    7.76513871E+10
    -2.40513429812016e-03    -2.05364719123509e-04    1.21972451130907e-03    6.8661069E-05    158.68    158.68    0.0472116675310337    0.00000e+00    0.00000e+00    7.77016144E+10
    -2.41362973673561e-03    -2.06131010779734e-04    1.22426343395436e-03    6.8170345E-05    158.16    158.16    0.0470931700083864    0.00000e+00    0.00000e+00    7.77518417E+10
    -2.42212658131073e-03    -2.06898587192214e-04    1.22880095063996e-03    6.7769254E-05    157.64    157.64    0.0470503180726358    0.00000e+00    0.00000e+00    7.78020690E+10
    -2.43062478336416e-03    -2.07667438664675e-04    1.23333696440316e-03    6.7422792E-05    157.12    157.12    0.0469100420792303    0.00000e+00    0.00000e+00    7.78522962E+10
    -2.43912424593317e-03    -2.08437550652707e-04    1.23787152372531e-03    6.7236762E-05    156.61    156.61    0.0467686625582930    0.00000e+00    0.00000e+00    7.79025235E+10
    -2.44762501749911e-03    -2.09208913460037e-04    1.24240462860643e-03    6.7117552E-05    156.10    156.10    0.0466572879774140    0.00000e+00    0.00000e+00    7.79527508E+10
    -2.45612695261789e-03    -2.09981512542253e-04    1.24693637600923e-03    6.6761392E-05    155.58    155.58    0.0464415674873664    0.00000e+00    0.00000e+00    7.80029781E+10
    -2.46463014825224e-03    -2.10755338203082e-04    1.25146676593372e-03    6.6417697E-05    155.08    155.08    0.0462920939177337    0.00000e+00    0.00000e+00    7.80532054E+10
    -2.47313445895805e-03    -2.11530361353704e-04    1.25599584686128e-03    6.6090517E-05    154.57    154.57    0.0460674426458870    0.00000e+00    0.00000e+00    7.81034327E+10
    -2.48163993321670e-03    -2.12306562601571e-04    1.26052361879190e-03    6.5751845E-05    154.07    154.07    0.0458370682040773    0.00000e+00    0.00000e+00    7.81536600E+10
    -2.49014652254682e-03    -2.13083903161588e-04    1.26505017868832e-03    6.5581855E-05    153.56    153.56    0.0455229821907364    0.00000e+00    0.00000e+00    7.82038873E+10
    -2.49865412998566e-03    -2.13862353944935e-04    1.26957552655053e-03    6.5228995E-05    153.07    153.07    0.0452415626451052    0.00000e+00    0.00000e+00    7.82541145E+10
    -2.50716275553324e-03    -2.14641885862791e-04    1.27409971085991e-03    6.5067567E-05    152.57    152.57    0.0451132706868742    0.00000e+00    0.00000e+00    7.83043418E+10
    -2.51567230222681e-03    -2.15422464978198e-04    1.27862273161645e-03    6.4865593E-05    152.08    152.08    0.0450689350098277    0.00000e+00    0.00000e+00    7.83545691E+10
    -2.52418272158501e-03    -2.16204076746746e-04    1.28314468578289e-03    6.4149213E-05    151.59    151.59    0.0449488112231235    0.00000e+00    0.00000e+00    7.84047964E+10
    -2.53269396512646e-03    -2.16986696927751e-04    1.28766552487787e-03    6.3662904E-05    151.10    151.10    0.0448505952081943    0.00000e+00    0.00000e+00    7.84550237E+10
    -2.54120598436981e-03    -2.17770301280528e-04    1.29218539434549e-03    6.3605963E-05    150.62    150.62    0.0447430825257331    0.00000e+00    0.00000e+00    7.85052510E+10
    -2.54971873083367e-03    -2.18554870412531e-04    1.29670429418574e-03    6.3123684E-05    150.13    150.13    0.0444885750240024    0.00000e+00    0.00000e+00    7.85554783E+10
    -2.55823220451806e-03    -2.19340380083075e-04    1.30122227288000e-03    6.2870791E-05    149.66    149.66    0.0443239127668144    0.00000e+00    0.00000e+00    7.86057056E+10
    -2.56674625997887e-03    -2.20126796355203e-04    1.30573937890964e-03    6.2626657E-05    149.18    149.18    0.0441864840897830    0.00000e+00    0.00000e+00    7.86559329E+10
    -2.57526094569746e-03    -2.20914085291957e-04    1.31025570923738e-03    6.2249899E-05    148.71    148.71    0.0440061008883201    0.00000e+00    0.00000e+00    7.87061601E+10
    -2.58377611622973e-03    -2.21702217804516e-04    1.31477131234460e-03    6.2143487E-05    148.24    148.24    0.0437277208803276    0.00000e+00    0.00000e+00    7.87563874E+10
    -2.59229177157568e-03    -2.22491145411512e-04    1.31928613974993e-03    6.1884000E-05    147.78    147.78    0.0434739349595408    0.00000e+00    0.00000e+00    7.88066147E+10
    -2.60080786325395e-03    -2.23280843872261e-04    1.32380033689748e-03    6.1769084E-05    147.31    147.31    0.0432959895753471    0.00000e+00    0.00000e+00    7.88568420E+10
    -2.60932429430179e-03    -2.24071284097942e-04    1.32831390378724e-03    6.1731897E-05    146.85    146.85    0.0431998768402826    0.00000e+00    0.00000e+00    7.89070693E+10
    -2.61784096775647e-03    -2.24862432151597e-04    1.33282684041922e-03    6.1489623E-05    146.40    146.40    0.0431959551877409    0.00000e+00    0.00000e+00    7.89572966E+10
    -2.62635783513663e-03    -2.25654268640680e-04    1.33733929223751e-03    6.1295674E-05    145.95    145.95    0.0431538589882792    0.00000e+00    0.00000e+00    7.90075239E+10
    -2.63487484796089e-03    -2.26446774172642e-04    1.34185116227939e-03    6.0646685E-05    145.50    145.50    0.0429476035498327    0.00000e+00    0.00000e+00    7.90577512E+10
    -2.64339200622925e-03    -2.27239919658664e-04    1.34636264447033e-03    6.0167960E-05    145.05    145.05    0.0426863426545005    0.00000e+00    0.00000e+00    7.91079784E+10
    -2.65190911601625e-03    -2.28033680858060e-04    1.35087369032895e-03    5.9816989E-05    144.61    144.61    0.0425433091566061    0.00000e+00    0.00000e+00    7.91582057E+10
    -2.66042627428461e-03    -2.28828028682011e-04    1.35538434833662e-03    5.9625449E-05    144.17    144.17    0.0424367742454778    0.00000e+00    0.00000e+00    7.92084330E+10
    -2.66894328710887e-03    -2.29622929193558e-04    1.35989471545609e-03    5.9292798E-05    143.74    143.74    0.0423114597521308    0.00000e+00    0.00000e+00    7.92586603E+10
    -2.67746020297040e-03    -2.30418348455744e-04    1.36440479168734e-03    5.9248248E-05    143.31    143.31    0.0420671958620639    0.00000e+00    0.00000e+00    7.93088876E+10
    -2.68597687642508e-03    -2.31214252531611e-04    1.36891467399313e-03    5.9132933E-05    142.88    142.88    0.0418112946234827    0.00000e+00    0.00000e+00    7.93591149E+10
    -2.69449325899155e-03    -2.32010612332339e-04    1.37342431389207e-03    5.8948671E-05    142.46    142.46    0.0416291813236847    0.00000e+00    0.00000e+00    7.94093422E+10
    -2.70300930218845e-03    -2.32807408465379e-04    1.37793375986555e-03    5.8804387E-05    142.04    142.04    0.0414563910437937    0.00000e+00    0.00000e+00    7.94595695E+10
    -2.71152490905304e-03    -2.33604616690048e-04    1.38244306039491e-03    5.8699699E-05    141.62    141.62    0.0414953458597477    0.00000e+00    0.00000e+00    7.95097967E+10
    -2.72003998262257e-03    -2.34402217613799e-04    1.38695226396155e-03    5.8610670E-05    141.20    141.20    0.0414280103817333    0.00000e+00    0.00000e+00    7.95600240E+10
    -2.72855452289706e-03    -2.35200191844085e-04    1.39146141904681e-03    5.8295414E-05    140.79    140.79    0.0412550534908344    0.00000e+00    0.00000e+00    7.96102513E+10
    -2.73706843291376e-03    -2.35998519988357e-04    1.39597052565071e-03    5.8072241E-05    140.39    140.39    0.0411444829586639    0.00000e+00    0.00000e+00    7.96604786E+10
    -2.74558166419131e-03    -2.36797187502207e-04    1.40047963225460e-03    5.7868680E-05    139.98    139.98    0.0409927428957294    0.00000e+00    0.00000e+00    7.97107059E+10
    -2.75409416824833e-03    -2.37596160448675e-04    1.40498883582123e-03    5.7637901E-05    139.58    139.58    0.0409314262105263    0.00000e+00    0.00000e+00    7.97609332E+10
    -2.76260584812210e-03    -2.38395424283352e-04    1.40949813635060e-03    5.7134167E-05    139.18    139.18    0.0407589004020406    0.00000e+00    0.00000e+00    7.98111605E+10
    -2.77111670381261e-03    -2.39194945069281e-04    1.41400753384270e-03    5.6785540E-05    138.79    138.79    0.0405591067374193    0.00000e+00    0.00000e+00    7.98613878E+10
    -2.77962663835712e-03    -2.39994708262049e-04    1.41851712526028e-03    5.6603510E-05    138.40    138.40    0.0402728992752281    0.00000e+00    0.00000e+00    7.99116151E+10
    -2.78813555479291e-03    -2.40794684772838e-04    1.42302686212196e-03    5.6191961E-05    138.01    138.01    0.0400776336739622    0.00000e+00    0.00000e+00    7.99618423E+10
    -2.79664340463860e-03    -2.41594869753509e-04    1.42753684139048e-03    5.6248858E-05    137.62    137.62    0.0399170036149090    0.00000e+00    0.00000e+00    8.00120696E+10
    -2.80515009093145e-03    -2.42395238963379e-04    1.43204701458448e-03    5.6132253E-05    137.24    137.24    0.0399245482546551    0.00000e+00    0.00000e+00    8.00622969E+10
    -2.81365561367147e-03    -2.43195792402448e-04    1.43655747866668e-03    5.5819382E-05    136.86    136.86    0.0398348823693453    0.00000e+00    0.00000e+00    8.01125242E+10
    -2.82215992437728e-03    -2.43996520374442e-04    1.44106823363709e-03    5.5570043E-05    136.48    136.48    0.0397041168614807    0.00000e+00    0.00000e+00    8.01627515E+10
    -2.83066287760479e-03    -2.44797403486814e-04    1.44557927949571e-03    5.5372171E-05    136.11    136.11    0.0396316191624572    0.00000e+00    0.00000e+00    8.02129788E+10
    -2.83916452183536e-03    -2.45598432043291e-04    1.45009071320528e-03    5.5209590E-05    135.74    135.74    0.0394878315988485    0.00000e+00    0.00000e+00    8.02632061E+10
    -2.84766476010625e-03    -2.46399596347598e-04    1.45460258324715e-03    5.4971710E-05    135.37    135.37    0.0394173390730876    0.00000e+00    0.00000e+00    8.03134334E+10
    -2.85616349545473e-03    -2.47200872159052e-04    1.45911484113998e-03    5.4955689E-05    135.00    135.00    0.0392457149373386    0.00000e+00    0.00000e+00    8.03636606E+10
