    -3.20250314156198e-05    2.26881618107640e-05    -1.28159648177364e-05    6.3123787E-03    3084.06    3084.06    1.3668513972580345    0.00000e+00    0.00000e+00    6.88113844E+10
    -4.79770111055449e-05    2.78373213757150e-05    -1.55060170379649e-05    5.3085410E-03    2411.62    2411.62    0.8640727624609745    0.00000e+00    0.00000e+00    6.88616117E+10
    -6.68855160073834e-05    3.26839979280028e-05    -1.69797425150870e-05    4.1880350E-03    1866.67    1866.67    0.6771711413870509    0.00000e+00    0.00000e+00    6.89118390E+10
    -8.49988193283788e-05    3.80255742252220e-05    -1.68240906586984e-05    3.6028770E-03    1497.03    1497.03    0.5685383020245521    0.00000e+00    0.00000e+00    6.89620663E+10
    -1.02949530685140e-04    4.38822839663537e-05    -1.61502602436662e-05    3.2393852E-03    1264.36    1264.36    0.5053153690030413    0.00000e+00    0.00000e+00    6.90122936E+10
    -1.20732782548310e-04    4.97403710631533e-05    -1.57117113625176e-05    3.1163893E-03    1113.55    1113.55    0.4809603138747864    0.00000e+00    0.00000e+00    6.90625209E+10
    -1.37819463810735e-04    5.54498860377496e-05    -1.53800798969051e-05    2.9692994E-03    1020.02    1020.02    0.4769497474977746    0.00000e+00    0.00000e+00    6.91127482E+10
    -1.53980950884815e-04    6.08983530857525e-05    -1.49187627108506e-05    2.7786730E-03    969.23    969.23    0.4658921371238933    0.00000e+00    0.00000e+00    6.91629754E+10
    -1.69293679495513e-04    6.59447496036008e-05    -1.42556316489469e-05    2.6186929E-03    934.36    934.36    0.4530499092219248    0.00000e+00    0.00000e+00    6.92132027E+10
    -1.83932381341638e-04    7.05718307686574e-05    -1.34774581790253e-05    2.4631298E-03    899.07    899.07    0.4362756572778761    0.00000e+00    0.00000e+00    6.92634300E+10
    -1.98047338968060e-04    7.48942841053257e-05    -1.27612051124551e-05    2.3490964E-03    859.58    859.58    0.4279665800091733    0.00000e+00    0.00000e+00    6.93136573E+10
    -2.11736140520651e-04    7.90670706104987e-05    -1.22405176430118e-05    2.2060759E-03    817.60    817.60    0.4236764992750361    0.00000e+00    0.00000e+00    6.93638846E+10
    -2.25070189358363e-04    8.32056583586062e-05    -1.19669620082595e-05    2.1366488E-03    769.37    769.37    0.4131452141562607    0.00000e+00    0.00000e+00    6.94141119E+10
    -2.38129111280182e-04    8.73469804558752e-05    -1.19451962980460e-05    1.9657717E-03    717.94    717.94    0.3983296559465875    0.00000e+00    0.00000e+00    6.94643392E+10
    -2.51005209962855e-04    9.14725267159608e-05    -1.21487535638925e-05    1.8633314E-03    667.37    667.37    0.3889293452063431    0.00000e+00    0.00000e+00    6.95145665E+10
    -2.63785228270205e-04    9.55509345418322e-05    -1.25311581118865e-05    1.7281991E-03    619.72    619.72    0.3765250633232002    0.00000e+00    0.00000e+00    6.95647937E+10
    -2.76529443087206e-04    9.95635434549034e-05    -1.30445025933157e-05    1.6380072E-03    576.49    576.49    0.3655036192197424    0.00000e+00    0.00000e+00    6.96150210E+10
    -2.89266705676019e-04    1.03509761982483e-04    -1.36474900940093e-05    1.5542694E-03    538.20    538.20    0.3547637267871663    0.00000e+00    0.00000e+00    6.96652483E+10
    -3.02002489583106e-04    1.07401419578391e-04    -1.43066679851573e-05    1.4328938E-03    504.41    504.41    0.3490198258091018    0.00000e+00    0.00000e+00    6.97154756E+10
    -3.14730729789314e-04    1.11255184136984e-04    -1.49961127944169e-05    1.3685091E-03    474.48    474.48    0.3390407700410242    0.00000e+00    0.00000e+00    6.97657029E+10
    -3.27443140828833e-04    1.15087936870637e-04    -1.56964513670910e-05    1.2631055E-03    448.82    448.82    0.3308739963573180    0.00000e+00    0.00000e+00    6.98159302E+10
    -3.40132595940553e-04    1.18915240298515e-04    -1.63941098897360e-05    1.2089487E-03    426.98    426.98    0.3224584812649620    0.00000e+00    0.00000e+00    6.98661575E+10
    -3.52791706563971e-04    1.22749772298377e-04    -1.70804567395733e-05    1.1233665E-03    408.51    408.51    0.3149081846373201    0.00000e+00    0.00000e+00    6.99163848E+10
    -3.65411222454054e-04    1.26599721373299e-04    -1.77508154038350e-05    1.1130846E-03    392.90    392.90    0.3082661046704457    0.00000e+00    0.00000e+00    6.99666120E+10
    -3.77980128643965e-04    1.30468219419661e-04    -1.84034589761889e-05    1.0423823E-03    379.86    379.86    0.3014503457727622    0.00000e+00    0.00000e+00    7.00168393E+10
    -3.90486716883307e-04    1.34354015618164e-04    -1.90387534909644e-05    1.0110823E-03    369.43    369.43    0.2936651972814547    0.00000e+00    0.00000e+00    7.00670666E+10
    -4.02920563677934e-04    1.38252993900657e-04    -1.96581306029616e-05    9.5274423E-04    361.81    361.81    0.2877182505506952    0.00000e+00    0.00000e+00    7.01172939E+10
    -4.15275376146268e-04    1.42160054027214e-04    -2.02630045136885e-05    9.1783534E-04    357.42    357.42    0.2832664530574753    0.00000e+00    0.00000e+00    7.01675212E+10
    -4.27552705692086e-04    1.46070789041473e-04    -2.08541063221761e-05    9.0396457E-04    356.79    356.79    0.2796200150187615    0.00000e+00    0.00000e+00    7.02177485E+10
    -4.39767440943537e-04    1.49982498531232e-04    -2.14304862784231e-05    8.7741424E-04    360.32    360.32    0.2761753675615056    0.00000e+00    0.00000e+00    7.02679758E+10
    -4.51954120027261e-04    1.53896593304302e-04    -2.19891385376067e-05    8.3990150E-04    368.29    368.29    0.2735048106220969    0.00000e+00    0.00000e+00    7.03182031E+10
    -4.64167240849154e-04    1.57821038849463e-04    -2.25268749649598e-05    8.4649166E-04    380.47    380.47    0.2686960554205480    0.00000e+00    0.00000e+00    7.03684303E+10
    -4.76471729657388e-04    1.61768474259383e-04    -2.30435249060668e-05    7.8749627E-04    395.45    395.45    0.2638251986052590    0.00000e+00    0.00000e+00    7.04186576E+10
    -4.88928731153426e-04    1.65753031852865e-04    -2.35428519695340e-05    7.7677234E-04    410.63    410.63    0.2592941251714947    0.00000e+00    0.00000e+00    7.04688849E+10
    -5.01579459348298e-04    1.69784844235845e-04    -2.40316634242580e-05    7.4424691E-04    423.68    423.68    0.2569169501369509    0.00000e+00    0.00000e+00    7.05191122E+10
    -5.14438172612366e-04    1.73866408198780e-04    -2.45177841630518e-05    7.2842474E-04    433.33    433.33    0.2529573302931496    0.00000e+00    0.00000e+00    7.05693395E+10
    -5.27496823038524e-04    1.77993234366984e-04    -2.50095491027210e-05    7.1199981E-04    439.20    439.20    0.2461292919752524    0.00000e+00    0.00000e+00    7.06195668E+10
    -5.40733642492489e-04    1.82156988793278e-04    -2.55146435097388e-05    6.9362049E-04    441.49    441.49    0.2412861830262785    0.00000e+00    0.00000e+00    7.06697941E+10
    -5.54122160147274e-04    1.86347926722672e-04    -2.60396923630573e-05    6.7630570E-04    440.66    440.66    0.2367134065009814    0.00000e+00    0.00000e+00    7.07200214E+10
    -5.67636147582730e-04    1.90557263331264e-04    -2.65908072239406e-05    6.7351811E-04    437.30    437.30    0.2318825349696668    0.00000e+00    0.00000e+00    7.07702487E+10
    -5.81253157925422e-04    1.94778167594287e-04    -2.71730868778730e-05    6.5541027E-04    432.02    432.02    0.2273585581829690    0.00000e+00    0.00000e+00    7.08204759E+10
    -5.94954913699571e-04    1.99005306561249e-04    -2.77882587160004e-05    6.1756639E-04    425.26    425.26    0.2248663414028040    0.00000e+00    0.00000e+00    7.08707032E+10
    -6.08727597715267e-04    2.03234729000649e-04    -2.84354956461826e-05    6.1192896E-04    417.31    417.31    0.2199806314766063    0.00000e+00    0.00000e+00    7.09209305E+10
    -6.22560737996997e-04    2.07462396414524e-04    -2.91127110303362e-05    5.8476387E-04    408.46    408.46    0.2154323156710698    0.00000e+00    0.00000e+00    7.09711578E+10
    -6.36444444345667e-04    2.11684265456772e-04    -2.98165606236889e-05    5.7262845E-04    398.99    398.99    0.2103443301788343    0.00000e+00    0.00000e+00    7.10213851E+10
    -6.50368293267133e-04    2.15896845468890e-04    -3.05431649471645e-05    5.6558040E-04    389.16    389.16    0.2050602566398223    0.00000e+00    0.00000e+00    7.10716124E+10
    -6.64321424934938e-04    2.20096888199215e-04    -3.12886503394510e-05    5.5186804E-04    379.27    379.27    0.2033257115166134    0.00000e+00    0.00000e+00    7.11218397E+10
    -6.78292834078521e-04    2.24281416891745e-04    -3.20493937879093e-05    5.4259829E-04    369.49    369.49    0.1978270412116184    0.00000e+00    0.00000e+00    7.11720670E+10
    -6.92270788206799e-04    2.28447566297623e-04    -3.28223996288039e-05    5.2701900E-04    359.93    359.93    0.1945213231088266    0.00000e+00    0.00000e+00    7.12222942E+10
    -7.06244233567842e-04    2.32593009311182e-04    -3.36053170005951e-05    5.1725106E-04    350.63    350.63    0.1907288060978713    0.00000e+00    0.00000e+00    7.12725215E+10
    -7.20203813257606e-04    2.36716170287956e-04    -3.43964049373540e-05    4.9951042E-04    341.66    341.66    0.1872907699108675    0.00000e+00    0.00000e+00    7.13227488E+10
    -7.34141818738560e-04    2.40816186259595e-04    -3.51944514048780e-05    4.9420926E-04    333.01    333.01    0.1845426080897251    0.00000e+00    0.00000e+00    7.13729761E+10
    -7.48052141358323e-04    2.44892945718950e-04    -3.59986462795057e-05    4.8291335E-04    324.69    324.69    0.1802026994260141    0.00000e+00    0.00000e+00    7.14232034E+10
    -7.61930126905556e-04    2.48946962568525e-04    -3.68085406237686e-05    4.6539310E-04    316.71    316.71    0.1770991239844920    0.00000e+00    0.00000e+00    7.14734307E+10
    -7.75772236240387e-04    2.52979317942828e-04    -3.76238983334039e-05    4.5148336E-04    309.08    309.08    0.1733638911864564    0.00000e+00    0.00000e+00    7.15236580E+10
    -7.89575511999360e-04    2.56991466282902e-04    -3.84445841453946e-05    4.4859513E-04    301.79    301.79    0.1711562103622201    0.00000e+00    0.00000e+00    7.15738853E+10
    -8.03337287707231e-04    2.60984823244696e-04    -3.92705040058865e-05    4.3744633E-04    294.82    294.82    0.1687202643630984    0.00000e+00    0.00000e+00    7.16241125E+10
    -8.17054945370121e-04    2.64960756002792e-04    -4.01016031309337e-05    4.2757781E-04    288.17    288.17    0.1652968164989287    0.00000e+00    0.00000e+00    7.16743398E+10
    -8.30726109400993e-04    2.68920428110022e-04    -4.09378567950385e-05    4.2391572E-04    281.84    281.84    0.1620992696031955    0.00000e+00    0.00000e+00    7.17245671E+10
    -8.44348743582386e-04    2.72864915852761e-04    -4.17791883976393e-05    4.1616953E-04    275.87    275.87    0.1596845380925709    0.00000e+00    0.00000e+00    7.17747944E+10
    -8.57921393473256e-04    2.76795295517379e-04    -4.26254510401906e-05    4.1256500E-04    270.26    270.26    0.1580542248608030    0.00000e+00    0.00000e+00    7.18250217E+10
    -8.71443137927609e-04    2.80712614301428e-04    -4.34764595238663e-05    4.0564313E-04    264.99    264.99    0.1556263532426743    0.00000e+00    0.00000e+00    7.18752490E+10
    -8.84913783019974e-04    2.84617919402460e-04    -4.43320000458329e-05    4.0247241E-04    260.03    260.03    0.1532309745769377    0.00000e+00    0.00000e+00    7.19254763E+10
    -8.98333619638558e-04    2.88512330740076e-04    -4.51917943230377e-05    3.9299552E-04    255.33    255.33    0.1492438756209909    0.00000e+00    0.00000e+00    7.19757036E+10
    -9.11703617410725e-04    2.92397079741028e-04    -4.60554966833259e-05    3.8063767E-04    250.86    250.86    0.1471056516967160    0.00000e+00    0.00000e+00    7.20259308E+10
    -9.25025036852044e-04    2.96273480250392e-04    -4.69227299416536e-05    3.6973972E-04    246.62    246.62    0.1454280537720412    0.00000e+00    0.00000e+00    7.20761581E+10
    -9.38299429366295e-04    3.00142899442747e-04    -4.77930955811749e-05    3.6127761E-04    242.58    242.58    0.1433713587529805    0.00000e+00    0.00000e+00    7.21263854E+10
    -9.51528346357259e-04    3.04006704492676e-04    -4.86661596936453e-05    3.6283536E-04    238.74    238.74    0.1418468115225434    0.00000e+00    0.00000e+00    7.21766127E+10
    -9.64713533154186e-04    3.07866194700842e-04    -4.95414520097941e-05    3.6022098E-04    235.08    235.08    0.1400757530745760    0.00000e+00    0.00000e+00    7.22268400E+10
    -9.77856492679489e-04    3.11722543316355e-04    -5.04184508701004e-05    3.5828190E-04    231.59    231.59    0.1378425293599699    0.00000e+00    0.00000e+00    7.22770673E+10
    -9.90958776336947e-04    3.15576739359123e-04    -5.12966181313781e-05    3.5082042E-04    228.25    228.25    0.1358653215048541    0.00000e+00    0.00000e+00    7.23272946E+10
    -1.00402198401171e-03    3.19429611860543e-04    -5.21753865616205e-05    3.4336070E-04    225.06    225.06    0.1348441003829838    0.00000e+00    0.00000e+00    7.23775219E+10
    -1.01704771558892e-03    3.23281815319082e-04    -5.30541646881364e-05    3.4257956E-04    222.01    222.01    0.1330782425107685    0.00000e+00    0.00000e+00    7.24277492E+10
    -1.03003776487920e-03    3.27133887877927e-04    -5.39323755826455e-05    3.3466676E-04    219.08    219.08    0.1302273828318722    0.00000e+00    0.00000e+00    7.24779764E+10
    -1.04299407113727e-03    3.30986304654486e-04    -5.48094277724567e-05    3.3163158E-04    216.27    216.27    0.1283888352117754    0.00000e+00    0.00000e+00    7.25282037E+10
    -1.05591876754334e-03    3.34839540766166e-04    -5.56847540255631e-05    3.2946952E-04    213.58    213.58    0.1268820196920137    0.00000e+00    0.00000e+00    7.25784310E+10
    -1.06881403575896e-03    3.38694081026648e-04    -5.65577774136843e-05    3.3043942E-04    211.00    211.00    0.1253165537802045    0.00000e+00    0.00000e+00    7.26286583E+10
    -1.08168210592708e-03    3.42550376312656e-04    -5.74279016159925e-05    3.2046872E-04    208.53    208.53    0.1238196333623093    0.00000e+00    0.00000e+00    7.26788856E+10
    -1.09452511122788e-03    3.46408790234451e-04    -5.82945060709758e-05    3.1715057E-04    206.17    206.17    0.1229886131355774    0.00000e+00    0.00000e+00    7.27291129E+10
    -1.10734513636019e-03    3.50269628224650e-04    -5.91569799133960e-05    3.0766360E-04    203.91    203.91    0.1212666680174045    0.00000e+00    0.00000e+00    7.27793402E+10
    -1.12014431450422e-03    3.54133108449412e-04    -6.00147268224254e-05    3.0664690E-04    201.75    201.75    0.1199506023581330    0.00000e+00    0.00000e+00    7.28295675E+10
    -1.13292453643332e-03    3.57999342415883e-04    -6.08671698697835e-05    3.0052525E-04    199.69    199.69    0.1188037593965922    0.00000e+00    0.00000e+00    7.28797947E+10
    -1.14568783836494e-03    3.61868359212883e-04    -6.17137806085579e-05    2.9807045E-04    197.73    197.73    0.1173200308974578    0.00000e+00    0.00000e+00    7.29300220E+10
    -1.15843630499793e-03    3.65740090966497e-04    -6.25540742250673e-05    2.9544866E-04    195.87    195.87    0.1162655843772571    0.00000e+00    0.00000e+00    7.29802493E+10
    -1.17117240888204e-03    3.69614426169579e-04    -6.33876531720935e-05    2.9184873E-04    194.11    194.11    0.1146805732668541    0.00000e+00    0.00000e+00    7.30304766E+10
    -1.18389862256707e-03    3.73491267859393e-04    -6.42141683837858e-05    2.8758515E-04    192.45    192.45    0.1132066133830911    0.00000e+00    0.00000e+00    7.30807039E+10
    -1.19661770949097e-03    3.77370582098980e-04    -6.50333532126198e-05    2.8167159E-04    190.90    190.90    0.1118748170914774    0.00000e+00    0.00000e+00    7.31309312E+10
    -1.20933243309175e-03    3.81252388280887e-04    -6.58449894924389e-05    2.7604365E-04    189.45    189.45    0.1104374772852782    0.00000e+00    0.00000e+00    7.31811585E+10
    -1.22204575073286e-03    3.85136763975305e-04    -6.66489269310020e-05    2.7800660E-04    188.11    188.11    0.1095168563185891    0.00000e+00    0.00000e+00    7.32313858E+10
    -1.23476037737090e-03    3.89023806144969e-04    -6.74450637174360e-05    2.7222663E-04    186.86    186.86    0.1082141691626905    0.00000e+00    0.00000e+00    7.32816130E+10
    -1.24747922188797e-03    3.92913616600752e-04    -6.82333562185096e-05    2.6825741E-04    185.71    185.71    0.1070859293944684    0.00000e+00    0.00000e+00    7.33318403E+10
    -1.26020499924067e-03    3.96806272912843e-04    -6.90138141304966e-05    2.6552853E-04    184.66    184.66    0.1064245684835346    0.00000e+00    0.00000e+00    7.33820676E+10
    -1.27294037590427e-03    4.00701838107021e-04    -6.97865004791753e-05    2.6157957E-04    183.70    183.70    0.1053896512736141    0.00000e+00    0.00000e+00    7.34322949E+10
    -1.28568787290989e-03    4.04600312183285e-04    -7.05515316198294e-05    2.6152429E-04    182.82    182.82    0.1042501997471607    0.00000e+00    0.00000e+00    7.34825222E+10
    -1.29845015673279e-03    4.08501695141636e-04    -7.13090384521526e-05    2.6044531E-04    182.01    182.01    0.1036377900758020    0.00000e+00    0.00000e+00    7.35327495E+10
    -1.31122965144136e-03    4.12405914260022e-04    -7.20591761165230e-05    2.6205691E-04    181.26    181.26    0.1026180767741910    0.00000e+00    0.00000e+00    7.35829768E+10
    -1.32402887806676e-03    4.16312916208937e-04    -7.28021046014552e-05    2.5534397E-04    180.56    180.56    0.1014795127402476    0.00000e+00    0.00000e+00    7.36332041E+10
    -1.33685011523328e-03    4.20222696140245e-04    -7.35380032880114e-05    2.4720174E-04    179.91    179.91    0.1002120562810427    0.00000e+00    0.00000e+00    7.36834314E+10
    -1.34969559308385e-03    4.24135278294629e-04    -7.42670661016639e-05    2.4567215E-04    179.29    179.29    0.0989140621288331    0.00000e+00    0.00000e+00    7.37336586E+10
    -1.36256720239184e-03    4.28050725697869e-04    -7.49894481827907e-05    2.4363854E-04    178.69    178.69    0.0978327746884856    0.00000e+00    0.00000e+00    7.37838859E+10
    -1.37546664000512e-03    4.31969077135059e-04    -7.57053046717698e-05    2.4205432E-04    178.09    178.09    0.0969271649636100    0.00000e+00    0.00000e+00    7.38341132E+10
    -1.38839506947653e-03    4.35890366543157e-04    -7.64147858608423e-05    2.4149456E-04    177.49    177.49    0.0960640823528748    0.00000e+00    0.00000e+00    7.38843405E+10
    -1.40135365435891e-03    4.39814579377751e-04    -7.71179984090181e-05    2.3933992E-04    176.88    176.88    0.0953397354184852    0.00000e+00    0.00000e+00    7.39345678E+10
    -1.41434297642866e-03    4.43741652613064e-04    -7.78150586715806e-05    2.3425517E-04    176.25    176.25    0.0944159981097508    0.00000e+00    0.00000e+00    7.39847951E+10
    -1.42736352049949e-03    4.47671479590086e-04    -7.85060442187187e-05    2.3293100E-04    175.59    175.59    0.0938992360951384    0.00000e+00    0.00000e+00    7.40350224E+10
    -1.44041548049685e-03    4.51603973042354e-04    -7.91910374687584e-05    2.3014917E-04    174.90    174.90    0.0931487539881245    0.00000e+00    0.00000e+00    7.40852497E+10
    -1.45349875945800e-03    4.55539036007131e-04    -7.98700965993413e-05    2.2921425E-04    174.18    174.18    0.0922979310888802    0.00000e+00    0.00000e+00    7.41354769E+10
    -1.46661311497612e-03    4.59476595762367e-04    -8.05432894843827e-05    2.2970118E-04    173.43    173.43    0.0914283046054677    0.00000e+00    0.00000e+00    7.41857042E+10
    -1.47975825616299e-03    4.63416608674829e-04    -8.12106646052509e-05    2.2724737E-04    172.64    172.64    0.0904984539861642    0.00000e+00    0.00000e+00    7.42359315E+10
    -1.49293364972356e-03    4.67359026263149e-04    -8.18722704433138e-05    2.2509346E-04    171.81    171.81    0.0894879146848592    0.00000e+00    0.00000e+00    7.42861588E+10
    -1.50613847147457e-03    4.71303829134780e-04    -8.25281554799397e-05    2.2212628E-04    170.96    170.96    0.0885040806169200    0.00000e+00    0.00000e+00    7.43363861E+10
    -1.51937189723277e-03    4.75250988200901e-04    -8.31783633483597e-05    2.1923275E-04    170.07    170.07    0.0876318696147534    0.00000e+00    0.00000e+00    7.43866134E+10
    -1.53263276344532e-03    4.79200440435734e-04    -8.38229716187630e-05    2.1717566E-04    169.14    169.14    0.0868185412064755    0.00000e+00    0.00000e+00    7.44368407E+10
    -1.54591985807801e-03    4.83152117965364e-04    -8.44620481650648e-05    2.1433882E-04    168.20    168.20    0.0861713603914522    0.00000e+00    0.00000e+00    7.44870680E+10
    -1.55923187213392e-03    4.87105928675190e-04    -8.50956754055909e-05    2.1363463E-04    167.22    167.22    0.0853935852000373    0.00000e+00    0.00000e+00    7.45372952E+10
    -1.57256749661609e-03    4.91061765906203e-04    -8.57239406068039e-05    2.1096688E-04    166.23    166.23    0.0850559899019297    0.00000e+00    0.00000e+00    7.45875225E+10
    -1.58592532556486e-03    4.95019493910573e-04    -8.63469552758505e-05    2.0758632E-04    165.21    165.21    0.0843605346018482    0.00000e+00    0.00000e+00    7.46377498E+10
    -1.59930400150192e-03    4.98979015725562e-04    -8.69648357680142e-05    2.0598316E-04    164.19    164.19    0.0836323641419524    0.00000e+00    0.00000e+00    7.46879771E+10
    -1.61270236087443e-03    5.02940282869804e-04    -8.75777323755360e-05    2.0403720E-04    163.14    163.14    0.0828711962473628    0.00000e+00    0.00000e+00    7.47382044E+10
    -1.62611919164820e-03    5.06903295343298e-04    -8.81858244794781e-05    2.0330910E-04    162.09    162.09    0.0821567729208759    0.00000e+00    0.00000e+00    7.47884317E+10
    -1.63955342723311e-03    5.10868053146044e-04    -8.87893253978601e-05    2.0008367E-04    161.03    161.03    0.0814084877302390    0.00000e+00    0.00000e+00    7.48386590E+10
    -1.65300395255771e-03    5.14834507796673e-04    -8.93884532968384e-05    1.9841430E-04    159.97    159.97    0.0807060270822066    0.00000e+00    0.00000e+00    7.48888863E+10
    -1.66646955558779e-03    5.18802659295187e-04    -8.99834457351169e-05    1.9740644E-04    158.91    158.91    0.0797125385684396    0.00000e+00    0.00000e+00    7.49391135E+10
    -1.67994907277052e-03    5.22772459160216e-04    -9.05745305751257e-05    1.9551041E-04    157.84    157.84    0.0789614979934729    0.00000e+00    0.00000e+00    7.49893408E+10
    -1.69344138903443e-03    5.26743810429025e-04    -9.11619453755684e-05    1.9268234E-04    156.78    156.78    0.0783647497143787    0.00000e+00    0.00000e+00    7.50395681E+10
    -1.70694548627079e-03    5.30716713101613e-04    -9.17459179988753e-05    1.9181735E-04    155.73    155.73    0.0778255506426231    0.00000e+00    0.00000e+00    7.50897954E+10
    -1.72046029788950e-03    5.34690973252508e-04    -9.23266860037500e-05    1.8882574E-04    154.67    154.67    0.0775355780440830    0.00000e+00    0.00000e+00    7.51400227E+10
    -1.73398490274458e-03    5.38666542400343e-04    -9.29044821007596e-05    1.8736140E-04    153.63    153.63    0.0768946881890837    0.00000e+00    0.00000e+00    7.51902500E+10
    -1.74751828272728e-03    5.42643323582380e-04    -9.34795438486076e-05    1.8556017E-04    152.59    152.59    0.0762964790055864    0.00000e+00    0.00000e+00    7.52404773E+10
    -1.76105956517298e-03    5.46621171354515e-04    -9.40521185022716e-05    1.8488016E-04    151.55    151.55    0.0757224821155878    0.00000e+00    0.00000e+00    7.52907046E+10
    -1.77460787741706e-03    5.50599988754013e-04    -9.46224339241816e-05    1.8295754E-04    150.53    150.53    0.0752330503624803    0.00000e+00    0.00000e+00    7.53409319E+10
    -1.78816224983215e-03    5.54579727299505e-04    -9.51907373693150e-05    1.8204325E-04    149.52    149.52    0.0745008118365025    0.00000e+00    0.00000e+00    7.53911591E+10
    -1.80172185823500e-03    5.58560386990991e-04    -9.57572518519651e-05    1.8023243E-04    148.52    148.52    0.0736523369024420    0.00000e+00    0.00000e+00    7.54413864E+10
    -1.81528582996097e-03    5.62541773902999e-04    -9.63222003864253e-05    1.7831422E-04    147.53    147.53    0.0729878522459591    0.00000e+00    0.00000e+00    7.54916137E+10
    -1.82885319538272e-03    5.66523839554160e-04    -9.68858011388519e-05    1.7767236E-04    146.55    146.55    0.0723251515046190    0.00000e+00    0.00000e+00    7.55418410E+10
    -1.84242303335424e-03    5.70506438500371e-04    -9.74482625791280e-05    1.7585781E-04    145.58    145.58    0.0717059016647459    0.00000e+00    0.00000e+00    7.55920683E+10
    -1.85599456817364e-03    5.74489473778894e-04    -9.80097931771363e-05    1.7389364E-04    144.63    144.63    0.0714268528508180    0.00000e+00    0.00000e+00    7.56422956E+10
    -1.86956687869494e-03    5.78472751464258e-04    -9.85705965546229e-05    1.7265584E-04    143.69    143.69    0.0712490034134191    0.00000e+00    0.00000e+00    7.56925229E+10
    -1.88313918921623e-03    5.82456174593727e-04    -9.91308860296076e-05    1.6965065E-04    142.76    142.76    0.0706011237360656    0.00000e+00    0.00000e+00    7.57427502E+10
    -1.89671077251700e-03    5.86439549241827e-04    -9.96908555275627e-05    1.6939104E-04    141.84    141.84    0.0700008767725086    0.00000e+00    0.00000e+00    7.57929774E+10
    -1.91028090137673e-03    5.90422681483087e-04    -1.00250694125824e-04    1.6727596E-04    140.93    140.93    0.0694305928090655    0.00000e+00    0.00000e+00    7.58432047E+10
    -1.92384899401900e-03    5.94405522836138e-04    -1.00810581205453e-04    1.6626604E-04    140.03    140.03    0.0689426852542541    0.00000e+00    0.00000e+00    7.58934320E+10
    -1.93741442018602e-03    5.98387830894140e-04    -1.01370691299376e-04    1.6534000E-04    139.15    139.15    0.0683159074888821    0.00000e+00    0.00000e+00    7.59436593E+10
    -1.95097654962001e-03    6.02369605657092e-04    -1.01931169851696e-04    1.6449186E-04    138.27    138.27    0.0676917216658900    0.00000e+00    0.00000e+00    7.59938866E+10
    -1.96453480054455e-03    6.06350604718155e-04    -1.02492162306519e-04    1.6312645E-04    137.41    137.41    0.0672116308556071    0.00000e+00    0.00000e+00    7.60441139E+10
    -1.97808868814596e-03    6.10330731114592e-04    -1.03053804411674e-04    1.6158082E-04    136.55    136.55    0.0666221032954905    0.00000e+00    0.00000e+00    7.60943412E+10
    -1.99163763064783e-03    6.14309887883667e-04    -1.03616202826171e-04    1.6000075E-04    135.71    135.71    0.0661255202625617    0.00000e+00    0.00000e+00    7.61445685E+10
    -2.00518119171783e-03    6.18287929581275e-04    -1.04179469057158e-04    1.6044340E-04    134.87    134.87    0.0656442237108258    0.00000e+00    0.00000e+00    7.61947957E+10
    -2.01871893502366e-03    6.22264662281944e-04    -1.04743700067370e-04    1.5974867E-04    134.04    134.04    0.0657772950037904    0.00000e+00    0.00000e+00    7.62450230E+10
    -2.03225047271437e-03    6.26239940541570e-04    -1.05308973426996e-04    1.5748487E-04    133.23    133.23    0.0652059786660302    0.00000e+00    0.00000e+00    7.62952503E+10
    -2.04577551390176e-03    6.30213667397416e-04    -1.05875371554363e-04    1.5590269E-04    132.42    132.42    0.0646173026425942    0.00000e+00    0.00000e+00    7.63454776E+10
    -2.05929376769761e-03    6.34185745886746e-04    -1.06442957475248e-04    1.5365892E-04    131.61    131.61    0.0640402654909086    0.00000e+00    0.00000e+00    7.63957049E+10
    -2.07280499169508e-03    6.38156079046825e-04    -1.07011784519157e-04    1.5282223E-04    130.82    130.82    0.0636884873939694    0.00000e+00    0.00000e+00    7.64459322E+10
    -2.08630894348734e-03    6.42124618396283e-04    -1.07581891471184e-04    1.5188858E-04    130.03    130.03    0.0631602577807794    0.00000e+00    0.00000e+00    7.64961595E+10
    -2.09980542914891e-03    6.46091315453753e-04    -1.08153302572014e-04    1.5085894E-04    129.25    129.25    0.0626579974358990    0.00000e+00    0.00000e+00    7.65463868E+10
    -2.11329420627294e-03    6.50056073256499e-04    -1.08726046910466e-04    1.4939419E-04    128.48    128.48    0.0621882238315653    0.00000e+00    0.00000e+00    7.65966140E+10
    -2.12677503245261e-03    6.54018891804520e-04    -1.09300119638405e-04    1.4992478E-04    127.72    127.72    0.0617380056710637    0.00000e+00    0.00000e+00    7.66468413E+10
    -2.14024771376244e-03    6.57979674135081e-04    -1.09875530452103e-04    1.4878935E-04    126.96    126.96    0.0613021999377922    0.00000e+00    0.00000e+00    7.66970686E+10
    -2.15371220172105e-03    6.61938420248181e-04    -1.10452279351562e-04    1.4672336E-04    126.21    126.21    0.0613558698904207    0.00000e+00    0.00000e+00    7.67472959E+10
    -2.16716825392161e-03    6.65894984699715e-04    -1.11030351792369e-04    1.4689956E-04    125.46    125.46    0.0610682057077674    0.00000e+00    0.00000e+00    7.67975232E+10
    -2.18061582188276e-03    6.69849415971053e-04    -1.11609767167074e-04    1.4569678E-04    124.72    124.72    0.0605963050326954    0.00000e+00    0.00000e+00    7.68477505E+10
    -2.19405476016038e-03    6.73801714062195e-04    -1.12190510931264e-04    1.4413834E-04    123.99    123.99    0.0599137370112892    0.00000e+00    0.00000e+00    7.68979778E+10
    -2.20748497179174e-03    6.77751782010403e-04    -1.12772583084941e-04    1.4387170E-04    123.27    123.27    0.0594591882687602    0.00000e+00    0.00000e+00    7.69482051E+10
    -2.22090640829547e-03    6.81699716778414e-04    -1.13355959387420e-04    1.4236972E-04    122.55    122.55    0.0591660955937185    0.00000e+00    0.00000e+00    7.69984324E+10
    -2.23431902119021e-03    6.85645566847596e-04    -1.13940620446154e-04    1.4152333E-04    121.84    121.84    0.0587656945876882    0.00000e+00    0.00000e+00    7.70486596E+10
    -2.24772266503184e-03    6.89589332217950e-04    -1.14526542020459e-04    1.4073662E-04    121.13    121.13    0.0583606199312321    0.00000e+00    0.00000e+00    7.70988869E+10
    -2.26111743678311e-03    6.93531061370843e-04    -1.15113695021514e-04    1.3981181E-04    120.43    120.43    0.0578754508751742    0.00000e+00    0.00000e+00    7.71491142E+10
    -2.27450319099992e-03    6.97470802787643e-04    -1.15702045512362e-04    1.3937500E-04    119.74    119.74    0.0574690461734407    0.00000e+00    0.00000e+00    7.71993415E+10
    -2.28787992768225e-03    7.01408507986983e-04    -1.16291559556044e-04    1.3692600E-04    119.05    119.05    0.0571482523466586    0.00000e+00    0.00000e+00    7.72495688E+10
    -2.30124769531148e-03    7.05344273931598e-04    -1.16882193519329e-04    1.3697317E-04    118.37    118.37    0.0573677930635600    0.00000e+00    0.00000e+00    7.72997961E+10
    -2.31460649388762e-03    7.09278052140121e-04    -1.17473908617123e-04    1.3550287E-04    117.70    117.70    0.0568922249126041    0.00000e+00    0.00000e+00    7.73500234E+10
    -2.32795642037338e-03    7.13209988056656e-04    -1.18066661216195e-04    1.3518196E-04    117.03    117.03    0.0563763507399971    0.00000e+00    0.00000e+00    7.74002507E+10
    -2.34129757173152e-03    7.17140033199834e-04    -1.18660412531450e-04    1.3388741E-04    116.37    116.37    0.0558923887564394    0.00000e+00    0.00000e+00    7.74504779E+10
    -2.35462999644340e-03    7.21068284532392e-04    -1.19255114081520e-04    1.3339250E-04    115.72    115.72    0.0554646634243476    0.00000e+00    0.00000e+00    7.75007052E+10
    -2.36795388843450e-03    7.24994839017066e-04    -1.19850717385036e-04    1.3245825E-04    115.07    115.07    0.0552712508587826    0.00000e+00    0.00000e+00    7.75509325E+10
    -2.38126929618617e-03    7.28919648172489e-04    -1.20447188505042e-04    1.3153202E-04    114.43    114.43    0.0548782268269321    0.00000e+00    0.00000e+00    7.76011598E+10
    -2.39457631666116e-03    7.32842905924131e-04    -1.21044469263895e-04    1.3086154E-04    113.80    113.80    0.0545713042025546    0.00000e+00    0.00000e+00    7.76513871E+10
    -2.40787519226631e-03    7.36764563790626e-04    -1.21642511180228e-04    1.3012831E-04    113.17    113.17    0.0542285556824942    0.00000e+00    0.00000e+00    7.77016144E+10
    -2.42116587452025e-03    7.40684767216078e-04    -1.22241265772672e-04    1.2973925E-04    112.55    112.55    0.0538207857085520    0.00000e+00    0.00000e+00    7.77518417E+10
    -2.43444860582981e-03    7.44603516200486e-04    -1.22840689407996e-04    1.2895120E-04    111.94    111.94    0.0535517812764356    0.00000e+00    0.00000e+00    7.78020690E+10
    -2.44772343467638e-03    7.48520907706588e-04    -1.23440728756695e-04    1.2747102E-04    111.33    111.33    0.0536397222311510    0.00000e+00    0.00000e+00    7.78522962E+10
    -2.46099055498541e-03    7.52436941734382e-04    -1.24041335337400e-04    1.2616507E-04    110.74    110.74    0.0532525817924423    0.00000e+00    0.00000e+00    7.79025235E+10
    -2.47425006371965e-03    7.56351666765237e-04    -1.24642470365019e-04    1.2502534E-04    110.15    110.15    0.0528444821351700    0.00000e+00    0.00000e+00    7.79527508E+10
    -2.48750205784184e-03    7.60265082799153e-04    -1.25244090206318e-04    1.2502664E-04    109.56    109.56    0.0524749198923492    0.00000e+00    0.00000e+00    7.80029781E+10
    -2.50074677975880e-03    7.64177335280235e-04    -1.25846156076204e-04    1.2456103E-04    108.98    108.98    0.0521036613003239    0.00000e+00    0.00000e+00    7.80532054E+10
    -2.51398427795192e-03    7.68088375727113e-04    -1.26448619493308e-04    1.2347057E-04    108.41    108.41    0.0518519923652606    0.00000e+00    0.00000e+00    7.81034327E+10
    -2.52721469786530e-03    7.71998301102526e-04    -1.27051446520673e-04    1.2297199E-04    107.85    107.85    0.0514644241398793    0.00000e+00    0.00000e+00    7.81536600E+10
    -2.54043828190577e-03    7.75907208369207e-04    -1.27654588676931e-04    1.2213670E-04    107.30    107.30    0.0511510456539414    0.00000e+00    0.00000e+00    7.82038873E+10
    -2.55365507855471e-03    7.79815049045791e-04    -1.28258002328851e-04    1.2135974E-04    106.75    106.75    0.0508516109530252    0.00000e+00    0.00000e+00    7.82541145E+10
    -2.56686518477484e-03    7.83721920095012e-04    -1.28861638995063e-04    1.2110093E-04    106.21    106.21    0.0505428717618508    0.00000e+00    0.00000e+00    7.83043418E+10
    -2.58006889145439e-03    7.87627918479607e-04    -1.29465455042338e-04    1.2013645E-04    105.67    105.67    0.0502595437318631    0.00000e+00    0.00000e+00    7.83545691E+10
    -2.59326624707471e-03    7.91532995718208e-04    -1.30069406837443e-04    1.1944838E-04    105.14    105.14    0.0503924346788304    0.00000e+00    0.00000e+00    7.84047964E+10
    -2.60645744556128e-03    7.95437248773552e-04    -1.30673445899011e-04    1.1907536E-04    104.62    104.62    0.0500388007053528    0.00000e+00    0.00000e+00    7.84550237E+10
    -2.61964277780232e-03    7.99340726127005e-04    -1.31277518897537e-04    1.1787236E-04    104.11    104.11    0.0496801000827258    0.00000e+00    0.00000e+00    7.85052510E+10
    -2.63282234076054e-03    8.03243476259937e-04    -1.31881577351652e-04    1.1665577E-04    103.60    103.60    0.0493460611115125    0.00000e+00    0.00000e+00    7.85554783E+10
    -2.64599637684280e-03    8.07145596135083e-04    -1.32485553387442e-04    1.1603935E-04    103.10    103.10    0.0489922541417321    0.00000e+00    0.00000e+00    7.86057056E+10
    -2.65916512845594e-03    8.11047134233812e-04    -1.33089403371674e-04    1.1546815E-04    102.61    102.61    0.0486428445655318    0.00000e+00    0.00000e+00    7.86559329E+10
    -2.67232869256269e-03    8.14948187518860e-04    -1.33693069126708e-04    1.1474499E-04    102.13    102.13    0.0483498221862774    0.00000e+00    0.00000e+00    7.87061601E+10
    -2.68548736005126e-03    8.18848755990227e-04    -1.34296492474901e-04    1.1419890E-04    101.65    101.65    0.0480998149264794    0.00000e+00    0.00000e+00    7.87563874E+10
    -2.69864122788439e-03    8.22748936610649e-04    -1.34899620086748e-04    1.1339513E-04    101.18    101.18    0.0478265739133087    0.00000e+00    0.00000e+00    7.88066147E+10
    -2.71179053846892e-03    8.26648777861494e-04    -1.35502398632745e-04    1.1309880E-04    100.71    100.71    0.0475576205545346    0.00000e+00    0.00000e+00    7.88568420E+10
    -2.72493548573031e-03    8.30548376705498e-04    -1.36104774783387e-04    1.1280529E-04    100.25    100.25    0.0477000732641756    0.00000e+00    0.00000e+00    7.89070693E+10
    -2.73807621511268e-03    8.34447733142662e-04    -1.36706695209169e-04    1.1244682E-04    99.80    99.80    0.0474434103862039    0.00000e+00    0.00000e+00    7.89572966E+10
    -2.75121296902287e-03    8.38346944135722e-04    -1.37308106580585e-04    1.1142984E-04    99.36    99.36    0.0471369572636695    0.00000e+00    0.00000e+00    7.90075239E+10
    -2.76434594138634e-03    8.42246058166045e-04    -1.37908955568131e-04    1.1118658E-04    98.92    98.92    0.0468168759882580    0.00000e+00    0.00000e+00    7.90577512E+10
    -2.77747537460994e-03    8.46145123715001e-04    -1.38509203386713e-04    1.1051910E-04    98.48    98.48    0.0465096336686606    0.00000e+00    0.00000e+00    7.91079784E+10
    -2.79060141413777e-03    8.50044189263956e-04    -1.39108796706825e-04    1.0963888E-04    98.06    98.06    0.0462390748113667    0.00000e+00    0.00000e+00    7.91582057E+10
    -2.80372435085804e-03    8.53943351775648e-04    -1.39707687047100e-04    1.0937401E-04    97.63    97.63    0.0457854091254579    0.00000e+00    0.00000e+00    7.92084330E+10
    -2.81684428173349e-03    8.57842659731443e-04    -1.40305830774305e-04    1.0869488E-04    97.22    97.22    0.0455409983676749    0.00000e+00    0.00000e+00    7.92586603E+10
    -2.82996149765233e-03    8.61742210094080e-04    -1.40903179407074e-04    1.0796154E-04    96.81    96.81    0.0453377129400521    0.00000e+00    0.00000e+00    7.93088876E+10
    -2.84307609557729e-03    8.65642051344925e-04    -1.41499689312174e-04    1.0691456E-04    96.40    96.40    0.0450909084126953    0.00000e+00    0.00000e+00    7.93591149E+10
    -2.85618826943384e-03    8.69542183483979e-04    -1.42095312008238e-04    1.0615013E-04    96.00    96.00    0.0448301617624335    0.00000e+00    0.00000e+00    7.94093422E+10
    -2.86929821314746e-03    8.73442751955346e-04    -1.42690008710171e-04    1.0588593E-04    95.61    95.61    0.0450805930443009    0.00000e+00    0.00000e+00    7.94595695E+10
    -2.88240607216225e-03    8.77343708277657e-04    -1.43283735784742e-04    1.0528778E-04    95.22    95.22    0.0448163220387872    0.00000e+00    0.00000e+00    7.95097967E+10
    -2.89551208888505e-03    8.81245149413650e-04    -1.43876449598719e-04    1.0519893E-04    94.83    94.83    0.0445283518388022    0.00000e+00    0.00000e+00    7.95600240E+10
    -2.90861640875997e-03    8.85147123844692e-04    -1.44468116215146e-04    1.0487208E-04    94.45    94.45    0.0442407237381986    0.00000e+00    0.00000e+00    7.96102513E+10
    -2.92171917723111e-03    8.89049631570783e-04    -1.45058692000789e-04    1.0410060E-04    94.08    94.08    0.0439367765855846    0.00000e+00    0.00000e+00    7.96604786E+10
    -2.93482058822394e-03    8.92952818036028e-04    -1.45648147866829e-04    1.0364403E-04    93.71    93.71    0.0437658028337041    0.00000e+00    0.00000e+00    7.97107059E+10
    -2.94792083566394e-03    8.96856683240426e-04    -1.46236435331898e-04    1.0287876E-04    93.34    93.34    0.0432290019293448    0.00000e+00    0.00000e+00    7.97609332E+10
    -2.96102006499520e-03    9.00761324146714e-04    -1.46823530155311e-04    1.0249439E-04    92.98    92.98    0.0430156215444545    0.00000e+00    0.00000e+00    7.98111605E+10
    -2.97411842166184e-03    9.04666740754892e-04    -1.47409393551975e-04    1.0215322E-04    92.62    92.62    0.0428145240118574    0.00000e+00    0.00000e+00    7.98613878E+10
    -2.98721605110796e-03    9.08572981546328e-04    -1.47993986736793e-04    1.0154879E-04    92.27    92.27    0.0426118107033925    0.00000e+00    0.00000e+00    7.99116151E+10
    -3.00031300181493e-03    9.12480095002390e-04    -1.48577275772810e-04    1.0077625E-04    91.92    91.92    0.0423721858917338    0.00000e+00    0.00000e+00    7.99618423E+10
    -3.01340951618958e-03    9.16388129604446e-04    -1.49159236419340e-04    9.9996213E-05    91.57    91.57    0.0426118205056552    0.00000e+00    0.00000e+00    8.00120696E+10
    -3.02650569119466e-03    9.20297085352496e-04    -1.49739829891290e-04    9.9077860E-05    91.23    91.23    0.0424063050505823    0.00000e+00    0.00000e+00    8.00622969E+10
    -3.03960162379289e-03    9.24207010727908e-04    -1.50319027099837e-04    9.8864778E-05    90.89    90.89    0.0421806206804168    0.00000e+00    0.00000e+00    8.01125242E+10
    -3.05269745942839e-03    9.28118002693418e-04    -1.50896798956163e-04    9.8433763E-05    90.56    90.56    0.0419103006136549    0.00000e+00    0.00000e+00    8.01627515E+10
    -3.06579334354526e-03    9.32030012767659e-04    -1.51473121219582e-04    9.8025479E-05    90.22    90.22    0.0416901469845521    0.00000e+00    0.00000e+00    8.02129788E+10
    -3.07888942158760e-03    9.35943089431999e-04    -1.52047964801273e-04    9.7479367E-05    89.90    89.90    0.0414839350830808    0.00000e+00    0.00000e+00    8.02632061E+10
    -3.09198574203678e-03    9.39857281167805e-04    -1.52621300612417e-04    9.6907382E-05    89.57    89.57    0.0409516374425121    0.00000e+00    0.00000e+00    8.03134334E+10
    -3.10508240185553e-03    9.43772636456445e-04    -1.53193104412328e-04    9.6597026E-05    89.25    89.25    0.0407289564277822    0.00000e+00    0.00000e+00    8.03636606E+10
