    -9.08007936057853e-06    4.86525454262016e-05    -3.50959486266211e-05    10079278.640743962    988.60958226767218    988.60958226767218    0.26958138962101719    0.00000e+00    0.00000e+00    668022929.08095038
    -9.52224059944589e-06    5.10229435765281e-05    -3.68055787063006e-05    9151321.3583430741    928.31503744311738    928.31503744311738    0.25241385192114496    0.00000e+00    0.00000e+00    673045657.87103271
    -9.96493949818598e-06    5.33971822610920e-05    -3.85177776511461e-05    8345383.1288528573    873.96469535313179    873.96469535313179    0.24330675892378384    0.00000e+00    0.00000e+00    678068386.66111505
    -1.04080895647023e-05    5.57748322959809e-05    -4.02322447737463e-05    7641005.6829501567    824.85998921919509    824.85998921919509    0.21995590799492221    0.00000e+00    0.00000e+00    683091115.45119739
    -1.08516221203587e-05    5.81555532625669e-05    -4.19487406035089e-05    7021567.5981142856    780.27384095206401    780.27384095206401    0.21378431059251021    0.00000e+00    0.00000e+00    688113844.24127972
    -1.12954835200994e-05    6.05390673107119e-05    -4.36670666880329e-05    6473924.1391877700    739.69076185156848    739.69076185156848    0.19571246119526411    0.00000e+00    0.00000e+00    693136573.03136206
    -1.17396322389484e-05    6.29251441890110e-05    -4.53870553823973e-05    5987500.5213330546    702.61694171447425    702.61694171447425    0.16429774715744347    0.00000e+00    0.00000e+00    698159301.82144439
    -1.21840341239454e-05    6.53135821191076e-05    -4.71085584336480e-05    5553667.8669374995    668.65617507302500    668.65617507302500    0.16324486565046706    0.00000e+00    0.00000e+00    703182030.61152673
    -1.26286605133226e-05    6.77042009425696e-05    -4.88314430668180e-05    5165265.2879728954    637.45910919823007    637.45910919823007    0.16332548285917117    0.00000e+00    0.00000e+00    708204759.40160906
    -1.30734868244663e-05    7.00968377870598e-05    -5.05555892146953e-05    4816271.7349941442    608.72340978572606    608.72340978572606    0.16162683455709873    0.00000e+00    0.00000e+00    713227488.19169140
    -1.35184919617885e-05    7.24913444252436e-05    -5.22808879544277e-05    4501579.9365659738    582.18387431958809    582.18387431958809    0.15813255318305941    0.00000e+00    0.00000e+00    718250216.98177373
    -1.39636579297081e-05    7.48875846279303e-05    -5.40072393560806e-05    4216854.6134329457    557.60886737614612    557.60886737614612    0.15635643925840531    0.00000e+00    0.00000e+00    723272945.77185607
    -1.44089693066960e-05    7.72854329208288e-05    -5.57345512885206e-05    3958404.5869517145    534.79632362151335    534.79632362151335    0.15442940548089004    0.00000e+00    0.00000e+00    728295674.56193841
    -1.48544125011418e-05    7.96847745436236e-05    -5.74627393480836e-05    3723076.0738567943    513.56963109151957    513.56963109151957    0.15292326618802762    0.00000e+00    0.00000e+00    733318403.35202074
    -1.52999751853766e-05    8.20855061207336e-05    -5.91917273647814e-05    3508164.6338614514    493.77410874983809    493.77410874983809    0.15225925478195096    0.00000e+00    0.00000e+00    738341132.14210308
    -1.57456464515376e-05    8.44875352740772e-05    -6.09214470773510e-05    3311366.9515477931    475.27586458795895    475.27586458795895    0.14992655973617341    0.00000e+00    0.00000e+00    743363860.93218541
    -1.61914165895284e-05    8.68907788822499e-05    -6.26518372239303e-05    3130728.1046617269    457.95975769980737    457.95975769980737    0.14850364838635435    0.00000e+00    0.00000e+00    748386589.72226775
    -1.66372767310545e-05    8.92951612343003e-05    -6.43828424409141e-05    2964541.8846271071    441.72268348967316    441.72268348967316    0.14718118637574915    0.00000e+00    0.00000e+00    753409318.51235008
    -1.70832186772754e-05    9.17006127863472e-05    -6.61144123758797e-05    2811326.0369608421    426.47325122171429    426.47325122171429    0.14578333310141633    0.00000e+00    0.00000e+00    758432047.30243242
    -1.75292347330572e-05    9.41070697015288e-05    -6.78465016145748e-05    2669781.0028698076    412.12987389364656    412.12987389364656    0.14485667294917484    0.00000e+00    0.00000e+00    763454776.09251475
    -1.79753175061341e-05    9.65144732551755e-05    -6.95790695349389e-05    2538757.3178290934    398.61860825231111    398.61860825231111    0.14318313276456468    0.00000e+00    0.00000e+00    768477504.88259709
    -1.84214597826376e-05    9.89227691507240e-05    -7.13120798074613e-05    2417237.5008202852    385.87238667192167    385.87238667192167    0.14219685016523420    0.00000e+00    0.00000e+00    773500233.67267942
    -1.88676544980879e-05    1.01331906938513e-04    -7.30454998227576e-05    2304321.2803108310    373.83068013636364    373.83068013636364    0.14047330620201035    0.00000e+00    0.00000e+00    778522962.46276176
    -1.93138948160238e-05    1.03741839474969e-04    -7.47793001123034e-05    2199211.4605319817    362.43874082252108    362.43874082252108    0.13930783589808668    0.00000e+00    0.00000e+00    783545691.25284410
    -1.97601741427686e-05    1.06152522619418e-04    -7.65134538334727e-05    2101196.0582557837    351.64683522684800    351.64683522684800    0.13830330422504708    0.00000e+00    0.00000e+00    788568420.04292643
    -2.02064861016556e-05    1.08563915002973e-04    -7.82479364002507e-05    2009642.6637579533    341.41004063826074    341.41004063826074    0.13676002558852091    0.00000e+00    0.00000e+00    793591148.83300877
    -2.06528245978479e-05    1.10975978084496e-04    -7.99827254422295e-05    1923993.4352306155    331.68843422672694    331.68843422672694    0.13554350260193188    0.00000e+00    0.00000e+00    798613877.62309110
    -2.10991839280468e-05    1.13388676339313e-04    -8.17178007725085e-05    1843749.7393748998    322.44590288315464    322.44590288315464    0.13447174510179019    0.00000e+00    0.00000e+00    803636606.41317344
    -2.15455587148914e-05    1.15801976962697e-04    -8.34531440713755e-05    1768463.7184105010    313.64937035185125    313.64937035185125    0.13327425168039420    0.00000e+00    0.00000e+00    808659335.20325565
    -2.19919438134161e-05    1.18215849438908e-04    -8.51887385834680e-05    1697737.5071163990    305.26917851641139    305.26917851641139    0.13209515942098154    0.00000e+00    0.00000e+00    813682063.99333799
    -2.24383342809363e-05    1.20630265126071e-04    -8.69245688820546e-05    1631216.6749463265    297.27863247840435    297.27863247840435    0.13093403159161782    0.00000e+00    0.00000e+00    818704792.78342032
    -2.28847253606353e-05    1.23045197210790e-04    -8.86606208573022e-05    1568577.7452135570    289.65295650344899    289.65295650344899    0.12979480005041788    0.00000e+00    0.00000e+00    823727521.57350266
    -2.33311124432037e-05    1.25460620629362e-04    -9.03968817019825e-05    1509525.4406039063    282.36907862960464    282.36907862960464    0.12889184167539972    0.00000e+00    0.00000e+00    828750250.36358500
    -2.37774910293795e-05    1.27876511872962e-04    -9.21333397383615e-05    1453790.4554488696    275.40553284354473    275.40553284354473    0.12757065821960367    0.00000e+00    0.00000e+00    833772979.15366733
    -2.42238567102961e-05    1.30292848845602e-04    -9.38699842355998e-05    1401126.8327470473    268.74239267755377    268.74239267755377    0.12647675742950579    0.00000e+00    0.00000e+00    838795707.94374967
    -2.46702051420538e-05    1.32709610745811e-04    -9.56068052653526e-05    1351310.9232024858    262.36130036537685    262.36130036537685    0.12544547520457408    0.00000e+00    0.00000e+00    843818436.73383200
    -2.51165320473477e-05    1.35126777981756e-04    -9.73437936500321e-05    1304141.4731348725    256.24565522508266    256.24565522508266    0.12433622665934217    0.00000e+00    0.00000e+00    848841165.52391434
    -2.55628332387354e-05    1.37544332148384e-04    -9.90809409614918e-05    1259435.1185365459    250.38020366145861    250.38020366145861    0.12310176230464297    0.00000e+00    0.00000e+00    853863894.31399667
    -2.60091046023817e-05    1.39962256057399e-04    -1.00818239513632e-04    1217023.4009498425    244.75069568710794    244.75069568710794    0.12222649369168695    0.00000e+00    0.00000e+00    858886623.10407901
    -2.64553420794950e-05    1.42380533716431e-04    -1.02555682316378e-04    1176750.9405103326    239.34379431366000    239.34379431366000    0.12116852178901644    0.00000e+00    0.00000e+00    863909351.89416134
    -2.69015416890639e-05    1.44799150199863e-04    -1.04293262982258e-04    1138475.0945498047    234.14703159837708    234.14703159837708    0.12016727616190437    0.00000e+00    0.00000e+00    868932080.68424368
    -2.73476995337599e-05    1.47218091522362e-04    -1.06030975665432e-04    1102064.3480666194    229.14875944497672    229.14875944497672    0.11912169127135178    0.00000e+00    0.00000e+00    873954809.47432601
    -2.77938118093994e-05    1.49637344541667e-04    -1.07768815005515e-04    1067397.1223127018    224.33809273944809    224.33809273944809    0.11815212058984681    0.00000e+00    0.00000e+00    878977538.26440835
    -2.82398748343750e-05    1.52056896912866e-04    -1.09506776119385e-04    1034361.9913158875    219.70487262744876    219.70487262744876    0.11721540767122052    0.00000e+00    0.00000e+00    884000267.05449069
    -2.86858850768124e-05    1.54476737038079e-04    -1.11244854567107e-04    1002855.3042333033    215.23961191074670    215.23961191074670    0.11628715913591682    0.00000e+00    0.00000e+00    889022995.84457302
    -2.91318391562599e-05    1.56896853994017e-04    -1.12983046290097e-04    972782.06678788923    210.93345657439207    210.93345657439207    0.11541135204019194    0.00000e+00    0.00000e+00    894045724.63465536
    -2.95777338372959e-05    1.59317237447849e-04    -1.14721347562014e-04    944054.45420537167    206.77813041956378    206.77813041956378    0.11448893238187795    0.00000e+00    0.00000e+00    899068453.42473769
    -3.00235660162613e-05    1.61737877598690e-04    -1.16459754945013e-04    916590.87274913338    202.76589452766277    202.76589452766277    0.11357890646062134    0.00000e+00    0.00000e+00    904091182.21482003
    -3.04693327275271e-05    1.64158765160802e-04    -1.18198265293444e-04    890316.33311328432    198.88954868218107    198.88954868218107    0.11280967174614290    0.00000e+00    0.00000e+00    909113911.00490236
    -3.09150311825207e-05    1.66579891414592e-04    -1.19936875810733e-04    865162.38883300184    195.14251055010575    195.14251055010575    0.11154593128499507    0.00000e+00    0.00000e+00    914136639.79498470
    -3.13606588081119e-05    1.69001248215080e-04    -1.21675584024305e-04    841065.37836647825    191.51870663999725    191.51870663999725    0.11067812135066225    0.00000e+00    0.00000e+00    919159368.58506703
    -3.18062132462214e-05    1.71422827945082e-04    -1.23414387716513e-04    817967.08650910237    188.01242511201133    188.01242511201133    0.11016779762958527    0.00000e+00    0.00000e+00    924182097.37514937
    -3.22516923416781e-05    1.73844623451848e-04    -1.25153284872104e-04    795812.42500159587    184.61828919067031    184.61828919067031    0.10931244609167826    0.00000e+00    0.00000e+00    929204826.16523170
    -3.26970941279798e-05    1.76266627996159e-04    -1.26892273638530e-04    774550.97666644910    181.33123041747598    181.33123041747598    0.10846828018836346    0.00000e+00    0.00000e+00    934227554.95531404
    -3.31424168173609e-05    1.78688835206902e-04    -1.28631352287455e-04    754134.64589107595    178.14645419545749    178.14645419545749    0.10763503310282604    0.00000e+00    0.00000e+00    939250283.74539638
    -3.35876587924863e-05    1.81111239044111e-04    -1.30370519189758e-04    734519.17005829886    175.05944801730777    175.05944801730777    0.10650314379640474    0.00000e+00    0.00000e+00    944273012.53547871
    -3.40328186004943e-05    1.83533833752367e-04    -1.32109772781594e-04    715663.32137655083    172.06599364640527    172.06599364640527    0.10570002551542115    0.00000e+00    0.00000e+00    949295741.32556105
    -3.44778949391254e-05    1.85956613825648e-04    -1.33849111542161e-04    697528.23494480434    169.16209417949943    169.16209417949943    0.10490649298078884    0.00000e+00    0.00000e+00    954318470.11564338
    -3.49228866455820e-05    1.88379573986961e-04    -1.35588533992230e-04    680077.46160736296    166.34394795075221    166.34394795075221    0.10412285784789516    0.00000e+00    0.00000e+00    959341198.90572572
    -3.53677926866117e-05    1.90802709171406e-04    -1.37328038700257e-04    663276.99120192882    163.60793847648458    163.60793847648458    0.10338607686855102    0.00000e+00    0.00000e+00    964363927.69580805
    -3.58126121453926e-05    1.93226014510584e-04    -1.39067624283267e-04    647094.28915879549    160.95061950297088    160.95061950297088    0.10262180841902595    0.00000e+00    0.00000e+00    969386656.48589039
    -3.62573442137698e-05    1.95649485320298e-04    -1.40807289404063e-04    631499.36197430140    158.36876453385898    158.36876453385898    0.10205154407009093    0.00000e+00    0.00000e+00    974409385.27597272
    -3.67019881849741e-05    1.98073117091296e-04    -1.42547032768966e-04    616463.26419960102    155.85930345558040    155.85930345558040    0.10138149602378183    0.00000e+00    0.00000e+00    979432114.06605506
    -3.71465434491078e-05    2.00496905485983e-04    -1.44286853124814e-04    601959.48750099563    153.41928529701883    153.41928529701883    0.10063811174336267    0.00000e+00    0.00000e+00    984454842.85613739
    -3.75910094927508e-05    2.02920846349267e-04    -1.46026749263704e-04    587963.05277758697    151.04597290690751    151.04597290690751    9.9904761274419482E-002    0.00000e+00    0.00000e+00    989477571.64621973
    -3.80353858934356e-05    2.05344935699433e-04    -1.47766720026186e-04    574450.40684524493    148.73676465059074    148.73676465059074    9.9178496971386101E-002    0.00000e+00    0.00000e+00    994500300.43630207
    -3.84796723107167e-05    2.07769169705871e-04    -1.49506764309148e-04    561399.64567950147    146.48917246058585    146.48917246058585    9.8453375126109285E-002    0.00000e+00    0.00000e+00    999523029.22638440
    -3.89238684755207e-05    2.10193544673534e-04    -1.51246881064210e-04    548789.45158556837    144.30082982716200    144.30082982716200    9.7754002728727779E-002    0.00000e+00    0.00000e+00    1004545758.0164667
    -3.93679741817332e-05    2.12618057031630e-04    -1.52987069297807e-04    536600.00673728902    142.16948634786780    142.16948634786780    9.7054555307527046E-002    0.00000e+00    0.00000e+00    1009568486.8065491
    -3.98119892800692e-05    2.15042703325431e-04    -1.54727328068593e-04    524812.87024396437    140.09299625488640    140.09299625488640    9.6387962585477507E-002    0.00000e+00    0.00000e+00    1014591215.5966314
    -4.02559136717874e-05    2.17467480215128e-04    -1.56467656480496e-04    513410.15939962777    138.06933805223545    138.06933805223545    9.5612628170008485E-002    0.00000e+00    0.00000e+00    1019613944.3867137
    -4.06997473011892e-05    2.19892384480818e-04    -1.58208053679261e-04    502375.37313306809    136.09659538303004    136.09659538303004    9.4939570893683739E-002    0.00000e+00    0.00000e+00    1024636673.1767961
    -4.11434901477742e-05    2.22317413017115e-04    -1.59948518851303e-04    491692.73822963831    134.17293914945316    134.17293914945316    9.4156862245159637E-002    0.00000e+00    0.00000e+00    1029659401.9668784
    -4.15871422187789e-05    2.24742562824633e-04    -1.61689051221184e-04    481347.43481438729    132.29662097988850    132.29662097988850    9.3502068166445643E-002    0.00000e+00    0.00000e+00    1034682130.7569607
    -4.20307035471387e-05    2.27167831002703e-04    -1.63429650050242e-04    471325.27566436306    130.46596497184584    130.46596497184584    9.2867975768088404E-002    0.00000e+00    0.00000e+00    1039704859.5470431
    -4.24741741897122e-05    2.29593214744399e-04    -1.65170314634822e-04    461612.80065253028    128.67936478678823    128.67936478678823    9.2211947138188005E-002    0.00000e+00    0.00000e+00    1044727588.3371254
    -4.29175542252675e-05    2.32018711331558e-04    -1.66911044304460e-04    452197.11366664420    126.93528752851910    126.93528752851910    9.1590186349038552E-002    0.00000e+00    0.00000e+00    1049750317.1272078
    -4.33608437538327e-05    2.34444318137330e-04    -1.68651838425676e-04    443066.55500179261    125.23230944083247    125.23230944083247    9.0954004227517607E-002    0.00000e+00    0.00000e+00    1054773045.9172901
    -4.38040428967623e-05    2.36870032629816e-04    -1.70392696402358e-04    434209.56728103408    123.56907100315398    123.56907100315398    9.0340232008602889E-002    0.00000e+00    0.00000e+00    1059795774.7073724
    -4.42471517962418e-05    2.39295852366371e-04    -1.72133617668503e-04    425615.49492575979    121.94426270177063    121.94426270177063    8.9728681808719096E-002    0.00000e+00    0.00000e+00    1064818503.4974548
    -4.46901706207469e-05    2.41721774990572e-04    -1.73874601679529e-04    417273.97173395846    120.35662784293245    120.35662784293245    8.9123949164257657E-002    0.00000e+00    0.00000e+00    1069841232.2875371
    -4.51330995730561e-05    2.44147798234008e-04    -1.75615647902438e-04    409175.23409411212    118.80495895012976    118.80495895012976    8.8521865889499854E-002    0.00000e+00    0.00000e+00    1074863961.0776193
    -4.55759388846901e-05    2.46573919916860e-04    -1.77356755808790e-04    401309.87593170826    117.28809345279598    117.28809345279598    8.7939537861979125E-002    0.00000e+00    0.00000e+00    1079886689.8677018
    -4.60186888113401e-05    2.49000137944911e-04    -1.79097924874070e-04    393669.03472680994    115.80491236740974    115.80491236740974    8.7340609184790224E-002    0.00000e+00    0.00000e+00    1084909418.6577840
    -4.64613496306775e-05    2.51426450305486e-04    -1.80839154578752e-04    386244.06419721985    114.35433875792684    114.35433875792684    8.6864638255604823E-002    0.00000e+00    0.00000e+00    1089932147.4478664
    -4.69039216398464e-05    2.53852855064685e-04    -1.82580444407910e-04    379026.91349718801    112.93533739586212    112.93533739586212    8.6291109956936840E-002    0.00000e+00    0.00000e+00    1094954876.2379487
    -4.73464051538951e-05    2.56279350364542e-04    -1.84321793847696e-04    372009.71343610581    111.54691303231589    111.54691303231589    8.5715877262345294E-002    0.00000e+00    0.00000e+00    1099977605.0280311
    -4.77888005060379e-05    2.58705934420371e-04    -1.86063202382734e-04    365185.13855497784    110.18810783713334    110.18810783713334    8.5157896467406347E-002    0.00000e+00    0.00000e+00    1105000333.8181133
    -4.82311080479265e-05    2.61132605515002e-04    -1.87804669498690e-04    358546.10280736804    108.85800037235924    108.85800037235924    8.4602862987425725E-002    0.00000e+00    0.00000e+00    1110023062.6081958
    -4.86733281526976e-05    2.63559361996807e-04    -1.89546194687630e-04    352085.75292053062    107.55570499997563    107.55570499997563    8.4051111384995866E-002    0.00000e+00    0.00000e+00    1115045791.3982780
    -4.91154612173274e-05    2.65986202284356e-04    -1.91287777451578e-04    345797.62872522481    106.28037432653915    106.28037432653915    8.3508020779892084E-002    0.00000e+00    0.00000e+00    1120068520.1883605
    -4.95575076602594e-05    2.68413124862946e-04    -1.93029417303891e-04    339675.55538713938    105.03119971548651    105.03119971548651    8.2970600337720399E-002    0.00000e+00    0.00000e+00    1125091248.9784427
    -4.99994679179649e-05    2.70840128280022e-04    -1.94771113768022e-04    333713.70822259766    103.80739036475079    103.80739036475079    8.2441131730835004E-002    0.00000e+00    0.00000e+00    1130113977.7685251
    -5.04413424439685e-05    2.73267211138651e-04    -1.96512866374870e-04    327906.51179458835    102.60818526984205    102.60818526984205    8.1915094689144846E-002    0.00000e+00    0.00000e+00    1135136706.5586073
    -5.08831317086353e-05    2.75694372094397e-04    -1.98254674660224e-04    322248.62739084853    101.43287902979471    101.43287902979471    8.1394433496394386E-002    0.00000e+00    0.00000e+00    1140159435.3486898
    -5.13248361976937e-05    2.78121609854337e-04    -1.99996538162004e-04    316734.86696112854    100.28079295664405    100.28079295664405    8.0879230389661189E-002    0.00000e+00    0.00000e+00    1145182164.1387720
    -5.17664564091269e-05    2.80548923175938e-04    -2.01738456417303e-04    311360.48070977710    99.151270820574098    99.151270820574098    8.0369476051486324E-002    0.00000e+00    0.00000e+00    1150204892.9288545
    -5.22079928512374e-05    2.82976310864182e-04    -2.03480428961093e-04    306120.69595410547    98.043667117636915    98.043667117636915    7.9864910553353638E-002    0.00000e+00    0.00000e+00    1155227621.7189367
    -5.26494460417527e-05    2.85403771768225e-04    -2.05222455327196e-04    301011.07877997338    96.957380881914773    96.957380881914773    7.9365550750756311E-002    0.00000e+00    0.00000e+00    1160250350.5090191
    -5.30908165075114e-05    2.87831304786131e-04    -2.06964535053802e-04    296027.37320139533    95.891830352172164    95.891830352172164    7.8870967950228882E-002    0.00000e+00    0.00000e+00    1165273079.2991014
    -5.35321047863683e-05    2.90258908870857e-04    -2.08706667689052e-04    291165.42640342267    94.846452820104744    94.846452820104744    7.8381770358854477E-002    0.00000e+00    0.00000e+00    1170295808.0891838
    -5.39733114265973e-05    2.92686583027608e-04    -2.10448852791019e-04    286421.31788340904    93.820705735746614    93.820705735746614    7.7897457061661374E-002    0.00000e+00    0.00000e+00    1175318536.8792660
    -5.44144369837696e-05    2.95114326309155e-04    -2.12191089927568e-04    281791.28100240760    92.814064879132602    92.814064879132602    7.7418171101962655E-002    0.00000e+00    0.00000e+00    1180341265.6693485
    -5.48554820190827e-05    2.97542137810716e-04    -2.13933378675323e-04    277271.63370782894    91.826026489633250    91.826026489633250    7.6943715865769938E-002    0.00000e+00    0.00000e+00    1185363994.4594307
    -5.52964470983550e-05    2.99970016669304e-04    -2.15675718619352e-04    272858.90014305589    90.856108820065529    90.856108820065529    7.6473990735788436E-002    0.00000e+00    0.00000e+00    1190386723.2495131
    -5.57373327909226e-05    3.02397962061914e-04    -2.17418109352964e-04    268549.85710875591    89.903845524905663    89.903845524905663    7.6009032225384202E-002    0.00000e+00    0.00000e+00    1195409452.0395954
    -5.61781396686755e-05    3.04825973202874e-04    -2.19160550477286e-04    264341.28221731482    88.968785678969681    88.968785678969681    7.5521488949208584E-002    0.00000e+00    0.00000e+00    1200432180.8296778
    -5.66188683057360e-05    3.07254049342990e-04    -2.20903041602025e-04    260230.07524538311    88.050502842360800    88.050502842360800    7.5066220599071060E-002    0.00000e+00    0.00000e+00    1205454909.6197600
    -5.70595192787150e-05    3.09682189770012e-04    -2.22645582347197e-04    256213.36463768309    87.148588135310462    87.148588135310462    7.4615430237460242E-002    0.00000e+00    0.00000e+00    1210477638.4098425
    -5.75000931661074e-05    3.12110393806535e-04    -2.24388172343143e-04    252288.32644627153    86.262644029877364    86.262644029877364    7.4169104201248004E-002    0.00000e+00    0.00000e+00    1215500367.1999247
    -5.79405905480473e-05    3.14538660806959e-04    -2.26130811229461e-04    248452.34677244848    85.392285165666578    85.392285165666578    7.3663518403350267E-002    0.00000e+00    0.00000e+00    1220523095.9900072
    -5.83810120064754e-05    3.16966990154522e-04    -2.27873498653718e-04    244702.74338952443    84.537137737877288    84.537137737877288    7.3314854012959119E-002    0.00000e+00    0.00000e+00    1225545824.7800894
    -5.88213581253481e-05    3.19395381259330e-04    -2.29616234270737e-04    241036.98428814625    83.696838567391296    83.696838567391296    7.2881031985605499E-002    0.00000e+00    0.00000e+00    1230568553.5701718
    -5.92616294898191e-05    3.21823833556742e-04    -2.31359017742419e-04    237452.72888758604    82.871034013659781    82.871034013659781    7.2454669188583121E-002    0.00000e+00    0.00000e+00    1235591282.3602540
    -5.97018266854228e-05    3.24252346505606e-04    -2.33101848737752e-04    233947.56641914716    82.059379585923480    82.059379585923480    7.2039374064054792E-002    0.00000e+00    0.00000e+00    1240614011.1503365
    -6.01419502976988e-05    3.26680919586519e-04    -2.34844726932504e-04    230519.27043691895    81.261538589991048    81.261538589991048    7.1617727441685833E-002    0.00000e+00    0.00000e+00    1245636739.9404187
    -6.05820009119860e-05    3.29109552299635e-04    -2.36587652008861e-04    227165.59501154724    80.477188386253445    80.477188386253445    7.1200144272713456E-002    0.00000e+00    0.00000e+00    1250659468.7305012
    -6.10219791130511e-05    3.31538244160237e-04    -2.38330623654231e-04    223884.51466260251    79.706019756856548    79.706019756856548    7.0718093665386714E-002    0.00000e+00    0.00000e+00    1255682197.5205834
    -6.14618854844628e-05    3.33966994696228e-04    -2.40073641560697e-04    220673.97827881714    78.947731597665367    78.947731597665367    7.0366961856732704E-002    0.00000e+00    0.00000e+00    1260704926.3106658
    -6.19017206080443e-05    3.36395803447325e-04    -2.41816705424764e-04    217532.00529537298    78.202030186767146    78.202030186767146    6.9904261066127432E-002    0.00000e+00    0.00000e+00    1265727655.1007481
    -6.23414850634251e-05    3.38824669964224e-04    -2.43559814947073e-04    214456.77115040820    77.468628970564993    77.468628970564993    6.9503105467024012E-002    0.00000e+00    0.00000e+00    1270750383.8908305
    -6.27811794277020e-05    3.41253593807568e-04    -2.45302969832367e-04    211446.42301241719    76.747248536814169    76.747248536814169    6.9114858436200979E-002    0.00000e+00    0.00000e+00    1275773112.6809127
    -6.32208042749844e-05    3.43682574547120e-04    -2.47046169789389e-04    208499.12816791478    76.037616440658297    76.037616440658297    6.8721035029522926E-002    0.00000e+00    0.00000e+00    1280795841.4709952
    -6.36603601758572e-05    3.46111611761164e-04    -2.48789414531198e-04    205613.24241585945    75.339466953732014    75.339466953732014    6.8322037767560795E-002    0.00000e+00    0.00000e+00    1285818570.2610774
    -6.40998476971061e-05    3.48540705036061e-04    -2.50532703775167e-04    202787.05017776898    74.652541731286078    74.652541731286078    6.7935658329799697E-002    0.00000e+00    0.00000e+00    1290841299.0511596
    -6.45392674019759e-05    3.50969853964121e-04    -2.52276037241911e-04    200018.97495276044    73.976598281541925    73.976598281541925    6.7606581879148739E-002    0.00000e+00    0.00000e+00    1295864027.8412421
    -6.49786198504014e-05    3.53399058140877e-04    -2.54019414654110e-04    197307.49068831289    73.311408004616140    73.311408004616140    6.7173654953119888E-002    0.00000e+00    0.00000e+00    1300886756.6313243
    -6.54179055992218e-05    3.55828317164710e-04    -2.55762835736313e-04    194651.11989175205    72.656737205686042    72.656737205686042    6.6850360140772738E-002    0.00000e+00    0.00000e+00    1305909485.4214067
    -6.58571252025438e-05    3.58257630636853e-04    -2.57506300215210e-04    192048.43182250825    72.012358974368539    72.012358974368539    6.6425509664931853E-002    0.00000e+00    0.00000e+00    1310932214.2114890
    -6.62962792118044e-05    3.60686998162105e-04    -2.59249807820491e-04    189498.00332373756    71.378052790939691    71.378052790939691    6.6107940263981049E-002    0.00000e+00    0.00000e+00    1315954943.0015714
    -6.67353681757041e-05    3.63116419352135e-04    -2.60993358287624e-04    186998.49401058882    70.753605124335621    70.753605124335621    6.5749483712802051E-002    0.00000e+00    0.00000e+00    1320977671.7916536
    -6.71743926396989e-05    3.65545893826485e-04    -2.62736951358533e-04    184548.56903918416    70.138793362632711    70.138793362632711    6.5386535591858419E-002    0.00000e+00    0.00000e+00    1326000400.5817361
    -6.76133531457347e-05    3.67975421212450e-04    -2.64480586780834e-04    182147.00725971794    69.533410259040423    69.533410259040423    6.5027080124336181E-002    0.00000e+00    0.00000e+00    1331023129.3718183
    -6.80522502320451e-05    3.70405001144655e-04    -2.66224264307364e-04    179792.48408773469    68.937257994468368    68.937257994468368    6.4670657490107517E-002    0.00000e+00    0.00000e+00    1336045858.1619008
    -6.84910844331783e-05    3.72834633264780e-04    -2.67967983695996e-04    177483.89094609139    68.350142662056584    68.350142662056584    6.4317436328809888E-002    0.00000e+00    0.00000e+00    1341068586.9519830
    -6.89298562804435e-05    3.75264317223423e-04    -2.69711744710287e-04    175219.98170620619    67.771877408164599    67.771877408164599    6.3967155645012222E-002    0.00000e+00    0.00000e+00    1346091315.7420654
    -6.93685663018720e-05    3.77694052681302e-04    -2.71455547120160e-04    172999.68430961200    67.202280738716723    67.202280738716723    6.3620199720304846E-002    0.00000e+00    0.00000e+00    1351114044.5321476
    -6.98072150220239e-05    3.80123839308711e-04    -2.73199390701625e-04    170821.92503521126    66.641175041966832    66.641175041966832    6.3276348987785128E-002    0.00000e+00    0.00000e+00    1356136773.3222301
    -7.02458029618133e-05    3.82553676784813e-04    -2.74943275236330e-04    168685.63017568996    66.088386581323874    66.088386581323874    6.2935529909722981E-002    0.00000e+00    0.00000e+00    1361159502.1123123
    -7.06843306382407e-05    3.84983564796963e-04    -2.76687200511250e-04    166589.75909403866    65.543745381624092    65.543745381624092    6.2597724163031401E-002    0.00000e+00    0.00000e+00    1366182230.9023948
    -7.11227985641573e-05    3.87413503039919e-04    -2.78431166318318e-04    164533.33403584964    65.007085195482219    65.007085195482219    6.2262878296886030E-002    0.00000e+00    0.00000e+00    1371204959.6924770
    -7.15612072481832e-05    3.89843491214911e-04    -2.80175172453491e-04    162515.37544222226    64.478243479523556    64.478243479523556    6.1930974624615290E-002    0.00000e+00    0.00000e+00    1376227688.4825594
    -7.19995571947634e-05    3.92273529029323e-04    -2.81919218715663e-04    160534.96345573681    63.957061277681966    63.957061277681966    6.1601960993963617E-002    0.00000e+00    0.00000e+00    1381250417.2726417
    -7.24378489040991e-05    3.94703616196379e-04    -2.83663304906475e-04    158591.14586575128    63.443383317910950    63.443383317910950    6.1275820545065654E-002    0.00000e+00    0.00000e+00    1386273146.0627241
    -7.28760828718691e-05    3.97133752434596e-04    -2.85407430830373e-04    156683.02908814608    62.937057916822006    62.937057916822006    6.0952502435259334E-002    0.00000e+00    0.00000e+00    1391295874.8528063
    -7.33142595891273e-05    3.99563937467295e-04    -2.87151596294663e-04    154809.80336320933    62.437937017365932    62.437937017365932    6.0631973707977058E-002    0.00000e+00    0.00000e+00    1396318603.6428888
    -7.37523795419806e-05    4.01994171022287e-04    -2.88895801109529e-04    152970.56846574642    61.945876484648956    61.945876484648956    6.0314201862104060E-002    0.00000e+00    0.00000e+00    1401341332.4329710
    -7.41904432109002e-05    4.04424452831508e-04    -2.90640045087871e-04    151164.53572771611    61.460735685123922    61.460735685123922    5.9993129367424444E-002    0.00000e+00    0.00000e+00    1406364061.2230535
    -7.46284510704443e-05    4.06854782630465e-04    -2.92384328044550e-04    149390.93869803828    60.982376374669464    60.982376374669464    5.9686817598250001E-002    0.00000e+00    0.00000e+00    1411386790.0131357
    -7.50664035890441e-05    4.09285160157372e-04    -2.94128649795248e-04    147648.95188480787    60.510662695197233    60.510662695197233    5.9377142316421071E-002    0.00000e+00    0.00000e+00    1416409518.8032181
    -7.55043012290025e-05    4.11715585152664e-04    -2.95873010156093e-04    145937.85482486186    60.045461995185356    60.045461995185356    5.9070098356575756E-002    0.00000e+00    0.00000e+00    1421432247.5933003
    -7.59421444466380e-05    4.14146057358886e-04    -2.97617408943612e-04    144256.92097228288    59.586644880506221    59.586644880506221    5.8765655565693492E-002    0.00000e+00    0.00000e+00    1426454976.3833828
    -7.63799336924431e-05    4.16576576520744e-04    -2.99361845974670e-04    142605.41903421399    59.134085068683000    59.134085068683000    5.8463768327399954E-002    0.00000e+00    0.00000e+00    1431477705.1734650
    -7.68176694110593e-05    4.19007142385076e-04    -3.01106321066480e-04    140982.66468074292    58.687659297599787    58.687659297599787    5.8158922505714888E-002    0.00000e+00    0.00000e+00    1436500433.9635475
    -7.72553520412794e-05    4.21437754700768e-04    -3.02850834036649e-04    139387.99302656925    58.247247316018822    58.247247316018822    5.7867607546395819E-002    0.00000e+00    0.00000e+00    1441523162.7536297
    -7.76929820160888e-05    4.23868413218631e-04    -3.04595384703249e-04    137820.75798037526    57.812731820290615    57.812731820290615    5.7573276374602522E-002    0.00000e+00    0.00000e+00    1446545891.5437121
    -7.81305597626219e-05    4.26299117691360e-04    -3.06339972884752e-04    136280.30749727346    57.383998558326262    57.383998558326262    5.7281386446444447E-002    0.00000e+00    0.00000e+00    1451568620.3337944
    -7.85680857021064e-05    4.28729867873580e-04    -3.08084598399919e-04    134766.00852582135    56.960936114069639    56.960936114069639    5.6991910431379481E-002    0.00000e+00    0.00000e+00    1456591349.1238768
    -7.90055602498965e-05    4.31160663521801e-04    -3.09829261067753e-04    133277.34001916621    56.543435807492912    56.543435807492912    5.6699732025328152E-002    0.00000e+00    0.00000e+00    1461614077.9139590
    -7.94429838155222e-05    4.33591504394364e-04    -3.11573960707361e-04    131813.60858090178    56.131391798149359    56.131391798149359    5.6415108546444701E-002    0.00000e+00    0.00000e+00    1466636806.7040415
    -7.98803568027907e-05    4.36022390251574e-04    -3.13318697137662e-04    130374.37084200885    55.724700904788655    55.724700904788655    5.6137787894758207E-002    0.00000e+00    0.00000e+00    1471659535.4941237
    -8.03176796098380e-05    4.38453320855896e-04    -3.15063470177466e-04    128959.01280287578    55.323262416599270    55.323262416599270    5.5852848078236830E-002    0.00000e+00    0.00000e+00    1476682264.2842062
    -8.07549526290322e-05    4.40884295972613e-04    -3.16808279646373e-04    127567.02760427106    54.926977999363061    54.926977999363061    5.5575159640428674E-002    0.00000e+00    0.00000e+00    1481704993.0742884
    -8.11921762470576e-05    4.43315315370026e-04    -3.18553125365237e-04    126197.83436605347    54.535751583865846    54.535751583865846    5.5299741728790104E-002    0.00000e+00    0.00000e+00    1486727721.8643708
    -8.16293508450445e-05    4.45746378819078e-04    -3.20298007155945e-04    124850.99860754084    54.149489351172036    54.149489351172036    5.5026554880524506E-002    0.00000e+00    0.00000e+00    1491750450.6544530
    -8.20664767985616e-05    4.48177486092545e-04    -3.22042924840608e-04    123526.01092901372    53.768099600385732    53.768099600385732    5.4755589019176744E-002    0.00000e+00    0.00000e+00    1496773179.4445355
    -8.25035544776327e-05    4.50608636964720e-04    -3.23787878241382e-04    122222.41788864220    53.391492797587283    53.391492797587283    5.4487108710961352E-002    0.00000e+00    0.00000e+00    1501795908.2346177
    -8.29405842467883e-05    4.53039831211340e-04    -3.25532867180450e-04    120939.69519246634    53.019581414305534    53.019581414305534    5.4220166673927102E-002    0.00000e+00    0.00000e+00    1506818637.0247002
    -8.33775664650578e-05    4.55471068609548e-04    -3.27277891479909e-04    119677.41535529777    52.652279967856003    52.652279967856003    5.3955985762558181E-002    0.00000e+00    0.00000e+00    1511841365.8147824
    -8.38145014859416e-05    4.57902348937804e-04    -3.29022950961584e-04    118435.16152793547    52.289504916151067    52.289504916151067    5.3693611235065053E-002    0.00000e+00    0.00000e+00    1516864094.6048648
    -8.42513896574126e-05    4.60333671975737e-04    -3.30768045446885e-04    117212.48772653879    51.931174597863574    51.931174597863574    5.3433326149097946E-002    0.00000e+00    0.00000e+00    1521886823.3949471
    -8.46882313220134e-05    4.62765037504068e-04    -3.32513174756775e-04    116008.96015052847    51.577209262904859    51.577209262904859    5.3174764592090834E-002    0.00000e+00    0.00000e+00    1526909552.1850295
    -8.51250268168153e-05    4.65196445304390e-04    -3.34258338711696e-04    114824.23357469357    51.227531727580406    51.227531727580406    5.2918589091399341E-002    0.00000e+00    0.00000e+00    1531932280.9751117
    -8.55617764735161e-05    4.67627895158547e-04    -3.36003537130961e-04    113657.81854235916    50.882067414682524    50.882067414682524    5.2664423147095206E-002    0.00000e+00    0.00000e+00    1536955009.7651942
    -8.59984806185753e-05    4.70059386848073e-04    -3.37748769832329e-04    112509.42765668388    50.540743396490939    50.540743396490939    5.2412595737279258E-002    0.00000e+00    0.00000e+00    1541977738.5552764
    -8.64351395733566e-05    4.72490920153791e-04    -3.39494036631869e-04    111378.63076475279    50.203488259820979    50.203488259820979    5.2162414217918611E-002    0.00000e+00    0.00000e+00    1547000467.3453588
    -8.68717536542706e-05    4.74922494855854e-04    -3.41239337344076e-04    110265.11932255115    49.870232081325028    49.870232081325028    5.1914178912919579E-002    0.00000e+00    0.00000e+00    1552023196.1354411
    -8.73083231728587e-05    4.77354110733866e-04    -3.42984671781961e-04    109168.48339944122    49.540906408267482    49.540906408267482    5.1667882526421405E-002    0.00000e+00    0.00000e+00    1557045924.9255235
    -8.77448484358759e-05    4.79785767566956e-04    -3.44730039757183e-04    108088.39572258336    49.215444233514738    49.215444233514738    5.1423491634784477E-002    0.00000e+00    0.00000e+00    1562068653.7156057
    -8.81813297453426e-05    4.82217465133837e-04    -3.46475441080201e-04    107024.53672974026    48.893779933860614    48.893779933860614    5.1180999249733912E-002    0.00000e+00    0.00000e+00    1567091382.5056882
    -8.86177673986138e-05    4.84649203212874e-04    -3.48220875560407e-04    105976.59435635344    48.575849285027189    48.575849285027189    5.0940372670222139E-002    0.00000e+00    0.00000e+00    1572114111.2957704
    -8.90541616884851e-05    4.87080981582187e-04    -3.49966343006266e-04    104944.22977736664    48.261589455653315    48.261589455653315    5.0698925367954908E-002    0.00000e+00    0.00000e+00    1577136840.0858529
    -8.94905129033780e-05    4.89512800019913e-04    -3.51711843225451e-04    103927.11301673474    47.950939551050176    47.950939551050176    5.0462029136969462E-002    0.00000e+00    0.00000e+00    1582159568.8759351
    -8.99268213275071e-05    4.91944658304493e-04    -3.53457376024987e-04    102924.95585647973    47.643840165828685    47.643840165828685    5.0229545657691291E-002    0.00000e+00    0.00000e+00    1587182297.6660175
    -9.03630872409260e-05    4.94376556214686e-04    -3.55202941211391e-04    101937.47669786139    47.340233092764379    47.340233092764379    4.9996215811426728E-002    0.00000e+00    0.00000e+00    1592205026.4560997
    -9.07993109195813e-05    4.96808493529584e-04    -3.56948538590798e-04    100964.40038318191    47.040061231600284    47.040061231600284    4.9768131484564333E-002    0.00000e+00    0.00000e+00    1597227755.2461822
    -9.12354926354459e-05    4.99240470028630e-04    -3.58694167969029e-04    100005.39415865965    46.743268624784058    46.743268624784058    4.9534851467096921E-002    0.00000e+00    0.00000e+00    1602250484.0362644
    -9.16716326566168e-05    5.01672485491610e-04    -3.60439829151643e-04    99060.260707221300    46.449800383706055    46.449800383706055    4.9310172129359668E-002    0.00000e+00    0.00000e+00    1607273212.8263469
    -9.21077312473694e-05    5.04104539698657e-04    -3.62185521943986e-04    98128.649729711149    46.159602727161349    46.159602727161349    4.9083784528267504E-002    0.00000e+00    0.00000e+00    1612295941.6164291
    -9.25437886682099e-05    5.06536632430270e-04    -3.63931246151256e-04    97210.344355256180    45.872622903808676    45.872622903808676    4.8859097517481853E-002    0.00000e+00    0.00000e+00    1617318670.4065113
    -9.29798051760072e-05    5.08968763467279e-04    -3.65677001578613e-04    96305.101330615609    45.588809182690682    45.588809182690682    4.8632852475548251E-002    0.00000e+00    0.00000e+00    1622341399.1965938
    -9.34157810242517e-05    5.11400932590684e-04    -3.67422788031381e-04    95412.622823237660    45.308110781696399    45.308110781696399    4.8411559630063480E-002    0.00000e+00    0.00000e+00    1627364127.9866760
    -9.38517164632212e-05    5.13833139581600e-04    -3.69168605315271e-04    94532.708081524674    45.030477840151285    45.030477840151285    4.8191915672452595E-002    0.00000e+00    0.00000e+00    1632386856.7767584
    -9.42876117400578e-05    5.16265384221314e-04    -3.70914453236470e-04    93665.101434399548    44.755861480832372    44.755861480832372    4.7976640056257278E-002    0.00000e+00    0.00000e+00    1637409585.5668406
    -9.47234670988568e-05    5.18697666291311e-04    -3.72660331601702e-04    92809.582498973788    44.484213898273602    44.484213898273602    4.7757132688580214E-002    0.00000e+00    0.00000e+00    1642432314.3569231
    -9.51592827808580e-05    5.21129985573273e-04    -3.74406240218399e-04    91965.907131698477    44.215488601900283    44.215488601900283    4.7542335244252040E-002    0.00000e+00    0.00000e+00    1647455043.1470053
    -9.55950590246012e-05    5.23562341848990e-04    -3.76152178894737e-04    91133.893662437928    43.949640066213512    43.949640066213512    4.7329110247568154E-002    0.00000e+00    0.00000e+00    1652477771.9370878
    -9.60307960659433e-05    5.25994734900340e-04    -3.77898147439636e-04    90313.252092028648    43.686623646420252    43.686623646420252    4.7117464918952794E-002    0.00000e+00    0.00000e+00    1657500500.7271700
    -9.64664941380954e-05    5.28427164509183e-04    -3.79644145662707e-04    89503.838558999632    43.426396270866185    43.426396270866185    4.6907360900779890E-002    0.00000e+00    0.00000e+00    1662523229.5172524
    -9.69021534717570e-05    5.30859630456945e-04    -3.81390173373917e-04    88705.429170560354    43.168916297874716    43.168916297874716    4.6698794275326229E-002    0.00000e+00    0.00000e+00    1667545958.3073347
    -9.73377742952874e-05    5.33292132524599e-04    -3.83136230383552e-04    87917.832401079751    42.914142785208078    42.914142785208078    4.6491749868809266E-002    0.00000e+00    0.00000e+00    1672568687.0974171
    -9.77733568348639e-05    5.35724670492866e-04    -3.84882316502247e-04    87140.834200191079    42.662035681983738    42.662035681983738    4.6286212709652989E-002    0.00000e+00    0.00000e+00    1677591415.8874993
    -9.82089013145390e-05    5.38157244142312e-04    -3.86628431540922e-04    86374.251978508910    42.412555679720967    42.412555679720967    4.6082157019758943E-002    0.00000e+00    0.00000e+00    1682614144.6775818
    -9.86444079562793e-05    5.40589853253405e-04    -3.88374575310816e-04    85617.932928375871    42.165664140599269    42.165664140599269    4.5879568407836677E-002    0.00000e+00    0.00000e+00    1687636873.4676640
    -9.90798769799860e-05    5.43022497606593e-04    -3.90120747623554e-04    84871.675451258154    41.921323079910728    41.921323079910728    4.5678833336546557E-002    0.00000e+00    0.00000e+00    1692659602.2577465
    -9.95153086035066e-05    5.45455176982353e-04    -3.91866948291211e-04    84135.282801208392    41.679495177730232    41.679495177730232    4.5479159087874213E-002    0.00000e+00    0.00000e+00    1697682331.0478287
    -9.99507030426631e-05    5.47887891161237e-04    -3.93613177126357e-04    83408.588017157075    41.440143763387461    41.440143763387461    4.5280909485089282E-002    0.00000e+00    0.00000e+00    1702705059.8379111
    -1.00386060511266e-04    5.50320639923839e-04    -3.95359433942026e-04    82691.452355234098    41.203232886264523    41.203232886264523    4.5084081424828032E-002    0.00000e+00    0.00000e+00    1707727788.6279933
    -1.00821381221282e-04    5.52753423050746e-04    -3.97105718551688e-04    81983.690293590844    40.968727425056109    40.968727425056109    4.4888650630587848E-002    0.00000e+00    0.00000e+00    1712750517.4180758
    -1.01256665382912e-04    5.55186240322537e-04    -3.98852030769302e-04    81285.120720276362    40.736592884075719    40.736592884075719    4.4670391860425041E-002    0.00000e+00    0.00000e+00    1717773246.2081580
    -1.01691913204572e-04    5.57619091519813e-04    -4.00598370409359e-04    80595.614707302884    40.506795342363169    40.506795342363169    4.4477918584339873E-002    0.00000e+00    0.00000e+00    1722795974.9982405
    -1.02127124892901e-04    5.60051976423231e-04    -4.02344737286939e-04    79914.997981612818    40.279301453887456    40.279301453887456    4.4286811173565428E-002    0.00000e+00    0.00000e+00    1727818703.7883227
    -1.02562300652905e-04    5.62484894813512e-04    -4.04091131217756e-04    79243.147201443717    40.054078426035218    40.054078426035218    4.4097046283934530E-002    0.00000e+00    0.00000e+00    1732841432.5784051
    -1.02997440687998e-04    5.64917846471419e-04    -4.05837552018197e-04    78579.871467137287    39.831093943051059    39.831093943051059    4.3908611218187774E-002    0.00000e+00    0.00000e+00    1737864161.3684874
    -1.03432545199922e-04    5.67350831177676e-04    -4.07583999505352e-04    77925.030627620523    39.610316155583426    39.610316155583426    4.3721493410577926E-002    0.00000e+00    0.00000e+00    1742886890.1585698
    -1.03867614388718e-04    5.69783848712986e-04    -4.09330473497057e-04    77278.509960058582    39.391713770887165    39.391713770887165    4.3535680456399571E-002    0.00000e+00    0.00000e+00    1747909618.9486520
    -1.04302648452720e-04    5.72216898858087e-04    -4.11076973811936e-04    76640.151676515670    39.175256056988367    39.175256056988367    4.3351160088784556E-002    0.00000e+00    0.00000e+00    1752932347.7387345
    -1.04737647588560e-04    5.74649981393833e-04    -4.12823500269429e-04    76009.823798770623    38.960912797762866    38.960912797762866    4.3167920192868706E-002    0.00000e+00    0.00000e+00    1757955076.5288167
    -1.05172611991184e-04    5.77083096101279e-04    -4.14570052689806e-04    75387.375035905425    38.748654307347387    38.748654307347387    4.2925126549854205E-002    0.00000e+00    0.00000e+00    1762977805.3188992
    -1.05607541853861e-04    5.79516242761759e-04    -4.16316630894247e-04    74772.679253286158    38.538451416556157    38.538451416556157    4.2807423114773591E-002    0.00000e+00    0.00000e+00    1768000534.1089814
    -1.06042437368279e-04    5.81949421157013e-04    -4.18063234705058e-04    74165.612771548622    38.330275444157103    38.330275444157103    4.2627924459799849E-002    0.00000e+00    0.00000e+00    1773023262.8990638
    -1.06477298724644e-04    5.84382631069362e-04    -4.19809863945850e-04    73566.054310537860    38.124098208012249    38.124098208012249    4.2449649960363142E-002    0.00000e+00    0.00000e+00    1778045991.6891460
    -1.06912126111698e-04    5.86815872281738e-04    -4.21556518441542e-04    72973.863957195790    37.919892025321879    37.919892025321879    4.2272597980374721E-002    0.00000e+00    0.00000e+00    1783068720.4792285
    -1.07346919716720e-04    5.89249144577706e-04    -4.23303198018360e-04    72388.925739102444    37.717629665269449    37.717629665269449    4.2096757222296395E-002    0.00000e+00    0.00000e+00    1788091449.2693107
    -1.07781679725540e-04    5.91682447741487e-04    -4.25049902503820e-04    71811.125903527398    37.517284369032630    37.517284369032630    4.1922107035058262E-002    0.00000e+00    0.00000e+00    1793114178.0593932
    -1.08216406322555e-04    5.94115781557985e-04    -4.26796631726722e-04    71240.332551872460    37.318829874741922    37.318829874741922    4.1689321023855710E-002    0.00000e+00    0.00000e+00    1798136906.8494754
    -1.08651099690807e-04    5.96549145812857e-04    -4.28543385517206e-04    70676.456966508515    37.122240587091859    37.122240587091859    4.1576353797654890E-002    0.00000e+00    0.00000e+00    1803159635.6395578
    -1.09085760012086e-04    5.98982540292590e-04    -4.30290163706861e-04    70119.371859790044    36.927491478417515    36.927491478417515    4.1405229168977792E-002    0.00000e+00    0.00000e+00    1808182364.4296401
    -1.09520387466933e-04    6.01415964784510e-04    -4.32036966128712e-04    69568.952803777560    36.734558008410140    36.734558008410140    4.1235252193237919E-002    0.00000e+00    0.00000e+00    1813205093.2197225
    -1.09954982234667e-04    6.03849419076761e-04    -4.33783792617103e-04    69025.136588559340    36.543416134011004    36.543416134011004    4.1009096962614594E-002    0.00000e+00    0.00000e+00    1818227822.0098047
    -1.10389544493407e-04    6.06282902958298e-04    -4.35530643007664e-04    68487.763913296847    36.354042181113229    36.354042181113229    4.0898715178126814E-002    0.00000e+00    0.00000e+00    1823250550.7998872
    -1.10824074420061e-04    6.08716416218920e-04    -4.37277517137341e-04    67956.775147033870    36.166412864436751    36.166412864436751    4.0732137948604932E-002    0.00000e+00    0.00000e+00    1828273279.5899694
    -1.11258572190303e-04    6.11149958649287e-04    -4.39024414844409e-04    67432.054251553534    35.980505259522161    35.980505259522161    4.0586688793379774E-002    0.00000e+00    0.00000e+00    1833296008.3800519
    -1.11693037978566e-04    6.13583530040958e-04    -4.40771335968472e-04    66913.506448254411    35.796296784589224    35.796296784589224    4.0422137506830352E-002    0.00000e+00    0.00000e+00    1838318737.1701341
    -1.12127471958027e-04    6.16017130186380e-04    -4.42518280350435e-04    66401.020204918284    35.613765223888443    35.613765223888443    4.0258752452739119E-002    0.00000e+00    0.00000e+00    1843341465.9602165
    -1.12561874300585e-04    6.18450758878739e-04    -4.44265247832448e-04    65894.504755399947    35.432888711962796    35.432888711962796    4.0096377704206820E-002    0.00000e+00    0.00000e+00    1848364194.7502987
    -1.12996245176870e-04    6.20884415911931e-04    -4.46012238257879e-04    65393.889110226737    35.253645811732419    35.253645811732419    3.9861662759637297E-002    0.00000e+00    0.00000e+00    1853386923.5403812
    -1.13430584756328e-04    6.23318101080676e-04    -4.47759251471344e-04    64899.049343824408    35.076015713637226    35.076015713637226    3.9702024272561476E-002    0.00000e+00    0.00000e+00    1858409652.3304634
    -1.13864893207272e-04    6.25751814180665e-04    -4.49506287318735e-04    64409.935613774775    34.899978069528366    34.899978069528366    3.9543430099441161E-002    0.00000e+00    0.00000e+00    1863432381.1205459
    -1.14299170696845e-04    6.28185555008488e-04    -4.51253345647196e-04    63926.427857685347    34.725512823518393    34.725512823518393    3.9385818718811909E-002    0.00000e+00    0.00000e+00    1868455109.9106281
    -1.14733417390997e-04    6.30619323361589e-04    -4.53000426305104e-04    63448.443762185445    34.552600226306637    34.552600226306637    3.9297470466385126E-002    0.00000e+00    0.00000e+00    1873477838.7007105
    -1.15167633454494e-04    6.33053119038273e-04    -4.54747529142078e-04    62975.919719703365    34.381220826577568    34.381220826577568    3.9141405056920237E-002    0.00000e+00    0.00000e+00    1878500567.4907928
    -1.15601819050905e-04    6.35486941837727e-04    -4.56494654008971e-04    62508.758749878201    34.211355588644132    34.211355588644132    3.8916178036585564E-002    0.00000e+00    0.00000e+00    1883523296.2808752
    -1.16035974342581e-04    6.37920791560033e-04    -4.58241800757886e-04    62046.882864841522    34.042985090491520    34.042985090491520    3.8765843969011018E-002    0.00000e+00    0.00000e+00    1888546025.0709574
    -1.16470099490654e-04    6.40354668006200e-04    -4.59988969242182e-04    61590.198724454043    33.876090108597893    33.876090108597893    3.8612890556744481E-002    0.00000e+00    0.00000e+00    1893568753.8610399
    -1.16904194655034e-04    6.42788570978173e-04    -4.61736159316462e-04    61138.648130218702    33.710652423205012    33.710652423205012    3.8458676875071311E-002    0.00000e+00    0.00000e+00    1898591482.6511221
    -1.17338259994404e-04    6.45222500278850e-04    -4.63483370836550e-04    60692.157141375115    33.546653955812474    33.546653955812474    3.8308131501823904E-002    0.00000e+00    0.00000e+00    1903614211.4412045
    -1.17772295666219e-04    6.47656455712100e-04    -4.65230603659483e-04    60250.636864594977    33.384076848206483    33.384076848206483    3.8158253006110872E-002    0.00000e+00    0.00000e+00    1908636940.2312868
    -1.18206301826710e-04    6.50090437082811e-04    -4.66977857643502e-04    59814.016394726430    33.222903497488062    33.222903497488062    3.8009620696456768E-002    0.00000e+00    0.00000e+00    1913659669.0213692
    -1.18640278630904e-04    6.52524444196954e-04    -4.68725132648077e-04    59382.210120207070    33.063116544658847    33.063116544658847    3.7861928625503999E-002    0.00000e+00    0.00000e+00    1918682397.8114514
    -1.19074226232614e-04    6.54958476861602e-04    -4.70472428533904e-04    58955.165814206448    32.904698871785882    32.904698871785882    3.7715176869319439E-002    0.00000e+00    0.00000e+00    1923705126.6015339
    -1.19508144784451e-04    6.57392534884930e-04    -4.72219745162891e-04    58532.816182569382    32.747633679995346    32.747633679995346    3.7569349338088635E-002    0.00000e+00    0.00000e+00    1928727855.3916161
    -1.19942034437822e-04    6.59826618076073e-04    -4.73967082398076e-04    58115.079603226273    32.591904724790083    32.591904724790083    3.7424438200456683E-002    0.00000e+00    0.00000e+00    1933750584.1816983
    -1.20375895342944e-04    6.62260726245130e-04    -4.75714440103573e-04    57701.891513033341    32.437496053966342    32.437496053966342    3.7280294046095806E-002    0.00000e+00    0.00000e+00    1938773312.9717808
    -1.20809727648900e-04    6.64694859203307e-04    -4.77461818144571e-04    57293.188448305278    32.284391948060509    32.284391948060509    3.7137632350483195E-002    0.00000e+00    0.00000e+00    1943796041.7618630
    -1.21243531503661e-04    6.67129016762929e-04    -4.79209216387328e-04    56888.908022842472    32.132576878063851    32.132576878063851    3.6995284672618270E-002    0.00000e+00    0.00000e+00    1948818770.5519454
    -1.21677307054085e-04    6.69563198737443e-04    -4.80956634699159e-04    56488.973996292196    31.982035524838015    31.982035524838015    3.6856298554063159E-002    0.00000e+00    0.00000e+00    1953841499.3420277
    -1.22111054445908e-04    6.71997404941420e-04    -4.82704072948423e-04    56093.341261816226    31.832752775230517    31.832752775230517    3.6715832034754585E-002    0.00000e+00    0.00000e+00    1958864228.1321101
    -1.22544773823777e-04    6.74431635190563e-04    -4.84451531004489e-04    55701.935899533717    31.684713717058791    31.684713717058791    3.6573967918940652E-002    0.00000e+00    0.00000e+00    1963886956.9221923
    -1.22978465331272e-04    6.76865889301713e-04    -4.86199008737722e-04    55314.714522799899    31.537903628653812    31.537903628653812    3.6435263574431928E-002    0.00000e+00    0.00000e+00    1968909685.7122748
    -1.23412129110934e-04    6.79300167092820e-04    -4.87946506019476e-04    54931.605445329908    31.392307991076411    31.392307991076411    3.6299639483707465E-002    0.00000e+00    0.00000e+00    1973932414.5023570
    -1.23845765304290e-04    6.81734468382920e-04    -4.89694022722057e-04    54552.538464871031    31.247912465104182    31.247912465104182    3.6162622750982684E-002    0.00000e+00    0.00000e+00    1978955143.2924395
    -1.24279374051866e-04    6.84168792992140e-04    -4.91441558718705e-04    54177.473032114882    31.104702920795333    31.104702920795333    3.6026608883058163E-002    0.00000e+00    0.00000e+00    1983977872.0825217
    -1.24712955493183e-04    6.86603140741707e-04    -4.93189113883595e-04    53806.355008591796    30.962665410605233    30.962665410605233    3.5891095350309092E-002    0.00000e+00    0.00000e+00    1989000600.8726041
    -1.25146509766759e-04    6.89037511453951e-04    -4.94936688091847e-04    53439.117300787286    30.821786173470297    30.821786173470297    3.5756752017863769E-002    0.00000e+00    0.00000e+00    1994023329.6626863
    -1.25580037010125e-04    6.91471904952298e-04    -4.96684281219511e-04    53075.721633528556    30.682051639989325    30.682051639989325    3.5623060071517887E-002    0.00000e+00    0.00000e+00    1999046058.4527688
    -1.26013537359829e-04    6.93906321061232e-04    -4.98431893143534e-04    52716.089292176388    30.543448413313218    30.543448413313218    3.5490183409996934E-002    0.00000e+00    0.00000e+00    2004068787.2428510
    -1.26447010951449e-04    6.96340759606283e-04    -5.00179523741757e-04    52360.183806612862    30.405963302736620    30.405963302736620    3.5356058140246609E-002    0.00000e+00    0.00000e+00    2009091516.0329335
    -1.26880457919555e-04    6.98775220414013e-04    -5.01927172892941e-04    52007.942321574825    30.269583349275042    30.269583349275042    3.5225677272972995E-002    0.00000e+00    0.00000e+00    2014114244.8230157
    -1.27313878397678e-04    7.01209703312003e-04    -5.03674840476797e-04    51659.342964485550    30.134295781746935    30.134295781746935    3.5095214118052262E-002    0.00000e+00    0.00000e+00    2019136973.6130981
    -1.27747272518332e-04    7.03644208128859e-04    -5.05422526373973e-04    51314.298109954550    30.000088025738940    30.000088025738940    3.4965539772339203E-002    0.00000e+00    0.00000e+00    2024159702.4031804
    -1.28180640413032e-04    7.06078734694214e-04    -5.07170230466069e-04    50972.774311619738    29.866947689877261    29.866947689877261    3.4839783127486167E-002    0.00000e+00    0.00000e+00    2029182431.1932628
    -1.28613982212318e-04    7.08513282838737e-04    -5.08917952635641e-04    50634.738402235038    29.734862557460588    29.734862557460588    3.4711651697786054E-002    0.00000e+00    0.00000e+00    2034205159.9833450
    -1.29047298045754e-04    7.10947852394133e-04    -5.10665692766194e-04    50300.119175350133    29.603820573336929    29.603820573336929    3.4584290018604663E-002    0.00000e+00    0.00000e+00    2039227888.7734275
    -1.29480588041916e-04    7.13382443193124e-04    -5.12413450742144e-04    49968.872370311998    29.473809842145521    29.473809842145521    3.4457684847209298E-002    0.00000e+00    0.00000e+00    2044250617.5635097
    -1.29913852328415e-04    7.15817055069410e-04    -5.14161226448800e-04    49640.966974435287    29.344818627256899    29.344818627256899    3.4331837120714477E-002    0.00000e+00    0.00000e+00    2049273346.3535922
    -1.30347091031952e-04    7.18251687857621e-04    -5.15909019772358e-04    49316.347340828404    29.216835362952715    29.216835362952715    3.4206733795353078E-002    0.00000e+00    0.00000e+00    2054296075.1436744
    -1.30780304278352e-04    7.20686341393301e-04    -5.17656830599889e-04    48994.971267621579    29.089848676675658    29.089848676675658    3.4079285080283468E-002    0.00000e+00    0.00000e+00    2059318803.9337568
    -1.31213492192603e-04    7.23121015512890e-04    -5.19404658819360e-04    48676.797212698024    28.963847403961815    28.963847403961815    3.3958750445265827E-002    0.00000e+00    0.00000e+00    2064341532.7238390
    -1.31646654898847e-04    7.25555710053709e-04    -5.21152504319659e-04    48361.784281585940    28.838820525253261    28.838820525253261    3.3835858599921470E-002    0.00000e+00    0.00000e+00    2069364261.5139215
    -1.32079792520376e-04    7.27990424853976e-04    -5.22900366990608e-04    48049.880198845276    28.714757174856182    28.714757174856182    3.3713687665332129E-002    0.00000e+00    0.00000e+00    2074386990.3040037
    -1.32512905179671e-04    7.30425159752817e-04    -5.24648246722969e-04    47741.045638584903    28.591646711301500    28.591646711301500    3.3592231953194232E-002    0.00000e+00    0.00000e+00    2079409719.0940862
    -1.32945992998463e-04    7.32859914590345e-04    -5.26396143408482e-04    47435.253692606304    28.469478775999661    28.469478775999661    3.3471492544769568E-002    0.00000e+00    0.00000e+00    2084432447.8841684
    -1.33379056097774e-04    7.35294689207670e-04    -5.28144056939882e-04    47132.454221861124    28.348243180011352    28.348243180011352    3.3351457072454481E-002    0.00000e+00    0.00000e+00    2089455176.6742508
    -1.33812094597924e-04    7.37729483446898e-04    -5.29891987210914e-04    46832.609687774362    28.227929864218527    28.227929864218527    3.3232126656901707E-002    0.00000e+00    0.00000e+00    2094477905.4643331
    -1.34245108618546e-04    7.40164297151143e-04    -5.31639934116340e-04    46535.671610481368    28.108528882314545    28.108528882314545    3.3110880288461222E-002    0.00000e+00    0.00000e+00    2099500634.2544155
    -1.34678098278578e-04    7.42599130164532e-04    -5.33387897551922e-04    46241.626713515187    27.990030423184528    27.990030423184528    3.2996493885739900E-002    0.00000e+00    0.00000e+00    2104523363.0444977
    -1.35111063696250e-04    7.45033982332182e-04    -5.35135877414382e-04    45950.404891124599    27.872424778859184    27.872424778859184    3.2879225371355354E-002    0.00000e+00    0.00000e+00    2109546091.8345802
    -1.35544004989070e-04    7.47468853500182e-04    -5.36883873601357e-04    45662.005086271936    27.755702374781258    27.755702374781258    3.2759104349817686E-002    0.00000e+00    0.00000e+00    2114568820.6246624
    -1.35976922273824e-04    7.49903743515580e-04    -5.38631886011388e-04    45376.358837652362    27.639853746360721    27.639853746360721    3.2646719848014899E-002    0.00000e+00    0.00000e+00    2119591549.4147449
    -1.36409815666579e-04    7.52338652226387e-04    -5.40379914543918e-04    45093.454529909490    27.524869555260441    27.524869555260441    3.2531472303187772E-002    0.00000e+00    0.00000e+00    2124614278.2048271
    -1.36842685282677e-04    7.54773579481579e-04    -5.42127959099278e-04    44813.247469042784    27.410740567508110    27.410740567508110    3.2417199942157457E-002    0.00000e+00    0.00000e+00    2129637006.9949095
    -1.37275531236734e-04    7.57208525131091e-04    -5.43876019578683e-04    44535.704687566133    27.297457668775785    27.297457668775785    3.2303258980434936E-002    0.00000e+00    0.00000e+00    2134659735.7849917
    -1.37708353642643e-04    7.59643489025807e-04    -5.45624095884213e-04    44260.782938394404    27.185011862818673    27.185011862818673    3.2189962795805251E-002    0.00000e+00    0.00000e+00    2139682464.5750742
    -1.38141152613578e-04    7.62078471017551e-04    -5.47372187918797e-04    43988.471855264863    27.073394259166147    27.073394259166147    3.2077319048145689E-002    0.00000e+00    0.00000e+00    2144705193.3651564
    -1.38573928262018e-04    7.64513470959076e-04    -5.49120295586218e-04    43718.707868105121    26.962596083761774    26.962596083761774    3.1965316430980259E-002    0.00000e+00    0.00000e+00    2149727922.1552386
    -1.39006680699755e-04    7.66948488704060e-04    -5.50868418791083e-04    43451.481455391295    26.852608664937065    26.852608664937065    3.1853943818776237E-002    0.00000e+00    0.00000e+00    2154750650.9453211
    -1.39439410037912e-04    7.69383524107117e-04    -5.52616557438809e-04    43186.751589520965    26.743423443609380    26.743423443609380    3.1743208810211442E-002    0.00000e+00    0.00000e+00    2159773379.7354035
    -1.39872116386951e-04    7.71818577023803e-04    -5.54364711435590e-04    42924.488368465878    26.635031966179827    26.635031966179827    3.1633100343364341E-002    0.00000e+00    0.00000e+00    2164796108.5254860
    -1.40304799856684e-04    7.74253647310637e-04    -5.56112880688400e-04    42664.662326235928    26.527425882859959    26.527425882859959    3.1523607533193172E-002    0.00000e+00    0.00000e+00    2169818837.3155680
    -1.40737460556286e-04    7.76688734825107e-04    -5.57861065104989e-04    42407.244425413504    26.420596956115517    26.420596956115517    3.1413565150727851E-002    0.00000e+00    0.00000e+00    2174841566.1056504
    -1.41170098594289e-04    7.79123839425671e-04    -5.59609264593894e-04    42152.195958283162    26.314537050957881    26.314537050957881    3.1304893572628889E-002    0.00000e+00    0.00000e+00    2179864294.8957329
    -1.41602714078591e-04    7.81558960971772e-04    -5.61357479064455e-04    41899.488964505661    26.209238184712998    26.209238184712998    3.1197239588556195E-002    0.00000e+00    0.00000e+00    2184887023.6858153
    -1.42035307116459e-04    7.83994099323850e-04    -5.63105708426843e-04    41649.105816665557    26.104692483112256    26.104692483112256    3.1090188834380163E-002    0.00000e+00    0.00000e+00    2189909752.4758973
    -1.42467877814537e-04    7.86429254343340e-04    -5.64853952592049e-04    41401.009262063752    26.000892175846950    26.000892175846950    3.0984144435850309E-002    0.00000e+00    0.00000e+00    2194932481.2659798
    -1.42900426278850e-04    7.88864425892660e-04    -5.66602211471880e-04    41155.172527729410    25.897829572908151    25.897829572908151    3.0878285993668087E-002    0.00000e+00    0.00000e+00    2199955210.0560622
    -1.43332952614802e-04    7.91299613835203e-04    -5.68350484978946e-04    40911.569222358157    25.795497085039695    25.795497085039695    3.0773011366292947E-002    0.00000e+00    0.00000e+00    2204977938.8461447
    -1.43765456927182e-04    7.93734818035332e-04    -5.70098773026656e-04    40670.163708657812    25.693887195677465    25.693887195677465    3.0668322082538970E-002    0.00000e+00    0.00000e+00    2210000667.6362267
    -1.44197939320171e-04    7.96170038358374e-04    -5.71847075529200e-04    40430.940111641263    25.592992461587549    25.592992461587549    3.0564213763180980E-002    0.00000e+00    0.00000e+00    2215023396.4263091
    -1.44630399897350e-04    7.98605274670621e-04    -5.73595392401534e-04    40193.863673357177    25.492805806030553    25.492805806030553    3.0460676270715931E-002    0.00000e+00    0.00000e+00    2220046125.2163916
    -1.45062838761708e-04    8.01040526839320e-04    -5.75343723559372e-04    39958.919082868015    25.393320050283378    25.393320050283378    3.0357711164506081E-002    0.00000e+00    0.00000e+00    2225068854.0064740
    -1.45495256015642e-04    8.03475794732672e-04    -5.77092068919185e-04    39726.072434346992    25.294528020701186    25.294528020701186    3.0254501522607117E-002    0.00000e+00    0.00000e+00    2230091582.7965560
