# Collapse Model Output 
 
# Crich/ev_output/ev_3910382.dat in GNUPLOT format produced by evolve_output.pl 
 
X                 Y                 Z                 R                 DENSITY           TEMP              AV                TIME              CO                N2                CH4               NH3               H2S               HCP               H2O               C2H2              HCN               CS                SiC2              HCl               HF                C2H4              SiO               SiS               CN                C2H               C4H               C6H               HC3N              HC5N              HC7N              HCO+              CH                CH2               CH3               NH                NH2               SO                SO2               HS                HCNH+             NH4+              H2CO              H2CS              CH3CN             SiC               SiN               C                 N                 H                 O                 S                 Si                Cl                F                 P                 C+                N+                H+                O+                S+                Si+               Cl+               P+              
#  (CM)              (CM)              (CM)              (CM)              (CM-3)            (K)               (MAG)             (YR)              (wrt              Hnuc)           
 
-1.12751e+14  -3.05019e+13  1.24044e+14  1.70382e+14  6.54600e+06  6.53000e+02  1.23900e+00  2.41100e+03  4.002e-04  1.998e-05  1.021e-07  1.715e-10  3.342e-08  5.045e-10  2.906e-06  4.765e-08  1.609e-05  1.443e-06  9.406e-06  1.625e-07  8.219e-09  5.793e-14  6.916e-07  1.402e-06  3.616e-10  8.204e-12  1.528e-09  1.586e-08  3.657e-07  8.959e-10  2.266e-09  5.559e-12  2.739e-13  8.984e-10  2.284e-09  1.916e-12  9.206e-13  2.327e-09  2.081e-12  2.552e-07  4.191e-11  4.406e-14  5.985e-12  3.842e-08  5.337e-10  4.492e-07  1.060e-08  6.881e-09  1.258e-09  1.379e-05  1.050e-09  1.577e-06  1.997e-06  1.331e-11  5.505e-14  7.664e-09  4.670e-14  -6.947e-35  6.452e-18  5.503e-27  3.782e-10  4.659e-08  2.722e-21  1.270e-11
-1.21792e+14  -5.33514e+13  1.57462e+14  2.06092e+14  8.25900e+06  1.37700e+03  8.50400e-01  2.41300e+03  4.002e-04  1.998e-05  1.233e-07  8.679e-10  1.737e-06  5.024e-10  2.914e-06  5.782e-08  1.612e-05  1.433e-06  9.399e-06  1.625e-07  8.238e-09  5.849e-14  6.871e-07  1.401e-06  4.854e-11  2.015e-12  1.501e-09  1.679e-08  3.588e-07  8.902e-10  2.239e-09  1.203e-11  4.694e-13  1.012e-10  5.490e-10  1.455e-11  1.118e-11  2.256e-09  2.057e-12  1.783e-07  8.844e-10  2.464e-13  4.699e-12  3.797e-08  5.274e-10  4.495e-07  1.057e-08  4.171e-10  9.124e-10  1.731e-05  2.705e-11  2.780e-09  1.990e-06  5.191e-12  4.226e-14  7.665e-09  5.330e-16  9.826e-41  4.968e-19  8.562e-28  2.924e-13  7.033e-08  3.979e-21  2.465e-11
-1.28765e+14  -7.01683e+13  1.75853e+14  2.28972e+14  7.69500e+06  1.32100e+03  6.91800e-01  2.41500e+03  4.002e-04  1.998e-05  1.427e-07  1.288e-09  1.763e-06  4.998e-10  2.926e-06  7.297e-08  1.615e-05  1.419e-06  9.388e-06  1.625e-07  8.239e-09  6.272e-14  6.806e-07  1.399e-06  8.775e-11  3.412e-12  1.498e-09  1.770e-08  3.476e-07  8.830e-10  2.206e-09  1.627e-11  8.894e-13  2.215e-10  1.168e-09  1.629e-11  1.219e-11  2.157e-09  2.024e-12  2.067e-07  1.181e-09  3.628e-13  3.778e-12  3.739e-08  5.180e-10  4.499e-07  1.053e-08  1.068e-09  1.417e-09  1.787e-05  6.064e-11  4.856e-09  1.987e-06  6.082e-12  6.123e-14  7.667e-09  2.838e-15  3.920e-40  2.320e-18  2.038e-27  1.134e-12  9.996e-08  9.439e-21  4.026e-11
-1.36387e+14  -8.30973e+13  1.88566e+14  2.47111e+14  6.20000e+06  1.17400e+03  6.33000e-01  2.41600e+03  4.002e-04  1.998e-05  1.605e-07  1.388e-09  1.684e-06  4.970e-10  2.942e-06  8.961e-08  1.618e-05  1.403e-06  9.374e-06  1.625e-07  8.234e-09  8.030e-14  6.732e-07  1.397e-06  1.879e-10  6.551e-12  1.548e-09  1.937e-08  3.345e-07  8.753e-10  2.172e-09  2.056e-11  1.502e-12  5.784e-10  3.280e-09  1.100e-11  7.767e-12  2.050e-09  1.988e-12  3.224e-07  1.184e-09  3.770e-13  3.297e-12  3.676e-08  5.114e-10  4.504e-07  1.048e-08  4.435e-09  2.519e-09  1.852e-05  1.731e-10  1.661e-08  1.990e-06  8.155e-12  8.549e-14  7.671e-09  2.687e-14  1.178e-39  1.995e-17  6.719e-27  1.078e-11  1.268e-07  1.986e-20  5.668e-11
-1.42774e+14  -9.13052e+13  1.97237e+14  2.60045e+14  4.82300e+06  1.03500e+03  5.98200e-01  2.41800e+03  4.002e-04  1.997e-05  1.693e-07  1.395e-09  1.564e-06  4.941e-10  2.961e-06  1.068e-07  1.621e-05  1.386e-06  9.359e-06  1.625e-07  8.228e-09  1.194e-13  6.650e-07  1.396e-06  4.139e-10  1.263e-11  1.655e-09  2.232e-08  3.197e-07  8.670e-10  2.140e-09  2.574e-11  1.811e-12  1.172e-09  6.274e-09  6.328e-12  5.548e-12  1.947e-09  1.951e-12  4.471e-07  1.183e-09  3.833e-13  3.084e-12  3.610e-08  5.122e-10  4.509e-07  1.042e-08  1.493e-08  3.891e-09  1.923e-05  5.130e-10  5.786e-08  1.999e-06  1.218e-11  1.133e-13  7.672e-09  2.116e-13  2.250e-39  1.122e-16  5.910e-26  7.479e-11  1.510e-07  4.385e-20  7.562e-11
-1.47156e+14  -9.60263e+13  2.00476e+14  2.66583e+14  3.70700e+06  9.27600e+02  5.80400e-01  2.41900e+03  4.001e-04  1.997e-05  1.726e-07  1.380e-09  1.444e-06  4.912e-10  2.981e-06  1.239e-07  1.624e-05  1.369e-06  9.343e-06  1.625e-07  8.222e-09  1.852e-13  6.560e-07  1.394e-06  8.422e-10  2.263e-11  1.813e-09  2.640e-08  3.039e-07  8.584e-10  2.114e-09  3.199e-11  1.579e-12  1.716e-09  8.493e-09  6.637e-12  8.091e-12  1.859e-09  1.917e-12  5.381e-07  1.195e-09  3.993e-13  3.129e-12  3.546e-08  5.251e-10  4.514e-07  1.037e-08  2.919e-08  5.379e-09  1.996e-05  1.358e-09  1.314e-07  2.013e-06  1.917e-11  1.429e-13  7.672e-09  8.855e-13  6.135e-39  2.844e-16  3.475e-25  2.466e-10  1.726e-07  9.637e-20  9.708e-11
-1.49347e+14  -9.88960e+13  1.97021e+14  2.66274e+14  3.00200e+06  8.59800e+02  5.89800e-01  2.42100e+03  4.001e-04  1.997e-05  1.733e-07  1.360e-09  1.340e-06  4.884e-10  2.999e-06  1.394e-07  1.627e-05  1.353e-06  9.327e-06  1.625e-07  8.215e-09  2.682e-13  6.473e-07  1.392e-06  1.349e-09  3.312e-11  2.013e-09  3.063e-08  2.887e-07  8.502e-10  2.095e-09  3.682e-11  1.542e-12  2.418e-09  1.047e-08  8.877e-12  1.194e-11  1.794e-09  1.886e-12  5.993e-07  1.152e-09  4.036e-13  3.436e-12  3.485e-08  5.487e-10  4.520e-07  1.032e-08  4.142e-08  6.734e-09  2.069e-05  2.543e-09  2.168e-07  2.032e-06  2.738e-11  1.676e-13  7.672e-09  2.043e-12  1.571e-38  4.449e-16  9.689e-25  5.066e-10  1.883e-07  1.638e-19  1.159e-10
-1.48853e+14  -1.00994e+14  1.86313e+14  2.58978e+14  2.61300e+06  8.21600e+02  5.90800e-01  2.42200e+03  4.001e-04  1.997e-05  1.731e-07  1.340e-09  1.247e-06  4.856e-10  3.017e-06  1.535e-07  1.630e-05  1.338e-06  9.311e-06  1.625e-07  8.210e-09  3.634e-13  6.387e-07  1.390e-06  1.836e-09  4.231e-11  2.249e-09  3.471e-08  2.740e-07  8.424e-10  2.080e-09  4.084e-11  1.757e-12  3.255e-09  1.232e-08  1.170e-11  1.590e-11  1.749e-09  1.859e-12  6.430e-07  1.126e-09  4.120e-13  4.017e-12  3.427e-08  5.812e-10  4.527e-07  1.026e-08  5.220e-08  8.039e-09  2.142e-05  3.848e-09  3.063e-07  2.054e-06  3.516e-11  1.864e-13  7.673e-09  3.525e-12  3.401e-38  6.061e-16  1.955e-24  8.366e-10  2.001e-07  2.407e-19  1.328e-10
-1.44687e+14  -1.03154e+14  1.70854e+14  2.46508e+14  2.98700e+06  1.26900e+03  5.64700e-01  2.42400e+03  4.001e-04  1.997e-05  2.550e-07  1.906e-09  1.644e-06  4.833e-10  3.045e-06  1.684e-07  1.633e-05  1.320e-06  9.294e-06  1.625e-07  8.217e-09  4.812e-13  6.293e-07  1.388e-06  3.488e-10  1.203e-11  2.404e-09  3.512e-08  2.602e-07  8.355e-10  2.043e-09  4.553e-11  4.104e-12  1.209e-09  6.875e-09  7.355e-11  5.296e-11  1.651e-09  1.818e-12  5.816e-07  1.540e-09  6.231e-13  3.663e-12  3.365e-08  6.049e-10  4.533e-07  1.022e-08  6.639e-09  8.786e-09  2.335e-05  3.130e-10  2.224e-08  2.073e-06  1.235e-11  1.400e-13  7.682e-09  7.922e-14  2.266e-37  2.063e-16  9.098e-26  3.586e-11  2.176e-07  8.207e-20  1.421e-10
-1.37683e+14  -1.13522e+14  1.66688e+14  2.44190e+14  5.25000e+06  2.66500e+03  5.68600e-01  2.42600e+03  4.001e-04  1.997e-05  3.068e-07  1.289e-08  2.750e-06  4.834e-10  3.068e-06  1.807e-07  1.636e-05  1.303e-06  9.278e-06  1.625e-07  8.241e-09  4.605e-13  6.227e-07  1.386e-06  4.727e-11  1.063e-12  2.425e-09  2.803e-08  2.523e-07  8.320e-10  2.002e-09  3.643e-11  1.106e-12  4.668e-11  3.844e-10  5.434e-12  5.722e-12  1.507e-09  1.776e-12  9.245e-08  1.978e-09  3.664e-12  1.065e-12  3.301e-08  5.902e-10  4.537e-07  1.019e-08  3.279e-11  8.958e-12  2.583e-05  6.633e-12  2.992e-10  2.092e-06  5.787e-12  8.753e-14  7.722e-09  3.366e-17  9.488e-45  1.051e-19  5.498e-28  4.296e-15  2.317e-07  2.154e-20  1.107e-10
-1.34659e+14  -1.34042e+14  1.71903e+14  2.56224e+14  5.71100e+06  2.68200e+03  5.50800e-01  2.42700e+03  4.001e-04  1.997e-05  3.475e-07  1.517e-08  3.302e-06  4.837e-10  3.092e-06  1.918e-07  1.639e-05  1.284e-06  9.261e-06  1.625e-07  8.251e-09  4.202e-13  6.167e-07  1.384e-06  4.916e-11  1.031e-12  2.472e-09  2.181e-08  2.465e-07  8.262e-10  1.962e-09  3.413e-11  1.102e-12  4.629e-11  4.531e-10  5.427e-12  6.395e-12  1.363e-09  1.733e-12  1.141e-07  2.021e-09  3.855e-12  2.454e-13  3.237e-08  5.720e-10  4.541e-07  1.021e-08  3.189e-11  8.697e-12  2.789e-05  6.478e-12  2.700e-10  2.104e-06  6.150e-12  9.361e-14  7.751e-09  3.155e-17  8.505e-45  9.984e-20  1.051e-29  3.676e-15  2.512e-07  2.259e-20  9.304e-11
-1.35708e+14  -1.57863e+14  1.77982e+14  2.73889e+14  5.72200e+06  2.63400e+03  5.54900e-01  2.42900e+03  4.001e-04  1.997e-05  3.870e-07  1.732e-08  3.739e-06  4.839e-10  3.114e-06  2.014e-07  1.641e-05  1.266e-06  9.246e-06  1.625e-07  8.256e-09  3.845e-13  6.117e-07  1.382e-06  5.115e-11  1.086e-12  2.549e-09  1.788e-08  2.429e-07  8.196e-10  1.922e-09  3.296e-11  1.089e-12  4.783e-11  5.297e-10  5.574e-12  7.322e-12  1.233e-09  1.692e-12  1.365e-07  1.958e-09  3.964e-12  5.442e-14  3.174e-08  5.546e-10  4.546e-07  1.025e-08  3.357e-11  9.546e-12  2.971e-05  6.767e-12  2.645e-10  2.114e-06  6.546e-12  1.018e-13  7.773e-09  3.376e-17  1.043e-44  1.110e-19  3.389e-30  3.796e-15  2.710e-07  2.361e-20  8.406e-11
-1.38547e+14  -1.84956e+14  1.86930e+14  2.97232e+14  5.22900e+06  2.40300e+03  5.36100e-01  2.43000e+03  4.000e-04  1.997e-05  4.292e-07  1.963e-08  3.975e-06  4.837e-10  3.139e-06  2.112e-07  1.643e-05  1.248e-06  9.229e-06  1.625e-07  8.258e-09  3.551e-13  6.061e-07  1.380e-06  5.622e-11  1.520e-12  2.673e-09  1.642e-08  2.391e-07  8.119e-10  1.882e-09  3.494e-11  1.374e-12  7.270e-11  6.645e-10  8.885e-12  1.086e-11  1.127e-09  1.649e-12  1.679e-07  1.986e-09  4.402e-12  1.712e-14  3.110e-08  5.370e-10  4.550e-07  1.031e-08  6.046e-11  2.214e-11  3.114e-05  1.163e-11  3.763e-10  2.121e-06  7.161e-12  1.173e-13  7.786e-09  8.376e-17  1.019e-43  2.366e-19  7.376e-30  8.954e-15  2.945e-07  3.048e-20  8.662e-11
-1.43453e+14  -2.12449e+14  1.96619e+14  3.23067e+14  4.27100e+06  2.03900e+03  5.04400e-01  2.43200e+03  4.000e-04  1.997e-05  4.774e-07  2.226e-08  4.029e-06  4.833e-10  3.170e-06  2.227e-07  1.645e-05  1.228e-06  9.210e-06  1.625e-07  8.257e-09  3.373e-13  5.990e-07  1.378e-06  7.879e-11  2.932e-12  2.852e-09  1.711e-08  2.329e-07  8.031e-10  1.841e-09  4.062e-11  2.249e-12  1.707e-10  1.047e-09  2.282e-11  2.415e-11  1.040e-09  1.604e-12  2.345e-07  2.088e-09  5.259e-12  9.598e-15  3.045e-08  5.192e-10  4.554e-07  1.038e-08  2.040e-10  1.222e-10  3.260e-05  3.280e-11  9.517e-10  2.127e-06  8.413e-12  1.441e-13  7.790e-09  5.400e-16  1.047e-41  1.215e-18  6.185e-29  6.287e-14  3.236e-07  4.977e-20  1.017e-10
-1.50118e+14  -2.37844e+14  2.04673e+14  3.47845e+14  3.34800e+06  1.68700e+03  4.72500e-01  2.43400e+03  4.000e-04  1.997e-05  5.309e-07  2.442e-08  3.936e-06  4.828e-10  3.208e-06  2.360e-07  1.647e-05  1.207e-06  9.189e-06  1.625e-07  8.255e-09  3.465e-13  5.906e-07  1.375e-06  1.594e-10  6.474e-12  3.085e-09  1.913e-08  2.241e-07  7.936e-10  1.799e-09  4.834e-11  4.049e-12  5.009e-10  2.444e-09  7.123e-11  6.948e-11  9.612e-10  1.558e-12  3.855e-07  2.153e-09  6.185e-12  1.237e-14  2.977e-08  5.032e-10  4.559e-07  1.045e-08  9.918e-10  1.097e-09  3.417e-05  1.121e-10  3.823e-09  2.135e-06  1.086e-11  1.819e-13  7.787e-09  5.939e-15  3.607e-39  1.271e-17  1.657e-27  9.401e-13  3.564e-07  9.310e-20  1.261e-10
-1.57431e+14  -2.60956e+14  2.10721e+14  3.70521e+14  2.66600e+06  1.46000e+03  4.66600e-01  2.43500e+03  3.999e-04  1.996e-05  5.801e-07  2.514e-08  3.749e-06  4.825e-10  3.247e-06  2.494e-07  1.649e-05  1.186e-06  9.167e-06  1.625e-07  8.253e-09  4.038e-13  5.817e-07  1.373e-06  3.128e-10  1.198e-11  3.353e-09  2.155e-08  2.143e-07  7.843e-10  1.759e-09  5.528e-11  6.182e-12  1.186e-09  5.860e-09  8.948e-11  9.177e-11  8.913e-10  1.512e-12  6.075e-07  2.094e-09  6.579e-12  3.622e-14  2.910e-08  4.936e-10  4.564e-07  1.053e-08  3.674e-09  3.505e-09  3.572e-05  2.825e-10  1.333e-08  2.147e-06  1.434e-11  2.202e-13  7.782e-09  4.275e-14  5.929e-38  1.020e-16  3.044e-26  9.513e-12  3.866e-07  1.581e-19  1.518e-10
-1.64899e+14  -2.82555e+14  2.15103e+14  3.91533e+14  2.17000e+06  1.31000e+03  4.59600e-01  2.43700e+03  3.999e-04  1.996e-05  6.198e-07  2.526e-08  3.521e-06  4.823e-10  3.287e-06  2.629e-07  1.652e-05  1.166e-06  9.143e-06  1.625e-07  8.250e-09  5.385e-13  5.723e-07  1.371e-06  5.611e-10  1.982e-11  3.637e-09  2.443e-08  2.038e-07  7.751e-10  1.722e-09  6.321e-11  8.916e-12  2.468e-09  1.275e-08  8.280e-11  1.014e-10  8.300e-10  1.468e-12  8.483e-07  2.062e-09  6.937e-12  1.215e-13  2.845e-08  4.952e-10  4.570e-07  1.060e-08  1.117e-08  6.541e-09  3.724e-05  6.110e-10  3.759e-08  2.161e-06  1.913e-11  2.582e-13  7.774e-09  2.321e-13  2.397e-37  5.536e-16  3.388e-25  6.017e-11  4.157e-07  2.665e-19  1.798e-10
-1.72181e+14  -3.03014e+14  2.18003e+14  4.11082e+14  1.78000e+06  1.18800e+03  4.55200e-01  2.43800e+03  3.999e-04  1.996e-05  6.450e-07  2.507e-08  3.264e-06  4.822e-10  3.328e-06  2.762e-07  1.655e-05  1.146e-06  9.119e-06  1.625e-07  8.248e-09  7.812e-13  5.625e-07  1.368e-06  9.691e-10  3.140e-11  3.932e-09  2.785e-08  1.928e-07  7.659e-10  1.687e-09  7.184e-11  1.110e-11  4.391e-09  2.172e-08  7.983e-11  1.310e-10  7.810e-10  1.425e-12  1.085e-06  2.018e-09  7.243e-12  3.596e-13  2.782e-08  5.140e-10  4.577e-07  1.066e-08  2.840e-08  9.825e-09  3.869e-05  1.252e-09  9.303e-08  2.178e-06  2.619e-11  2.988e-13  7.764e-09  1.025e-12  6.456e-37  1.944e-15  2.332e-24  2.523e-10  4.436e-07  4.525e-19  2.103e-10
-1.79031e+14  -3.22453e+14  2.19484e+14  4.29187e+14  1.46800e+06  1.08300e+03  4.55100e-01  2.44000e+03  3.999e-04  1.996e-05  6.568e-07  2.473e-08  2.999e-06  4.820e-10  3.368e-06  2.891e-07  1.657e-05  1.126e-06  9.095e-06  1.624e-07  8.245e-09  1.161e-12  5.525e-07  1.366e-06  1.634e-09  4.840e-11  4.236e-09  3.180e-08  1.818e-07  7.568e-10  1.657e-09  8.090e-11  1.094e-11  6.406e-09  3.021e-08  1.021e-10  2.012e-10  7.507e-10  1.385e-12  1.285e-06  1.952e-09  7.508e-12  9.459e-13  2.723e-08  5.573e-10  4.586e-07  1.071e-08  5.516e-08  1.310e-08  4.004e-05  2.487e-09  1.894e-07  2.197e-06  3.684e-11  3.426e-13  7.751e-09  3.404e-12  1.793e-36  4.456e-15  1.018e-23  7.220e-10  4.696e-07  7.723e-19  2.429e-10
-1.85388e+14  -3.40967e+14  2.19669e+14  4.45962e+14  1.21700e+06  9.89900e+02  4.65000e-01  2.44200e+03  3.998e-04  1.996e-05  6.576e-07  2.432e-08  2.751e-06  4.818e-10  3.404e-06  3.010e-07  1.660e-05  1.109e-06  9.071e-06  1.624e-07  8.242e-09  1.662e-12  5.427e-07  1.363e-06  2.662e-09  7.207e-11  4.550e-09  3.606e-08  1.713e-07  7.481e-10  1.633e-09  8.939e-11  9.710e-12  8.780e-09  3.810e-08  1.530e-10  3.102e-10  7.472e-10  1.347e-12  1.431e-06  1.846e-09  7.639e-12  2.134e-12  2.670e-08  6.268e-10  4.596e-07  1.075e-08  8.628e-08  1.611e-08  4.127e-05  4.689e-09  3.216e-07  2.218e-06  5.268e-11  3.890e-13  7.737e-09  8.818e-12  4.843e-36  7.185e-15  2.969e-23  1.569e-09  4.919e-07  1.280e-18  2.755e-10
-1.91281e+14  -3.58247e+14  2.18682e+14  4.61250e+14  1.01200e+06  9.07500e+02  4.63300e-01  2.44300e+03  3.998e-04  1.996e-05  6.512e-07  2.385e-08  2.526e-06  4.812e-10  3.437e-06  3.125e-07  1.662e-05  1.092e-06  9.046e-06  1.624e-07  8.239e-09  2.261e-12  5.326e-07  1.361e-06  4.440e-09  1.090e-10  4.862e-09  4.086e-08  1.607e-07  7.393e-10  1.616e-09  1.010e-10  1.010e-11  1.297e-08  4.501e-08  2.322e-10  4.668e-10  7.835e-10  1.313e-12  1.523e-06  1.810e-09  8.052e-12  4.426e-12  2.624e-08  7.234e-10  4.606e-07  1.077e-08  1.213e-07  1.912e-08  4.247e-05  9.414e-09  4.805e-07  2.241e-06  7.863e-11  4.418e-13  7.719e-09  2.115e-11  1.260e-35  9.347e-15  7.460e-23  2.917e-09  5.148e-07  2.314e-18  3.120e-10
-1.96866e+14  -3.74910e+14  2.16460e+14  4.75572e+14  8.40600e+05  8.35000e+02  4.54500e-01  2.44500e+03  3.998e-04  1.995e-05  6.406e-07  2.333e-08  2.326e-06  4.802e-10  3.467e-06  3.240e-07  1.665e-05  1.075e-06  9.021e-06  1.623e-07  8.236e-09  2.948e-12  5.220e-07  1.358e-06  7.494e-09  1.661e-10  5.162e-09  4.624e-08  1.501e-07  7.301e-10  1.609e-09  1.161e-10  1.361e-11  1.973e-08  5.065e-08  3.347e-10  6.731e-10  8.770e-10  1.281e-12  1.576e-06  1.818e-09  8.664e-12  8.549e-12  2.583e-08  8.501e-10  4.617e-07  1.078e-08  1.597e-07  2.230e-08  4.367e-05  1.890e-08  6.525e-07  2.263e-06  1.214e-10  5.032e-13  7.698e-09  4.755e-11  3.057e-35  1.056e-14  1.639e-22  4.852e-09  5.401e-07  4.456e-18  3.543e-10
-2.02266e+14  -3.90338e+14  2.13035e+14  4.88528e+14  7.04800e+05  7.77100e+02  4.32100e-01  2.44600e+03  3.997e-04  1.995e-05  6.276e-07  2.277e-08  2.144e-06  4.787e-10  3.494e-06  3.358e-07  1.668e-05  1.059e-06  8.993e-06  1.623e-07  8.233e-09  3.732e-12  5.105e-07  1.355e-06  1.250e-08  2.513e-10  5.440e-09  5.236e-08  1.391e-07  7.204e-10  1.614e-09  1.366e-10  2.135e-11  2.914e-08  5.515e-08  4.559e-10  9.269e-10  1.050e-09  1.254e-12  1.605e-06  1.885e-09  9.591e-12  1.552e-11  2.545e-08  1.014e-09  4.629e-07  1.077e-08  2.046e-07  2.599e-08  4.496e-05  3.570e-08  8.292e-07  2.283e-06  1.883e-10  5.731e-13  7.670e-09  1.008e-10  7.125e-35  1.244e-14  3.600e-22  7.559e-09  5.707e-07  9.015e-18  4.059e-10
-2.07543e+14  -4.05458e+14  2.08654e+14  5.01005e+14  6.37600e+05  7.82300e+02  4.07800e-01  2.44800e+03  3.997e-04  1.995e-05  6.141e-07  2.224e-08  1.971e-06  4.770e-10  3.535e-06  3.480e-07  1.671e-05  1.042e-06  8.963e-06  1.622e-07  8.231e-09  4.732e-12  4.984e-07  1.351e-06  1.432e-08  2.864e-10  5.677e-09  5.886e-08  1.282e-07  7.105e-10  1.619e-09  1.557e-10  2.714e-11  3.735e-08  6.154e-08  5.781e-10  1.150e-09  1.285e-09  1.232e-12  1.630e-06  1.967e-09  1.057e-11  2.544e-11  2.511e-08  1.240e-09  4.642e-07  1.075e-08  2.560e-07  3.031e-08  4.637e-05  4.653e-08  1.000e-06  2.304e-06  2.109e-10  6.047e-13  7.639e-09  1.473e-10  1.427e-34  1.893e-14  7.311e-22  1.094e-08  6.038e-07  1.230e-17  4.630e-10
-2.13220e+14  -4.21195e+14  2.05660e+14  5.14941e+14  7.02800e+05  1.04100e+03  3.90300e-01  2.45000e+03  3.996e-04  1.995e-05  6.294e-07  2.257e-08  1.851e-06  4.759e-10  3.641e-06  3.601e-07  1.675e-05  1.026e-06  8.932e-06  1.624e-07  8.231e-09  6.364e-12  4.861e-07  1.347e-06  4.610e-09  1.242e-10  5.783e-09  6.462e-08  1.184e-07  7.018e-10  1.590e-09  1.643e-10  3.958e-11  2.596e-08  9.803e-08  4.502e-10  7.886e-10  1.291e-09  1.201e-12  1.866e-06  2.212e-09  1.204e-11  2.891e-11  2.493e-08  1.561e-09  4.655e-07  1.073e-08  2.716e-07  3.514e-08  4.845e-05  9.235e-09  9.087e-07  2.329e-06  8.311e-11  4.876e-13  7.613e-09  5.051e-11  1.359e-34  1.382e-13  1.170e-21  1.211e-08  6.349e-07  4.716e-18  5.126e-10
-2.20101e+14  -4.40943e+14  2.08283e+14  5.35030e+14  8.40000e+05  1.34100e+03  3.80000e-01  2.45100e+03  3.996e-04  1.995e-05  9.237e-07  2.439e-08  2.336e-06  4.772e-10  3.720e-06  3.718e-07  1.679e-05  1.007e-06  8.900e-06  1.624e-07  8.233e-09  8.510e-12  4.744e-07  1.344e-06  1.616e-09  5.413e-11  5.828e-09  6.456e-08  1.102e-07  6.953e-10  1.550e-09  1.608e-10  5.524e-11  1.455e-08  9.977e-08  5.250e-10  4.861e-10  1.202e-09  1.161e-12  2.184e-06  2.902e-09  1.275e-11  2.748e-11  2.461e-08  1.828e-09  4.679e-07  1.072e-08  5.913e-08  3.838e-08  5.285e-05  2.180e-09  1.452e-07  2.360e-06  4.130e-11  4.078e-13  7.599e-09  3.853e-12  1.583e-34  8.932e-14  2.032e-22  2.659e-09  6.562e-07  2.043e-18  5.394e-10
-2.28278e+14  -4.65320e+14  2.16368e+14  5.61648e+14  9.15000e+05  1.46400e+03  3.67600e-01  2.45300e+03  3.995e-04  1.994e-05  1.136e-06  2.966e-08  3.052e-06  4.827e-10  3.798e-06  3.833e-07  1.683e-05  9.850e-07  8.867e-06  1.624e-07  8.236e-09  9.357e-12  4.633e-07  1.341e-06  1.138e-09  4.077e-11  5.876e-09  6.070e-08  1.032e-07  6.897e-10  1.510e-09  1.582e-10  3.295e-11  6.530e-09  3.203e-08  9.589e-10  8.289e-10  1.104e-09  1.120e-12  1.606e-06  3.055e-09  1.461e-11  2.420e-11  2.400e-08  1.856e-09  4.695e-07  1.074e-08  1.896e-08  3.766e-08  5.639e-05  1.419e-09  4.935e-08  2.387e-06  3.433e-11  3.982e-13  7.594e-09  8.825e-13  2.605e-34  8.808e-15  1.853e-23  2.152e-10  6.847e-07  1.638e-18  5.472e-10
-2.36857e+14  -4.91548e+14  2.26828e+14  5.90908e+14  9.24400e+05  1.47300e+03  3.58800e-01  2.45400e+03  3.994e-04  1.994e-05  1.241e-06  3.598e-08  3.360e-06  4.906e-10  3.879e-06  3.943e-07  1.686e-05  9.631e-07  8.834e-06  1.624e-07  8.240e-09  9.349e-12  4.526e-07  1.338e-06  1.131e-09  4.089e-11  5.952e-09  5.666e-08  9.720e-08  6.838e-10  1.470e-09  1.562e-10  3.405e-11  6.658e-09  3.078e-08  9.879e-10  8.717e-10  1.010e-09  1.080e-12  1.343e-06  3.088e-09  1.700e-11  2.098e-11  2.336e-08  1.821e-09  4.706e-07  1.078e-08  1.878e-08  3.703e-08  5.934e-05  1.447e-09  4.550e-08  2.409e-06  3.478e-11  4.159e-13  7.591e-09  8.745e-13  2.613e-34  4.277e-15  1.165e-23  1.238e-10  7.197e-07  1.702e-18  5.489e-10
-2.44941e+14  -5.17468e+14  2.37967e+14  6.19998e+14  8.78500e+05  1.41600e+03  3.55100e-01  2.45600e+03  3.994e-04  1.994e-05  1.326e-06  3.990e-08  3.366e-06  4.989e-10  3.962e-06  4.049e-07  1.690e-05  9.416e-07  8.800e-06  1.624e-07  8.243e-09  9.369e-12  4.425e-07  1.335e-06  1.370e-09  4.853e-11  6.065e-09  5.377e-08  9.186e-08  6.773e-10  1.432e-09  1.574e-10  3.846e-11  8.561e-09  4.007e-08  8.067e-10  7.529e-10  9.264e-10  1.041e-12  1.359e-06  2.983e-09  1.824e-11  1.855e-11  2.275e-08  1.792e-09  4.717e-07  1.085e-08  2.726e-08  3.930e-08  6.199e-05  1.876e-09  6.283e-08  2.426e-06  3.926e-11  4.506e-13  7.586e-09  1.525e-12  2.555e-34  6.522e-15  1.801e-23  2.096e-10  7.582e-07  2.052e-18  5.534e-10
-2.52223e+14  -5.42771e+14  2.48767e+14  6.48153e+14  7.94100e+05  1.33300e+03  3.42400e-01  2.45800e+03  3.993e-04  1.993e-05  1.391e-06  4.154e-08  3.217e-06  5.066e-10  4.050e-06  4.157e-07  1.693e-05  9.201e-07  8.765e-06  1.624e-07  8.244e-09  9.671e-12  4.322e-07  1.332e-06  1.926e-09  6.549e-11  6.200e-09  5.292e-08  8.661e-08  6.697e-10  1.395e-09  1.668e-10  4.762e-11  1.288e-08  5.850e-08  6.210e-10  6.696e-10  8.563e-10  1.004e-12  1.502e-06  2.875e-09  1.928e-11  1.713e-11  2.215e-08  1.789e-09  4.731e-07  1.093e-08  5.068e-08  4.440e-08  6.451e-05  3.043e-09  1.066e-07  2.437e-06  4.847e-11  5.009e-13  7.571e-09  3.973e-12  2.858e-34  1.368e-14  4.872e-23  4.954e-10  8.036e-07  2.948e-18  5.703e-10
-2.58734e+14  -5.66839e+14  2.58425e+14  6.74562e+14  6.95300e+05  1.24500e+03  3.36900e-01  2.45900e+03  3.992e-04  1.993e-05  1.434e-06  4.190e-08  2.998e-06  5.133e-10  4.140e-06  4.267e-07  1.696e-05  8.993e-07  8.730e-06  1.624e-07  8.245e-09  1.043e-11  4.220e-07  1.329e-06  2.828e-09  9.161e-11  6.346e-09  5.392e-08  8.146e-08  6.614e-10  1.361e-09  1.788e-10  5.377e-11  1.851e-08  8.099e-08  5.135e-10  6.979e-10  8.063e-10  9.674e-13  1.680e-06  2.726e-09  1.979e-11  1.698e-11  2.160e-08  1.829e-09  4.747e-07  1.101e-08  9.101e-08  5.080e-08  6.690e-05  5.080e-09  1.834e-07  2.446e-06  6.257e-11  5.614e-13  7.548e-09  1.044e-11  3.590e-34  2.755e-14  1.464e-22  1.152e-09  8.519e-07  4.443e-18  5.986e-10
-2.64751e+14  -5.89673e+14  2.66849e+14  6.99297e+14  6.00800e+05  1.16500e+03  3.38100e-01  2.46100e+03  3.991e-04  1.992e-05  1.455e-06  4.166e-08  2.757e-06  5.191e-10  4.227e-06  4.375e-07  1.699e-05  8.797e-07  8.694e-06  1.623e-07  8.244e-09  1.170e-11  4.120e-07  1.326e-06  4.116e-09  1.270e-10  6.497e-09  5.632e-08  7.647e-08  6.529e-10  1.331e-09  1.918e-10  5.537e-11  2.478e-08  1.051e-07  4.983e-10  8.264e-10  7.815e-10  9.337e-13  1.846e-06  2.554e-09  2.004e-11  1.844e-11  2.111e-08  1.923e-09  4.767e-07  1.107e-08  1.451e-07  5.747e-08  6.915e-05  8.171e-09  2.912e-07  2.454e-06  8.192e-11  6.272e-13  7.520e-09  2.420e-11  5.174e-34  4.864e-14  3.917e-22  2.367e-09  8.998e-07  6.700e-18  6.353e-10
-2.70614e+14  -6.11890e+14  2.74193e+14  7.23065e+14  5.21400e+05  1.09900e+03  3.34900e-01  2.46200e+03  3.990e-04  1.992e-05  1.458e-06  4.114e-08  2.518e-06  5.239e-10  4.313e-06  4.483e-07  1.702e-05  8.610e-07  8.657e-06  1.623e-07  8.243e-09  1.346e-11  4.021e-07  1.322e-06  5.896e-09  1.738e-10  6.641e-09  5.987e-08  7.157e-08  6.440e-10  1.304e-09  2.078e-10  5.691e-11  3.255e-08  1.297e-07  5.547e-10  1.035e-09  7.873e-10  9.022e-13  1.982e-06  2.418e-09  2.053e-11  2.210e-11  2.071e-08  2.077e-09  4.790e-07  1.112e-08  2.129e-07  6.441e-08  7.131e-05  1.313e-08  4.249e-07  2.462e-06  1.074e-10  6.960e-13  7.486e-09  5.122e-11  8.433e-34  7.695e-14  9.573e-22  4.346e-09  9.481e-07  1.025e-17  6.802e-10
-2.76415e+14  -6.33181e+14  2.80920e+14  7.45815e+14  4.59100e+05  1.04400e+03  3.30600e-01  2.46400e+03  3.990e-04  1.992e-05  1.449e-06  4.047e-08  2.291e-06  5.278e-10  4.398e-06  4.592e-07  1.705e-05  8.434e-07  8.620e-06  1.623e-07  8.243e-09  1.569e-11  3.922e-07  1.319e-06  8.150e-09  2.307e-10  6.778e-09  6.421e-08  6.680e-08  6.351e-10  1.281e-09  2.240e-10  5.999e-11  4.202e-08  1.539e-07  6.618e-10  1.301e-09  8.286e-10  8.733e-13  2.085e-06  2.294e-09  2.099e-11  2.876e-11  2.041e-08  2.299e-09  4.815e-07  1.116e-08  2.912e-07  7.160e-08  7.342e-05  2.027e-08  5.774e-07  2.471e-06  1.386e-10  7.659e-13  7.448e-09  9.784e-11  1.431e-33  1.090e-13  2.034e-21  7.201e-09  9.955e-07  1.529e-17  7.315e-10
-2.82309e+14  -6.54472e+14  2.87338e+14  7.68502e+14  4.10400e+05  9.97700e+02  3.21800e-01  2.46500e+03  3.989e-04  1.991e-05  1.431e-06  3.970e-08  2.077e-06  5.310e-10  4.485e-06  4.703e-07  1.708e-05  8.264e-07  8.581e-06  1.622e-07  8.242e-09  1.836e-11  3.823e-07  1.315e-06  1.103e-08  3.009e-10  6.905e-09  6.914e-08  6.216e-08  6.261e-10  1.262e-09  2.418e-10  6.621e-11  5.372e-08  1.772e-07  8.102e-10  1.618e-09  9.137e-10  8.476e-13  2.158e-06  2.191e-09  2.157e-11  3.967e-11  2.021e-08  2.593e-09  4.843e-07  1.119e-08  3.810e-07  7.928e-08  7.553e-05  3.097e-08  7.444e-07  2.481e-06  1.768e-10  8.375e-13  7.406e-09  1.756e-10  2.460e-33  1.417e-13  3.951e-21  1.107e-08  1.042e-06  2.260e-17  7.891e-10
-2.88202e+14  -6.75146e+14  2.93633e+14  7.90635e+14  3.70800e+05  9.56000e+02  3.24400e-01  2.46700e+03  3.988e-04  1.991e-05  1.406e-06  3.888e-08  1.884e-06  5.338e-10  4.569e-06  4.810e-07  1.711e-05  8.108e-07  8.543e-06  1.622e-07  8.241e-09  2.137e-11  3.728e-07  1.312e-06  1.420e-08  3.747e-10  7.036e-09  7.413e-08  5.790e-08  6.175e-10  1.247e-09  2.548e-10  7.448e-11  6.687e-08  1.986e-07  9.859e-10  1.961e-09  1.040e-09  8.264e-13  2.202e-06  2.055e-09  2.143e-11  5.521e-11  2.013e-08  2.955e-09  4.873e-07  1.121e-08  4.707e-07  8.676e-08  7.759e-05  4.224e-08  9.176e-07  2.495e-06  2.191e-10  9.068e-13  7.363e-09  2.810e-10  3.969e-33  1.642e-13  6.143e-21  1.568e-08  1.084e-06  3.067e-17  8.470e-10
-2.94127e+14  -6.95820e+14  2.99804e+14  8.12748e+14  3.36800e+05  9.16900e+02  3.23700e-01  2.46900e+03  3.987e-04  1.991e-05  1.377e-06  3.801e-08  1.708e-06  5.361e-10  4.647e-06  4.915e-07  1.714e-05  7.962e-07  8.504e-06  1.621e-07  8.240e-09  2.455e-11  3.636e-07  1.308e-06  1.831e-08  4.670e-10  7.167e-09  7.923e-08  5.393e-08  6.090e-10  1.237e-09  2.704e-10  8.742e-11  8.245e-08  2.174e-07  1.188e-09  2.338e-09  1.208e-09  8.107e-13  2.221e-06  1.938e-09  2.146e-11  7.634e-11  2.016e-08  3.377e-09  4.905e-07  1.122e-08  5.627e-07  9.426e-08  7.961e-05  5.777e-08  1.095e-06  2.513e-06  2.725e-10  9.783e-13  7.319e-09  4.354e-10  6.264e-33  1.769e-13  8.945e-21  2.108e-08  1.123e-06  4.211e-17  9.066e-10
-2.99959e+14  -7.16186e+14  3.05822e+14  8.34520e+14  3.06300e+05  8.79000e+02  3.21700e-01  2.47000e+03  3.986e-04  1.990e-05  1.345e-06  3.708e-08  1.549e-06  5.378e-10  4.719e-06  5.020e-07  1.716e-05  7.825e-07  8.465e-06  1.620e-07  8.239e-09  2.779e-11  3.546e-07  1.304e-06  2.374e-08  5.843e-10  7.295e-09  8.444e-08  5.021e-08  6.007e-10  1.232e-09  2.895e-10  1.070e-10  1.011e-07  2.334e-07  1.416e-09  2.752e-09  1.427e-09  8.021e-13  2.220e-06  1.845e-09  2.156e-11  1.045e-10  2.029e-08  3.852e-09  4.939e-07  1.122e-08  6.574e-07  1.019e-07  8.161e-05  7.883e-08  1.274e-06  2.531e-06  3.418e-10  1.055e-12  7.274e-09  6.601e-10  9.696e-33  1.790e-13  1.229e-20  2.729e-08  1.160e-06  5.855e-17  9.683e-10
-3.05698e+14  -7.35934e+14  3.11653e+14  8.55674e+14  2.78000e+05  8.42200e+02  3.20500e-01  2.47200e+03  3.985e-04  1.990e-05  1.310e-06  3.611e-08  1.405e-06  5.390e-10  4.783e-06  5.123e-07  1.719e-05  7.695e-07  8.426e-06  1.619e-07  8.239e-09  3.100e-11  3.457e-07  1.300e-06  3.091e-08  7.330e-10  7.420e-09  8.972e-08  4.672e-08  5.924e-10  1.235e-09  3.122e-10  1.355e-10  1.229e-07  2.461e-07  1.664e-09  3.200e-09  1.700e-09  8.028e-13  2.203e-06  1.767e-09  2.162e-11  1.407e-10  2.049e-08  4.376e-09  4.974e-07  1.122e-08  7.536e-07  1.096e-07  8.359e-05  1.060e-07  1.452e-06  2.550e-06  4.322e-10  1.137e-12  7.227e-09  9.775e-10  1.469e-32  1.721e-13  1.604e-20  3.425e-08  1.196e-06  8.199e-17  1.032e-09
-3.11345e+14  -7.55374e+14  3.16899e+14  8.76328e+14  2.52200e+05  8.07900e+02  3.18800e-01  2.47300e+03  3.984e-04  1.989e-05  1.274e-06  3.510e-08  1.276e-06  5.397e-10  4.841e-06  5.226e-07  1.721e-05  7.572e-07  8.386e-06  1.618e-07  8.238e-09  3.411e-11  3.371e-07  1.295e-06  4.017e-08  9.183e-10  7.537e-09  9.510e-08  4.345e-08  5.843e-10  1.244e-09  3.397e-10  1.745e-10  1.475e-07  2.560e-07  1.928e-09  3.676e-09  2.028e-09  8.153e-13  2.175e-06  1.704e-09  2.171e-11  1.860e-10  2.074e-08  4.941e-09  5.010e-07  1.120e-08  8.515e-07  1.174e-07  8.555e-05  1.401e-07  1.625e-06  2.570e-06  5.478e-10  1.224e-12  7.179e-09  1.408e-09  2.182e-32  1.619e-13  2.057e-20  4.191e-08  1.233e-06  1.153e-16  1.098e-09
-3.16591e+14  -7.74505e+14  3.21528e+14  8.96364e+14  2.30800e+05  7.81700e+02  3.16200e-01  2.47500e+03  3.983e-04  1.989e-05  1.237e-06  3.408e-08  1.159e-06  5.398e-10  4.894e-06  5.329e-07  1.723e-05  7.453e-07  8.346e-06  1.616e-07  8.238e-09  3.709e-11  3.286e-07  1.291e-06  5.025e-08  1.118e-09  7.643e-09  1.005e-07  4.040e-08  5.762e-10  1.260e-09  3.704e-10  2.215e-10  1.738e-07  2.639e-07  2.202e-09  4.161e-09  2.408e-09  8.425e-13  2.140e-06  1.655e-09  2.182e-11  2.408e-10  2.103e-08  5.548e-09  5.047e-07  1.118e-08  9.514e-07  1.254e-07  8.751e-05  1.790e-07  1.792e-06  2.589e-06  6.727e-10  1.308e-12  7.130e-09  1.923e-09  3.153e-32  1.560e-13  2.679e-20  5.022e-08  1.270e-06  1.564e-16  1.167e-09
-3.21836e+14  -7.93328e+14  3.26156e+14  9.16147e+14  2.17400e+05  7.80000e+02  3.12100e-01  2.47700e+03  3.982e-04  1.989e-05  1.201e-06  3.311e-08  1.052e-06  5.396e-10  4.957e-06  5.435e-07  1.726e-05  7.340e-07  8.305e-06  1.616e-07  8.237e-09  4.016e-11  3.202e-07  1.286e-06  5.438e-08  1.220e-09  7.729e-09  1.059e-07  3.759e-08  5.684e-10  1.277e-09  3.982e-10  2.569e-10  1.984e-07  2.729e-07  2.474e-09  4.605e-09  2.824e-09  8.857e-13  2.102e-06  1.624e-09  2.213e-11  3.047e-10  2.137e-08  6.225e-09  5.086e-07  1.115e-08  1.054e-06  1.337e-07  8.953e-05  2.112e-07  1.950e-06  2.609e-06  7.235e-10  1.352e-12  7.080e-09  2.317e-09  4.324e-32  1.708e-13  3.659e-20  5.899e-08  1.307e-06  1.815e-16  1.236e-09
-3.26773e+14  -8.12150e+14  3.30785e+14  9.35835e+14  2.16200e+05  8.27500e+02  3.03300e-01  2.47800e+03  3.982e-04  1.988e-05  1.167e-06  3.233e-08  9.536e-07  5.394e-10  5.068e-06  5.545e-07  1.730e-05  7.235e-07  8.263e-06  1.617e-07  8.238e-09  4.382e-11  3.120e-07  1.281e-06  4.453e-08  1.081e-09  7.775e-09  1.111e-07  3.506e-08  5.610e-10  1.281e-09  4.114e-10  2.502e-10  2.124e-07  2.919e-07  2.712e-09  4.895e-09  3.211e-09  9.427e-13  2.069e-06  1.628e-09  2.309e-11  3.729e-10  2.181e-08  7.043e-09  5.127e-07  1.111e-08  1.160e-06  1.425e-07  9.174e-05  2.069e-07  2.093e-06  2.630e-06  6.026e-10  1.313e-12  7.031e-09  2.195e-09  5.461e-32  2.839e-13  5.779e-20  6.796e-08  1.343e-06  1.574e-16  1.305e-09
-3.32019e+14  -8.31899e+14  3.36647e+14  9.56882e+14  2.26300e+05  9.11900e+02  3.02500e-01  2.48000e+03  3.980e-04  1.988e-05  1.143e-06  3.199e-08  8.673e-07  5.396e-10  5.251e-06  5.655e-07  1.734e-05  7.144e-07  8.222e-06  1.619e-07  8.238e-09  4.856e-11  3.044e-07  1.276e-06  2.949e-08  8.063e-10  7.795e-09  1.155e-07  3.297e-08  5.548e-10  1.269e-09  3.950e-10  2.235e-10  2.016e-07  3.358e-07  2.828e-09  4.862e-09  3.432e-09  1.002e-12  2.067e-06  1.620e-09  2.363e-11  4.293e-10  2.248e-08  8.015e-09  5.171e-07  1.108e-08  1.254e-06  1.513e-07  9.420e-05  1.389e-07  2.194e-06  2.657e-06  4.212e-10  1.221e-12  6.986e-09  1.588e-09  6.036e-32  7.029e-13  9.155e-20  7.540e-08  1.371e-06  1.055e-16  1.364e-09
-3.37265e+14  -8.52881e+14  3.44362e+14  9.79663e+14  2.41100e+05  9.84700e+02  3.01700e-01  2.48100e+03  3.979e-04  1.987e-05  1.137e-06  3.214e-08  7.976e-07  5.406e-10  5.435e-06  5.762e-07  1.738e-05  7.068e-07  8.180e-06  1.620e-07  8.239e-09  5.381e-11  2.975e-07  1.271e-06  2.084e-08  6.250e-10  7.814e-09  1.186e-07  3.130e-08  5.499e-10  1.249e-09  3.707e-10  2.268e-10  1.748e-07  3.999e-07  2.761e-09  4.515e-09  3.420e-09  1.038e-12  2.125e-06  1.599e-09  2.367e-11  4.586e-10  2.348e-08  9.000e-09  5.222e-07  1.106e-08  1.320e-06  1.600e-07  9.685e-05  7.559e-08  2.220e-06  2.691e-06  3.150e-10  1.150e-12  6.948e-09  1.169e-09  6.124e-32  1.377e-12  9.845e-20  7.993e-08  1.389e-06  7.427e-17  1.413e-09
-3.43127e+14  -8.75407e+14  3.54236e+14  1.00477e+15  2.53000e+05  1.02300e+03  2.97800e-01  2.48300e+03  3.978e-04  1.987e-05  1.151e-06  3.252e-08  7.435e-07  5.424e-10  5.577e-06  5.866e-07  1.742e-05  7.003e-07  8.139e-06  1.620e-07  8.240e-09  5.880e-11  2.911e-07  1.265e-06  1.744e-08  5.498e-10  7.853e-09  1.206e-07  2.997e-08  5.459e-10  1.227e-09  3.548e-10  2.474e-10  1.564e-07  4.596e-07  2.580e-09  4.071e-09  3.288e-09  1.053e-12  2.227e-06  1.591e-09  2.355e-11  4.700e-10  2.479e-08  9.907e-09  5.279e-07  1.105e-08  1.362e-06  1.688e-07  9.962e-05  5.307e-08  2.186e-06  2.728e-06  2.719e-10  1.119e-12  6.913e-09  1.005e-09  6.086e-32  1.853e-12  9.413e-20  8.173e-08  1.402e-06  6.204e-17  1.453e-09
-3.49607e+14  -8.98549e+14  3.65344e+14  1.03106e+15  2.58000e+05  1.03200e+03  2.92100e-01  2.48500e+03  3.977e-04  1.986e-05  1.175e-06  3.281e-08  6.986e-07  5.446e-10  5.702e-06  5.970e-07  1.745e-05  6.944e-07  8.097e-06  1.620e-07  8.241e-09  6.332e-11  2.851e-07  1.260e-06  1.684e-08  5.423e-10  7.916e-09  1.219e-07  2.884e-08  5.424e-10  1.205e-09  3.502e-10  2.583e-10  1.504e-07  5.050e-07  2.404e-09  3.717e-09  3.143e-09  1.059e-12  2.329e-06  1.585e-09  2.347e-11  4.784e-10  2.628e-08  1.074e-08  5.345e-07  1.105e-08  1.397e-06  1.778e-07  1.024e-04  4.997e-08  2.144e-06  2.765e-06  2.639e-10  1.118e-12  6.882e-09  9.965e-10  6.236e-32  1.992e-12  9.548e-20  8.234e-08  1.413e-06  6.041e-17  1.487e-09
-3.56396e+14  -9.22309e+14  3.77070e+14  1.05823e+15  2.55800e+05  1.02200e+03  2.88800e-01  2.48600e+03  3.976e-04  1.986e-05  1.197e-06  3.288e-08  6.566e-07  5.472e-10  5.820e-06  6.076e-07  1.747e-05  6.887e-07  8.056e-06  1.620e-07  8.241e-09  6.746e-11  2.794e-07  1.254e-06  1.778e-08  5.750e-10  8.003e-09  1.229e-07  2.785e-08  5.392e-10  1.184e-09  3.536e-10  2.567e-10  1.510e-07  5.381e-07  2.291e-09  3.515e-09  3.024e-09  1.063e-12  2.398e-06  1.557e-09  2.331e-11  4.907e-10  2.784e-08  1.153e-08  5.416e-07  1.105e-08  1.440e-06  1.869e-07  1.052e-04  5.392e-08  2.131e-06  2.799e-06  2.758e-10  1.139e-12  6.851e-09  1.087e-09  6.686e-32  1.914e-12  9.888e-20  8.312e-08  1.426e-06  6.454e-17  1.519e-09
-3.63801e+14  -9.46377e+14  3.89413e+14  1.08610e+15  2.47900e+05  1.00100e+03  2.89700e-01  2.48800e+03  3.975e-04  1.985e-05  1.211e-06  3.272e-08  6.143e-07  5.499e-10  5.932e-06  6.182e-07  1.750e-05  6.833e-07  8.014e-06  1.620e-07  8.242e-09  7.124e-11  2.741e-07  1.249e-06  1.979e-08  6.361e-10  8.110e-09  1.238e-07  2.694e-08  5.360e-10  1.165e-09  3.622e-10  2.505e-10  1.552e-07  5.619e-07  2.255e-09  3.457e-09  2.945e-09  1.068e-12  2.427e-06  1.506e-09  2.296e-11  5.095e-10  2.940e-08  1.227e-08  5.491e-07  1.105e-08  1.496e-06  1.959e-07  1.079e-04  6.157e-08  2.158e-06  2.829e-06  3.018e-10  1.174e-12  6.822e-09  1.258e-09  7.478e-32  1.734e-12  1.021e-19  8.477e-08  1.443e-06  7.263e-17  1.549e-09
-3.71516e+14  -9.70446e+14  4.01755e+14  1.11409e+15  2.35900e+05  9.72600e+02  2.88700e-01  2.48900e+03  3.974e-04  1.985e-05  1.213e-06  3.235e-08  5.702e-07  5.523e-10  6.037e-06  6.289e-07  1.752e-05  6.780e-07  7.972e-06  1.619e-07  8.242e-09  7.457e-11  2.690e-07  1.243e-06  2.317e-08  7.338e-10  8.227e-09  1.250e-07  2.606e-08  5.327e-10  1.150e-09  3.791e-10  2.484e-10  1.634e-07  5.787e-07  2.292e-09  3.524e-09  2.910e-09  1.076e-12  2.419e-06  1.463e-09  2.276e-11  5.370e-10  3.092e-08  1.298e-08  5.567e-07  1.105e-08  1.568e-06  2.050e-07  1.105e-04  7.493e-08  2.222e-06  2.853e-06  3.445e-10  1.225e-12  6.791e-09  1.546e-09  8.806e-32  1.525e-12  1.092e-19  8.794e-08  1.464e-06  8.744e-17  1.580e-09
-3.79538e+14  -9.94205e+14  4.13789e+14  1.14180e+15  2.21600e+05  9.40500e+02  2.88700e-01  2.49100e+03  3.973e-04  1.984e-05  1.204e-06  3.183e-08  5.251e-07  5.542e-10  6.135e-06  6.398e-07  1.755e-05  6.727e-07  7.930e-06  1.619e-07  8.242e-09  7.741e-11  2.640e-07  1.238e-06  2.797e-08  8.680e-10  8.346e-09  1.267e-07  2.518e-08  5.291e-10  1.138e-09  4.027e-10  2.559e-10  1.759e-07  5.901e-07  2.391e-09  3.690e-09  2.924e-09  1.089e-12  2.382e-06  1.424e-09  2.250e-11  5.753e-10  3.238e-08  1.366e-08  5.645e-07  1.104e-08  1.652e-06  2.141e-07  1.129e-04  9.378e-08  2.314e-06  2.872e-06  4.047e-10  1.288e-12  6.758e-09  1.968e-09  1.074e-31  1.306e-12  1.174e-19  9.267e-08  1.491e-06  1.093e-16  1.614e-09
-3.87561e+14  -1.01797e+15  4.25515e+14  1.16941e+15  2.06200e+05  9.06900e+02  2.88200e-01  2.49300e+03  3.971e-04  1.984e-05  1.187e-06  3.118e-08  4.806e-07  5.556e-10  6.224e-06  6.508e-07  1.757e-05  6.673e-07  7.888e-06  1.618e-07  8.243e-09  7.972e-11  2.591e-07  1.232e-06  3.452e-08  1.046e-09  8.463e-09  1.287e-07  2.428e-08  5.253e-10  1.131e-09  4.343e-10  2.775e-10  1.931e-07  5.974e-07  2.540e-09  3.934e-09  2.990e-09  1.109e-12  2.325e-06  1.393e-09  2.225e-11  6.262e-10  3.376e-08  1.431e-08  5.722e-07  1.103e-08  1.746e-06  2.232e-07  1.153e-04  1.194e-07  2.425e-06  2.886e-06  4.857e-10  1.364e-12  6.724e-09  2.561e-09  1.347e-31  1.095e-12  1.268e-19  9.893e-08  1.522e-06  1.413e-16  1.653e-09
-3.95584e+14  -1.04111e+15  4.36623e+14  1.19626e+15  1.90800e+05  8.73500e+02  2.88800e-01  2.49400e+03  3.970e-04  1.983e-05  1.162e-06  3.045e-08  4.380e-07  5.563e-10  6.304e-06  6.621e-07  1.759e-05  6.619e-07  7.846e-06  1.617e-07  8.243e-09  8.150e-11  2.543e-07  1.227e-06  4.294e-08  1.268e-09  8.574e-09  1.312e-07  2.336e-08  5.212e-10  1.130e-09  4.729e-10  3.153e-10  2.148e-07  6.011e-07  2.726e-09  4.235e-09  3.108e-09  1.138e-12  2.256e-06  1.364e-09  2.192e-11  6.909e-10  3.506e-08  1.494e-08  5.798e-07  1.101e-08  1.846e-06  2.324e-07  1.177e-04  1.513e-07  2.545e-06  2.897e-06  5.892e-10  1.450e-12  6.687e-09  3.341e-09  1.708e-31  9.011e-13  1.360e-19  1.065e-07  1.558e-06  1.848e-16  1.695e-09
-4.03607e+14  -1.06425e+15  4.47423e+14  1.22299e+15  1.75900e+05  8.41200e+02  2.87900e-01  2.49600e+03  3.969e-04  1.983e-05  1.134e-06  2.964e-08  3.979e-07  5.563e-10  6.374e-06  6.736e-07  1.760e-05  6.564e-07  7.803e-06  1.615e-07  8.243e-09  8.274e-11  2.496e-07  1.221e-06  5.394e-08  1.550e-09  8.675e-09  1.341e-07  2.243e-08  5.169e-10  1.135e-09  5.208e-10  3.717e-10  2.405e-07  6.019e-07  2.939e-09  4.579e-09  3.274e-09  1.178e-12  2.180e-06  1.345e-09  2.162e-11  7.702e-10  3.624e-08  1.554e-08  5.874e-07  1.099e-08  1.951e-06  2.418e-07  1.200e-04  1.916e-07  2.668e-06  2.905e-06  7.226e-10  1.546e-12  6.648e-09  4.364e-09  2.190e-31  7.318e-13  1.471e-19  1.153e-07  1.597e-06  2.467e-16  1.742e-09
-4.11321e+14  -1.08678e+15  4.57606e+14  1.24887e+15  1.61900e+05  8.10100e+02  2.86600e-01  2.49700e+03  3.968e-04  1.982e-05  1.102e-06  2.879e-08  3.609e-07  5.557e-10  6.434e-06  6.853e-07  1.761e-05  6.506e-07  7.761e-06  1.613e-07  8.243e-09  8.346e-11  2.450e-07  1.215e-06  6.800e-08  1.899e-09  8.763e-09  1.373e-07  2.149e-08  5.123e-10  1.147e-09  5.783e-10  4.484e-10  2.696e-07  6.002e-07  3.173e-09  4.955e-09  3.487e-09  1.231e-12  2.101e-06  1.331e-09  2.129e-11  8.646e-10  3.730e-08  1.612e-08  5.948e-07  1.095e-08  2.062e-06  2.513e-07  1.223e-04  2.406e-07  2.790e-06  2.911e-06  8.916e-10  1.652e-12  6.606e-09  5.660e-09  2.819e-31  5.881e-13  1.618e-19  1.252e-07  1.639e-06  3.325e-16  1.794e-09
-4.19035e+14  -1.10930e+15  4.67172e+14  1.27452e+15  1.49000e+05  7.80800e+02  2.88600e-01  2.49900e+03  3.967e-04  1.982e-05  1.070e-06  2.792e-08  3.272e-07  5.545e-10  6.483e-06  6.972e-07  1.762e-05  6.449e-07  7.718e-06  1.611e-07  8.243e-09  8.375e-11  2.404e-07  1.210e-06  8.485e-08  2.305e-09  8.844e-09  1.408e-07  2.057e-08  5.077e-10  1.166e-09  6.414e-10  5.448e-10  3.010e-07  5.962e-07  3.418e-09  5.347e-09  3.741e-09  1.301e-12  2.022e-06  1.312e-09  2.076e-11  9.735e-10  3.824e-08  1.667e-08  6.022e-07  1.092e-08  2.172e-06  2.608e-07  1.245e-04  2.956e-07  2.909e-06  2.916e-06  1.095e-09  1.765e-12  6.563e-09  7.168e-09  3.590e-31  4.679e-13  1.809e-19  1.357e-07  1.682e-06  4.402e-16  1.849e-09
-4.26441e+14  -1.13183e+15  4.76120e+14  1.29984e+15  1.37400e+05  7.53600e+02  2.83000e-01  2.50100e+03  3.966e-04  1.981e-05  1.036e-06  2.702e-08  2.963e-07  5.526e-10  6.522e-06  7.095e-07  1.763e-05  6.387e-07  7.675e-06  1.608e-07  8.243e-09  8.353e-11  2.358e-07  1.204e-06  1.074e-07  2.837e-09  8.906e-09  1.446e-07  1.963e-08  5.028e-10  1.194e-09  7.190e-10  6.676e-10  3.345e-07  5.906e-07  3.676e-09  5.755e-09  4.027e-09  1.390e-12  1.944e-06  1.312e-09  2.054e-11  1.096e-09  3.905e-08  1.719e-08  6.094e-07  1.087e-08  2.291e-06  2.709e-07  1.268e-04  3.631e-07  3.024e-06  2.917e-06  1.359e-09  1.890e-12  6.517e-09  9.108e-09  4.638e-31  3.783e-13  2.168e-19  1.475e-07  1.729e-06  6.063e-16  1.909e-09
-4.33538e+14  -1.15404e+15  4.84760e+14  1.32467e+15  1.27000e+05  7.28700e+02  2.78700e-01  2.50200e+03  3.965e-04  1.981e-05  1.002e-06  2.611e-08  2.681e-07  5.503e-10  6.551e-06  7.222e-07  1.763e-05  6.323e-07  7.632e-06  1.605e-07  8.243e-09  8.293e-11  2.312e-07  1.198e-06  1.341e-07  3.454e-09  8.954e-09  1.486e-07  1.870e-08  4.977e-10  1.231e-09  8.061e-10  8.149e-10  3.692e-07  5.838e-07  3.941e-09  6.169e-09  4.343e-09  1.501e-12  1.868e-06  1.315e-09  2.018e-11  1.232e-09  3.973e-08  1.767e-08  6.166e-07  1.081e-08  2.416e-06  2.815e-07  1.290e-04  4.407e-07  3.133e-06  2.918e-06  1.672e-09  2.022e-12  6.469e-09  1.136e-08  5.949e-31  3.115e-13  2.747e-19  1.602e-07  1.779e-06  8.208e-16  1.974e-09
-4.40635e+14  -1.17595e+15  4.93091e+14  1.34913e+15  1.17800e+05  7.06100e+02  2.72800e-01  2.50400e+03  3.963e-04  1.980e-05  9.686e-07  2.519e-08  2.423e-07  5.474e-10  6.572e-06  7.354e-07  1.762e-05  6.256e-07  7.587e-06  1.601e-07  8.242e-09  8.201e-11  2.265e-07  1.193e-06  1.661e-07  4.183e-09  8.986e-09  1.528e-07  1.779e-08  4.925e-10  1.278e-09  9.022e-10  9.887e-10  4.047e-07  5.762e-07  4.213e-09  6.581e-09  4.686e-09  1.637e-12  1.794e-06  1.321e-09  1.983e-11  1.382e-09  4.028e-08  1.813e-08  6.237e-07  1.075e-08  2.548e-06  2.928e-07  1.313e-04  5.296e-07  3.238e-06  2.917e-06  2.042e-09  2.160e-12  6.418e-09  1.398e-08  7.618e-31  2.650e-13  3.677e-19  1.740e-07  1.831e-06  1.106e-15  2.043e-09
-4.47423e+14  -1.19786e+15  5.01114e+14  1.37338e+15  1.09900e+05  6.86300e+02  2.69400e-01  2.50500e+03  3.962e-04  1.980e-05  9.353e-07  2.429e-08  2.188e-07  5.441e-10  6.587e-06  7.490e-07  1.762e-05  6.188e-07  7.542e-06  1.596e-07  8.242e-09  8.086e-11  2.219e-07  1.187e-06  2.010e-07  4.969e-09  9.010e-09  1.571e-07  1.692e-08  4.873e-10  1.336e-09  1.002e-09  1.184e-09  4.403e-07  5.680e-07  4.487e-09  6.985e-09  5.052e-09  1.804e-12  1.723e-06  1.321e-09  1.931e-11  1.545e-09  4.072e-08  1.858e-08  6.308e-07  1.068e-08  2.685e-06  3.045e-07  1.336e-04  6.259e-07  3.338e-06  2.917e-06  2.447e-09  2.300e-12  6.365e-09  1.682e-08  9.619e-31  2.331e-13  5.074e-19  1.882e-07  1.884e-06  1.440e-15  2.116e-09
-4.53903e+14  -1.21977e+15  5.08828e+14  1.39742e+15  1.03400e+05  6.69500e+02  2.62700e-01  2.50700e+03  3.961e-04  1.979e-05  9.022e-07  2.339e-08  1.974e-07  5.405e-10  6.595e-06  7.630e-07  1.761e-05  6.118e-07  7.497e-06  1.592e-07  8.241e-09  7.949e-11  2.174e-07  1.181e-06  2.397e-07  5.848e-09  9.025e-09  1.616e-07  1.609e-08  4.821e-10  1.403e-09  1.108e-09  1.401e-09  4.757e-07  5.596e-07  4.764e-09  7.376e-09  5.433e-09  2.002e-12  1.654e-06  1.325e-09  1.889e-11  1.719e-09  4.107e-08  1.900e-08  6.378e-07  1.061e-08  2.831e-06  3.171e-07  1.359e-04  7.325e-07  3.433e-06  2.917e-06  2.888e-09  2.439e-12  6.311e-09  1.998e-08  1.212e-30  2.144e-13  7.168e-19  2.031e-07  1.937e-06  1.856e-15  2.192e-09
-4.60383e+14  -1.24168e+15  5.16542e+14  1.42145e+15  9.81000e+04  6.56900e+02  2.59200e-01  2.50800e+03  3.960e-04  1.979e-05  8.699e-07  2.251e-08  1.780e-07  5.366e-10  6.602e-06  7.777e-07  1.760e-05  6.047e-07  7.451e-06  1.588e-07  8.241e-09  7.803e-11  2.129e-07  1.174e-06  2.749e-07  6.663e-09  9.037e-09  1.659e-07  1.532e-08  4.770e-10  1.478e-09  1.213e-09  1.617e-09  5.105e-07  5.511e-07  5.041e-09  7.747e-09  5.830e-09  2.236e-12  1.587e-06  1.323e-09  1.834e-11  1.906e-09  4.133e-08  1.943e-08  6.449e-07  1.053e-08  2.982e-06  3.302e-07  1.382e-04  8.440e-07  3.524e-06  2.919e-06  3.292e-09  2.565e-12  6.256e-09  2.318e-08  1.496e-30  2.040e-13  1.009e-18  2.181e-07  1.989e-06  2.261e-15  2.269e-09
-4.66863e+14  -1.26358e+15  5.24257e+14  1.44549e+15  9.42100e+04  6.49800e+02  2.57900e-01  2.51000e+03  3.958e-04  1.978e-05  8.386e-07  2.165e-08  1.605e-07  5.325e-10  6.611e-06  7.927e-07  1.760e-05  5.979e-07  7.405e-06  1.584e-07  8.240e-09  7.656e-11  2.087e-07  1.168e-06  3.007e-07  7.299e-09  9.052e-09  1.702e-07  1.464e-08  4.722e-10  1.558e-09  1.309e-09  1.808e-09  5.443e-07  5.428e-07  5.315e-09  8.091e-09  6.241e-09  2.504e-12  1.524e-06  1.314e-09  1.774e-11  2.105e-09  4.154e-08  1.987e-08  6.519e-07  1.045e-08  3.135e-06  3.436e-07  1.406e-04  9.557e-07  3.611e-06  2.925e-06  3.590e-09  2.665e-12  6.201e-09  2.617e-08  1.805e-30  1.990e-13  1.389e-18  2.327e-07  2.037e-06  2.581e-15  2.346e-09
-4.73343e+14  -1.28549e+15  5.32279e+14  1.46965e+15  9.16300e+04  6.48600e+02  2.57100e-01  2.51200e+03  3.957e-04  1.977e-05  8.083e-07  2.084e-08  1.447e-07  5.283e-10  6.627e-06  8.082e-07  1.761e-05  5.913e-07  7.358e-06  1.583e-07  8.239e-09  7.516e-11  2.047e-07  1.162e-06  3.134e-07  7.692e-09  9.072e-09  1.742e-07  1.403e-08  4.679e-10  1.637e-09  1.395e-09  1.953e-09  5.768e-07  5.348e-07  5.582e-09  8.403e-09  6.659e-09  2.806e-12  1.462e-06  1.302e-09  1.721e-11  2.316e-09  4.172e-08  2.033e-08  6.591e-07  1.037e-08  3.288e-06  3.572e-07  1.429e-04  1.064e-06  3.694e-06  2.935e-06  3.736e-09  2.732e-12  6.147e-09  2.879e-08  2.130e-30  1.981e-13  1.856e-18  2.466e-07  2.080e-06  2.770e-15  2.421e-09
-4.79823e+14  -1.30802e+15  5.40302e+14  1.49435e+15  9.01600e+04  6.52500e+02  2.55000e-01  2.51300e+03  3.956e-04  1.977e-05  7.789e-07  2.006e-08  1.303e-07  5.241e-10  6.653e-06  8.241e-07  1.764e-05  5.851e-07  7.312e-06  1.583e-07  8.238e-09  7.388e-11  2.009e-07  1.155e-06  3.139e-07  7.867e-09  9.096e-09  1.779e-07  1.350e-08  4.640e-10  1.712e-09  1.467e-09  2.050e-09  6.081e-07  5.273e-07  5.843e-09  8.681e-09  7.076e-09  3.134e-12  1.402e-06  1.293e-09  1.679e-11  2.539e-09  4.188e-08  2.085e-08  6.663e-07  1.029e-08  3.443e-06  3.711e-07  1.454e-04  1.169e-06  3.775e-06  2.949e-06  3.735e-09  2.770e-12  6.094e-09  3.102e-08  2.472e-30  2.015e-13  2.404e-18  2.599e-07  2.120e-06  2.838e-15  2.495e-09
-4.85994e+14  -1.33054e+15  5.49251e+14  1.51928e+15  8.94900e+04  6.59300e+02  2.52600e-01  2.51500e+03  3.954e-04  1.976e-05  7.505e-07  1.931e-08  1.173e-07  5.198e-10  6.689e-06  8.402e-07  1.767e-05  5.793e-07  7.265e-06  1.584e-07  8.238e-09  7.277e-11  1.973e-07  1.148e-06  3.061e-07  7.888e-09  9.126e-09  1.814e-07  1.303e-08  4.605e-10  1.779e-09  1.528e-09  2.113e-09  6.381e-07  5.205e-07  6.096e-09  8.923e-09  7.484e-09  3.485e-12  1.344e-06  1.287e-09  1.640e-11  2.771e-09  4.203e-08  2.141e-08  6.737e-07  1.021e-08  3.601e-06  3.851e-07  1.479e-04  1.267e-06  3.853e-06  2.965e-06  3.637e-09  2.788e-12  6.043e-09  3.284e-08  2.826e-30  2.094e-13  3.019e-18  2.724e-07  2.157e-06  2.811e-15  2.567e-09
-4.92474e+14  -1.35338e+15  5.58816e+14  1.54481e+15  8.92700e+04  6.66400e+02  2.51500e-01  2.51600e+03  3.953e-04  1.976e-05  7.230e-07  1.861e-08  1.056e-07  5.156e-10  6.737e-06  8.566e-07  1.771e-05  5.740e-07  7.219e-06  1.585e-07  8.237e-09  7.185e-11  1.939e-07  1.142e-06  2.953e-07  7.839e-09  9.166e-09  1.846e-07  1.262e-08  4.577e-10  1.837e-09  1.575e-09  2.164e-09  6.667e-07  5.144e-07  6.340e-09  9.129e-09  7.877e-09  3.854e-12  1.288e-06  1.278e-09  1.596e-11  3.013e-09  4.218e-08  2.205e-08  6.812e-07  1.013e-08  3.758e-06  3.993e-07  1.504e-04  1.356e-06  3.929e-06  2.986e-06  3.506e-09  2.798e-12  5.993e-09  3.425e-08  3.185e-30  2.209e-13  3.686e-18  2.841e-07  2.189e-06  2.729e-15  2.636e-09
-4.98954e+14  -1.37652e+15  5.68690e+14  1.57072e+15  8.91100e+04  6.71800e+02  2.49400e-01  2.51800e+03  3.951e-04  1.975e-05  6.965e-07  1.794e-08  9.497e-08  5.113e-10  6.794e-06  8.729e-07  1.774e-05  5.691e-07  7.172e-06  1.586e-07  8.237e-09  7.108e-11  1.908e-07  1.135e-06  2.878e-07  7.855e-09  9.218e-09  1.874e-07  1.227e-08  4.554e-10  1.888e-09  1.616e-09  2.227e-09  6.939e-07  5.091e-07  6.575e-09  9.304e-09  8.244e-09  4.237e-12  1.233e-06  1.269e-09  1.552e-11  3.260e-09  4.234e-08  2.273e-08  6.889e-07  1.005e-08  3.916e-06  4.136e-07  1.530e-04  1.438e-06  4.002e-06  3.008e-06  3.413e-09  2.812e-12  5.945e-09  3.556e-08  3.577e-30  2.344e-13  4.418e-18  2.949e-07  2.219e-06  2.684e-15  2.702e-09
-5.05434e+14  -1.39997e+15  5.79490e+14  1.59725e+15  8.87500e+04  6.74500e+02  2.44700e-01  2.52000e+03  3.950e-04  1.974e-05  6.707e-07  1.729e-08  8.532e-08  5.069e-10  6.854e-06  8.893e-07  1.776e-05  5.644e-07  7.125e-06  1.586e-07  8.237e-09  7.035e-11  1.879e-07  1.128e-06  2.877e-07  8.029e-09  9.276e-09  1.901e-07  1.195e-08  4.536e-10  1.935e-09  1.662e-09  2.316e-09  7.201e-07  5.042e-07  6.803e-09  9.453e-09  8.571e-09  4.634e-12  1.180e-06  1.267e-09  1.515e-11  3.509e-09  4.248e-08  2.343e-08  6.966e-07  9.976e-09  4.079e-06  4.284e-07  1.557e-04  1.519e-06  4.072e-06  3.031e-06  3.399e-09  2.840e-12  5.898e-09  3.718e-08  4.041e-30  2.478e-13  5.270e-18  3.057e-07  2.248e-06  2.734e-15  2.766e-09
-5.12222e+14  -1.42373e+15  5.90907e+14  1.62436e+15  8.80100e+04  6.74100e+02  2.41300e-01  2.52100e+03  3.948e-04  1.974e-05  6.456e-07  1.667e-08  7.659e-08  5.025e-10  6.917e-06  9.058e-07  1.778e-05  5.600e-07  7.077e-06  1.585e-07  8.236e-09  6.961e-11  1.851e-07  1.121e-06  2.933e-07  8.319e-09  9.344e-09  1.926e-07  1.167e-08  4.522e-10  1.980e-09  1.718e-09  2.434e-09  7.453e-07  4.995e-07  7.022e-09  9.581e-09  8.861e-09  5.044e-12  1.129e-06  1.266e-09  1.471e-11  3.757e-09  4.261e-08  2.414e-08  7.045e-07  9.899e-09  4.246e-06  4.435e-07  1.583e-04  1.600e-06  4.140e-06  3.054e-06  3.452e-09  2.881e-12  5.852e-09  3.915e-08  4.569e-30  2.570e-13  6.268e-18  3.162e-07  2.277e-06  2.838e-15  2.829e-09
-5.18702e+14  -1.44780e+15  6.02633e+14  1.65177e+15  8.68300e+04  6.70900e+02  2.38400e-01  2.52300e+03  3.947e-04  1.973e-05  6.212e-07  1.606e-08  6.870e-08  4.980e-10  6.977e-06  9.223e-07  1.779e-05  5.558e-07  7.030e-06  1.584e-07  8.236e-09  6.881e-11  1.825e-07  1.114e-06  3.049e-07  8.749e-09  9.419e-09  1.950e-07  1.141e-08  4.511e-10  2.025e-09  1.786e-09  2.583e-09  7.698e-07  4.948e-07  7.235e-09  9.692e-09  9.110e-09  5.466e-12  1.079e-06  1.264e-09  1.424e-11  4.002e-09  4.272e-08  2.483e-08  7.125e-07  9.822e-09  4.415e-06  4.591e-07  1.610e-04  1.686e-06  4.206e-06  3.077e-06  3.575e-09  2.937e-12  5.806e-09  4.158e-08  5.183e-30  2.603e-13  7.456e-18  3.267e-07  2.306e-06  3.015e-15  2.891e-09
-5.25491e+14  -1.47187e+15  6.14976e+14  1.67950e+15  8.52300e+04  6.65600e+02  2.35400e-01  2.52400e+03  3.945e-04  1.972e-05  5.975e-07  1.548e-08  6.158e-08  4.934e-10  7.032e-06  9.388e-07  1.780e-05  5.517e-07  6.982e-06  1.582e-07  8.236e-09  6.789e-11  1.801e-07  1.107e-06  3.229e-07  9.332e-09  9.501e-09  1.974e-07  1.117e-08  4.503e-10  2.073e-09  1.869e-09  2.766e-09  7.935e-07  4.899e-07  7.441e-09  9.789e-09  9.319e-09  5.898e-12  1.031e-06  1.263e-09  1.378e-11  4.243e-09  4.280e-08  2.549e-08  7.205e-07  9.745e-09  4.588e-06  4.751e-07  1.637e-04  1.777e-06  4.269e-06  3.099e-06  3.770e-09  3.006e-12  5.761e-09  4.454e-08  5.908e-30  2.583e-13  8.894e-18  3.372e-07  2.337e-06  3.279e-15  2.952e-09
-5.32279e+14  -1.49625e+15  6.27318e+14  1.70751e+15  8.32800e+04  6.58600e+02  2.32100e-01  2.52600e+03  3.944e-04  1.972e-05  5.744e-07  1.490e-08  5.515e-08  4.887e-10  7.081e-06  9.554e-07  1.780e-05  5.476e-07  6.934e-06  1.579e-07  8.236e-09  6.682e-11  1.777e-07  1.100e-06  3.472e-07  1.008e-08  9.585e-09  1.997e-07  1.095e-08  4.496e-10  2.123e-09  1.967e-09  2.984e-09  8.168e-07  4.846e-07  7.641e-09  9.875e-09  9.490e-09  6.339e-12  9.850e-07  1.265e-09  1.332e-11  4.478e-09  4.284e-08  2.610e-08  7.285e-07  9.667e-09  4.765e-06  4.916e-07  1.665e-04  1.877e-06  4.330e-06  3.119e-06  4.035e-09  3.090e-12  5.716e-09  4.809e-08  6.767e-30  2.527e-13  1.065e-17  3.481e-07  2.369e-06  3.639e-15  3.013e-09
-5.39068e+14  -1.52062e+15  6.40278e+14  1.73575e+15  8.10600e+04  6.50300e+02  2.28400e-01  2.52800e+03  3.942e-04  1.971e-05  5.520e-07  1.433e-08  4.935e-08  4.839e-10  7.122e-06  9.721e-07  1.779e-05  5.435e-07  6.886e-06  1.576e-07  8.235e-09  6.559e-11  1.754e-07  1.092e-06  3.781e-07  1.099e-08  9.669e-09  2.021e-07  1.074e-08  4.491e-10  2.179e-09  2.082e-09  3.239e-09  8.396e-07  4.790e-07  7.836e-09  9.952e-09  9.625e-09  6.789e-12  9.406e-07  1.269e-09  1.288e-11  4.705e-09  4.283e-08  2.665e-08  7.365e-07  9.589e-09  4.947e-06  5.088e-07  1.692e-04  1.987e-06  4.388e-06  3.136e-06  4.372e-09  3.187e-12  5.672e-09  5.227e-08  7.790e-30  2.455e-13  1.281e-17  3.594e-07  2.404e-06  4.110e-15  3.074e-09
-5.45856e+14  -1.54531e+15  6.52929e+14  1.76416e+15  7.86400e+04  6.41100e+02  2.27200e-01  2.52900e+03  3.940e-04  1.970e-05  5.304e-07  1.378e-08  4.415e-08  4.789e-10  7.154e-06  9.889e-07  1.777e-05  5.394e-07  6.838e-06  1.572e-07  8.234e-09  6.424e-11  1.733e-07  1.085e-06  4.129e-07  1.200e-08  9.756e-09  2.045e-07  1.055e-08  4.488e-10  2.242e-09  2.205e-09  3.526e-09  8.617e-07  4.730e-07  8.024e-09  1.002e-08  9.735e-09  7.247e-12  8.980e-07  1.269e-09  1.237e-11  4.926e-09  4.277e-08  2.715e-08  7.444e-07  9.510e-09  5.131e-06  5.264e-07  1.719e-04  2.105e-06  4.443e-06  3.153e-06  4.761e-09  3.293e-12  5.627e-09  5.682e-08  8.942e-30  2.372e-13  1.539e-17  3.708e-07  2.439e-06  4.635e-15  3.134e-09
-5.52645e+14  -1.56968e+15  6.65889e+14  1.79241e+15  7.60900e+04  6.31300e+02  2.23700e-01  2.53100e+03  3.939e-04  1.969e-05  5.093e-07  1.324e-08  3.946e-08  4.738e-10  7.177e-06  1.006e-06  1.775e-05  5.352e-07  6.789e-06  1.567e-07  8.234e-09  6.273e-11  1.712e-07  1.078e-06  4.562e-07  1.326e-08  9.840e-09  2.071e-07  1.037e-08  4.485e-10  2.311e-09  2.341e-09  3.858e-09  8.833e-07  4.666e-07  8.207e-09  1.008e-08  9.815e-09  7.711e-12  8.571e-07  1.271e-09  1.193e-11  5.138e-09  4.266e-08  2.757e-08  7.523e-07  9.429e-09  5.321e-06  5.446e-07  1.747e-04  2.234e-06  4.496e-06  3.168e-06  5.237e-09  3.413e-12  5.582e-09  6.204e-08  1.033e-29  2.304e-13  1.855e-17  3.828e-07  2.477e-06  5.345e-15  3.196e-09
-5.59433e+14  -1.59437e+15  6.78849e+14  1.82094e+15  7.34500e+04  6.21000e+02  2.21400e-01  2.53200e+03  3.937e-04  1.969e-05  4.889e-07  1.271e-08  3.526e-08  4.686e-10  7.190e-06  1.023e-06  1.773e-05  5.309e-07  6.741e-06  1.561e-07  8.233e-09  6.110e-11  1.692e-07  1.070e-06  5.058e-07  1.468e-08  9.920e-09  2.097e-07  1.020e-08  4.483e-10  2.388e-09  2.486e-09  4.232e-09  9.042e-07  4.600e-07  8.385e-09  1.013e-08  9.874e-09  8.183e-12  8.180e-07  1.273e-09  1.146e-11  5.342e-09  4.250e-08  2.794e-08  7.601e-07  9.348e-09  5.515e-06  5.636e-07  1.774e-04  2.373e-06  4.547e-06  3.181e-06  5.787e-09  3.544e-12  5.537e-09  6.778e-08  1.194e-29  2.252e-13  2.238e-17  3.952e-07  2.517e-06  6.175e-15  3.258e-09
-5.66530e+14  -1.61906e+15  6.91809e+14  1.84957e+15  7.07600e+04  6.10300e+02  2.17100e-01  2.53400e+03  3.935e-04  1.968e-05  4.691e-07  1.219e-08  3.147e-08  4.633e-10  7.193e-06  1.039e-06  1.769e-05  5.263e-07  6.692e-06  1.555e-07  8.232e-09  5.936e-11  1.672e-07  1.063e-06  5.654e-07  1.640e-08  9.994e-09  2.124e-07  1.003e-08  4.481e-10  2.474e-09  2.643e-09  4.664e-09  9.245e-07  4.532e-07  8.558e-09  1.017e-08  9.908e-09  8.660e-12  7.806e-07  1.278e-09  1.104e-11  5.537e-09  4.229e-08  2.822e-08  7.679e-07  9.264e-09  5.717e-06  5.835e-07  1.801e-04  2.525e-06  4.595e-06  3.192e-06  6.441e-09  3.690e-12  5.491e-09  7.427e-08  1.389e-29  2.229e-13  2.708e-17  4.084e-07  2.560e-06  7.258e-15  3.322e-09
-5.73319e+14  -1.64374e+15  7.04769e+14  1.87810e+15  6.80300e+04  5.99200e+02  2.14600e-01  2.53600e+03  3.933e-04  1.967e-05  4.500e-07  1.169e-08  2.807e-08  4.578e-10  7.187e-06  1.056e-06  1.764e-05  5.216e-07  6.643e-06  1.547e-07  8.230e-09  5.754e-11  1.653e-07  1.055e-06  6.327e-07  1.832e-08  1.006e-08  2.152e-07  9.881e-09  4.479e-10  2.571e-09  2.809e-09  5.150e-09  9.441e-07  4.463e-07  8.726e-09  1.021e-08  9.927e-09  9.146e-12  7.449e-07  1.279e-09  1.058e-11  5.722e-09  4.202e-08  2.844e-08  7.755e-07  9.179e-09  5.923e-06  6.042e-07  1.829e-04  2.687e-06  4.641e-06  3.201e-06  7.189e-09  3.848e-12  5.444e-09  8.130e-08  1.613e-29  2.229e-13  3.276e-17  4.221e-07  2.604e-06  8.512e-15  3.387e-09
-5.80107e+14  -1.66812e+15  7.17420e+14  1.90626e+15  6.52900e+04  5.87900e+02  2.11100e-01  2.53700e+03  3.932e-04  1.966e-05  4.314e-07  1.119e-08  2.502e-08  4.523e-10  7.170e-06  1.073e-06  1.758e-05  5.167e-07  6.593e-06  1.538e-07  8.229e-09  5.565e-11  1.634e-07  1.048e-06  7.110e-07  2.058e-08  1.012e-08  2.182e-07  9.744e-09  4.477e-10  2.679e-09  2.981e-09  5.707e-09  9.629e-07  4.393e-07  8.889e-09  1.023e-08  9.929e-09  9.638e-12  7.109e-07  1.280e-09  1.015e-11  5.898e-09  4.169e-08  2.860e-08  7.830e-07  9.092e-09  6.137e-06  6.259e-07  1.856e-04  2.861e-06  4.684e-06  3.209e-06  8.057e-09  4.021e-12  5.397e-09  8.903e-08  1.880e-29  2.256e-13  3.967e-17  4.363e-07  2.651e-06  1.008e-14  3.454e-09
-5.87204e+14  -1.69280e+15  7.30071e+14  1.93479e+15  6.25600e+04  5.76500e+02  2.08700e-01  2.53900e+03  3.930e-04  1.965e-05  4.135e-07  1.071e-08  2.228e-08  4.466e-10  7.144e-06  1.090e-06  1.751e-05  5.116e-07  6.544e-06  1.528e-07  8.228e-09  5.372e-11  1.615e-07  1.041e-06  7.997e-07  2.314e-08  1.018e-08  2.213e-07  9.625e-09  4.474e-10  2.799e-09  3.159e-09  6.338e-09  9.809e-07  4.324e-07  9.047e-09  1.025e-08  9.921e-09  1.014e-11  6.785e-07  1.278e-09  9.704e-12  6.065e-09  4.132e-08  2.868e-08  7.904e-07  9.004e-09  6.356e-06  6.486e-07  1.883e-04  3.044e-06  4.726e-06  3.215e-06  9.045e-09  4.208e-12  5.348e-09  9.733e-08  2.190e-29  2.308e-13  4.799e-17  4.510e-07  2.699e-06  1.192e-14  3.521e-09
-5.93993e+14  -1.71718e+15  7.42414e+14  1.96283e+15  5.98600e+04  5.64900e+02  2.06600e-01  2.54000e+03  3.928e-04  1.965e-05  3.962e-07  1.024e-08  1.984e-08  4.409e-10  7.109e-06  1.107e-06  1.743e-05  5.063e-07  6.495e-06  1.517e-07  8.226e-09  5.177e-11  1.596e-07  1.033e-06  8.997e-07  2.605e-08  1.023e-08  2.244e-07  9.526e-09  4.472e-10  2.932e-09  3.339e-09  7.054e-09  9.981e-07  4.255e-07  9.200e-09  1.025e-08  9.903e-09  1.065e-11  6.477e-07  1.274e-09  9.266e-12  6.221e-09  4.090e-08  2.871e-08  7.976e-07  8.915e-09  6.580e-06  6.724e-07  1.910e-04  3.235e-06  4.765e-06  3.221e-06  1.017e-08  4.408e-12  5.300e-09  1.062e-07  2.553e-29  2.384e-13  5.797e-17  4.660e-07  2.748e-06  1.412e-14  3.591e-09
-6.01090e+14  -1.74156e+15  7.54757e+14  1.99098e+15  5.72000e+04  5.53500e+02  2.05200e-01  2.54200e+03  3.926e-04  1.964e-05  3.795e-07  9.793e-09  1.766e-08  4.351e-10  7.065e-06  1.123e-06  1.734e-05  5.008e-07  6.445e-06  1.504e-07  8.224e-09  4.982e-11  1.578e-07  1.026e-06  1.011e-06  2.933e-08  1.027e-08  2.276e-07  9.450e-09  4.470e-10  3.078e-09  3.520e-09  7.860e-09  1.014e-06  4.187e-07  9.348e-09  1.025e-08  9.879e-09  1.116e-11  6.184e-07  1.267e-09  8.831e-12  6.368e-09  4.044e-08  2.868e-08  8.047e-07  8.825e-09  6.807e-06  6.971e-07  1.937e-04  3.432e-06  4.803e-06  3.226e-06  1.142e-08  4.620e-12  5.251e-09  1.156e-07  2.974e-29  2.482e-13  6.985e-17  4.813e-07  2.798e-06  1.670e-14  3.661e-09
-6.07878e+14  -1.76593e+15  7.66791e+14  2.01891e+15  5.46200e+04  5.42300e+02  2.04200e-01  2.54400e+03  3.924e-04  1.963e-05  3.635e-07  9.357e-09  1.572e-08  4.293e-10  7.014e-06  1.140e-06  1.723e-05  4.952e-07  6.396e-06  1.490e-07  8.222e-09  4.790e-11  1.561e-07  1.018e-06  1.134e-06  3.300e-08  1.031e-08  2.309e-07  9.398e-09  4.467e-10  3.238e-09  3.701e-09  8.765e-09  1.030e-06  4.121e-07  9.491e-09  1.024e-08  9.850e-09  1.169e-11  5.907e-07  1.258e-09  8.410e-12  6.503e-09  3.994e-08  2.860e-08  8.116e-07  8.735e-09  7.037e-06  7.229e-07  1.964e-04  3.635e-06  4.838e-06  3.230e-06  1.282e-08  4.845e-12  5.202e-09  1.255e-07  3.462e-29  2.601e-13  8.393e-17  4.967e-07  2.848e-06  1.971e-14  3.732e-09
-6.14667e+14  -1.79031e+15  7.78516e+14  2.04673e+15  5.21400e+04  5.31400e+02  2.01300e-01  2.54500e+03  3.922e-04  1.962e-05  3.481e-07  8.935e-09  1.398e-08  4.234e-10  6.954e-06  1.156e-06  1.711e-05  4.894e-07  6.347e-06  1.474e-07  8.220e-09  4.599e-11  1.543e-07  1.011e-06  1.273e-06  3.725e-08  1.034e-08  2.344e-07  9.364e-09  4.465e-10  3.412e-09  3.884e-09  9.787e-09  1.044e-06  4.057e-07  9.629e-09  1.021e-08  9.810e-09  1.222e-11  5.643e-07  1.251e-09  8.035e-12  6.627e-09  3.940e-08  2.846e-08  8.184e-07  8.643e-09  7.275e-06  7.501e-07  1.991e-04  3.847e-06  4.872e-06  3.233e-06  1.439e-08  5.085e-12  5.152e-09  1.362e-07  4.045e-29  2.750e-13  1.008e-16  5.128e-07  2.901e-06  2.344e-14  3.805e-09
-6.21764e+14  -1.81469e+15  7.90242e+14  2.07465e+15  4.97800e+04  5.21000e+02  1.99500e-01  2.54700e+03  3.920e-04  1.961e-05  3.332e-07  8.529e-09  1.242e-08  4.175e-10  6.887e-06  1.171e-06  1.697e-05  4.834e-07  6.297e-06  1.456e-07  8.218e-09  4.413e-11  1.526e-07  1.003e-06  1.423e-06  4.187e-08  1.036e-08  2.379e-07  9.355e-09  4.462e-10  3.599e-09  4.068e-09  1.091e-08  1.058e-06  3.995e-07  9.762e-09  1.018e-08  9.764e-09  1.275e-11  5.392e-07  1.242e-09  7.662e-12  6.740e-09  3.883e-08  2.829e-08  8.249e-07  8.550e-09  7.517e-06  7.786e-07  2.017e-04  4.064e-06  4.904e-06  3.236e-06  1.609e-08  5.335e-12  5.101e-09  1.475e-07  4.718e-29  2.919e-13  1.207e-16  5.292e-07  2.954e-06  2.766e-14  3.878e-09
-6.28553e+14  -1.83906e+15  8.01968e+14  2.10247e+15  4.75800e+04  5.11200e+02  1.96500e-01  2.54800e+03  3.918e-04  1.960e-05  3.189e-07  8.137e-09  1.103e-08  4.115e-10  6.813e-06  1.186e-06  1.682e-05  4.772e-07  6.248e-06  1.438e-07  8.216e-09  4.232e-11  1.509e-07  9.955e-07  1.586e-06  4.701e-08  1.037e-08  2.415e-07  9.367e-09  4.459e-10  3.800e-09  4.254e-09  1.215e-08  1.071e-06  3.934e-07  9.891e-09  1.014e-08  9.712e-09  1.329e-11  5.154e-07  1.232e-09  7.318e-12  6.841e-09  3.823e-08  2.807e-08  8.313e-07  8.457e-09  7.766e-06  8.089e-07  2.043e-04  4.290e-06  4.935e-06  3.237e-06  1.794e-08  5.597e-12  5.050e-09  1.596e-07  5.513e-29  3.114e-13  1.444e-16  5.461e-07  3.009e-06  3.264e-14  3.954e-09
