# Collapse Model Output 
 
# Crich/ev_output/ev_3918657.dat in GNUPLOT format produced by evolve_output.pl 
 
X                 Y                 Z                 R                 DENSITY           TEMP              AV                TIME              CO                N2                CH4               NH3               H2S               HCP               H2O               C2H2              HCN               CS                SiC2              HCl               HF                C2H4              SiO               SiS               CN                C2H               C4H               C6H               HC3N              HC5N              HC7N              HCO+              CH                CH2               CH3               NH                NH2               SO                SO2               HS                HCNH+             NH4+              H2CO              H2CS              CH3CN             SiC               SiN               C                 N                 H                 O                 S                 Si                Cl                F                 P                 C+                N+                H+                O+                S+                Si+               Cl+               P+              
#  (CM)              (CM)              (CM)              (CM)              (CM-3)            (K)               (MAG)             (YR)              (wrt              Hnuc)           
 
1.32777e+14  -9.31566e+13  -6.89649e+13  1.76250e+14  7.64600e+06  6.27700e+02  1.24100e+00  2.41600e+03  4.003e-04  1.998e-05  6.186e-08  1.024e-10  2.062e-08  4.702e-10  2.733e-06  3.715e-08  1.620e-05  1.471e-06  9.307e-06  1.625e-07  8.209e-09  2.852e-14  7.182e-07  1.370e-06  3.628e-10  7.602e-12  1.166e-09  1.599e-08  3.630e-07  9.925e-10  2.755e-09  4.713e-12  2.442e-13  8.326e-10  1.478e-09  1.376e-12  5.858e-13  2.753e-09  2.833e-12  1.939e-07  3.562e-11  2.809e-14  5.959e-12  3.343e-08  4.517e-10  4.531e-07  1.051e-08  5.983e-09  1.308e-09  1.169e-05  1.206e-09  1.736e-06  2.115e-06  1.276e-11  5.195e-14  7.803e-09  3.738e-14  1.016e-41  3.802e-18  3.768e-27  3.461e-10  4.213e-08  2.212e-21  1.094e-11
1.86869e+14  -9.61806e+13  -8.96389e+13  2.28486e+14  8.34100e+06  1.25900e+03  8.18800e-01  2.41800e+03  4.003e-04  1.998e-05  8.109e-08  3.634e-10  1.656e-06  4.680e-10  2.742e-06  4.871e-08  1.622e-05  1.461e-06  9.300e-06  1.625e-07  8.229e-09  3.124e-14  7.125e-07  1.369e-06  6.919e-11  2.642e-12  1.152e-09  1.774e-08  3.544e-07  9.853e-10  2.722e-09  1.213e-11  5.686e-13  1.651e-10  8.888e-10  1.152e-11  8.026e-12  2.665e-09  2.799e-12  3.261e-07  8.338e-10  1.045e-13  5.030e-12  3.303e-08  4.467e-10  4.534e-07  1.049e-08  9.779e-10  1.473e-09  1.538e-05  4.768e-11  6.563e-09  2.106e-06  5.257e-12  4.572e-14  7.802e-09  1.859e-15  2.151e-40  1.759e-18  1.126e-27  1.343e-12  7.087e-08  4.527e-21  2.621e-11
2.29050e+14  -9.91428e+13  -9.96674e+13  2.68750e+14  6.74800e+06  1.15700e+03  6.87500e-01  2.41900e+03  4.003e-04  1.998e-05  9.543e-08  4.532e-10  1.683e-06  4.652e-10  2.755e-06  6.455e-08  1.625e-05  1.446e-06  9.288e-06  1.625e-07  8.229e-09  3.985e-14  7.049e-07  1.367e-06  1.589e-10  5.417e-12  1.168e-09  1.980e-08  3.416e-07  9.768e-10  2.683e-09  1.754e-11  1.135e-12  4.543e-10  2.570e-09  8.776e-12  5.569e-12  2.549e-09  2.754e-12  3.333e-07  1.186e-09  1.326e-13  4.442e-12  3.252e-08  4.417e-10  4.537e-07  1.044e-08  3.793e-09  2.334e-09  1.602e-05  1.426e-10  1.606e-08  2.102e-06  7.091e-12  7.035e-14  7.802e-09  1.864e-14  6.649e-40  1.306e-17  4.470e-27  8.805e-12  1.033e-07  1.277e-20  4.461e-11
2.66603e+14  -1.02013e+14  -1.06487e+14  3.04668e+14  4.97400e+06  9.85900e+02  6.26700e-01  2.42100e+03  4.003e-04  1.998e-05  1.004e-07  4.632e-10  1.564e-06  4.623e-10  2.772e-06  8.206e-08  1.629e-05  1.430e-06  9.274e-06  1.625e-07  8.221e-09  6.092e-14  6.960e-07  1.366e-06  4.474e-10  1.277e-11  1.234e-09  2.337e-08  3.262e-07  9.673e-10  2.645e-09  2.374e-11  1.273e-12  9.922e-10  4.921e-09  3.660e-12  2.623e-12  2.429e-09  2.706e-12  4.409e-07  1.232e-09  1.359e-13  4.189e-12  3.197e-08  4.430e-10  4.541e-07  1.039e-08  1.569e-08  3.607e-09  1.664e-05  5.958e-10  6.956e-08  2.105e-06  1.213e-11  1.040e-13  7.801e-09  2.382e-13  1.028e-39  9.438e-17  5.718e-26  8.399e-11  1.333e-07  3.778e-20  6.656e-11
3.01162e+14  -1.05191e+14  -1.11362e+14  3.37883e+14  3.60800e+06  8.46700e+02  6.29000e-01  2.42200e+03  4.003e-04  1.997e-05  1.011e-07  4.577e-10  1.454e-06  4.593e-10  2.788e-06  9.831e-08  1.632e-05  1.414e-06  9.260e-06  1.625e-07  8.212e-09  9.289e-14  6.872e-07  1.364e-06  1.083e-09  2.606e-11  1.350e-09  2.771e-08  3.109e-07  9.581e-10  2.619e-09  2.952e-11  9.619e-13  1.541e-09  6.311e-09  3.855e-12  3.756e-12  2.338e-09  2.666e-12  5.052e-07  1.178e-09  1.348e-13  4.248e-12  3.145e-08  4.538e-10  4.545e-07  1.033e-08  2.830e-08  4.840e-09  1.726e-05  2.032e-09  1.563e-07  2.115e-06  2.253e-11  1.397e-13  7.800e-09  1.086e-12  2.715e-39  1.742e-16  3.110e-25  2.627e-10  1.554e-07  9.583e-20  8.712e-11
3.33253e+14  -1.08554e+14  -1.14293e+14  3.68653e+14  2.64000e+06  7.43700e+02  6.02300e-01  2.42400e+03  4.003e-04  1.997e-05  1.002e-07  4.494e-10  1.362e-06  4.562e-10  2.802e-06  1.150e-07  1.635e-05  1.398e-06  9.245e-06  1.624e-07  8.204e-09  1.325e-13  6.772e-07  1.362e-06  2.620e-09  5.281e-11  1.503e-09  3.320e-08  2.940e-07  9.479e-10  2.609e-09  3.882e-11  1.570e-12  3.201e-09  7.212e-09  5.362e-12  6.547e-12  2.289e-09  2.632e-12  5.380e-07  1.264e-09  1.482e-13  4.785e-12  3.091e-08  4.727e-10  4.551e-07  1.027e-08  4.295e-08  6.287e-09  1.796e-05  6.987e-09  2.566e-07  2.128e-06  4.585e-11  1.825e-13  7.794e-09  3.944e-12  9.318e-39  2.603e-16  1.501e-24  6.108e-10  1.784e-07  2.966e-19  1.140e-10
3.62876e+14  -1.11578e+14  -1.15219e+14  3.96742e+14  1.98600e+06  6.67900e+02  5.82300e-01  2.42600e+03  4.003e-04  1.997e-05  9.881e-08  4.401e-10  1.284e-06  4.529e-10  2.811e-06  1.317e-07  1.638e-05  1.381e-06  9.227e-06  1.624e-07  8.195e-09  1.793e-13  6.664e-07  1.360e-06  5.635e-09  9.661e-11  1.687e-09  3.941e-08  2.764e-07  9.371e-10  2.625e-09  4.975e-11  3.190e-12  5.651e-09  7.703e-09  7.241e-12  1.040e-11  2.302e-09  2.607e-12  5.561e-07  1.357e-09  1.634e-13  5.982e-12  3.038e-08  5.006e-10  4.558e-07  1.021e-08  5.931e-08  7.921e-09  1.873e-05  1.734e-08  3.584e-07  2.144e-06  9.064e-11  2.312e-13  7.785e-09  1.041e-11  2.803e-38  4.644e-16  6.496e-24  1.133e-09  2.015e-07  8.444e-19  1.456e-10
3.90338e+14  -1.13831e+14  -1.14078e+14  4.22297e+14  1.54400e+06  6.09500e+02  5.50900e-01  2.42700e+03  4.003e-04  1.997e-05  9.717e-08  4.300e-10  1.213e-06  4.494e-10  2.817e-06  1.488e-07  1.641e-05  1.363e-06  9.208e-06  1.623e-07  8.187e-09  2.346e-13  6.544e-07  1.358e-06  1.145e-08  1.679e-10  1.897e-09  4.638e-08  2.579e-07  9.256e-10  2.680e-09  6.349e-11  6.341e-12  8.711e-09  7.928e-09  9.311e-12  1.516e-11  2.392e-09  2.594e-12  5.687e-07  1.480e-09  1.836e-13  8.041e-12  2.983e-08  5.393e-10  4.567e-07  1.013e-08  7.955e-08  9.893e-09  1.959e-05  3.436e-08  4.611e-07  2.162e-06  1.750e-10  2.888e-13  7.772e-09  2.327e-11  7.810e-38  1.061e-15  2.907e-23  1.898e-09  2.267e-07  2.378e-18  1.839e-10
4.15641e+14  -1.15188e+14  -1.11023e+14  4.45367e+14  1.23000e+06  5.60700e+02  5.28900e-01  2.42900e+03  4.003e-04  1.997e-05  9.543e-08  4.194e-10  1.146e-06  4.457e-10  2.818e-06  1.657e-07  1.643e-05  1.345e-06  9.187e-06  1.621e-07  8.179e-09  2.986e-13  6.418e-07  1.355e-06  2.164e-08  2.730e-10  2.130e-09  5.384e-08  2.394e-07  9.137e-10  2.789e-09  7.814e-11  1.175e-11  1.211e-08  8.016e-09  1.148e-11  2.052e-11  2.567e-09  2.601e-12  5.786e-07  1.571e-09  2.011e-13  1.103e-11  2.926e-08  5.905e-10  4.579e-07  1.005e-08  1.029e-07  1.215e-08  2.049e-05  5.721e-08  5.629e-07  2.182e-06  3.248e-10  3.548e-13  7.755e-09  4.361e-11  1.932e-37  2.392e-15  1.084e-22  2.879e-09  2.519e-07  6.050e-18  2.268e-10
4.39400e+14  -1.15682e+14  -1.06394e+14  4.66664e+14  9.94800e+05  5.18200e+02  5.08500e-01  2.43000e+03  4.002e-04  1.997e-05  9.362e-08  4.085e-10  1.082e-06  4.419e-10  2.814e-06  1.822e-07  1.645e-05  1.326e-06  9.164e-06  1.619e-07  8.171e-09  3.716e-13  6.285e-07  1.353e-06  3.967e-08  4.307e-10  2.383e-09  6.174e-08  2.212e-07  9.014e-10  2.974e-09  9.464e-11  2.098e-11  1.572e-08  8.062e-09  1.373e-11  2.627e-11  2.818e-09  2.637e-12  5.874e-07  1.644e-09  2.185e-13  1.488e-11  2.869e-08  6.551e-10  4.592e-07  9.961e-09  1.299e-07  1.473e-08  2.145e-05  8.560e-08  6.640e-07  2.205e-06  5.952e-10  4.323e-13  7.735e-09  7.398e-11  4.442e-37  5.263e-15  3.529e-22  4.106e-09  2.776e-07  1.487e-17  2.745e-10
4.61926e+14  -1.15497e+14  -1.00593e+14  4.86656e+14  8.20500e+05  4.84500e+02  4.82400e-01  2.43200e+03  4.002e-04  1.997e-05  9.171e-08  3.974e-10  1.020e-06  4.378e-10  2.806e-06  1.984e-07  1.646e-05  1.305e-06  9.139e-06  1.614e-07  8.164e-09  4.554e-13  6.144e-07  1.350e-06  6.927e-08  6.544e-10  2.650e-09  7.017e-08  2.031e-07  8.887e-10  3.259e-09  1.141e-10  3.574e-11  1.955e-08  8.126e-09  1.615e-11  3.234e-11  3.133e-09  2.717e-12  5.958e-07  1.717e-09  2.384e-13  1.954e-11  2.811e-08  7.355e-10  4.607e-07  9.865e-09  1.620e-07  1.779e-08  2.246e-05  1.199e-07  7.657e-07  2.230e-06  1.043e-09  5.210e-13  7.711e-09  1.202e-10  9.865e-37  1.101e-14  1.029e-21  5.676e-09  3.054e-07  3.507e-17  3.286e-10
4.83217e+14  -1.14725e+14  -9.41440e+13  5.05494e+14  7.35600e+05  5.29600e+02  4.48400e-01  2.43400e+03  4.002e-04  1.997e-05  8.968e-08  3.865e-10  9.553e-07  4.335e-10  2.812e-06  2.152e-07  1.651e-05  1.284e-06  9.112e-06  1.616e-07  8.160e-09  5.551e-13  5.992e-07  1.346e-06  5.655e-08  5.996e-10  2.889e-09  7.922e-08  1.851e-07  8.752e-10  3.447e-09  1.393e-10  3.209e-11  2.357e-08  8.325e-09  1.888e-11  3.815e-11  3.502e-09  2.795e-12  6.050e-07  1.924e-09  2.723e-13  2.518e-11  2.750e-08  8.414e-10  4.624e-07  9.760e-09  2.015e-07  2.150e-08  2.362e-05  1.551e-07  8.705e-07  2.254e-06  8.056e-10  5.202e-13  7.683e-09  1.831e-10  1.985e-36  1.118e-14  1.728e-21  7.718e-09  3.383e-07  3.462e-17  3.896e-10
5.06668e+14  -1.13954e+14  -9.01018e+13  5.27083e+14  8.08700e+05  9.42700e+02  4.18500e-01  2.43500e+03  4.002e-04  1.997e-05  9.173e-08  3.997e-10  8.945e-07  4.290e-10  3.022e-06  2.329e-07  1.661e-05  1.262e-06  9.083e-06  1.624e-07  8.166e-09  8.166e-13  5.828e-07  1.343e-06  5.403e-09  1.170e-10  2.979e-09  8.867e-08  1.679e-07  8.623e-10  3.379e-09  1.652e-10  1.459e-11  1.489e-08  2.945e-08  2.076e-11  2.625e-11  3.404e-09  2.781e-12  7.299e-07  2.408e-09  3.518e-13  2.759e-11  2.695e-08  1.107e-09  4.631e-07  9.654e-09  2.353e-07  2.590e-08  2.548e-05  1.340e-08  8.575e-07  2.272e-06  8.665e-11  3.253e-13  7.658e-09  5.160e-11  2.825e-36  6.040e-14  9.548e-22  9.395e-09  3.817e-07  3.818e-18  4.496e-10
5.35674e+14  -1.13985e+14  -9.34343e+13  5.55580e+14  9.62200e+05  1.44000e+03  3.94300e-01  2.43700e+03  4.001e-04  1.996e-05  3.911e-07  3.156e-09  1.491e-06  4.255e-10  3.106e-06  2.500e-07  1.666e-05  1.237e-06  9.052e-06  1.624e-07  8.175e-09  1.514e-12  5.663e-07  1.340e-06  1.066e-09  3.287e-11  3.009e-09  9.137e-08  1.522e-07  8.517e-10  3.291e-09  1.748e-10  2.846e-11  5.518e-09  3.279e-08  5.963e-10  4.624e-10  3.118e-09  2.691e-12  1.025e-06  3.952e-09  2.423e-12  2.567e-11  2.637e-08  1.368e-09  4.640e-07  9.549e-09  1.905e-08  2.727e-08  2.979e-05  1.270e-09  3.426e-08  2.295e-06  2.710e-11  2.531e-13  7.642e-09  8.167e-13  7.663e-35  2.165e-14  1.132e-22  4.838e-10  4.210e-07  1.105e-18  4.940e-10
5.69308e+14  -1.14818e+14  -1.04296e+14  5.90061e+14  1.05000e+06  1.65200e+03  3.74200e-01  2.43800e+03  4.000e-04  1.996e-05  5.275e-07  1.896e-08  2.145e-06  4.250e-10  3.187e-06  2.665e-07  1.671e-05  1.210e-06  9.020e-06  1.624e-07  8.187e-09  1.923e-12  5.499e-07  1.337e-06  6.528e-10  2.178e-11  3.046e-09  8.971e-08  1.380e-07  8.430e-10  3.200e-09  1.741e-10  2.333e-11  2.965e-09  1.104e-08  9.650e-10  8.162e-10  2.834e-09  2.596e-12  4.696e-07  4.457e-09  1.420e-11  2.244e-11  2.568e-08  1.377e-09  4.646e-07  9.453e-09  6.580e-09  1.686e-08  3.280e-05  6.984e-10  1.117e-08  2.321e-06  2.081e-11  2.501e-13  7.637e-09  1.840e-13  4.493e-35  5.779e-16  7.742e-23  1.331e-11  4.597e-07  8.432e-19  5.216e-10
6.05410e+14  -1.16268e+14  -1.19447e+14  6.27939e+14  1.01000e+06  1.62400e+03  3.57300e-01  2.44000e+03  4.000e-04  1.996e-05  6.317e-07  2.880e-08  2.275e-06  4.264e-10  3.276e-06  2.822e-07  1.676e-05  1.183e-06  8.986e-06  1.624e-07  8.199e-09  2.103e-12  5.336e-07  1.334e-06  7.489e-10  2.451e-11  3.111e-09  8.709e-08  1.251e-07  8.342e-10  3.110e-09  1.787e-10  2.751e-11  3.710e-09  1.420e-08  7.367e-10  6.404e-10  2.565e-09  2.501e-12  4.133e-07  4.676e-09  2.226e-11  1.961e-11  2.499e-08  1.344e-09  4.650e-07  9.388e-09  8.582e-09  1.446e-08  3.533e-05  8.749e-10  1.334e-08  2.347e-06  2.301e-11  2.741e-13  7.631e-09  2.765e-13  2.714e-35  7.962e-16  7.968e-23  1.876e-11  5.006e-07  1.036e-18  5.477e-10
6.42130e+14  -1.17564e+14  -1.35832e+14  6.66785e+14  8.95400e+05  1.51000e+03  3.46600e-01  2.44200e+03  3.999e-04  1.995e-05  7.253e-07  3.274e-08  2.243e-06  4.285e-10  3.371e-06  2.971e-07  1.680e-05  1.155e-06  8.952e-06  1.624e-07  8.206e-09  2.386e-12  5.174e-07  1.331e-06  1.104e-09  3.427e-11  3.207e-09  8.543e-08  1.134e-07  8.246e-10  3.021e-09  1.910e-10  3.615e-11  6.105e-09  2.522e-08  5.741e-10  5.271e-10  2.319e-09  2.408e-12  5.039e-07  4.584e-09  2.550e-11  1.757e-11  2.431e-08  1.326e-09  4.656e-07  9.350e-09  1.759e-08  1.828e-08  3.777e-05  1.478e-09  2.506e-08  2.370e-06  2.955e-11  3.137e-13  7.618e-09  8.173e-13  3.910e-35  2.343e-15  9.447e-23  6.000e-11  5.455e-07  1.567e-18  5.804e-10
6.79466e+14  -1.18397e+14  -1.51754e+14  7.06202e+14  7.70000e+05  1.40200e+03  3.35700e-01  2.44300e+03  3.998e-04  1.995e-05  8.041e-07  3.438e-08  2.156e-06  4.309e-10  3.471e-06  3.115e-07  1.685e-05  1.128e-06  8.915e-06  1.624e-07  8.211e-09  2.924e-12  5.013e-07  1.328e-06  1.695e-09  4.973e-11  3.319e-09  8.540e-08  1.025e-07  8.138e-10  2.934e-09  2.096e-10  4.830e-11  1.033e-08  4.335e-08  4.777e-10  4.956e-10  2.095e-09  2.318e-12  6.341e-07  4.399e-09  2.726e-11  1.631e-11  2.364e-08  1.341e-09  4.662e-07  9.321e-09  3.812e-08  2.471e-08  4.020e-05  2.631e-09  4.946e-08  2.388e-06  3.957e-11  3.618e-13  7.597e-09  2.681e-12  7.095e-35  6.831e-15  1.337e-22  1.925e-10  5.953e-07  2.550e-18  6.228e-10
7.16186e+14  -1.18829e+14  -1.66411e+14  7.44805e+14  6.65800e+05  1.31600e+03  3.26600e-01  2.44500e+03  3.997e-04  1.995e-05  8.706e-07  3.501e-08  2.043e-06  4.333e-10  3.576e-06  3.254e-07  1.689e-05  1.101e-06  8.878e-06  1.624e-07  8.213e-09  3.850e-12  4.855e-07  1.325e-06  2.491e-09  6.957e-11  3.440e-09  8.679e-08  9.266e-08  8.024e-10  2.850e-09  2.291e-10  5.913e-11  1.557e-08  6.406e-08  4.347e-10  5.366e-10  1.895e-09  2.230e-12  7.732e-07  4.192e-09  2.824e-11  1.590e-11  2.299e-08  1.404e-09  4.671e-07  9.295e-09  7.171e-08  3.239e-08  4.263e-05  4.402e-09  8.746e-08  2.405e-06  5.227e-11  4.134e-13  7.569e-09  7.359e-12  1.312e-34  1.593e-14  2.218e-22  4.860e-10  6.473e-07  4.039e-18  6.728e-10
7.52288e+14  -1.19015e+14  -1.79772e+14  7.82573e+14  5.82000e+05  1.24300e+03  3.18900e-01  2.44600e+03  3.996e-04  1.994e-05  9.221e-07  3.513e-08  1.915e-06  4.357e-10  3.685e-06  3.388e-07  1.693e-05  1.074e-06  8.840e-06  1.623e-07  8.214e-09  5.256e-12  4.699e-07  1.322e-06  3.546e-09  9.472e-11  3.567e-09  8.931e-08  8.368e-08  7.907e-10  2.769e-09  2.480e-10  6.655e-11  2.143e-08  8.703e-08  4.265e-10  6.288e-10  1.723e-09  2.146e-12  9.097e-07  3.972e-09  2.878e-11  1.664e-11  2.237e-08  1.530e-09  4.682e-07  9.269e-09  1.204e-07  4.083e-08  4.504e-05  7.073e-09  1.412e-07  2.422e-06  6.823e-11  4.681e-13  7.536e-09  1.757e-11  2.386e-34  3.166e-14  4.241e-22  1.046e-09  6.994e-07  6.221e-18  7.286e-10
7.86848e+14  -1.19045e+14  -1.92207e+14  8.18685e+14  5.13300e+05  1.18000e+03  3.13100e-01  2.44800e+03  3.995e-04  1.994e-05  9.577e-07  3.496e-08  1.780e-06  4.380e-10  3.796e-06  3.518e-07  1.697e-05  1.048e-06  8.801e-06  1.623e-07  8.214e-09  7.185e-12  4.547e-07  1.318e-06  4.910e-09  1.259e-10  3.700e-09  9.278e-08  7.555e-08  7.789e-10  2.692e-09  2.663e-10  7.032e-11  2.769e-08  1.112e-07  4.512e-10  7.654e-10  1.581e-09  2.065e-12  1.036e-06  3.749e-09  2.908e-11  1.900e-11  2.180e-08  1.730e-09  4.695e-07  9.242e-09  1.839e-07  4.970e-08  4.740e-05  1.090e-08  2.113e-07  2.439e-06  8.802e-11  5.249e-13  7.499e-09  3.725e-11  4.307e-34  5.514e-14  8.594e-22  1.992e-09  7.502e-07  9.313e-18  7.887e-10
8.19865e+14  -1.18953e+14  -2.04025e+14  8.53202e+14  4.54900e+05  1.12300e+03  3.11800e-01  2.45000e+03  3.994e-04  1.993e-05  9.784e-07  3.461e-08  1.644e-06  4.402e-10  3.905e-06  3.642e-07  1.701e-05  1.023e-06  8.762e-06  1.623e-07  8.214e-09  9.603e-12  4.402e-07  1.315e-06  6.636e-09  1.641e-10  3.837e-09  9.694e-08  6.830e-08  7.671e-10  2.619e-09  2.833e-10  7.056e-11  3.423e-08  1.348e-07  5.070e-10  9.436e-10  1.471e-09  1.989e-12  1.144e-06  3.519e-09  2.908e-11  2.346e-11  2.129e-08  2.006e-09  4.711e-07  9.214e-09  2.592e-07  5.861e-08  4.969e-05  1.606e-08  2.975e-07  2.458e-06  1.124e-10  5.833e-13  7.459e-09  7.124e-11  7.652e-34  8.483e-14  1.674e-21  3.420e-09  7.984e-07  1.349e-17  8.509e-10
8.51647e+14  -1.18922e+14  -2.15411e+14  8.86480e+14  4.04700e+05  1.07100e+03  3.08600e-01  2.45100e+03  3.993e-04  1.993e-05  9.857e-07  3.413e-08  1.511e-06  4.422e-10  4.012e-06  3.761e-07  1.705e-05  9.987e-07  8.722e-06  1.622e-07  8.214e-09  1.242e-11  4.260e-07  1.312e-06  8.924e-09  2.129e-10  3.975e-09  1.018e-07  6.177e-08  7.554e-10  2.551e-09  3.024e-10  6.996e-11  4.166e-08  1.570e-07  5.961e-10  1.168e-09  1.394e-09  1.917e-12  1.234e-06  3.314e-09  2.927e-11  3.076e-11  2.084e-08  2.358e-09  4.730e-07  9.182e-09  3.467e-07  6.767e-08  5.193e-05  2.372e-08  3.992e-07  2.478e-06  1.436e-10  6.447e-13  7.416e-09  1.291e-10  1.363e-33  1.192e-13  3.168e-21  5.452e-09  8.454e-07  1.962e-17  9.163e-10
8.82195e+14  -1.19015e+14  -2.26520e+14  9.18555e+14  3.61700e+05  1.02300e+03  3.02400e-01  2.45300e+03  3.992e-04  1.992e-05  9.823e-07  3.356e-08  1.381e-06  4.437e-10  4.118e-06  3.879e-07  1.709e-05  9.754e-07  8.681e-06  1.622e-07  8.213e-09  1.555e-11  4.122e-07  1.308e-06  1.198e-08  2.761e-10  4.110e-09  1.072e-07  5.583e-08  7.437e-10  2.487e-09  3.244e-10  7.055e-11  5.059e-08  1.775e-07  7.191e-10  1.439e-09  1.356e-09  1.848e-12  1.303e-06  3.145e-09  2.968e-11  4.196e-11  2.045e-08  2.788e-09  4.750e-07  9.145e-09  4.470e-07  7.706e-08  5.414e-05  3.525e-08  5.148e-07  2.498e-06  1.839e-10  7.105e-13  7.370e-09  2.258e-10  2.428e-33  1.553e-13  5.779e-21  8.208e-09  8.925e-07  2.881e-17  9.859e-10
9.12126e+14  -1.19385e+14  -2.37350e+14  9.50033e+14  3.24900e+05  9.79100e+02  3.00900e-01  2.45400e+03  3.991e-04  1.992e-05  9.709e-07  3.291e-08  1.259e-06  4.449e-10  4.220e-06  3.994e-07  1.712e-05  9.531e-07  8.640e-06  1.621e-07  8.212e-09  1.891e-11  3.989e-07  1.304e-06  1.575e-08  3.513e-10  4.244e-09  1.130e-07  5.052e-08  7.321e-10  2.428e-09  3.458e-10  7.297e-11  6.102e-08  1.959e-07  8.710e-10  1.748e-09  1.358e-09  1.785e-12  1.353e-06  2.983e-09  2.970e-11  5.786e-11  2.014e-08  3.293e-09  4.771e-07  9.105e-09  5.534e-07  8.647e-08  5.631e-05  4.989e-08  6.398e-07  2.520e-06  2.328e-10  7.784e-13  7.323e-09  3.702e-10  4.159e-33  1.859e-13  9.445e-21  1.166e-08  9.378e-07  4.086e-17  1.057e-09
9.41440e+14  -1.19971e+14  -2.47872e+14  9.80889e+14  2.93000e+05  9.38100e+02  2.97000e-01  2.45600e+03  3.990e-04  1.991e-05  9.536e-07  3.220e-08  1.145e-06  4.457e-10  4.318e-06  4.106e-07  1.715e-05  9.316e-07  8.598e-06  1.620e-07  8.212e-09  2.236e-11  3.860e-07  1.301e-06  2.069e-08  4.468e-10  4.375e-09  1.191e-07  4.573e-08  7.205e-10  2.375e-09  3.709e-10  7.934e-11  7.356e-08  2.120e-07  1.050e-09  2.094e-09  1.403e-09  1.727e-12  1.386e-06  2.846e-09  2.988e-11  7.963e-11  1.989e-08  3.865e-09  4.794e-07  9.061e-09  6.664e-07  9.610e-08  5.846e-05  7.025e-08  7.720e-07  2.541e-06  2.954e-10  8.507e-13  7.273e-09  5.897e-10  6.972e-33  2.089e-13  1.463e-20  1.586e-08  9.826e-07  5.840e-17  1.132e-09
9.70446e+14  -1.20804e+14  -2.58055e+14  1.01141e+15  2.64800e+05  8.99700e+02  2.97300e-01  2.45800e+03  3.989e-04  1.991e-05  9.326e-07  3.144e-08  1.040e-06  4.461e-10  4.409e-06  4.217e-07  1.719e-05  9.111e-07  8.556e-06  1.619e-07  8.211e-09  2.578e-11  3.737e-07  1.297e-06  2.677e-08  5.605e-10  4.504e-09  1.254e-07  4.146e-08  7.093e-10  2.328e-09  3.972e-10  9.024e-11  8.814e-08  2.256e-07  1.251e-09  2.467e-09  1.492e-09  1.676e-12  1.404e-06  2.716e-09  2.972e-11  1.081e-10  1.971e-08  4.494e-09  4.819e-07  9.013e-09  7.808e-07  1.057e-07  6.057e-05  9.487e-08  9.072e-07  2.564e-06  3.719e-10  9.257e-13  7.223e-09  8.942e-10  1.119e-32  2.198e-13  2.069e-20  2.068e-08  1.026e-06  8.125e-17  1.207e-09
9.99451e+14  -1.21792e+14  -2.67775e+14  1.04184e+15  2.39600e+05  8.63200e+02  2.97300e-01  2.45900e+03  3.988e-04  1.991e-05  9.090e-07  3.063e-08  9.453e-07  4.461e-10  4.491e-06  4.325e-07  1.721e-05  8.915e-07  8.514e-06  1.618e-07  8.210e-09  2.905e-11  3.618e-07  1.293e-06  3.463e-08  7.028e-10  4.631e-09  1.317e-07  3.764e-08  6.982e-10  2.288e-09  4.280e-10  1.073e-10  1.050e-07  2.367e-07  1.470e-09  2.865e-09  1.624e-09  1.634e-12  1.411e-06  2.600e-09  2.958e-11  1.438e-10  1.957e-08  5.164e-09  4.844e-07  8.962e-09  8.961e-07  1.152e-07  6.265e-05  1.259e-07  1.043e-06  2.587e-06  4.695e-10  1.006e-12  7.171e-09  1.318e-09  1.742e-32  2.196e-13  2.778e-20  2.611e-08  1.068e-06  1.134e-16  1.283e-09
1.02784e+15  -1.22903e+14  -2.76970e+14  1.07157e+15  2.16700e+05  8.28100e+02  2.94600e-01  2.46100e+03  3.987e-04  1.990e-05  8.836e-07  2.979e-08  8.584e-07  4.457e-10  4.564e-06  4.433e-07  1.724e-05  8.725e-07  8.471e-06  1.617e-07  8.209e-09  3.205e-11  3.503e-07  1.289e-06  4.521e-08  8.887e-10  4.751e-09  1.381e-07  3.420e-08  6.871e-10  2.256e-09  4.667e-10  1.328e-10  1.242e-07  2.453e-07  1.706e-09  3.289e-09  1.801e-09  1.600e-12  1.408e-06  2.509e-09  2.961e-11  1.877e-10  1.948e-08  5.863e-09  4.870e-07  8.906e-09  1.014e-06  1.249e-07  6.472e-05  1.664e-07  1.179e-06  2.610e-06  5.986e-10  1.093e-12  7.118e-09  1.916e-09  2.670e-32  2.118e-13  3.668e-20  3.220e-08  1.111e-06  1.616e-16  1.363e-09
1.05654e+15  -1.24106e+14  -2.85549e+14  1.10146e+15  1.95800e+05  7.94300e+02  2.94500e-01  2.46200e+03  3.986e-04  1.990e-05  8.575e-07  2.893e-08  7.797e-07  4.449e-10  4.626e-06  4.541e-07  1.726e-05  8.542e-07  8.428e-06  1.615e-07  8.209e-09  3.474e-11  3.392e-07  1.284e-06  5.881e-08  1.119e-09  4.865e-09  1.446e-07  3.111e-08  6.762e-10  2.232e-09  5.110e-10  1.675e-10  1.455e-07  2.515e-07  1.953e-09  3.729e-09  2.022e-09  1.579e-12  1.398e-06  2.430e-09  2.941e-11  2.402e-10  1.940e-08  6.577e-09  4.897e-07  8.846e-09  1.133e-06  1.346e-07  6.675e-05  2.149e-07  1.312e-06  2.631e-06  7.644e-10  1.188e-12  7.064e-09  2.697e-09  3.977e-32  1.979e-13  4.742e-20  3.884e-08  1.154e-06  2.283e-16  1.443e-09
1.08492e+15  -1.25279e+14  -2.93571e+14  1.13090e+15  1.76800e+05  7.61900e+02  2.98400e-01  2.46400e+03  3.985e-04  1.989e-05  8.314e-07  2.806e-08  7.091e-07  4.437e-10  4.676e-06  4.647e-07  1.728e-05  8.367e-07  8.385e-06  1.612e-07  8.208e-09  3.706e-11  3.286e-07  1.280e-06  7.593e-08  1.399e-09  4.975e-09  1.509e-07  2.836e-08  6.655e-10  2.218e-09  5.595e-10  2.127e-10  1.680e-07  2.556e-07  2.207e-09  4.175e-09  2.281e-09  1.571e-12  1.382e-06  2.348e-09  2.890e-11  3.006e-10  1.935e-08  7.290e-09  4.924e-07  8.784e-09  1.249e-06  1.442e-07  6.875e-05  2.692e-07  1.440e-06  2.653e-06  9.745e-10  1.289e-12  7.009e-09  3.654e-09  5.733e-32  1.814e-13  6.086e-20  4.581e-08  1.196e-06  3.175e-16  1.524e-09
1.11331e+15  -1.26451e+14  -3.00977e+14  1.16019e+15  1.59600e+05  7.31100e+02  2.94800e-01  2.46500e+03  3.984e-04  1.989e-05  8.052e-07  2.717e-08  6.448e-07  4.420e-10  4.714e-06  4.753e-07  1.729e-05  8.195e-07  8.342e-06  1.609e-07  8.207e-09  3.893e-11  3.183e-07  1.276e-06  9.990e-08  1.778e-09  5.073e-09  1.574e-07  2.587e-08  6.548e-10  2.214e-09  6.202e-10  2.733e-10  1.919e-07  2.581e-07  2.468e-09  4.631e-09  2.569e-09  1.577e-12  1.363e-06  2.292e-09  2.885e-11  3.682e-10  1.929e-08  7.983e-09  4.952e-07  8.717e-09  1.368e-06  1.540e-07  7.073e-05  3.355e-07  1.565e-06  2.672e-06  1.262e-09  1.404e-12  6.953e-09  4.925e-09  8.279e-32  1.702e-13  8.262e-20  5.347e-08  1.241e-06  4.620e-16  1.609e-09
1.14170e+15  -1.27562e+14  -3.07858e+14  1.18934e+15  1.44200e+05  7.02500e+02  2.91200e-01  2.46700e+03  3.982e-04  1.988e-05  7.791e-07  2.627e-08  5.861e-07  4.400e-10  4.741e-06  4.861e-07  1.729e-05  8.026e-07  8.298e-06  1.605e-07  8.207e-09  4.038e-11  3.082e-07  1.271e-06  1.307e-07  2.253e-09  5.159e-09  1.639e-07  2.360e-08  6.440e-10  2.223e-09  6.905e-10  3.503e-10  2.165e-07  2.593e-07  2.735e-09  5.090e-09  2.883e-09  1.601e-12  1.341e-06  2.254e-09  2.870e-11  4.427e-10  1.923e-08  8.655e-09  4.980e-07  8.644e-09  1.491e-06  1.643e-07  7.270e-05  4.126e-07  1.686e-06  2.690e-06  1.629e-09  1.529e-12  6.894e-09  6.487e-09  1.180e-31  1.654e-13  1.175e-19  6.178e-08  1.289e-06  6.698e-16  1.696e-09
1.16978e+15  -1.28611e+14  -3.14122e+14  1.21803e+15  1.30800e+05  6.76700e+02  2.88300e-01  2.46900e+03  3.981e-04  1.988e-05  7.535e-07  2.538e-08  5.328e-07  4.377e-10  4.758e-06  4.971e-07  1.729e-05  7.860e-07  8.253e-06  1.601e-07  8.206e-09  4.146e-11  2.984e-07  1.267e-06  1.683e-07  2.822e-09  5.235e-09  1.704e-07  2.154e-08  6.332e-10  2.244e-09  7.673e-10  4.445e-10  2.414e-07  2.597e-07  3.006e-09  5.543e-09  3.219e-09  1.645e-12  1.317e-06  2.221e-09  2.839e-11  5.235e-10  1.915e-08  9.305e-09  5.008e-07  8.567e-09  1.618e-06  1.749e-07  7.467e-05  4.985e-07  1.802e-06  2.705e-06  2.079e-09  1.662e-12  6.834e-09  8.314e-09  1.653e-31  1.679e-13  1.723e-19  7.067e-08  1.338e-06  9.530e-16  1.786e-09
1.19755e+15  -1.29568e+14  -3.19985e+14  1.24632e+15  1.19500e+05  6.55300e+02  2.84700e-01  2.47000e+03  3.980e-04  1.987e-05  7.283e-07  2.450e-08  4.840e-07  4.350e-10  4.768e-06  5.084e-07  1.728e-05  7.697e-07  8.208e-06  1.595e-07  8.206e-09  4.222e-11  2.888e-07  1.262e-06  2.110e-07  3.467e-09  5.300e-09  1.770e-07  1.969e-08  6.224e-10  2.277e-09  8.490e-10  5.533e-10  2.662e-07  2.595e-07  3.280e-09  5.985e-09  3.571e-09  1.710e-12  1.292e-06  2.192e-09  2.803e-11  6.100e-10  1.907e-08  9.933e-09  5.036e-07  8.486e-09  1.748e-06  1.859e-07  7.664e-05  5.921e-07  1.915e-06  2.720e-06  2.586e-09  1.796e-12  6.772e-09  1.038e-08  2.280e-31  1.776e-13  2.563e-19  8.011e-08  1.389e-06  1.316e-15  1.879e-09
1.22563e+15  -1.30432e+14  -3.25848e+14  1.27490e+15  1.10900e+05  6.42500e+02  2.78100e-01  2.47200e+03  3.979e-04  1.987e-05  7.034e-07  2.363e-08  4.392e-07  4.321e-10  4.775e-06  5.201e-07  1.727e-05  7.536e-07  8.162e-06  1.590e-07  8.205e-09  4.272e-11  2.795e-07  1.257e-06  2.502e-07  4.089e-09  5.354e-09  1.835e-07  1.802e-08  6.117e-10  2.319e-09  9.352e-10  6.610e-10  2.907e-07  2.592e-07  3.557e-09  6.410e-09  3.935e-09  1.800e-12  1.266e-06  2.174e-09  2.787e-11  7.021e-10  1.897e-08  1.055e-08  5.065e-07  8.401e-09  1.886e-06  1.977e-07  7.864e-05  6.930e-07  2.024e-06  2.733e-06  3.044e-09  1.916e-12  6.708e-09  1.261e-08  3.090e-31  1.927e-13  3.800e-19  9.018e-08  1.441e-06  1.715e-15  1.975e-09
1.25340e+15  -1.31203e+14  -3.31093e+14  1.30302e+15  1.05200e+05  6.44900e+02  2.76200e-01  2.47300e+03  3.978e-04  1.986e-05  6.793e-07  2.279e-08  3.984e-07  4.290e-10  4.791e-06  5.325e-07  1.729e-05  7.379e-07  8.116e-06  1.589e-07  8.204e-09  4.314e-11  2.705e-07  1.252e-06  2.627e-07  4.374e-09  5.400e-09  1.898e-07  1.654e-08  6.014e-10  2.360e-09  1.016e-09  7.250e-10  3.144e-07  2.591e-07  3.831e-09  6.801e-09  4.314e-09  1.912e-12  1.239e-06  2.160e-09  2.767e-11  8.012e-10  1.888e-08  1.119e-08  5.095e-07  8.314e-09  2.026e-06  2.098e-07  8.070e-05  7.909e-07  2.129e-06  2.749e-06  3.188e-09  1.980e-12  6.645e-09  1.459e-08  3.992e-31  2.051e-13  5.370e-19  1.003e-07  1.491e-06  1.907e-15  2.070e-09
1.28148e+15  -1.31851e+14  -3.36956e+14  1.33159e+15  1.02900e+05  6.68500e+02  2.74200e-01  2.47500e+03  3.977e-04  1.986e-05  6.560e-07  2.201e-08  3.611e-07  4.258e-10  4.830e-06  5.457e-07  1.735e-05  7.229e-07  8.070e-06  1.592e-07  8.204e-09  4.367e-11  2.619e-07  1.247e-06  2.357e-07  4.159e-09  5.435e-09  1.959e-07  1.525e-08  5.917e-10  2.386e-09  1.082e-09  7.162e-10  3.369e-07  2.600e-07  4.100e-09  7.142e-09  4.703e-09  2.043e-12  1.211e-06  2.156e-09  2.787e-11  9.082e-10  1.880e-08  1.192e-08  5.126e-07  8.228e-09  2.168e-06  2.219e-07  8.286e-05  8.746e-07  2.231e-06  2.767e-06  2.861e-09  1.968e-12  6.582e-09  1.582e-08  4.906e-31  2.143e-13  7.057e-19  1.104e-07  1.538e-06  1.765e-15  2.163e-09
1.31018e+15  -1.32406e+14  -3.43436e+14  1.36090e+15  1.03500e+05  7.09000e+02  2.70100e-01  2.47700e+03  3.976e-04  1.985e-05  6.335e-07  2.131e-08  3.269e-07  4.227e-10  4.909e-06  5.595e-07  1.743e-05  7.085e-07  8.023e-06  1.597e-07  8.204e-09  4.460e-11  2.536e-07  1.242e-06  1.871e-07  3.629e-09  5.460e-09  2.016e-07  1.412e-08  5.827e-10  2.388e-09  1.119e-09  6.626e-10  3.573e-07  2.636e-07  4.358e-09  7.412e-09  5.089e-09  2.186e-12  1.182e-06  2.164e-09  2.831e-11  1.023e-09  1.875e-08  1.281e-08  5.160e-07  8.142e-09  2.314e-06  2.343e-07  8.516e-05  9.276e-07  2.329e-06  2.789e-06  2.282e-09  1.901e-12  6.522e-09  1.585e-08  5.765e-31  2.408e-13  8.574e-19  1.202e-07  1.581e-06  1.422e-15  2.254e-09
1.33949e+15  -1.32869e+14  -3.50842e+14  1.39104e+15  1.06100e+05  7.51200e+02  2.68600e-01  2.47800e+03  3.974e-04  1.985e-05  6.121e-07  2.070e-08  2.958e-07  4.198e-10  5.037e-06  5.737e-07  1.750e-05  6.950e-07  7.975e-06  1.602e-07  8.204e-09  4.621e-11  2.458e-07  1.237e-06  1.455e-07  3.102e-09  5.488e-09  2.067e-07  1.316e-08  5.748e-10  2.369e-09  1.113e-09  6.121e-10  3.740e-07  2.718e-07  4.598e-09  7.596e-09  5.451e-09  2.345e-12  1.155e-06  2.161e-09  2.824e-11  1.145e-09  1.876e-08  1.394e-08  5.195e-07  8.060e-09  2.458e-06  2.466e-07  8.759e-05  9.312e-07  2.423e-06  2.817e-06  1.795e-09  1.827e-12  6.464e-09  1.470e-08  6.502e-31  3.241e-13  9.859e-19  1.293e-07  1.618e-06  1.098e-15  2.339e-09
1.37004e+15  -1.33240e+14  -3.59173e+14  1.42259e+15  1.09100e+05  7.83500e+02  2.66300e-01  2.48000e+03  3.973e-04  1.984e-05  5.920e-07  2.019e-08  2.676e-07  4.169e-10  5.213e-06  5.878e-07  1.756e-05  6.823e-07  7.928e-06  1.605e-07  8.204e-09  4.848e-11  2.385e-07  1.232e-06  1.208e-07  2.764e-09  5.527e-09  2.112e-07  1.235e-08  5.680e-10  2.339e-09  1.079e-09  5.847e-10  3.863e-07  2.851e-07  4.816e-09  7.700e-09  5.754e-09  2.520e-12  1.129e-06  2.139e-09  2.778e-11  1.267e-09  1.882e-08  1.527e-08  5.232e-07  7.981e-09  2.602e-06  2.589e-07  9.014e-05  8.905e-07  2.513e-06  2.850e-06  1.505e-09  1.779e-12  6.409e-09  1.337e-08  7.247e-31  4.842e-13  1.124e-18  1.375e-07  1.648e-06  9.040e-16  2.419e-09
1.40182e+15  -1.33548e+14  -3.69047e+14  1.45573e+15  1.11500e+05  8.02900e+02  2.61900e-01  2.48100e+03  3.972e-04  1.983e-05  5.728e-07  1.975e-08  2.419e-07  4.142e-10  5.415e-06  6.019e-07  1.760e-05  6.704e-07  7.881e-06  1.607e-07  8.204e-09  5.107e-11  2.316e-07  1.226e-06  1.088e-07  2.612e-09  5.580e-09  2.151e-07  1.167e-08  5.622e-10  2.303e-09  1.046e-09  5.788e-10  3.951e-07  3.024e-07  5.014e-09  7.749e-09  5.967e-09  2.702e-12  1.105e-06  2.108e-09  2.720e-11  1.384e-09  1.895e-08  1.669e-08  5.271e-07  7.905e-09  2.746e-06  2.715e-07  9.278e-05  8.304e-07  2.599e-06  2.887e-06  1.363e-09  1.760e-12  6.357e-09  1.264e-08  8.134e-31  6.845e-13  1.281e-18  1.451e-07  1.673e-06  8.147e-16  2.494e-09
1.43422e+15  -1.33795e+14  -3.79847e+14  1.48969e+15  1.12900e+05  8.11200e+02  2.59600e-01  2.48300e+03  3.970e-04  1.983e-05  5.547e-07  1.934e-08  2.187e-07  4.115e-10  5.620e-06  6.160e-07  1.764e-05  6.593e-07  7.833e-06  1.608e-07  8.205e-09  5.364e-11  2.252e-07  1.221e-06  1.040e-07  2.578e-09  5.652e-09  2.185e-07  1.110e-08  5.574e-10  2.266e-09  1.032e-09  5.876e-10  4.019e-07  3.214e-07  5.195e-09  7.767e-09  6.090e-09  2.878e-12  1.081e-06  2.072e-09  2.642e-11  1.493e-09  1.914e-08  1.811e-08  5.311e-07  7.833e-09  2.890e-06  2.842e-07  9.544e-05  7.719e-07  2.681e-06  2.927e-06  1.305e-09  1.763e-12  6.308e-09  1.256e-08  9.153e-31  8.562e-13  1.425e-18  1.521e-07  1.694e-06  7.775e-16  2.564e-09
1.46724e+15  -1.33980e+14  -3.91572e+14  1.52449e+15  1.13200e+05  8.11200e+02  2.56900e-01  2.48500e+03  3.969e-04  1.982e-05  5.372e-07  1.895e-08  1.976e-07  4.089e-10  5.810e-06  6.303e-07  1.767e-05  6.488e-07  7.786e-06  1.607e-07  8.206e-09  5.594e-11  2.192e-07  1.215e-06  1.046e-07  2.644e-09  5.741e-09  2.214e-07  1.062e-08  5.533e-10  2.229e-09  1.040e-09  6.089e-10  4.085e-07  3.400e-07  5.368e-09  7.775e-09  6.136e-09  3.041e-12  1.057e-06  2.039e-09  2.565e-11  1.593e-09  1.940e-08  1.947e-08  5.351e-07  7.763e-09  3.034e-06  2.971e-07  9.811e-05  7.300e-07  2.761e-06  2.968e-06  1.309e-09  1.783e-12  6.261e-09  1.307e-08  1.040e-30  9.577e-13  1.557e-18  1.588e-07  1.715e-06  7.862e-16  2.630e-09
1.50057e+15  -1.34134e+14  -4.03915e+14  1.55975e+15  1.12500e+05  8.05700e+02  2.56000e-01  2.48600e+03  3.968e-04  1.982e-05  5.202e-07  1.855e-08  1.785e-07  4.062e-10  5.980e-06  6.445e-07  1.769e-05  6.389e-07  7.738e-06  1.607e-07  8.207e-09  5.785e-11  2.136e-07  1.209e-06  1.084e-07  2.775e-09  5.847e-09  2.240e-07  1.022e-08  5.500e-10  2.195e-09  1.068e-09  6.402e-10  4.161e-07  3.567e-07  5.535e-09  7.786e-09  6.129e-09  3.188e-12  1.032e-06  2.006e-09  2.481e-11  1.687e-09  1.970e-08  2.075e-08  5.393e-07  7.696e-09  3.178e-06  3.101e-07  1.008e-04  7.076e-07  2.840e-06  3.008e-06  1.352e-09  1.815e-12  6.216e-09  1.399e-08  1.184e-30  9.809e-13  1.681e-18  1.652e-07  1.734e-06  8.198e-16  2.692e-09
1.53451e+15  -1.34289e+14  -4.17184e+14  1.59587e+15  1.11000e+05  7.96200e+02  2.52800e-01  2.48800e+03  3.966e-04  1.981e-05  5.035e-07  1.814e-08  1.610e-07  4.035e-10  6.129e-06  6.589e-07  1.771e-05  6.294e-07  7.690e-06  1.606e-07  8.207e-09  5.930e-11  2.084e-07  1.204e-06  1.161e-07  2.989e-09  5.965e-09  2.264e-07  9.873e-09  5.471e-10  2.164e-09  1.116e-09  6.838e-10  4.254e-07  3.709e-07  5.702e-09  7.811e-09  6.089e-09  3.323e-12  1.006e-06  1.983e-09  2.410e-11  1.777e-09  2.004e-08  2.195e-08  5.436e-07  7.631e-09  3.324e-06  3.234e-07  1.034e-04  7.079e-07  2.918e-06  3.046e-06  1.436e-09  1.861e-12  6.172e-09  1.539e-08  1.363e-30  9.465e-13  1.832e-18  1.718e-07  1.755e-06  8.940e-16  2.751e-09
1.56876e+15  -1.34350e+14  -4.30452e+14  1.63228e+15  1.08900e+05  7.83800e+02  2.49200e-01  2.48900e+03  3.965e-04  1.980e-05  4.870e-07  1.770e-08  1.452e-07  4.007e-10  6.257e-06  6.736e-07  1.773e-05  6.203e-07  7.642e-06  1.605e-07  8.208e-09  6.031e-11  2.034e-07  1.198e-06  1.270e-07  3.276e-09  6.092e-09  2.286e-07  9.563e-09  5.445e-10  2.137e-09  1.182e-09  7.403e-10  4.367e-07  3.823e-07  5.870e-09  7.851e-09  6.035e-09  3.448e-12  9.779e-07  1.969e-09  2.340e-11  1.868e-09  2.039e-08  2.306e-08  5.480e-07  7.566e-09  3.474e-06  3.371e-07  1.060e-04  7.294e-07  2.995e-06  3.082e-06  1.557e-09  1.918e-12  6.129e-09  1.724e-08  1.581e-30  8.736e-13  2.026e-18  1.788e-07  1.778e-06  1.003e-15  2.810e-09
1.60270e+15  -1.34381e+14  -4.44338e+14  1.66858e+15  1.06300e+05  7.69400e+02  2.42900e-01  2.49100e+03  3.963e-04  1.980e-05  4.704e-07  1.724e-08  1.306e-07  3.977e-10  6.368e-06  6.886e-07  1.774e-05  6.113e-07  7.594e-06  1.603e-07  8.209e-09  6.084e-11  1.986e-07  1.192e-06  1.424e-07  3.665e-09  6.223e-09  2.309e-07  9.275e-09  5.422e-10  2.116e-09  1.269e-09  8.134e-10  4.502e-07  3.908e-07  6.043e-09  7.911e-09  5.980e-09  3.569e-12  9.485e-07  1.966e-09  2.280e-11  1.960e-09  2.076e-08  2.407e-08  5.524e-07  7.500e-09  3.632e-06  3.514e-07  1.086e-04  7.741e-07  3.071e-06  3.113e-06  1.725e-09  1.990e-12  6.085e-09  1.968e-08  1.860e-30  7.823e-13  2.296e-18  1.865e-07  1.806e-06  1.167e-15  2.869e-09
1.63695e+15  -1.34350e+14  -4.58223e+14  1.70518e+15  1.03100e+05  7.53300e+02  2.40200e-01  2.49300e+03  3.961e-04  1.979e-05  4.540e-07  1.675e-08  1.174e-07  3.946e-10  6.463e-06  7.039e-07  1.775e-05  6.025e-07  7.545e-06  1.601e-07  8.209e-09  6.098e-11  1.941e-07  1.186e-06  1.607e-07  4.117e-09  6.361e-09  2.330e-07  9.016e-09  5.400e-10  2.100e-09  1.371e-09  9.013e-10  4.656e-07  3.966e-07  6.217e-09  7.985e-09  5.941e-09  3.689e-12  9.181e-07  1.959e-09  2.200e-11  2.059e-09  2.111e-08  2.499e-08  5.570e-07  7.434e-09  3.794e-06  3.662e-07  1.112e-04  8.352e-07  3.146e-06  3.142e-06  1.927e-09  2.071e-12  6.041e-09  2.249e-08  2.183e-30  6.803e-13  2.632e-18  1.946e-07  1.836e-06  1.359e-15  2.927e-09
1.67120e+15  -1.34165e+14  -4.72109e+14  1.74178e+15  9.95600e+04  7.35800e+02  2.34900e-01  2.49400e+03  3.960e-04  1.978e-05  4.377e-07  1.624e-08  1.053e-07  3.913e-10  6.541e-06  7.196e-07  1.775e-05  5.938e-07  7.496e-06  1.598e-07  8.209e-09  6.069e-11  1.898e-07  1.180e-06  1.850e-07  4.705e-09  6.500e-09  2.352e-07  8.772e-09  5.379e-10  2.091e-09  1.492e-09  1.011e-09  4.827e-07  3.999e-07  6.395e-09  8.075e-09  5.920e-09  3.813e-12  8.870e-07  1.955e-09  2.128e-11  2.165e-09  2.144e-08  2.579e-08  5.617e-07  7.367e-09  3.964e-06  3.816e-07  1.138e-04  9.162e-07  3.220e-06  3.168e-06  2.193e-09  2.167e-12  5.997e-09  2.596e-08  2.594e-30  5.820e-13  3.089e-18  2.034e-07  1.870e-06  1.636e-15  2.987e-09
1.70515e+15  -1.33888e+14  -4.86303e+14  1.77818e+15  9.56500e+04  7.17200e+02  2.30000e-01  2.49600e+03  3.958e-04  1.978e-05  4.214e-07  1.572e-08  9.442e-08  3.878e-10  6.604e-06  7.358e-07  1.775e-05  5.852e-07  7.446e-06  1.595e-07  8.209e-09  6.000e-11  1.856e-07  1.173e-06  2.156e-07  5.432e-09  6.639e-09  2.375e-07  8.541e-09  5.357e-10  2.090e-09  1.633e-09  1.146e-09  5.011e-07  4.011e-07  6.576e-09  8.177e-09  5.921e-09  3.943e-12  8.554e-07  1.953e-09  2.053e-11  2.278e-09  2.175e-08  2.647e-08  5.664e-07  7.298e-09  4.142e-06  3.978e-07  1.165e-04  1.016e-06  3.292e-06  3.190e-06  2.529e-09  2.278e-12  5.951e-09  3.008e-08  3.100e-30  4.920e-13  3.699e-18  2.130e-07  1.908e-06  2.002e-15  3.049e-09
1.73940e+15  -1.33456e+14  -5.00497e+14  1.81488e+15  9.14900e+04  6.98000e+02  2.27500e-01  2.49700e+03  3.956e-04  1.977e-05  4.055e-07  1.518e-08  8.456e-08  3.842e-10  6.652e-06  7.522e-07  1.774e-05  5.766e-07  7.395e-06  1.590e-07  8.209e-09  5.896e-11  1.817e-07  1.167e-06  2.523e-07  6.288e-09  6.778e-09  2.398e-07  8.327e-09  5.336e-10  2.098e-09  1.787e-09  1.305e-09  5.204e-07  4.005e-07  6.757e-09  8.286e-09  5.948e-09  4.085e-12  8.240e-07  1.945e-09  1.966e-11  2.401e-09  2.201e-08  2.703e-08  5.712e-07  7.228e-09  4.324e-06  4.144e-07  1.191e-04  1.131e-06  3.363e-06  3.210e-06  2.934e-09  2.401e-12  5.904e-09  3.472e-08  3.703e-30  4.133e-13  4.484e-18  2.231e-07  1.948e-06  2.452e-15  3.112e-09
1.77334e+15  -1.32900e+14  -5.14691e+14  1.85130e+15  8.71800e+04  6.78800e+02  2.25000e-01  2.49900e+03  3.955e-04  1.976e-05  3.899e-07  1.464e-08  7.569e-08  3.804e-10  6.686e-06  7.688e-07  1.772e-05  5.681e-07  7.345e-06  1.585e-07  8.209e-09  5.762e-11  1.779e-07  1.161e-06  2.969e-07  7.322e-09  6.915e-09  2.422e-07  8.129e-09  5.314e-10  2.117e-09  1.955e-09  1.495e-09  5.400e-07  3.985e-07  6.937e-09  8.400e-09  5.998e-09  4.241e-12  7.929e-07  1.934e-09  1.881e-11  2.531e-09  2.224e-08  2.746e-08  5.760e-07  7.157e-09  4.511e-06  4.317e-07  1.216e-04  1.259e-06  3.432e-06  3.227e-06  3.428e-09  2.537e-12  5.856e-09  3.994e-08  4.436e-30  3.499e-13  5.508e-18  2.336e-07  1.990e-06  3.038e-15  3.177e-09
1.80728e+15  -1.32252e+14  -5.29194e+14  1.88780e+15  8.28100e+04  6.59700e+02  2.22400e-01  2.50100e+03  3.953e-04  1.975e-05  3.746e-07  1.410e-08  6.770e-08  3.765e-10  6.706e-06  7.857e-07  1.769e-05  5.595e-07  7.294e-06  1.579e-07  8.208e-09  5.600e-11  1.742e-07  1.154e-06  3.509e-07  8.566e-09  7.047e-09  2.448e-07  7.946e-09  5.291e-10  2.147e-09  2.135e-09  1.719e-09  5.595e-07  3.954e-07  7.116e-09  8.514e-09  6.066e-09  4.414e-12  7.625e-07  1.922e-09  1.798e-11  2.667e-09  2.241e-08  2.777e-08  5.808e-07  7.085e-09  4.704e-06  4.496e-07  1.242e-04  1.401e-06  3.498e-06  3.242e-06  4.025e-09  2.687e-12  5.808e-09  4.576e-08  5.328e-30  3.021e-13  6.845e-18  2.447e-07  2.035e-06  3.794e-15  3.243e-09
1.84122e+15  -1.31481e+14  -5.43388e+14  1.92423e+15  7.84700e+04  6.41100e+02  2.16100e-01  2.50200e+03  3.951e-04  1.975e-05  3.596e-07  1.355e-08  6.047e-08  3.723e-10  6.711e-06  8.027e-07  1.765e-05  5.508e-07  7.243e-06  1.571e-07  8.207e-09  5.413e-11  1.706e-07  1.148e-06  4.186e-07  1.014e-08  7.168e-09  2.476e-07  7.768e-09  5.265e-10  2.189e-09  2.331e-09  1.989e-09  5.790e-07  3.915e-07  7.296e-09  8.628e-09  6.144e-09  4.604e-12  7.327e-07  1.920e-09  1.729e-11  2.806e-09  2.253e-08  2.795e-08  5.856e-07  7.009e-09  4.908e-06  4.687e-07  1.268e-04  1.562e-06  3.562e-06  3.253e-06  4.765e-09  2.858e-12  5.756e-09  5.256e-08  6.472e-30  2.705e-13  8.648e-18  2.570e-07  2.085e-06  4.860e-15  3.313e-09
1.87486e+15  -1.30678e+14  -5.57582e+14  1.96037e+15  7.42100e+04  6.23000e+02  2.17100e-01  2.50400e+03  3.949e-04  1.974e-05  3.452e-07  1.301e-08  5.403e-08  3.681e-10  6.705e-06  8.201e-07  1.760e-05  5.422e-07  7.191e-06  1.563e-07  8.206e-09  5.215e-11  1.672e-07  1.141e-06  4.915e-07  1.181e-08  7.288e-09  2.504e-07  7.617e-09  5.239e-10  2.245e-09  2.530e-09  2.291e-09  5.979e-07  3.872e-07  7.472e-09  8.735e-09  6.241e-09  4.817e-12  7.039e-07  1.904e-09  1.638e-11  2.950e-09  2.261e-08  2.804e-08  5.904e-07  6.934e-09  5.112e-06  4.882e-07  1.294e-04  1.728e-06  3.624e-06  3.264e-06  5.585e-09  3.032e-12  5.705e-09  5.949e-08  7.746e-30  2.491e-13  1.089e-17  2.692e-07  2.135e-06  6.001e-15  3.383e-09
1.90880e+15  -1.29784e+14  -5.71776e+14  1.99682e+15  7.01000e+04  6.05700e+02  2.13300e-01  2.50500e+03  3.947e-04  1.973e-05  3.312e-07  1.248e-08  4.823e-08  3.638e-10  6.687e-06  8.373e-07  1.754e-05  5.335e-07  7.140e-06  1.553e-07  8.205e-09  5.004e-11  1.639e-07  1.134e-06  5.804e-07  1.390e-08  7.397e-09  2.533e-07  7.480e-09  5.212e-10  2.315e-09  2.734e-09  2.651e-09  6.161e-07  3.826e-07  7.645e-09  8.836e-09  6.342e-09  5.053e-12  6.761e-07  1.890e-09  1.563e-11  3.095e-09  2.263e-08  2.802e-08  5.952e-07  6.856e-09  5.324e-06  5.088e-07  1.319e-04  1.907e-06  3.684e-06  3.272e-06  6.574e-09  3.227e-12  5.652e-09  6.721e-08  9.359e-30  2.388e-13  1.382e-17  2.822e-07  2.188e-06  7.592e-15  3.457e-09
1.94213e+15  -1.28858e+14  -5.85662e+14  2.03260e+15  6.61800e+04  5.89100e+02  2.10300e-01  2.50700e+03  3.945e-04  1.972e-05  3.176e-07  1.196e-08  4.303e-08  3.594e-10  6.658e-06  8.547e-07  1.746e-05  5.248e-07  7.088e-06  1.541e-07  8.203e-09  4.787e-11  1.606e-07  1.128e-06  6.827e-07  1.633e-08  7.496e-09  2.565e-07  7.362e-09  5.182e-10  2.399e-09  2.942e-09  3.066e-09  6.336e-07  3.777e-07  7.816e-09  8.928e-09  6.446e-09  5.312e-12  6.492e-07  1.876e-09  1.489e-11  3.239e-09  2.261e-08  2.792e-08  5.999e-07  6.777e-09  5.543e-06  5.304e-07  1.344e-04  2.097e-06  3.741e-06  3.279e-06  7.714e-09  3.435e-12  5.597e-09  7.555e-08  1.129e-29  2.368e-13  1.757e-17  2.959e-07  2.243e-06  9.549e-15  3.532e-09
1.97545e+15  -1.27932e+14  -5.99547e+14  2.06839e+15  6.24800e+04  5.73300e+02  2.06400e-01  2.50800e+03  3.943e-04  1.971e-05  3.044e-07  1.145e-08  3.835e-08  3.548e-10  6.619e-06  8.721e-07  1.736e-05  5.159e-07  7.035e-06  1.527e-07  8.202e-09  4.567e-11  1.575e-07  1.121e-06  8.006e-07  1.918e-08  7.585e-09  2.597e-07  7.263e-09  5.152e-10  2.499e-09  3.154e-09  3.549e-09  6.504e-07  3.729e-07  7.985e-09  9.009e-09  6.549e-09  5.597e-12  6.234e-07  1.863e-09  1.419e-11  3.382e-09  2.254e-08  2.774e-08  6.046e-07  6.697e-09  5.771e-06  5.535e-07  1.369e-04  2.298e-06  3.796e-06  3.283e-06  9.027e-09  3.660e-12  5.541e-09  8.465e-08  1.366e-29  2.418e-13  2.240e-17  3.102e-07  2.301e-06  1.202e-14  3.610e-09
2.00878e+15  -1.27037e+14  -6.13433e+14  2.10419e+15  5.89900e+04  5.58200e+02  2.02800e-01  2.51000e+03  3.941e-04  1.970e-05  2.916e-07  1.096e-08  3.415e-08  3.502e-10  6.571e-06  8.896e-07  1.725e-05  5.070e-07  6.982e-06  1.512e-07  8.200e-09  4.347e-11  1.544e-07  1.114e-06  9.339e-07  2.246e-08  7.663e-09  2.631e-07  7.187e-09  5.119e-10  2.615e-09  3.368e-09  4.106e-09  6.666e-07  3.680e-07  8.150e-09  9.080e-09  6.650e-09  5.906e-12  5.985e-07  1.847e-09  1.350e-11  3.521e-09  2.243e-08  2.749e-08  6.092e-07  6.614e-09  6.008e-06  5.780e-07  1.394e-04  2.510e-06  3.849e-06  3.285e-06  1.052e-08  3.899e-12  5.484e-09  9.445e-08  1.653e-29  2.520e-13  2.853e-17  3.253e-07  2.361e-06  1.505e-14  3.691e-09
2.04179e+15  -1.26142e+14  -6.27318e+14  2.13971e+15  5.57300e+04  5.43800e+02  1.99500e-01  2.51200e+03  3.939e-04  1.970e-05  2.792e-07  1.048e-08  3.038e-08  3.455e-10  6.514e-06  9.070e-07  1.712e-05  4.980e-07  6.930e-06  1.495e-07  8.198e-09  4.132e-11  1.514e-07  1.107e-06  1.083e-06  2.621e-08  7.731e-09  2.666e-07  7.137e-09  5.086e-10  2.747e-09  3.583e-09  4.746e-09  6.821e-07  3.633e-07  8.313e-09  9.139e-09  6.749e-09  6.241e-12  5.745e-07  1.827e-09  1.282e-11  3.657e-09  2.228e-08  2.720e-08  6.138e-07  6.531e-09  6.253e-06  6.041e-07  1.419e-04  2.731e-06  3.900e-06  3.287e-06  1.219e-08  4.153e-12  5.425e-09  1.049e-07  1.998e-29  2.662e-13  3.628e-17  3.408e-07  2.422e-06  1.871e-14  3.774e-09
2.07481e+15  -1.25309e+14  -6.40895e+14  2.17515e+15  5.26700e+04  5.30100e+02  1.96300e-01  2.51300e+03  3.937e-04  1.969e-05  2.673e-07  1.001e-08  2.701e-08  3.407e-10  6.448e-06  9.244e-07  1.697e-05  4.889e-07  6.876e-06  1.476e-07  8.196e-09  3.922e-11  1.485e-07  1.100e-06  1.249e-06  3.050e-08  7.790e-09  2.702e-07  7.113e-09  5.051e-10  2.896e-09  3.796e-09  5.483e-09  6.968e-07  3.586e-07  8.472e-09  9.187e-09  6.843e-09  6.601e-12  5.515e-07  1.804e-09  1.216e-11  3.788e-09  2.210e-08  2.685e-08  6.183e-07  6.447e-09  6.506e-06  6.319e-07  1.444e-04  2.961e-06  3.950e-06  3.288e-06  1.405e-08  4.423e-12  5.365e-09  1.161e-07  2.415e-29  2.837e-13  4.600e-17  3.568e-07  2.484e-06  2.312e-14  3.858e-09
2.10752e+15  -1.24538e+14  -6.54472e+14  2.21031e+15  4.98000e+04  5.17200e+02  1.93200e-01  2.51500e+03  3.935e-04  1.968e-05  2.558e-07  9.557e-09  2.399e-08  3.358e-10  6.376e-06  9.415e-07  1.681e-05  4.798e-07  6.823e-06  1.455e-07  8.194e-09  3.719e-11  1.457e-07  1.093e-06  1.432e-06  3.536e-08  7.840e-09  2.739e-07  7.117e-09  5.016e-10  3.060e-09  4.008e-09  6.327e-09  7.110e-07  3.540e-07  8.628e-09  9.221e-09  6.931e-09  6.984e-12  5.294e-07  1.778e-09  1.153e-11  3.914e-09  2.189e-08  2.647e-08  6.227e-07  6.361e-09  6.766e-06  6.616e-07  1.469e-04  3.198e-06  3.997e-06  3.288e-06  1.611e-08  4.707e-12  5.304e-09  1.281e-07  2.918e-29  3.039e-13  5.809e-17  3.733e-07  2.547e-06  2.838e-14  3.945e-09
2.13992e+15  -1.23797e+14  -6.67741e+14  2.24509e+15  4.71300e+04  5.04900e+02  1.91300e-01  2.51600e+03  3.932e-04  1.967e-05  2.447e-07  9.121e-09  2.129e-08  3.310e-10  6.296e-06  9.584e-07  1.663e-05  4.708e-07  6.769e-06  1.433e-07  8.192e-09  3.526e-11  1.430e-07  1.086e-06  1.629e-06  4.074e-08  7.884e-09  2.776e-07  7.151e-09  4.981e-10  3.240e-09  4.215e-09  7.283e-09  7.245e-07  3.495e-07  8.780e-09  9.244e-09  7.015e-09  7.388e-12  5.082e-07  1.748e-09  1.090e-11  4.035e-09  2.165e-08  2.607e-08  6.270e-07  6.276e-09  7.031e-06  6.929e-07  1.493e-04  3.440e-06  4.043e-06  3.288e-06  1.835e-08  5.004e-12  5.243e-09  1.406e-07  3.516e-29  3.259e-13  7.293e-17  3.900e-07  2.610e-06  3.442e-14  4.032e-09
2.17232e+15  -1.23180e+14  -6.81009e+14  2.27989e+15  4.46500e+04  4.93200e+02  1.88100e-01  2.51800e+03  3.930e-04  1.966e-05  2.340e-07  8.700e-09  1.888e-08  3.261e-10  6.211e-06  9.749e-07  1.643e-05  4.617e-07  6.716e-06  1.408e-07  8.190e-09  3.342e-11  1.403e-07  1.079e-06  1.844e-06  4.687e-08  7.918e-09  2.814e-07  7.211e-09  4.945e-10  3.434e-09  4.420e-09  8.379e-09  7.374e-07  3.452e-07  8.928e-09  9.254e-09  7.091e-09  7.811e-12  4.878e-07  1.716e-09  1.033e-11  4.149e-09  2.138e-08  2.563e-08  6.313e-07  6.190e-09  7.305e-06  7.264e-07  1.517e-04  3.690e-06  4.087e-06  3.287e-06  2.079e-08  5.318e-12  5.181e-09  1.541e-07  4.244e-29  3.502e-13  9.115e-17  4.072e-07  2.675e-06  4.169e-14  4.121e-09
2.20441e+15  -1.22594e+14  -6.93969e+14  2.31431e+15  4.23400e+04  4.82200e+02  1.84700e-01  2.52000e+03  3.928e-04  1.965e-05  2.236e-07  8.294e-09  1.673e-08  3.211e-10  6.120e-06  9.910e-07  1.621e-05  4.527e-07  6.662e-06  1.382e-07  8.187e-09  3.167e-11  1.378e-07  1.072e-06  2.076e-06  5.371e-08  7.943e-09  2.853e-07  7.295e-09  4.909e-10  3.641e-09  4.624e-09  9.623e-09  7.497e-07  3.410e-07  9.072e-09  9.252e-09  7.157e-09  8.249e-12  4.683e-07  1.684e-09  9.788e-12  4.256e-09  2.110e-08  2.517e-08  6.354e-07  6.104e-09  7.587e-06  7.623e-07  1.541e-04  3.948e-06  4.129e-06  3.286e-06  2.341e-08  5.648e-12  5.118e-09  1.685e-07  5.125e-29  3.767e-13  1.134e-16  4.248e-07  2.740e-06  5.019e-14  4.212e-09
2.23650e+15  -1.22131e+14  -7.07237e+14  2.34884e+15  4.02200e+04  4.71900e+02  1.83700e-01  2.52100e+03  3.926e-04  1.964e-05  2.137e-07  7.905e-09  1.482e-08  3.162e-10  6.025e-06  1.007e-06  1.597e-05  4.437e-07  6.608e-06  1.354e-07  8.185e-09  3.004e-11  1.353e-07  1.065e-06  2.319e-06  6.097e-08  7.965e-09  2.891e-07  7.410e-09  4.874e-10  3.861e-09  4.822e-09  1.099e-08  7.615e-07  3.370e-07  9.212e-09  9.239e-09  7.219e-09  8.702e-12  4.495e-07  1.646e-09  9.239e-12  4.357e-09  2.079e-08  2.470e-08  6.395e-07  6.019e-09  7.873e-06  8.002e-07  1.565e-04  4.208e-06  4.170e-06  3.285e-06  2.617e-08  5.984e-12  5.055e-09  1.834e-07  6.153e-29  4.039e-13  1.400e-16  4.423e-07  2.804e-06  5.930e-14  4.303e-09
2.26828e+15  -1.21761e+14  -7.19889e+14  2.38289e+15  3.82600e+04  4.62200e+02  1.79900e-01  2.52300e+03  3.923e-04  1.963e-05  2.042e-07  7.530e-09  1.311e-08  3.113e-10  5.925e-06  1.022e-06  1.572e-05  4.347e-07  6.554e-06  1.324e-07  8.182e-09  2.850e-11  1.330e-07  1.058e-06  2.577e-06  6.917e-08  7.977e-09  2.931e-07  7.544e-09  4.839e-10  4.092e-09  5.018e-09  1.255e-08  7.727e-07  3.330e-07  9.348e-09  9.215e-09  7.271e-09  9.162e-12  4.315e-07  1.609e-09  8.754e-12  4.451e-09  2.047e-08  2.421e-08  6.434e-07  5.933e-09  8.169e-06  8.409e-07  1.588e-04  4.477e-06  4.210e-06  3.284e-06  2.909e-08  6.339e-12  4.991e-09  1.994e-07  7.416e-29  4.334e-13  1.720e-16  4.604e-07  2.869e-06  7.035e-14  4.395e-09
2.30006e+15  -1.21452e+14  -7.32848e+14  2.41705e+15  3.64800e+04  4.53300e+02  1.78800e-01  2.52400e+03  3.921e-04  1.962e-05  1.950e-07  7.172e-09  1.159e-08  3.064e-10  5.822e-06  1.037e-06  1.546e-05  4.259e-07  6.500e-06  1.294e-07  8.179e-09  2.707e-11  1.307e-07  1.050e-06  2.843e-06  7.770e-08  7.987e-09  2.970e-07  7.705e-09  4.805e-10  4.333e-09  5.210e-09  1.423e-08  7.836e-07  3.291e-07  9.479e-09  9.180e-09  7.319e-09  9.631e-12  4.143e-07  1.568e-09  8.267e-12  4.539e-09  2.014e-08  2.372e-08  6.472e-07  5.849e-09  8.469e-06  8.838e-07  1.611e-04  4.748e-06  4.249e-06  3.285e-06  3.212e-08  6.694e-12  4.928e-09  2.161e-07  8.882e-29  4.636e-13  2.097e-16  4.783e-07  2.933e-06  8.182e-14  4.488e-09
2.33154e+15  -1.21267e+14  -7.45500e+14  2.45083e+15  3.48700e+04  4.45100e+02  1.77200e-01  2.52600e+03  3.918e-04  1.961e-05  1.863e-07  6.828e-09  1.024e-08  3.015e-10  5.717e-06  1.052e-06  1.519e-05  4.171e-07  6.446e-06  1.263e-07  8.177e-09  2.575e-11  1.285e-07  1.043e-06  3.115e-06  8.674e-08  7.994e-09  3.009e-07  7.887e-09  4.772e-10  4.582e-09  5.396e-09  1.604e-08  7.939e-07  3.253e-07  9.606e-09  9.136e-09  7.362e-09  1.011e-11  3.977e-07  1.525e-09  7.810e-12  4.621e-09  1.980e-08  2.321e-08  6.510e-07  5.766e-09  8.774e-06  9.292e-07  1.634e-04  5.023e-06  4.286e-06  3.285e-06  3.522e-08  7.055e-12  4.865e-09  2.334e-07  1.061e-28  4.949e-13  2.540e-16  4.961e-07  2.996e-06  9.449e-14  4.580e-09
2.36301e+15  -1.21175e+14  -7.58151e+14  2.48461e+15  3.34100e+04  4.37600e+02  1.74900e-01  2.52800e+03  3.916e-04  1.960e-05  1.778e-07  6.499e-09  9.047e-09  2.966e-10  5.609e-06  1.066e-06  1.491e-05  4.085e-07  6.392e-06  1.231e-07  8.174e-09  2.451e-11  1.265e-07  1.036e-06  3.394e-06  9.633e-08  7.996e-09  3.047e-07  8.086e-09  4.741e-10  4.837e-09  5.577e-09  1.799e-08  8.038e-07  3.216e-07  9.729e-09  9.081e-09  7.399e-09  1.058e-11  3.818e-07  1.482e-09  7.391e-12  4.698e-09  1.944e-08  2.270e-08  6.546e-07  5.683e-09  9.086e-06  9.774e-07  1.657e-04  5.304e-06  4.322e-06  3.287e-06  3.839e-08  7.421e-12  4.801e-09  2.517e-07  1.267e-28  5.278e-13  3.058e-16  5.140e-07  3.058e-06  1.085e-13  4.673e-09
2.39449e+15  -1.21144e+14  -7.70494e+14  2.51831e+15  3.21000e+04  4.30900e+02  1.70000e-01  2.52900e+03  3.913e-04  1.959e-05  1.697e-07  6.182e-09  7.978e-09  2.917e-10  5.500e-06  1.080e-06  1.462e-05  3.999e-07  6.338e-06  1.198e-07  8.171e-09  2.336e-11  1.245e-07  1.029e-06  3.681e-06  1.068e-07  7.992e-09  3.086e-07  8.293e-09  4.711e-10  5.097e-09  5.759e-09  2.010e-08  8.133e-07  3.180e-07  9.847e-09  9.017e-09  7.425e-09  1.105e-11  3.665e-07  1.443e-09  7.025e-12  4.769e-09  1.908e-08  2.217e-08  6.581e-07  5.601e-09  9.411e-06  1.029e-06  1.679e-04  5.596e-06  4.357e-06  3.288e-06  4.162e-08  7.797e-12  4.737e-09  2.715e-07  1.517e-28  5.635e-13  3.670e-16  5.324e-07  3.122e-06  1.248e-13  4.766e-09
2.42596e+15  -1.21205e+14  -7.83145e+14  2.55211e+15  3.09400e+04  4.24900e+02  1.70300e-01  2.53100e+03  3.911e-04  1.958e-05  1.619e-07  5.880e-09  7.035e-09  2.869e-10  5.391e-06  1.095e-06  1.434e-05  3.915e-07  6.284e-06  1.166e-07  8.168e-09  2.230e-11  1.226e-07  1.021e-06  3.962e-06  1.166e-07  7.991e-09  3.124e-07  8.524e-09  4.683e-10  5.361e-09  5.937e-09  2.215e-08  8.227e-07  3.144e-07  9.961e-09  8.945e-09  7.455e-09  1.153e-11  3.518e-07  1.400e-09  6.634e-12  4.837e-09  1.872e-08  2.166e-08  6.615e-07  5.521e-09  9.738e-06  1.083e-06  1.702e-04  5.888e-06  4.391e-06  3.291e-06  4.482e-08  8.147e-12  4.675e-09  2.914e-07  1.793e-28  5.991e-13  4.365e-16  5.501e-07  3.182e-06  1.393e-13  4.859e-09
2.45713e+15  -1.21329e+14  -7.95488e+14  2.58553e+15  2.99000e+04  4.19700e+02  1.66500e-01  2.53200e+03  3.908e-04  1.957e-05  1.544e-07  5.591e-09  6.196e-09  2.821e-10  5.280e-06  1.109e-06  1.405e-05  3.832e-07  6.230e-06  1.134e-07  8.165e-09  2.131e-11  1.208e-07  1.014e-06  4.244e-06  1.271e-07  7.987e-09  3.162e-07  8.760e-09  4.658e-10  5.626e-09  6.110e-09  2.431e-08  8.317e-07  3.109e-07  1.007e-08  8.865e-09  7.479e-09  1.199e-11  3.377e-07  1.357e-09  6.296e-12  4.901e-09  1.836e-08  2.113e-08  6.649e-07  5.443e-09  1.008e-05  1.140e-06  1.724e-04  6.189e-06  4.424e-06  3.295e-06  4.799e-08  8.504e-12  4.612e-09  3.126e-07  2.128e-28  6.372e-13  5.172e-16  5.680e-07  3.243e-06  1.567e-13  4.952e-09
2.48860e+15  -1.21545e+14  -8.07830e+14  2.61925e+15  2.90000e+04  4.15300e+02  1.65700e-01  2.53400e+03  3.906e-04  1.956e-05  1.472e-07  5.315e-09  5.455e-09  2.773e-10  5.171e-06  1.123e-06  1.376e-05  3.751e-07  6.176e-06  1.103e-07  8.161e-09  2.041e-11  1.191e-07  1.006e-06  4.517e-06  1.371e-07  7.987e-09  3.198e-07  9.012e-09  4.636e-10  5.892e-09  6.278e-09  2.639e-08  8.405e-07  3.074e-07  1.017e-08  8.777e-09  7.505e-09  1.246e-11  3.242e-07  1.314e-09  5.961e-12  4.964e-09  1.799e-08  2.061e-08  6.681e-07  5.366e-09  1.042e-05  1.200e-06  1.746e-04  6.491e-06  4.457e-06  3.301e-06  5.109e-08  8.837e-12  4.550e-09  3.341e-07  2.502e-28  6.759e-13  6.083e-16  5.853e-07  3.300e-06  1.725e-13  5.044e-09
2.52007e+15  -1.21792e+14  -8.20173e+14  2.65298e+15  2.82000e+04  4.11500e+02  1.62500e-01  2.53600e+03  3.903e-04  1.955e-05  1.403e-07  5.050e-09  4.798e-09  2.726e-10  5.062e-06  1.137e-06  1.348e-05  3.671e-07  6.122e-06  1.073e-07  8.158e-09  1.956e-11  1.175e-07  9.989e-07  4.785e-06  1.473e-07  7.987e-09  3.234e-07  9.268e-09  4.618e-10  6.157e-09  6.443e-09  2.846e-08  8.492e-07  3.038e-07  1.027e-08  8.683e-09  7.528e-09  1.292e-11  3.111e-07  1.273e-09  5.662e-12  5.024e-09  1.763e-08  2.009e-08  6.712e-07  5.291e-09  1.077e-05  1.263e-06  1.768e-04  6.802e-06  4.489e-06  3.307e-06  5.412e-08  9.165e-12  4.488e-09  3.567e-07  2.943e-28  7.169e-13  7.124e-16  6.025e-07  3.358e-06  1.903e-13  5.136e-09
2.55155e+15  -1.22100e+14  -8.32516e+14  2.68670e+15  2.75100e+04  4.08200e+02  1.61700e-01  2.53700e+03  3.900e-04  1.954e-05  1.337e-07  4.799e-09  4.219e-09  2.679e-10  4.955e-06  1.153e-06  1.320e-05  3.594e-07  6.068e-06  1.044e-07  8.155e-09  1.879e-11  1.160e-07  9.914e-07  5.041e-06  1.569e-07  7.993e-09  3.269e-07  9.536e-09  4.604e-10  6.421e-09  6.602e-09  3.040e-08  8.577e-07  3.004e-07  1.037e-08  8.581e-09  7.555e-09  1.337e-11  2.986e-07  1.232e-09  5.368e-12  5.083e-09  1.727e-08  1.958e-08  6.743e-07  5.219e-09  1.112e-05  1.328e-06  1.790e-04  7.115e-06  4.521e-06  3.317e-06  5.702e-08  9.467e-12  4.427e-09  3.795e-07  3.433e-28  7.586e-13  8.289e-16  6.190e-07  3.412e-06  2.063e-13  5.226e-09
2.58302e+15  -1.22471e+14  -8.44859e+14  2.72044e+15  2.69000e+04  4.05600e+02  1.61000e-01  2.53900e+03  3.898e-04  1.953e-05  1.274e-07  4.559e-09  3.709e-09  2.633e-10  4.849e-06  1.168e-06  1.294e-05  3.519e-07  6.015e-06  1.016e-07  8.151e-09  1.807e-11  1.146e-07  9.838e-07  5.285e-06  1.660e-07  8.006e-09  3.303e-07  9.814e-09  4.594e-10  6.682e-09  6.753e-09  3.223e-08  8.661e-07  2.969e-07  1.046e-08  8.475e-09  7.586e-09  1.383e-11  2.866e-07  1.190e-09  5.088e-12  5.144e-09  1.691e-08  1.908e-08  6.773e-07  5.149e-09  1.148e-05  1.396e-06  1.812e-04  7.429e-06  4.552e-06  3.328e-06  5.979e-08  9.750e-12  4.368e-09  4.026e-07  3.985e-28  8.012e-13  9.585e-16  6.348e-07  3.464e-06  2.218e-13  5.316e-09
2.61480e+15  -1.22872e+14  -8.57201e+14  2.75447e+15  2.63700e+04  4.03200e+02  1.58800e-01  2.54000e+03  3.895e-04  1.952e-05  1.214e-07  4.330e-09  3.258e-09  2.588e-10  4.746e-06  1.183e-06  1.269e-05  3.445e-07  5.961e-06  9.900e-08  8.147e-09  1.740e-11  1.133e-07  9.761e-07  5.517e-06  1.751e-07  8.024e-09  3.336e-07  1.009e-08  4.590e-10  6.938e-09  6.898e-09  3.404e-08  8.743e-07  2.934e-07  1.055e-08  8.362e-09  7.617e-09  1.427e-11  2.751e-07  1.152e-09  4.835e-12  5.203e-09  1.655e-08  1.858e-08  6.801e-07  5.082e-09  1.185e-05  1.466e-06  1.834e-04  7.750e-06  4.583e-06  3.341e-06  6.243e-08  1.003e-11  4.309e-09  4.264e-07  4.617e-28  8.458e-13  1.103e-15  6.501e-07  3.514e-06  2.384e-13  5.404e-09
2.64689e+15  -1.23335e+14  -8.69853e+14  2.78889e+15  2.59000e+04  4.01200e+02  1.57700e-01  2.54200e+03  3.892e-04  1.951e-05  1.156e-07  4.112e-09  2.861e-09  2.543e-10  4.644e-06  1.199e-06  1.244e-05  3.374e-07  5.907e-06  9.650e-08  8.144e-09  1.678e-11  1.121e-07  9.684e-07  5.737e-06  1.838e-07  8.049e-09  3.367e-07  1.038e-08  4.591e-10  7.190e-09  7.036e-09  3.576e-08  8.824e-07  2.899e-07  1.063e-08  8.245e-09  7.649e-09  1.471e-11  2.640e-07  1.115e-09  4.592e-12  5.263e-09  1.621e-08  1.809e-08  6.829e-07  5.018e-09  1.222e-05  1.539e-06  1.855e-04  8.072e-06  4.614e-06  3.356e-06  6.494e-08  1.029e-11  4.251e-09  4.504e-07  5.319e-28  8.916e-13  1.263e-15  6.648e-07  3.562e-06  2.535e-13  5.491e-09
2.67868e+15  -1.23797e+14  -8.82195e+14  2.82292e+15  2.54800e+04  3.99300e+02  1.55100e-01  2.54400e+03  3.889e-04  1.950e-05  1.101e-07  3.904e-09  2.510e-09  2.498e-10  4.543e-06  1.215e-06  1.220e-05  3.305e-07  5.854e-06  9.410e-08  8.140e-09  1.620e-11  1.110e-07  9.606e-07  5.947e-06  1.926e-07  8.078e-09  3.398e-07  1.065e-08  4.597e-10  7.436e-09  7.170e-09  3.751e-08  8.901e-07  2.863e-07  1.071e-08  8.123e-09  7.679e-09  1.514e-11  2.533e-07  1.080e-09  4.368e-12  5.323e-09  1.586e-08  1.761e-08  6.857e-07  4.956e-09  1.260e-05  1.615e-06  1.877e-04  8.402e-06  4.644e-06  3.372e-06  6.734e-08  1.056e-11  4.194e-09  4.753e-07  6.123e-28  9.399e-13  1.441e-15  6.792e-07  3.610e-06  2.701e-13  5.576e-09
2.71108e+15  -1.24260e+14  -8.94846e+14  2.85764e+15  2.50900e+04  3.97500e+02  1.53700e-01  2.54500e+03  3.886e-04  1.948e-05  1.048e-07  3.706e-09  2.201e-09  2.454e-10  4.445e-06  1.231e-06  1.197e-05  3.238e-07  5.800e-06  9.181e-08  8.136e-09  1.566e-11  1.099e-07  9.528e-07  6.147e-06  2.014e-07  8.114e-09  3.428e-07  1.093e-08  4.609e-10  7.675e-09  7.297e-09  3.926e-08  8.977e-07  2.828e-07  1.078e-08  7.997e-09  7.710e-09  1.557e-11  2.431e-07  1.047e-09  4.150e-12  5.382e-09  1.552e-08  1.713e-08  6.883e-07  4.897e-09  1.298e-05  1.692e-06  1.899e-04  8.735e-06  4.674e-06  3.389e-06  6.963e-08  1.081e-11  4.138e-09  5.006e-07  7.015e-28  9.898e-13  1.636e-15  6.930e-07  3.655e-06  2.851e-13  5.661e-09
2.74348e+15  -1.24754e+14  -9.07498e+14  2.89237e+15  2.47300e+04  3.95600e+02  1.52000e-01  2.54700e+03  3.883e-04  1.947e-05  9.976e-08  3.517e-09  1.929e-09  2.411e-10  4.348e-06  1.246e-06  1.175e-05  3.173e-07  5.747e-06  8.962e-08  8.132e-09  1.516e-11  1.090e-07  9.449e-07  6.337e-06  2.102e-07  8.156e-09  3.456e-07  1.121e-08  4.627e-10  7.907e-09  7.419e-09  4.108e-08  9.050e-07  2.793e-07  1.085e-08  7.868e-09  7.739e-09  1.598e-11  2.333e-07  1.014e-09  3.941e-12  5.442e-09  1.519e-08  1.667e-08  6.908e-07  4.840e-09  1.337e-05  1.772e-06  1.921e-04  9.073e-06  4.704e-06  3.407e-06  7.183e-08  1.108e-11  4.083e-09  5.264e-07  8.018e-28  1.042e-12  1.849e-15  7.063e-07  3.700e-06  3.005e-13  5.744e-09
2.77588e+15  -1.25217e+14  -9.20149e+14  2.92709e+15  2.43800e+04  3.93600e+02  1.49000e-01  2.54800e+03  3.881e-04  1.946e-05  9.491e-08  3.336e-09  1.689e-09  2.368e-10  4.252e-06  1.261e-06  1.153e-05  3.109e-07  5.694e-06  8.749e-08  8.128e-09  1.470e-11  1.081e-07  9.370e-07  6.523e-06  2.197e-07  8.201e-09  3.484e-07  1.147e-08  4.650e-10  8.131e-09  7.536e-09  4.307e-08  9.119e-07  2.758e-07  1.092e-08  7.734e-09  7.761e-09  1.637e-11  2.238e-07  9.834e-10  3.749e-12  5.500e-09  1.486e-08  1.622e-08  6.933e-07  4.786e-09  1.377e-05  1.855e-06  1.942e-04  9.420e-06  4.733e-06  3.425e-06  7.397e-08  1.136e-11  4.028e-09  5.533e-07  9.165e-28  1.097e-12  2.085e-15  7.196e-07  3.744e-06  3.178e-13  5.827e-09
