# Collapse Model Output 
 
# Crich/ev_output/ev_3811093.dat in GNUPLOT format produced by evolve_output.pl 
 
X                 Y                 Z                 R                 DENSITY           TEMP              AV                TIME              CO                N2                CH4               NH3               H2S               HCP               H2O               C2H2              HCN               CS                SiC2              HCl               HF                C2H4              SiO               SiS               CN                C2H               C4H               C6H               HC3N              HC5N              HC7N              HCO+              CH                CH2               CH3               NH                NH2               SO                SO2               HS                HCNH+             NH4+              H2CO              H2CS              CH3CN             SiC               SiN               C                 N                 H                 O                 S                 Si                Cl                F                 P                 C+                N+                H+                O+                S+                Si+               Cl+               P+              
#  (CM)              (CM)              (CM)              (CM)              (CM-3)            (K)               (MAG)             (YR)              (wrt              Hnuc)           
 
-3.22762e+13  8.58127e+13  -8.41156e+13  1.24423e+14  1.71100e+07  3.41600e+03  1.25500e+00  2.35100e+03  3.720e-04  2.931e-05  2.978e-19  1.160e-14  9.530e-13  5.228e-18  7.017e-09  4.294e-10  6.072e-10  1.112e-09  3.304e-10  2.113e-09  8.278e-09  2.717e-14  1.048e-05  9.368e-07  3.637e-09  8.501e-10  5.054e-09  1.559e-08  1.981e-10  1.443e-07  1.756e-07  9.418e-12  6.999e-12  7.749e-14  7.630e-16  3.209e-09  5.277e-12  2.076e-11  1.884e-11  5.785e-08  1.005e-15  5.037e-15  3.660e-19  6.439e-11  2.910e-13  1.285e-10  9.123e-11  5.303e-09  1.408e-06  9.847e-01  1.655e-05  5.748e-06  1.148e-06  1.604e-07  1.745e-12  1.080e-08  7.335e-14  2.722e-27  1.159e-13  1.712e-18  1.422e-09  8.489e-08  9.415e-17  1.783e-11
-5.36599e+13  1.00315e+14  -1.03092e+14  1.53527e+14  1.92900e+07  3.53400e+03  1.04700e+00  2.35200e+03  3.720e-04  2.931e-05  7.933e-20  2.946e-15  4.043e-13  5.105e-18  2.392e-09  2.825e-10  4.225e-10  1.306e-09  3.394e-10  1.274e-09  8.277e-09  3.079e-14  1.045e-05  9.346e-07  4.307e-09  9.791e-10  5.435e-09  2.037e-08  1.987e-10  1.441e-07  1.750e-07  1.331e-11  8.000e-12  5.394e-14  3.409e-16  2.203e-09  2.208e-12  1.222e-11  1.848e-11  4.061e-08  9.256e-16  3.602e-15  5.236e-19  6.394e-11  2.885e-13  1.304e-10  9.149e-11  9.054e-09  1.410e-06  9.908e-01  1.674e-05  5.767e-06  1.168e-06  1.612e-07  3.124e-12  1.080e-08  2.211e-13  1.099e-26  2.554e-13  3.805e-18  2.357e-09  9.337e-08  1.846e-16  2.469e-11
-8.08756e+13  1.12751e+14  -1.18583e+14  1.82525e+14  1.75700e+07  3.03500e+03  8.76000e-01  2.35400e+03  3.720e-04  2.931e-05  7.362e-18  2.068e-13  5.326e-12  6.414e-18  8.839e-08  1.314e-09  2.373e-09  1.622e-09  3.929e-10  6.569e-09  8.285e-09  5.010e-14  1.040e-05  9.310e-07  4.004e-09  6.617e-10  5.512e-09  1.687e-08  1.970e-10  1.436e-07  1.739e-07  1.689e-11  5.302e-12  1.775e-13  5.784e-15  6.192e-09  3.031e-11  7.663e-11  2.051e-11  1.058e-07  5.381e-15  1.780e-14  1.017e-18  6.332e-11  2.845e-13  1.425e-10  1.038e-10  1.892e-09  1.404e-06  9.519e-01  1.591e-05  5.704e-06  1.205e-06  1.559e-07  7.386e-13  1.078e-08  8.310e-14  3.740e-28  3.261e-13  4.699e-18  3.998e-09  1.042e-07  4.118e-16  3.779e-11
-1.08894e+14  1.28580e+14  -1.33147e+14  2.14753e+14  1.22900e+07  2.30500e+03  7.52000e-01  2.35600e+03  3.720e-04  2.931e-05  2.188e-17  1.932e-13  3.171e-12  1.318e-17  5.149e-07  2.905e-09  6.258e-09  2.321e-09  4.998e-10  1.106e-08  8.297e-09  8.428e-14  1.033e-05  9.259e-07  3.799e-09  4.008e-10  5.374e-09  1.881e-08  1.925e-10  1.428e-07  1.719e-07  2.051e-11  2.302e-12  1.153e-13  9.508e-15  2.485e-09  1.621e-11  2.774e-10  3.403e-11  4.624e-08  1.529e-14  8.878e-15  3.406e-18  6.255e-11  2.792e-13  1.665e-10  1.242e-10  1.520e-09  1.396e-06  9.162e-01  1.498e-05  5.766e-06  1.246e-06  1.514e-07  6.174e-13  1.076e-08  1.221e-13  5.242e-29  2.718e-13  3.726e-18  7.601e-09  1.266e-07  1.031e-15  6.050e-11
-1.37344e+14  1.45089e+14  -1.47063e+14  2.48076e+14  8.91500e+06  1.84600e+03  6.41600e-01  2.35700e+03  3.720e-04  2.931e-05  4.279e-17  6.421e-14  1.001e-12  7.609e-17  1.606e-06  4.732e-09  1.266e-08  3.446e-09  6.614e-10  1.364e-08  8.300e-09  1.198e-13  1.022e-05  9.189e-07  3.139e-09  2.055e-10  5.517e-09  2.284e-08  1.866e-10  1.418e-07  1.693e-07  2.396e-11  1.545e-12  8.340e-14  1.438e-14  6.588e-10  3.869e-12  8.840e-10  7.783e-11  1.669e-08  3.786e-14  2.735e-15  1.058e-17  6.167e-11  2.725e-13  2.009e-10  1.520e-10  2.721e-09  1.367e-06  8.925e-01  1.382e-05  5.797e-06  1.327e-06  1.489e-07  6.904e-13  1.072e-08  3.099e-13  1.100e-29  1.848e-13  2.330e-18  1.315e-08  1.553e-07  2.057e-15  8.996e-11
-1.63294e+14  1.63726e+14  -1.58295e+14  2.80229e+14  6.59700e+06  1.52500e+03  5.93000e-01  2.35900e+03  3.720e-04  2.931e-05  6.468e-17  1.347e-14  2.358e-13  3.257e-16  3.861e-06  6.531e-09  2.068e-08  4.904e-09  8.781e-10  1.502e-08  8.302e-09  1.470e-13  1.008e-05  9.105e-07  2.010e-09  8.666e-11  5.803e-09  2.582e-08  1.806e-10  1.406e-07  1.662e-07  2.280e-11  8.086e-13  4.181e-14  1.913e-14  1.390e-10  6.113e-13  2.611e-09  1.726e-10  5.608e-09  8.223e-14  5.824e-16  2.467e-17  6.075e-11  2.668e-13  2.419e-10  1.894e-10  4.567e-09  1.343e-06  8.765e-01  1.185e-05  5.809e-06  1.445e-06  1.475e-07  8.307e-13  1.068e-08  5.041e-13  2.222e-30  9.204e-14  9.850e-19  1.899e-08  1.863e-07  3.101e-15  1.113e-10
-1.86066e+14  1.81284e+14  -1.67491e+14  3.09091e+14  4.92600e+06  1.30600e+03  5.56500e-01  2.36000e+03  3.720e-04  2.931e-05  1.036e-16  2.579e-15  5.418e-14  7.032e-16  7.185e-06  8.240e-09  2.902e-08  6.797e-09  1.149e-09  1.569e-08  8.304e-09  1.614e-13  9.910e-06  9.012e-07  1.126e-09  3.684e-11  6.207e-09  2.901e-08  1.750e-10  1.393e-07  1.628e-07  2.042e-11  3.991e-13  1.902e-14  2.877e-14  2.922e-11  8.951e-14  6.326e-09  3.051e-10  2.019e-09  1.689e-13  1.224e-16  4.456e-17  5.981e-11  2.632e-13  2.838e-10  2.384e-10  7.261e-09  1.330e-06  8.653e-01  9.055e-06  5.812e-06  1.594e-06  1.468e-07  1.014e-12  1.063e-08  1.062e-12  5.144e-31  4.775e-14  3.852e-19  2.601e-08  2.191e-07  4.480e-15  1.249e-10
-2.05938e+14  1.98378e+14  -1.74433e+14  3.34950e+14  3.62100e+06  1.14000e+03  5.33000e-01  2.36200e+03  3.720e-04  2.931e-05  2.052e-16  4.488e-16  1.176e-14  1.076e-15  1.080e-05  9.890e-09  3.715e-08  9.123e-09  1.463e-09  1.586e-08  8.305e-09  1.635e-13  9.719e-06  8.916e-07  5.978e-10  1.984e-11  6.701e-09  3.266e-08  1.704e-10  1.380e-07  1.593e-07  1.825e-11  1.806e-13  7.809e-15  5.570e-14  5.849e-12  1.174e-14  1.290e-08  4.246e-10  7.375e-10  2.956e-13  2.429e-17  6.378e-17  5.885e-11  2.610e-13  3.216e-10  2.949e-10  1.084e-08  1.325e-06  8.576e-01  6.047e-06  5.808e-06  1.763e-06  1.466e-07  1.260e-12  1.057e-08  2.329e-12  1.247e-31  2.676e-14  1.423e-19  3.447e-08  2.567e-07  6.374e-15  1.373e-10
-2.23033e+14  2.14825e+14  -1.78476e+14  3.57417e+14  2.71400e+06  1.01100e+03  5.24600e-01  2.36400e+03  3.720e-04  2.931e-05  5.078e-16  7.979e-17  2.607e-15  1.368e-15  1.330e-05  1.151e-08  4.487e-08  1.172e-08  1.809e-09  1.573e-08  8.305e-09  1.587e-13  9.521e-06  8.820e-07  3.727e-10  1.913e-11  7.199e-09  3.573e-08  1.673e-10  1.367e-07  1.558e-07  1.749e-11  7.886e-14  3.205e-15  1.381e-13  1.178e-12  1.490e-15  2.023e-08  5.006e-10  2.762e-10  4.035e-13  4.640e-18  8.330e-17  5.790e-11  2.588e-13  3.560e-10  3.531e-10  1.463e-08  1.324e-06  8.521e-01  4.050e-06  5.802e-06  1.935e-06  1.468e-07  1.581e-12  1.051e-08  4.308e-12  3.087e-32  1.624e-14  5.810e-20  4.338e-08  3.008e-07  8.502e-15  1.517e-10
-2.37474e+14  2.29358e+14  -1.79340e+14  3.75715e+14  2.09900e+06  9.05900e+02  5.28400e-01  2.36500e+03  3.720e-04  2.931e-05  1.233e-15  2.051e-17  7.282e-16  1.560e-15  1.458e-05  1.309e-08  5.210e-08  1.441e-08  2.178e-09  1.541e-08  8.304e-09  1.507e-13  9.328e-06  8.725e-07  3.553e-10  2.779e-11  7.635e-09  3.767e-08  1.657e-10  1.354e-07  1.524e-07  1.767e-11  3.998e-14  1.639e-15  3.458e-13  2.857e-13  2.210e-16  2.516e-08  5.414e-10  1.060e-10  4.640e-13  1.025e-18  1.203e-16  5.697e-11  2.556e-13  3.886e-10  4.097e-10  1.797e-08  1.326e-06  8.480e-01  3.145e-06  5.798e-06  2.099e-06  1.471e-07  1.979e-12  1.045e-08  6.699e-12  9.104e-33  1.083e-14  3.211e-20  5.186e-08  3.499e-07  1.057e-14  1.668e-10
-2.49570e+14  2.41300e+14  -1.77365e+14  3.89832e+14  1.65400e+06  8.15200e+02  5.43100e-01  2.36700e+03  3.720e-04  2.931e-05  2.263e-15  1.473e-17  3.879e-16  1.668e-15  1.518e-05  1.463e-08  5.878e-08  1.708e-08  2.561e-09  1.492e-08  8.303e-09  1.421e-13  9.144e-06  8.634e-07  5.020e-10  4.497e-11  7.987e-09  3.868e-08  1.655e-10  1.342e-07  1.491e-07  1.796e-11  2.940e-14  1.167e-15  6.949e-13  1.451e-13  6.490e-17  2.804e-08  5.609e-10  4.111e-11  4.791e-13  4.571e-19  1.986e-16  5.608e-11  2.510e-13  4.216e-10  4.617e-10  2.051e-08  1.328e-06  8.449e-01  2.838e-06  5.796e-06  2.249e-06  1.476e-07  2.468e-12  1.038e-08  9.096e-12  5.469e-33  8.163e-15  2.575e-20  5.951e-08  4.023e-07  1.244e-14  1.820e-10
-2.59876e+14  2.50711e+14  -1.73353e+14  4.00553e+14  1.32100e+06  7.37300e+02  5.33000e-01  2.36800e+03  3.719e-04  2.931e-05  3.236e-15  1.821e-17  4.058e-16  1.725e-15  1.541e-05  1.622e-08  6.514e-08  1.977e-08  2.957e-09  1.431e-08  8.301e-09  1.334e-13  8.959e-06  8.546e-07  8.747e-10  7.687e-11  8.337e-09  4.051e-08  1.668e-10  1.329e-07  1.458e-07  1.997e-11  3.302e-14  1.116e-15  1.165e-12  1.747e-13  4.262e-17  2.955e-08  5.696e-10  1.827e-11  5.126e-13  4.866e-19  3.694e-16  5.518e-11  2.450e-13  4.563e-10  5.073e-10  2.487e-08  1.331e-06  8.424e-01  2.856e-06  5.794e-06  2.391e-06  1.482e-07  3.107e-12  1.031e-08  1.370e-11  8.043e-33  8.927e-15  3.445e-20  6.888e-08  4.641e-07  1.603e-14  2.048e-10
-2.68886e+14  2.58179e+14  -1.68015e+14  4.08883e+14  1.08300e+06  6.76300e+02  5.06200e-01  2.37000e+03  3.719e-04  2.930e-05  4.026e-15  2.654e-17  5.097e-16  1.757e-15  1.545e-05  1.791e-08  7.132e-08  2.254e-08  3.372e-09  1.373e-08  8.299e-09  1.248e-13  8.764e-06  8.458e-07  1.536e-09  1.285e-10  8.697e-09  4.286e-08  1.697e-10  1.315e-07  1.424e-07  2.336e-11  4.427e-14  1.242e-15  1.706e-12  2.661e-13  3.654e-17  3.037e-08  5.736e-10  1.168e-11  5.514e-13  6.567e-19  6.944e-16  5.425e-11  2.380e-13  4.941e-10  5.466e-10  3.227e-08  1.334e-06  8.405e-01  3.037e-06  5.790e-06  2.529e-06  1.488e-07  3.916e-12  1.024e-08  2.256e-11  1.532e-32  1.381e-14  6.342e-20  8.100e-08  5.396e-07  2.161e-14  2.372e-10
-2.77186e+14  2.64257e+14  -1.62152e+14  4.15882e+14  1.00400e+06  7.21900e+02  4.71900e-01  2.37200e+03  3.719e-04  2.930e-05  5.856e-15  3.159e-17  4.416e-16  1.813e-15  1.557e-05  1.981e-08  7.863e-08  2.545e-08  3.822e-09  1.449e-08  8.298e-09  1.169e-13  8.559e-06  8.367e-07  1.358e-09  1.282e-10  9.024e-09  4.444e-08  1.739e-10  1.301e-07  1.389e-07  2.797e-11  6.001e-14  1.889e-15  2.106e-12  2.433e-13  5.332e-17  3.094e-08  5.771e-10  1.798e-11  5.925e-13  6.079e-19  6.705e-16  5.330e-11  2.320e-13  5.381e-10  5.839e-10  4.258e-08  1.339e-06  8.387e-01  3.161e-06  5.785e-06  2.664e-06  1.480e-07  4.223e-12  1.015e-08  3.603e-11  1.580e-32  2.426e-14  1.159e-19  9.444e-08  6.310e-07  2.630e-14  2.743e-10
-2.87616e+14  2.69997e+14  -1.59530e+14  4.25524e+14  1.18600e+06  1.11600e+03  4.43600e-01  2.37300e+03  3.719e-04  2.930e-05  9.591e-16  5.641e-16  1.245e-14  2.658e-15  1.394e-05  2.191e-08  8.632e-08  2.831e-08  4.324e-09  1.824e-08  8.296e-09  1.176e-13  8.354e-06  8.270e-07  1.120e-09  5.475e-11  9.281e-09  4.421e-08  1.774e-10  1.287e-07  1.354e-07  3.322e-11  8.621e-13  3.959e-14  2.216e-13  5.351e-12  1.167e-14  1.938e-08  6.260e-10  7.346e-10  5.711e-13  1.946e-17  1.489e-16  5.231e-11  2.665e-13  5.991e-10  6.270e-10  5.279e-08  1.343e-06  8.363e-01  4.605e-06  5.797e-06  2.783e-06  1.443e-07  3.210e-12  1.008e-08  3.905e-11  2.852e-31  1.363e-13  5.583e-19  1.030e-07  7.380e-07  2.386e-14  3.059e-10
-3.02952e+14  2.77125e+14  -1.64868e+14  4.42447e+14  1.39800e+06  1.46500e+03  4.20900e-01  2.37500e+03  3.719e-04  2.930e-05  9.681e-16  2.432e-14  3.181e-13  5.249e-15  7.759e-06  2.390e-08  8.971e-08  3.027e-08  4.875e-09  2.033e-08  8.292e-09  1.646e-13  8.165e-06  8.168e-07  5.080e-09  1.850e-10  9.293e-09  4.061e-08  1.816e-10  1.273e-07  1.318e-07  3.652e-11  1.141e-11  7.627e-13  2.032e-13  1.330e-10  7.456e-13  4.206e-09  6.561e-10  6.053e-09  3.089e-13  5.417e-16  1.529e-16  5.133e-11  3.739e-13  7.233e-10  6.574e-10  6.190e-08  1.343e-06  8.331e-01  9.999e-06  5.816e-06  2.865e-06  1.422e-07  2.964e-12  1.001e-08  3.229e-11  5.779e-30  5.878e-13  5.332e-18  1.046e-07  8.696e-07  2.109e-14  3.470e-10
-3.22453e+14  2.86258e+14  -1.76717e+14  4.65992e+14  1.45900e+06  1.61800e+03  3.99800e-01  2.37600e+03  3.718e-04  2.929e-05  2.020e-15  8.099e-14  8.921e-13  8.675e-15  6.203e-06  2.588e-08  9.372e-08  3.180e-08  5.499e-09  2.131e-08  8.288e-09  2.336e-13  7.982e-06  8.065e-07  8.185e-09  3.411e-10  9.170e-09  3.756e-08  1.870e-10  1.258e-07  1.282e-07  3.628e-11  2.846e-11  2.194e-12  4.058e-13  3.547e-10  2.642e-12  2.708e-09  6.675e-10  1.222e-08  2.387e-13  1.409e-15  1.552e-16  5.037e-11  5.120e-13  8.832e-10  6.870e-10  7.177e-08  1.343e-06  8.297e-01  1.138e-05  5.822e-06  2.929e-06  1.412e-07  3.124e-12  9.946e-09  3.405e-11  1.441e-29  9.976e-13  1.040e-17  1.056e-07  1.009e-06  2.113e-14  3.867e-10
-3.44362e+14  2.96318e+14  -1.91405e+14  4.92975e+14  1.38200e+06  1.60500e+03  3.93000e-01  2.37800e+03  3.718e-04  2.929e-05  2.320e-15  7.938e-14  8.652e-13  1.223e-14  6.598e-06  2.799e-08  1.006e-07  3.331e-08  6.190e-09  2.168e-08  8.285e-09  2.845e-13  7.805e-06  7.966e-07  8.298e-09  3.456e-10  8.996e-09  3.559e-08  1.933e-10  1.243e-07  1.247e-07  3.473e-11  3.086e-11  2.410e-12  4.564e-13  3.370e-10  2.517e-12  2.875e-09  6.776e-10  1.186e-08  2.308e-13  1.205e-15  1.706e-16  4.943e-11  6.635e-13  1.051e-09  7.250e-10  8.065e-08  1.344e-06  8.265e-01  1.122e-05  5.831e-06  2.991e-06  1.408e-07  3.498e-12  9.888e-09  3.990e-11  1.389e-29  1.040e-12  1.069e-17  1.087e-07  1.145e-06  2.248e-14  4.191e-10
-3.67813e+14  3.06284e+14  -2.05876e+14  5.21039e+14  1.24900e+06  1.52400e+03  3.84800e-01  2.37900e+03  3.717e-04  2.929e-05  2.044e-15  4.731e-14  5.448e-13  1.563e-14  7.823e-06  3.019e-08  1.090e-07  3.503e-08  6.932e-09  2.177e-08  8.283e-09  3.101e-13  7.627e-06  7.870e-07  6.991e-09  2.757e-10  8.852e-09  3.493e-08  2.001e-10  1.228e-07  1.212e-07  3.435e-11  2.437e-11  1.824e-12  3.981e-13  2.113e-10  1.410e-12  3.711e-09  6.890e-10  8.543e-09  2.536e-13  6.731e-16  1.946e-16  4.849e-11  8.223e-13  1.214e-09  7.720e-10  9.127e-08  1.347e-06  8.236e-01  1.042e-05  5.838e-06  3.056e-06  1.407e-07  3.991e-12  9.828e-09  5.215e-11  9.405e-30  9.430e-13  8.962e-18  1.153e-07  1.277e-06  2.547e-14  4.483e-10
-3.90647e+14  3.15973e+14  -2.18559e+14  5.47916e+14  1.09600e+06  1.42400e+03  3.76800e-01  2.38100e+03  3.717e-04  2.928e-05  1.701e-15  2.205e-14  2.779e-13  1.874e-14  9.551e-06  3.243e-08  1.179e-07  3.705e-08  7.712e-09  2.168e-08  8.282e-09  3.155e-13  7.447e-06  7.777e-07  5.313e-09  1.997e-10  8.769e-09  3.525e-08  2.073e-10  1.213e-07  1.177e-07  3.545e-11  1.661e-11  1.160e-12  3.307e-13  1.078e-10  6.041e-13  5.154e-09  7.007e-10  5.373e-09  2.971e-13  3.068e-16  2.268e-16  4.754e-11  9.816e-13  1.366e-09  8.254e-10  1.045e-07  1.352e-06  8.212e-01  9.218e-06  5.841e-06  3.126e-06  1.408e-07  4.578e-12  9.764e-09  7.424e-11  5.399e-30  8.353e-13  6.984e-18  1.254e-07  1.408e-06  2.979e-14  4.768e-10
-4.11938e+14  3.25539e+14  -2.29235e+14  5.72902e+14  9.49500e+05  1.32900e+03  3.70400e-01  2.38300e+03  3.716e-04  2.928e-05  1.567e-15  9.570e-15  1.336e-13  2.150e-14  1.141e-05  3.467e-08  1.265e-07  3.934e-08  8.517e-09  2.150e-08  8.281e-09  3.082e-13  7.265e-06  7.687e-07  3.896e-09  1.490e-10  8.748e-09  3.619e-08  2.149e-10  1.198e-07  1.143e-07  3.820e-11  1.088e-11  7.035e-13  3.057e-13  5.178e-11  2.380e-13  7.092e-09  7.103e-10  3.284e-09  3.500e-13  1.330e-16  2.648e-16  4.660e-11  1.135e-12  1.506e-09  8.820e-10  1.202e-07  1.359e-06  8.192e-01  7.908e-06  5.838e-06  3.196e-06  1.410e-07  5.232e-12  9.693e-09  1.082e-10  2.982e-30  7.645e-13  5.454e-18  1.384e-07  1.539e-06  3.511e-14  5.061e-10
-4.31995e+14  3.34487e+14  -2.38338e+14  5.96076e+14  8.23000e+05  1.24600e+03  3.63500e-01  2.38400e+03  3.716e-04  2.927e-05  1.707e-15  4.208e-15  6.498e-14  2.391e-14  1.310e-05  3.692e-08  1.347e-07  4.184e-08  9.339e-09  2.128e-08  8.281e-09  2.937e-13  7.083e-06  7.597e-07  2.882e-09  1.245e-10  8.772e-09  3.748e-08  2.227e-10  1.182e-07  1.109e-07  4.274e-11  7.240e-12  4.348e-13  3.352e-13  2.511e-11  9.436e-14  9.240e-09  7.158e-10  2.043e-09  4.037e-13  5.879e-17  3.097e-16  4.566e-11  1.277e-12  1.636e-09  9.387e-10  1.385e-07  1.367e-06  8.175e-01  6.748e-06  5.832e-06  3.264e-06  1.412e-07  5.941e-12  9.617e-09  1.564e-10  1.681e-30  7.343e-13  4.454e-18  1.538e-07  1.675e-06  4.145e-14  5.376e-10
-4.50509e+14  3.43436e+14  -2.46422e+14  6.17762e+14  7.20600e+05  1.17700e+03  3.59300e-01  2.38600e+03  3.715e-04  2.927e-05  2.122e-15  1.934e-15  3.273e-14  2.600e-14  1.449e-05  3.916e-08  1.424e-07  4.448e-08  1.018e-08  2.105e-08  8.280e-09  2.758e-13  6.902e-06  7.509e-07  2.212e-09  1.192e-10  8.806e-09  3.864e-08  2.308e-10  1.167e-07  1.075e-07  4.823e-11  4.933e-12  2.779e-13  4.204e-13  1.261e-11  3.890e-14  1.130e-08  7.166e-10  1.312e-09  4.474e-13  2.685e-17  3.620e-16  4.474e-11  1.406e-12  1.759e-09  9.942e-10  1.582e-07  1.375e-06  8.160e-01  5.835e-06  5.823e-06  3.328e-06  1.414e-07  6.693e-12  9.537e-09  2.169e-10  9.759e-31  7.214e-13  3.783e-18  1.706e-07  1.813e-06  4.792e-14  5.701e-10
-4.68714e+14  3.52076e+14  -2.53951e+14  6.38860e+14  6.36600e+05  1.11700e+03  3.55500e-01  2.38700e+03  3.714e-04  2.927e-05  2.834e-15  9.261e-16  1.688e-14  2.776e-14  1.560e-05  4.139e-08  1.498e-07  4.721e-08  1.103e-08  2.080e-08  8.280e-09  2.566e-13  6.725e-06  7.421e-07  1.790e-09  1.281e-10  8.839e-09  3.971e-08  2.391e-10  1.152e-07  1.042e-07  5.476e-11  3.433e-12  1.835e-13  5.684e-13  6.497e-12  1.648e-14  1.315e-08  7.127e-10  8.606e-10  4.839e-13  1.260e-17  4.266e-16  4.383e-11  1.517e-12  1.877e-09  1.047e-09  1.790e-07  1.385e-06  8.147e-01  5.148e-06  5.814e-06  3.385e-06  1.417e-07  7.496e-12  9.455e-09  2.915e-10  5.830e-31  7.221e-13  3.353e-18  1.885e-07  1.954e-06  5.487e-14  6.037e-10
-4.86303e+14  3.60716e+14  -2.61110e+14  6.59382e+14  5.64200e+05  1.06000e+03  3.50100e-01  2.38900e+03  3.714e-04  2.926e-05  3.906e-15  4.601e-16  8.600e-15  2.921e-14  1.649e-05  4.363e-08  1.569e-07  4.999e-08  1.189e-08  2.052e-08  8.279e-09  2.371e-13  6.551e-06  7.333e-07  1.553e-09  1.503e-10  8.873e-09  4.089e-08  2.475e-10  1.136e-07  1.010e-07  6.291e-11  2.412e-12  1.239e-13  7.987e-13  3.333e-12  6.891e-15  1.474e-08  7.044e-10  5.633e-10  5.182e-13  5.910e-18  5.165e-16  4.294e-11  1.608e-12  1.992e-09  1.096e-09  2.021e-07  1.395e-06  8.136e-01  4.655e-06  5.803e-06  3.436e-06  1.420e-07  8.379e-12  9.368e-09  3.875e-10  3.532e-31  7.394e-13  3.138e-18  2.077e-07  2.100e-06  6.308e-14  6.400e-10
-5.03274e+14  3.69664e+14  -2.67806e+14  6.79453e+14  5.00300e+05  1.00700e+03  3.48100e-01  2.39100e+03  3.713e-04  2.926e-05  5.336e-15  2.502e-16  4.312e-15  3.035e-14  1.717e-05  4.586e-08  1.636e-07  5.277e-08  1.276e-08  2.021e-08  8.279e-09  2.182e-13  6.380e-06  7.247e-07  1.480e-09  1.858e-10  8.899e-09  4.199e-08  2.559e-10  1.121e-07  9.786e-08  7.175e-11  1.713e-12  8.593e-14  1.123e-12  1.722e-12  2.865e-15  1.602e-08  6.924e-10  3.659e-10  5.421e-13  2.779e-18  6.430e-16  4.207e-11  1.676e-12  2.105e-09  1.140e-09  2.260e-07  1.406e-06  8.126e-01  4.336e-06  5.791e-06  3.478e-06  1.423e-07  9.351e-12  9.280e-09  5.019e-10  2.190e-31  7.675e-13  3.092e-18  2.279e-07  2.249e-06  7.153e-14  6.782e-10
-5.20245e+14  3.78613e+14  -2.73946e+14  6.99321e+14  4.44000e+05  9.57400e+02  3.41800e-01  2.39200e+03  3.712e-04  2.925e-05  7.108e-15  1.565e-16  2.186e-15  3.122e-14  1.766e-05  4.810e-08  1.700e-07  5.555e-08  1.362e-08  1.987e-08  8.278e-09  2.002e-13  6.212e-06  7.161e-07  1.589e-09  2.389e-10  8.933e-09  4.340e-08  2.643e-10  1.106e-07  9.478e-08  8.280e-11  1.286e-12  6.415e-14  1.557e-12  9.501e-13  1.260e-15  1.695e-08  6.775e-10  2.380e-10  5.701e-13  1.410e-18  8.332e-16  4.121e-11  1.720e-12  2.217e-09  1.179e-09  2.532e-07  1.417e-06  8.118e-01  4.182e-06  5.777e-06  3.513e-06  1.426e-07  1.043e-11  9.188e-09  6.511e-10  1.494e-31  8.324e-13  3.325e-18  2.498e-07  2.406e-06  8.252e-14  7.210e-10
-5.36291e+14  3.87561e+14  -2.79346e+14  7.18224e+14  3.94600e+05  9.11000e+02  3.39400e-01  2.39400e+03  3.712e-04  2.925e-05  9.080e-15  1.139e-16  1.175e-15  3.186e-14  1.798e-05  5.033e-08  1.762e-07  5.829e-08  1.448e-08  1.950e-08  8.277e-09  1.834e-13  6.047e-06  7.077e-07  1.869e-09  3.093e-10  8.961e-09  4.470e-08  2.726e-10  1.091e-07  9.178e-08  9.440e-11  1.041e-12  5.192e-14  2.094e-12  6.126e-13  6.424e-16  1.757e-08  6.608e-10  1.570e-10  5.867e-13  8.302e-19  1.108e-15  4.037e-11  1.743e-12  2.329e-09  1.212e-09  2.817e-07  1.428e-06  8.111e-01  4.163e-06  5.763e-06  3.539e-06  1.430e-07  1.161e-11  9.093e-09  8.267e-10  1.172e-31  9.354e-13  3.847e-18  2.727e-07  2.566e-06  9.367e-14  7.668e-10
-5.51719e+14  3.96201e+14  -2.83851e+14  7.36166e+14  3.51300e+05  8.68200e+02  3.37400e-01  2.39500e+03  3.711e-04  2.924e-05  1.112e-14  9.502e-17  7.185e-16  3.230e-14  1.817e-05  5.255e-08  1.820e-07  6.096e-08  1.533e-08  1.912e-08  8.276e-09  1.679e-13  5.886e-06  6.994e-07  2.336e-09  4.010e-10  8.985e-09  4.603e-08  2.807e-10  1.076e-07  8.887e-08  1.068e-10  9.252e-13  4.573e-14  2.718e-12  4.961e-13  4.082e-16  1.793e-08  6.431e-10  1.068e-10  5.992e-13  6.145e-19  1.501e-15  3.955e-11  1.745e-12  2.442e-09  1.240e-09  3.113e-07  1.440e-06  8.104e-01  4.253e-06  5.748e-06  3.557e-06  1.433e-07  1.290e-11  8.998e-09  1.034e-09  1.099e-31  1.093e-12  4.756e-18  2.968e-07  2.731e-06  1.060e-13  8.157e-10
-5.66839e+14  4.04841e+14  -2.87400e+14  7.53526e+14  3.13900e+05  8.30300e+02  3.35600e-01  2.39700e+03  3.710e-04  2.924e-05  1.310e-14  8.795e-17  5.323e-16  3.259e-14  1.826e-05  5.475e-08  1.874e-07  6.357e-08  1.617e-08  1.875e-08  8.275e-09  1.537e-13  5.728e-06  6.912e-07  2.985e-09  5.150e-10  9.005e-09  4.737e-08  2.887e-10  1.062e-07  8.604e-08  1.199e-10  9.014e-13  4.330e-14  3.407e-12  4.940e-13  3.193e-16  1.811e-08  6.250e-10  7.710e-11  6.081e-13  5.608e-19  2.039e-15  3.875e-11  1.731e-12  2.555e-09  1.262e-09  3.422e-07  1.451e-06  8.099e-01  4.424e-06  5.732e-06  3.568e-06  1.437e-07  1.427e-11  8.900e-09  1.274e-09  1.202e-31  1.325e-12  6.182e-18  3.219e-07  2.900e-06  1.194e-13  8.675e-10
-5.81342e+14  4.13172e+14  -2.89961e+14  7.69901e+14  2.86000e+05  8.06200e+02  3.30200e-01  2.39900e+03  3.710e-04  2.923e-05  1.514e-14  8.649e-17  4.858e-16  3.280e-14  1.828e-05  5.696e-08  1.927e-07  6.613e-08  1.701e-08  1.851e-08  8.274e-09  1.407e-13  5.574e-06  6.831e-07  3.647e-09  6.285e-10  9.019e-09  4.869e-08  2.963e-10  1.047e-07  8.328e-08  1.342e-10  9.616e-13  4.493e-14  4.111e-12  5.419e-13  2.971e-16  1.817e-08  6.069e-10  6.438e-11  6.194e-13  5.757e-19  2.640e-15  3.796e-11  1.709e-12  2.670e-09  1.279e-09  3.761e-07  1.463e-06  8.093e-01  4.641e-06  5.715e-06  3.570e-06  1.439e-07  1.554e-11  8.801e-09  1.553e-09  1.432e-31  1.655e-12  8.281e-18  3.482e-07  3.075e-06  1.339e-13  9.226e-10
-5.95536e+14  4.21195e+14  -2.92152e+14  7.85761e+14  2.76500e+05  8.39100e+02  3.24000e-01  2.40000e+03  3.709e-04  2.923e-05  1.828e-14  8.397e-17  6.008e-16  3.317e-14  1.836e-05  5.929e-08  1.989e-07  6.864e-08  1.787e-08  1.896e-08  8.274e-09  1.291e-13  5.422e-06  6.749e-07  3.366e-09  6.030e-10  9.008e-09  4.944e-08  3.035e-10  1.032e-07  8.057e-08  1.482e-10  1.202e-12  5.976e-14  4.589e-12  5.544e-13  3.832e-16  1.818e-08  5.894e-10  8.632e-11  6.311e-13  6.017e-19  2.587e-15  3.720e-11  1.713e-12  2.790e-09  1.294e-09  4.121e-07  1.476e-06  8.088e-01  4.801e-06  5.698e-06  3.566e-06  1.435e-07  1.577e-11  8.703e-09  1.812e-09  1.663e-31  2.054e-12  1.070e-17  3.742e-07  3.253e-06  1.411e-13  9.766e-10
-6.10347e+14  4.29218e+14  -2.95762e+14  8.02637e+14  2.95200e+05  9.71400e+02  3.17200e-01  2.40200e+03  3.708e-04  2.922e-05  1.953e-14  1.305e-16  2.849e-15  3.451e-14  1.861e-05  6.170e-08  2.058e-07  7.113e-08  1.878e-08  2.039e-08  8.275e-09  1.195e-13  5.279e-06  6.664e-07  2.333e-09  4.036e-10  8.939e-09  4.893e-08  3.098e-10  1.018e-07  7.792e-08  1.540e-10  2.878e-12  1.559e-13  3.857e-12  1.263e-12  1.834e-15  1.802e-08  5.748e-10  2.793e-10  6.361e-13  1.583e-18  1.585e-15  3.648e-11  1.858e-12  2.921e-09  1.310e-09  4.476e-07  1.489e-06  8.083e-01  4.709e-06  5.685e-06  3.555e-06  1.421e-07  1.443e-11  8.612e-09  1.882e-09  3.650e-31  2.699e-12  1.273e-17  3.967e-07  3.430e-06  1.340e-13  1.022e-09
-6.26701e+14  4.37549e+14  -3.02643e+14  8.22068e+14  3.32200e+05  1.10300e+03  3.12400e-01  2.40300e+03  3.707e-04  2.921e-05  1.120e-14  8.961e-16  1.566e-14  3.752e-14  1.851e-05  6.381e-08  2.113e-07  7.360e-08  1.980e-08  2.155e-08  8.276e-09  1.122e-13  5.149e-06  6.573e-07  2.642e-09  2.953e-10  8.723e-09  4.612e-08  3.155e-10  1.004e-07  7.533e-08  1.400e-10  9.017e-12  5.175e-13  2.064e-12  6.326e-12  1.601e-14  1.664e-08  5.664e-10  8.076e-10  5.876e-13  8.481e-18  1.027e-15  3.580e-11  2.231e-12  3.070e-09  1.332e-09  4.770e-07  1.503e-06  8.076e-01  4.849e-06  5.680e-06  3.541e-06  1.409e-07  1.345e-11  8.533e-09  1.702e-09  1.364e-30  3.571e-12  1.583e-17  4.129e-07  3.596e-06  1.198e-13  1.049e-09
-6.44598e+14  4.46189e+14  -3.12888e+14  8.44091e+14  3.63000e+05  1.16500e+03  3.10500e-01  2.40500e+03  3.706e-04  2.921e-05  7.224e-15  2.182e-15  3.204e-14  4.143e-14  1.798e-05  6.564e-08  2.164e-07  7.600e-08  2.094e-08  2.207e-08  8.276e-09  1.073e-13  5.034e-06  6.476e-07  3.266e-09  2.732e-10  8.387e-09  4.281e-08  3.207e-10  9.901e-08  7.283e-08  1.223e-10  1.557e-11  9.400e-13  1.340e-12  1.305e-11  4.117e-14  1.454e-08  5.620e-10  1.266e-09  5.196e-13  1.680e-17  9.237e-16  3.515e-11  2.711e-12  3.241e-09  1.358e-09  4.986e-07  1.517e-06  8.069e-01  5.434e-06  5.682e-06  3.525e-06  1.404e-07  1.331e-11  8.465e-09  1.538e-09  2.472e-30  4.096e-12  2.010e-17  4.232e-07  3.751e-06  1.095e-13  1.062e-09
-6.63729e+14  4.55137e+14  -3.25230e+14  8.68022e+14  3.73200e+05  1.17200e+03  3.04700e-01  2.40700e+03  3.705e-04  2.920e-05  6.802e-15  2.458e-15  3.490e-14  4.530e-14  1.780e-05  6.732e-08  2.219e-07  7.833e-08  2.214e-08  2.221e-08  8.275e-09  1.038e-13  4.926e-06  6.376e-07  3.402e-09  2.745e-10  8.051e-09  4.098e-08  3.254e-10  9.761e-08  7.038e-08  1.171e-10  1.718e-11  1.048e-12  1.265e-12  1.429e-11  4.635e-14  1.339e-08  5.573e-10  1.335e-09  4.897e-13  1.719e-17  9.693e-16  3.451e-11  3.176e-12  3.430e-09  1.386e-09  5.191e-07  1.531e-06  8.061e-01  5.804e-06  5.686e-06  3.508e-06  1.402e-07  1.371e-11  8.400e-09  1.545e-09  2.675e-30  4.333e-12  2.272e-17  4.321e-07  3.899e-06  1.084e-13  1.072e-09
-6.82860e+14  4.64394e+14  -3.38807e+14  8.92609e+14  3.65800e+05  1.15000e+03  3.01400e-01  2.40800e+03  3.704e-04  2.919e-05  7.284e-15  1.919e-15  2.765e-14  4.880e-14  1.807e-05  6.892e-08  2.276e-07  8.061e-08  2.336e-08  2.215e-08  8.274e-09  1.003e-13  4.822e-06  6.276e-07  3.183e-09  2.832e-10  7.768e-09  4.029e-08  3.295e-10  9.622e-08  6.801e-08  1.212e-10  1.508e-11  9.061e-13  1.362e-12  1.138e-11  3.446e-14  1.330e-08  5.508e-10  1.151e-09  4.866e-13  1.271e-17  1.064e-15  3.388e-11  3.584e-12  3.627e-09  1.415e-09  5.401e-07  1.545e-06  8.054e-01  5.809e-06  5.687e-06  3.490e-06  1.403e-07  1.439e-11  8.334e-09  1.671e-09  2.246e-30  4.420e-12  2.323e-17  4.419e-07  4.044e-06  1.118e-13  1.083e-09
-7.02300e+14  4.73343e+14  -3.52693e+14  9.17427e+14  3.50100e+05  1.11700e+03  2.98200e-01  2.41000e+03  3.703e-04  2.919e-05  8.233e-15  1.311e-15  1.925e-14  5.186e-14  1.855e-05  7.049e-08  2.333e-07  8.285e-08  2.459e-08  2.200e-08  8.273e-09  9.635e-14  4.723e-06  6.179e-07  2.901e-09  3.018e-10  7.548e-09  4.028e-08  3.332e-10  9.482e-08  6.570e-08  1.308e-10  1.216e-11  7.156e-13  1.554e-12  7.966e-12  2.166e-14  1.374e-08  5.425e-10  9.161e-10  4.991e-13  8.314e-18  1.189e-15  3.327e-11  3.928e-12  3.826e-09  1.443e-09  5.633e-07  1.560e-06  8.047e-01  5.640e-06  5.687e-06  3.471e-06  1.405e-07  1.520e-11  8.266e-09  1.873e-09  1.728e-30  4.460e-12  2.283e-17  4.538e-07  4.185e-06  1.181e-13  1.096e-09
-7.21740e+14  4.82600e+14  -3.66578e+14  9.42439e+14  3.32000e+05  1.08200e+03  2.97700e-01  2.41100e+03  3.702e-04  2.918e-05  9.539e-15  8.689e-16  1.277e-14  5.452e-14  1.906e-05  7.200e-08  2.387e-07  8.507e-08  2.582e-08  2.182e-08  8.272e-09  9.184e-14  4.627e-06  6.083e-07  2.679e-09  3.296e-10  7.369e-09  4.045e-08  3.366e-10  9.345e-08  6.346e-08  1.425e-10  9.562e-12  5.523e-13  1.824e-12  5.335e-12  1.281e-14  1.434e-08  5.327e-10  7.088e-10  5.133e-13  5.201e-18  1.339e-15  3.268e-11  4.208e-12  4.024e-09  1.470e-09  5.871e-07  1.575e-06  8.041e-01  5.431e-06  5.683e-06  3.453e-06  1.406e-07  1.608e-11  8.196e-09  2.106e-09  1.296e-30  4.480e-12  2.220e-17  4.676e-07  4.321e-06  1.246e-13  1.112e-09
-7.40871e+14  4.92166e+14  -3.79538e+14  9.67040e+14  3.13000e+05  1.04600e+03  2.95800e-01  2.41300e+03  3.701e-04  2.917e-05  1.122e-14  5.751e-16  8.150e-15  5.679e-14  1.954e-05  7.348e-08  2.440e-07  8.725e-08  2.703e-08  2.160e-08  8.271e-09  8.691e-14  4.534e-06  5.990e-07  2.557e-09  3.705e-10  7.226e-09  4.091e-08  3.397e-10  9.208e-08  6.129e-08  1.565e-10  7.441e-12  4.244e-13  2.186e-12  3.467e-12  7.240e-15  1.495e-08  5.216e-10  5.363e-10  5.328e-13  3.175e-18  1.537e-15  3.210e-11  4.424e-12  4.218e-09  1.495e-09  6.130e-07  1.590e-06  8.035e-01  5.250e-06  5.678e-06  3.434e-06  1.409e-07  1.704e-11  8.124e-09  2.389e-09  9.700e-31  4.526e-12  2.187e-17  4.835e-07  4.455e-06  1.330e-13  1.130e-09
-7.60311e+14  5.01731e+14  -3.91881e+14  9.91654e+14  2.92800e+05  1.00800e+03  2.95900e-01  2.41500e+03  3.700e-04  2.916e-05  1.327e-14  3.887e-16  4.992e-15  5.867e-14  1.995e-05  7.493e-08  2.490e-07  8.939e-08  2.822e-08  2.134e-08  8.270e-09  8.179e-14  4.444e-06  5.899e-07  2.553e-09  4.263e-10  7.108e-09  4.151e-08  3.425e-10  9.074e-08  5.919e-08  1.720e-10  5.755e-12  3.263e-13  2.649e-12  2.205e-12  3.939e-15  1.548e-08  5.094e-10  3.962e-10  5.511e-13  1.898e-18  1.803e-15  3.154e-11  4.575e-12  4.408e-09  1.518e-09  6.401e-07  1.605e-06  8.029e-01  5.128e-06  5.670e-06  3.414e-06  1.411e-07  1.808e-11  8.050e-09  2.712e-09  7.291e-31  4.615e-12  2.205e-17  5.013e-07  4.588e-06  1.421e-13  1.151e-09
-7.79442e+14  5.11605e+14  -4.02989e+14  1.01571e+15  2.71500e+05  9.69700e+02  2.93900e-01  2.41600e+03  3.699e-04  2.916e-05  1.563e-14  2.763e-16  2.980e-15  6.019e-14  2.026e-05  7.636e-08  2.537e-07  9.147e-08  2.938e-08  2.105e-08  8.269e-09  7.660e-14  4.355e-06  5.811e-07  2.717e-09  5.046e-10  7.021e-09  4.250e-08  3.450e-10  8.940e-08  5.716e-08  1.904e-10  4.528e-12  2.570e-13  3.228e-12  1.423e-12  2.141e-15  1.588e-08  4.962e-10  2.876e-10  5.754e-13  1.161e-18  2.176e-15  3.099e-11  4.661e-12  4.594e-09  1.538e-09  6.703e-07  1.620e-06  8.024e-01  5.085e-06  5.660e-06  3.392e-06  1.414e-07  1.923e-11  7.973e-09  3.110e-09  5.710e-31  4.812e-12  2.319e-17  5.215e-07  4.721e-06  1.544e-13  1.177e-09
-7.98265e+14  5.21788e+14  -4.13172e+14  1.03933e+15  2.49900e+05  9.31100e+02  2.95600e-01  2.41800e+03  3.698e-04  2.915e-05  1.818e-14  2.109e-16  1.779e-15  6.139e-14  2.047e-05  7.776e-08  2.581e-07  9.348e-08  3.050e-08  2.072e-08  8.268e-09  7.152e-14  4.268e-06  5.726e-07  3.055e-09  6.048e-10  6.954e-09  4.358e-08  3.472e-10  8.809e-08  5.520e-08  2.095e-10  3.676e-12  2.091e-13  3.911e-12  9.860e-13  1.230e-15  1.615e-08  4.826e-10  2.071e-10  5.946e-13  7.603e-19  2.685e-15  3.046e-11  4.689e-12  4.774e-09  1.553e-09  7.010e-07  1.635e-06  8.019e-01  5.122e-06  5.648e-06  3.368e-06  1.417e-07  2.049e-11  7.895e-09  3.553e-09  4.731e-31  5.135e-12  2.542e-17  5.435e-07  4.854e-06  1.667e-13  1.207e-09
-8.17396e+14  5.31662e+14  -4.22429e+14  1.06266e+15  2.28600e+05  8.93300e+02  2.95200e-01  2.41900e+03  3.697e-04  2.914e-05  2.076e-14  1.740e-16  1.112e-15  6.232e-14  2.058e-05  7.914e-08  2.621e-07  9.541e-08  3.158e-08  2.037e-08  8.267e-09  6.660e-14  4.181e-06  5.643e-07  3.627e-09  7.372e-10  6.912e-09  4.500e-08  3.492e-10  8.679e-08  5.331e-08  2.310e-10  3.160e-12  1.786e-13  4.693e-12  7.802e-13  7.960e-16  1.629e-08  4.685e-10  1.501e-10  6.184e-13  5.725e-19  3.387e-15  2.993e-11  4.663e-12  4.948e-09  1.564e-09  7.345e-07  1.650e-06  8.015e-01  5.238e-06  5.634e-06  3.342e-06  1.421e-07  2.187e-11  7.814e-09  4.079e-09  4.288e-31  5.650e-12  2.922e-17  5.677e-07  4.989e-06  1.826e-13  1.242e-09
-8.36219e+14  5.41845e+14  -4.31069e+14  1.08567e+15  2.08700e+05  8.57200e+02  2.93100e-01  2.42100e+03  3.696e-04  2.914e-05  2.325e-14  1.541e-16  7.709e-16  6.303e-14  2.061e-05  8.051e-08  2.658e-07  9.726e-08  3.261e-08  2.000e-08  8.266e-09  6.190e-14  4.093e-06  5.564e-07  4.455e-09  9.060e-10  6.891e-09  4.670e-08  3.509e-10  8.550e-08  5.148e-08  2.551e-10  2.903e-12  1.605e-13  5.556e-12  7.226e-13  5.963e-16  1.632e-08  4.544e-10  1.117e-10  6.449e-13  5.062e-19  4.344e-15  2.941e-11  4.592e-12  5.117e-09  1.571e-09  7.717e-07  1.665e-06  8.011e-01  5.424e-06  5.617e-06  3.312e-06  1.424e-07  2.336e-11  7.730e-09  4.704e-09  4.277e-31  6.438e-12  3.517e-17  5.943e-07  5.128e-06  2.018e-13  1.283e-09
-8.54733e+14  5.51719e+14  -4.38783e+14  1.10792e+15  1.90600e+05  8.23500e+02  2.94700e-01  2.42200e+03  3.695e-04  2.913e-05  2.551e-14  1.444e-16  6.133e-16  6.358e-14  2.056e-05  8.186e-08  2.690e-07  9.902e-08  3.360e-08  1.962e-08  8.264e-09  5.750e-14  4.007e-06  5.487e-07  5.489e-09  1.103e-09  6.875e-09  4.827e-08  3.525e-10  8.423e-08  4.971e-08  2.791e-10  2.805e-12  1.493e-13  6.463e-12  7.576e-13  5.031e-16  1.629e-08  4.405e-10  8.677e-11  6.629e-13  5.038e-19  5.590e-15  2.890e-11  4.489e-12  5.282e-09  1.574e-09  8.096e-07  1.679e-06  8.008e-01  5.659e-06  5.599e-06  3.279e-06  1.428e-07  2.493e-11  7.646e-09  5.379e-09  4.587e-31  7.514e-12  4.352e-17  6.224e-07  5.269e-06  2.198e-13  1.327e-09
-8.72938e+14  5.61902e+14  -4.46189e+14  1.12997e+15  1.74500e+05  7.92700e+02  2.92200e-01  2.42400e+03  3.694e-04  2.912e-05  2.745e-14  1.410e-16  5.569e-16  6.401e-14  2.046e-05  8.318e-08  2.719e-07  1.007e-07  3.454e-08  1.925e-08  8.263e-09  5.335e-14  3.920e-06  5.412e-07  6.804e-09  1.345e-09  6.871e-09  5.011e-08  3.539e-10  8.297e-08  4.801e-08  3.055e-10  2.849e-12  1.439e-13  7.404e-12  8.565e-13  4.588e-16  1.622e-08  4.269e-10  7.124e-11  6.871e-13  5.456e-19  7.200e-15  2.840e-11  4.358e-12  5.443e-09  1.573e-09  8.513e-07  1.694e-06  8.005e-01  5.937e-06  5.578e-06  3.244e-06  1.432e-07  2.658e-11  7.559e-09  6.163e-09  5.281e-31  8.973e-12  5.518e-17  6.525e-07  5.412e-06  2.428e-13  1.377e-09
-8.91144e+14  5.71776e+14  -4.53595e+14  1.15187e+15  1.60400e+05  7.65000e+02  2.89800e-01  2.42600e+03  3.693e-04  2.912e-05  2.907e-14  1.421e-16  5.544e-16  6.437e-14  2.031e-05  8.447e-08  2.745e-07  1.023e-07  3.545e-08  1.889e-08  8.262e-09  4.949e-14  3.832e-06  5.339e-07  8.348e-09  1.624e-09  6.872e-09  5.196e-08  3.552e-10  8.172e-08  4.636e-08  3.335e-10  2.975e-12  1.419e-13  8.361e-12  1.005e-12  4.385e-16  1.615e-08  4.138e-10  6.191e-11  7.092e-13  6.139e-19  9.229e-15  2.790e-11  4.210e-12  5.601e-09  1.568e-09  8.962e-07  1.710e-06  8.002e-01  6.246e-06  5.556e-06  3.205e-06  1.435e-07  2.829e-11  7.470e-09  7.048e-09  6.357e-31  1.091e-11  7.107e-17  6.844e-07  5.559e-06  2.669e-13  1.430e-09
-9.09349e+14  5.81650e+14  -4.60383e+14  1.17354e+15  1.48400e+05  7.40800e+02  2.88500e-01  2.42700e+03  3.692e-04  2.911e-05  3.037e-14  1.465e-16  5.794e-16  6.470e-14  2.014e-05  8.574e-08  2.767e-07  1.038e-07  3.633e-08  1.856e-08  8.260e-09  4.590e-14  3.746e-06  5.268e-07  1.006e-08  1.927e-09  6.868e-09  5.366e-08  3.565e-10  8.049e-08  4.476e-08  3.620e-10  3.151e-12  1.421e-13  9.315e-12  1.194e-12  4.330e-16  1.610e-08  4.012e-10  5.668e-11  7.267e-13  6.996e-19  1.168e-14  2.741e-11  4.050e-12  5.756e-09  1.560e-09  9.430e-07  1.725e-06  8.000e-01  6.575e-06  5.532e-06  3.164e-06  1.439e-07  3.000e-11  7.381e-09  8.009e-09  7.835e-31  1.337e-11  9.195e-17  7.176e-07  5.707e-06  2.904e-13  1.486e-09
-9.26938e+14  5.91833e+14  -4.67172e+14  1.19488e+15  1.38500e+05  7.21300e+02  2.83600e-01  2.42900e+03  3.691e-04  2.910e-05  3.144e-14  1.535e-16  6.181e-16  6.502e-14  1.994e-05  8.699e-08  2.788e-07  1.053e-07  3.718e-08  1.828e-08  8.259e-09  4.257e-14  3.660e-06  5.198e-07  1.190e-08  2.250e-09  6.864e-09  5.543e-08  3.576e-10  7.927e-08  4.321e-08  3.928e-10  3.390e-12  1.455e-13  1.026e-11  1.414e-12  4.411e-16  1.607e-08  3.892e-10  5.427e-11  7.490e-13  8.021e-19  1.449e-14  2.692e-11  3.884e-12  5.910e-09  1.549e-09  9.944e-07  1.740e-06  7.997e-01  6.921e-06  5.507e-06  3.121e-06  1.442e-07  3.166e-11  7.290e-09  9.098e-09  9.789e-31  1.645e-11  1.192e-16  7.524e-07  5.858e-06  3.176e-13  1.546e-09
-9.44526e+14  6.01707e+14  -4.73960e+14  1.21607e+15  1.31000e+05  7.08900e+02  2.81600e-01  2.43000e+03  3.690e-04  2.909e-05  3.244e-14  1.627e-16  6.534e-16  6.538e-14  1.973e-05  8.827e-08  2.809e-07  1.067e-07  3.801e-08  1.809e-08  8.258e-09  3.954e-14  3.575e-06  5.129e-07  1.354e-08  2.515e-09  6.844e-09  5.675e-08  3.587e-10  7.806e-08  4.171e-08  4.232e-10  3.632e-12  1.517e-13  1.119e-11  1.625e-12  4.630e-16  1.608e-08  3.779e-10  5.382e-11  7.629e-13  8.952e-19  1.730e-14  2.645e-11  3.720e-12  6.064e-09  1.536e-09  1.047e-06  1.756e-06  7.995e-01  7.276e-06  5.480e-06  3.076e-06  1.443e-07  3.306e-11  7.199e-09  1.023e-08  1.187e-30  2.009e-11  1.531e-16  7.878e-07  6.008e-06  3.384e-13  1.606e-09
-9.61806e+14  6.11581e+14  -4.81057e+14  1.23714e+15  1.26200e+05  7.06200e+02  2.79600e-01  2.43200e+03  3.689e-04  2.909e-05  3.361e-14  1.730e-16  6.710e-16  6.583e-14  1.954e-05  8.963e-08  2.835e-07  1.080e-07  3.883e-08  1.807e-08  8.257e-09  3.682e-14  3.493e-06  5.060e-07  1.463e-08  2.667e-09  6.806e-09  5.764e-08  3.598e-10  7.687e-08  4.026e-08  4.529e-10  3.882e-12  1.624e-13  1.206e-11  1.766e-12  4.985e-16  1.613e-08  3.673e-10  5.487e-11  7.747e-13  9.579e-19  1.949e-14  2.599e-11  3.568e-12  6.219e-09  1.521e-09  1.101e-06  1.772e-06  7.993e-01  7.635e-06  5.454e-06  3.030e-06  1.444e-07  3.399e-11  7.110e-09  1.138e-08  1.361e-30  2.405e-11  1.928e-16  8.234e-07  6.157e-06  3.539e-13  1.667e-09
-9.79394e+14  6.21764e+14  -4.88154e+14  1.25861e+15  1.23900e+05  7.13600e+02  2.76300e-01  2.43400e+03  3.688e-04  2.908e-05  3.526e-14  1.834e-16  6.682e-16  6.642e-14  1.937e-05  9.108e-08  2.868e-07  1.093e-07  3.964e-08  1.821e-08  8.257e-09  3.444e-14  3.413e-06  4.991e-07  1.492e-08  2.682e-09  6.746e-09  5.815e-08  3.607e-10  7.569e-08  3.885e-08  4.818e-10  4.146e-12  1.792e-13  1.288e-11  1.794e-12  5.437e-16  1.619e-08  3.572e-10  5.719e-11  7.871e-13  9.733e-19  2.067e-14  2.556e-11  3.434e-12  6.378e-09  1.506e-09  1.156e-06  1.788e-06  7.991e-01  7.993e-06  5.428e-06  2.982e-06  1.442e-07  3.440e-11  7.022e-09  1.251e-08  1.462e-30  2.795e-11  2.362e-16  8.588e-07  6.305e-06  3.643e-13  1.726e-09
-9.96982e+14  6.31947e+14  -4.96177e+14  1.28044e+15  1.23600e+05  7.27800e+02  2.75900e-01  2.43500e+03  3.687e-04  2.907e-05  3.768e-14  1.922e-16  6.526e-16  6.720e-14  1.924e-05  9.258e-08  2.908e-07  1.105e-07  4.046e-08  1.845e-08  8.257e-09  3.242e-14  3.336e-06  4.921e-07  1.436e-08  2.576e-09  6.658e-09  5.801e-08  3.614e-10  7.453e-08  3.749e-08  5.068e-10  4.393e-12  2.004e-13  1.360e-11  1.727e-12  5.900e-16  1.624e-08  3.477e-10  6.062e-11  7.914e-13  9.373e-19  2.097e-14  2.515e-11  3.330e-12  6.540e-09  1.490e-09  1.208e-06  1.804e-06  7.989e-01  8.340e-06  5.403e-06  2.935e-06  1.440e-07  3.442e-11  6.937e-09  1.352e-08  1.483e-30  3.133e-11  2.792e-16  8.933e-07  6.450e-06  3.648e-13  1.781e-09
-1.01457e+15  6.42438e+14  -5.04508e+14  1.30254e+15  1.24600e+05  7.43300e+02  2.74500e-01  2.43700e+03  3.686e-04  2.906e-05  4.094e-14  1.986e-16  6.376e-16  6.818e-14  1.914e-05  9.402e-08  2.952e-07  1.118e-07  4.129e-08  1.871e-08  8.258e-09  3.075e-14  3.264e-06  4.851e-07  1.341e-08  2.446e-09  6.546e-09  5.751e-08  3.619e-10  7.338e-08  3.617e-08  5.275e-10  4.651e-12  2.243e-13  1.423e-11  1.635e-12  6.312e-16  1.627e-08  3.386e-10  6.476e-11  7.934e-13  8.833e-19  2.096e-14  2.478e-11  3.259e-12  6.708e-09  1.473e-09  1.259e-06  1.821e-06  7.986e-01  8.667e-06  5.379e-06  2.888e-06  1.437e-07  3.436e-11  6.855e-09  1.442e-08  1.484e-30  3.398e-11  3.188e-16  9.267e-07  6.590e-06  3.631e-13  1.833e-09
-1.03278e+15  6.53238e+14  -5.13765e+14  1.32563e+15  1.25800e+05  7.55900e+02  2.72800e-01  2.43800e+03  3.685e-04  2.906e-05  4.477e-14  2.027e-16  6.284e-16  6.938e-14  1.906e-05  9.536e-08  2.995e-07  1.130e-07  4.214e-08  1.892e-08  8.258e-09  2.939e-14  3.194e-06  4.778e-07  1.251e-08  2.343e-09  6.415e-09  5.682e-08  3.621e-10  7.225e-08  3.490e-08  5.444e-10  4.905e-12  2.471e-13  1.475e-11  1.567e-12  6.649e-16  1.625e-08  3.298e-10  6.872e-11  7.918e-13  8.343e-19  2.108e-14  2.442e-11  3.218e-12  6.881e-09  1.456e-09  1.309e-06  1.837e-06  7.984e-01  8.969e-06  5.356e-06  2.842e-06  1.435e-07  3.443e-11  6.776e-09  1.523e-08  1.502e-30  3.606e-11  3.547e-16  9.591e-07  6.726e-06  3.610e-13  1.881e-09
-1.05098e+15  6.64038e+14  -5.23948e+14  1.34909e+15  1.26800e+05  7.63300e+02  2.71800e-01  2.44000e+03  3.683e-04  2.905e-05  4.865e-14  2.052e-16  6.223e-16  7.076e-14  1.899e-05  9.656e-08  3.034e-07  1.141e-07  4.299e-08  1.905e-08  8.258e-09  2.828e-14  3.129e-06  4.705e-07  1.191e-08  2.287e-09  6.271e-09  5.605e-08  3.620e-10  7.114e-08  3.366e-08  5.577e-10  5.127e-12  2.656e-13  1.520e-11  1.539e-12  6.897e-16  1.622e-08  3.213e-10  7.156e-11  7.864e-13  7.987e-19  2.158e-14  2.409e-11  3.202e-12  7.059e-09  1.440e-09  1.356e-06  1.854e-06  7.982e-01  9.248e-06  5.335e-06  2.797e-06  1.434e-07  3.470e-11  6.700e-09  1.596e-08  1.541e-30  3.789e-11  3.886e-16  9.905e-07  6.857e-06  3.590e-13  1.926e-09
-1.06980e+15  6.75455e+14  -5.34748e+14  1.37356e+15  1.26900e+05  7.65100e+02  2.68500e-01  2.44200e+03  3.682e-04  2.904e-05  5.211e-14  2.069e-16  6.170e-16  7.228e-14  1.893e-05  9.763e-08  3.068e-07  1.153e-07  4.385e-08  1.910e-08  8.258e-09  2.733e-14  3.067e-06  4.631e-07  1.176e-08  2.299e-09  6.128e-09  5.557e-08  3.618e-10  7.003e-08  3.246e-08  5.711e-10  5.338e-12  2.795e-13  1.560e-11  1.554e-12  7.056e-16  1.616e-08  3.131e-10  7.281e-11  7.851e-13  7.836e-19  2.260e-14  2.378e-11  3.197e-12  7.241e-09  1.423e-09  1.404e-06  1.871e-06  7.980e-01  9.514e-06  5.314e-06  2.752e-06  1.433e-07  3.521e-11  6.626e-09  1.673e-08  1.614e-30  3.986e-11  4.245e-16  1.022e-06  6.985e-06  3.629e-13  1.968e-09
-1.08832e+15  6.86872e+14  -5.46165e+14  1.39804e+15  1.26100e+05  7.62100e+02  2.67100e-01  2.44300e+03  3.681e-04  2.903e-05  5.489e-14  2.088e-16  6.109e-16  7.389e-14  1.886e-05  9.859e-08  3.098e-07  1.164e-07  4.472e-08  1.908e-08  8.257e-09  2.649e-14  3.007e-06  4.557e-07  1.195e-08  2.358e-09  5.988e-09  5.518e-08  3.614e-10  6.893e-08  3.131e-08  5.844e-10  5.503e-12  2.876e-13  1.598e-11  1.605e-12  7.127e-16  1.611e-08  3.053e-10  7.255e-11  7.821e-13  7.806e-19  2.415e-14  2.348e-11  3.194e-12  7.426e-09  1.405e-09  1.450e-06  1.889e-06  7.978e-01  9.775e-06  5.293e-06  2.709e-06  1.433e-07  3.594e-11  6.553e-09  1.754e-08  1.706e-30  4.219e-11  4.648e-16  1.052e-06  7.108e-06  3.670e-13  2.007e-09
-1.10745e+15  6.98289e+14  -5.58199e+14  1.42325e+15  1.24200e+05  7.55100e+02  2.66400e-01  2.44500e+03  3.680e-04  2.902e-05  5.694e-14  2.113e-16  6.052e-16  7.557e-14  1.878e-05  9.945e-08  3.124e-07  1.175e-07  4.557e-08  1.900e-08  8.256e-09  2.573e-14  2.951e-06  4.482e-07  1.246e-08  2.466e-09  5.857e-09  5.498e-08  3.610e-10  6.785e-08  3.019e-08  5.982e-10  5.642e-12  2.912e-13  1.636e-11  1.690e-12  7.132e-16  1.606e-08  2.978e-10  7.123e-11  7.803e-13  7.911e-19  2.629e-14  2.319e-11  3.185e-12  7.612e-09  1.388e-09  1.496e-06  1.906e-06  7.976e-01  1.004e-05  5.273e-06  2.667e-06  1.434e-07  3.684e-11  6.482e-09  1.841e-08  1.825e-30  4.499e-11  5.113e-16  1.083e-06  7.227e-06  3.733e-13  2.045e-09
-1.12627e+15  7.09706e+14  -5.70233e+14  1.44822e+15  1.21500e+05  7.45100e+02  2.61700e-01  2.44600e+03  3.679e-04  2.902e-05  5.830e-14  2.150e-16  6.046e-16  7.729e-14  1.867e-05  1.002e-07  3.145e-07  1.185e-07  4.642e-08  1.887e-08  8.256e-09  2.497e-14  2.895e-06  4.408e-07  1.337e-08  2.646e-09  5.745e-09  5.532e-08  3.603e-10  6.677e-08  2.910e-08  6.167e-10  5.827e-12  2.937e-13  1.677e-11  1.816e-12  7.119e-16  1.600e-08  2.905e-10  6.944e-11  7.887e-13  8.241e-19  2.915e-14  2.291e-11  3.162e-12  7.799e-09  1.370e-09  1.545e-06  1.924e-06  7.973e-01  1.031e-05  5.252e-06  2.625e-06  1.436e-07  3.793e-11  6.411e-09  1.949e-08  2.002e-30  4.855e-11  5.688e-16  1.114e-06  7.345e-06  3.891e-13  2.084e-09
-1.14540e+15  7.21431e+14  -5.82576e+14  1.47371e+15  1.17900e+05  7.33000e+02  2.57800e-01  2.44800e+03  3.677e-04  2.901e-05  5.908e-14  2.201e-16  6.110e-16  7.905e-14  1.855e-05  1.009e-07  3.162e-07  1.195e-07  4.726e-08  1.870e-08  8.255e-09  2.421e-14  2.840e-06  4.334e-07  1.459e-08  2.876e-09  5.651e-09  5.592e-08  3.596e-10  6.570e-08  2.805e-08  6.393e-10  6.026e-12  2.947e-13  1.721e-11  1.986e-12  7.118e-16  1.593e-08  2.835e-10  6.760e-11  7.998e-13  8.732e-19  3.279e-14  2.262e-11  3.123e-12  7.985e-09  1.352e-09  1.598e-06  1.942e-06  7.971e-01  1.061e-05  5.230e-06  2.583e-06  1.437e-07  3.917e-11  6.340e-09  2.079e-08  2.237e-30  5.314e-11  6.409e-16  1.147e-06  7.462e-06  4.072e-13  2.125e-09
-1.16423e+15  7.32848e+14  -5.94919e+14  1.49881e+15  1.13700e+05  7.19300e+02  2.55700e-01  2.45000e+03  3.676e-04  2.900e-05  5.939e-14  2.269e-16  6.246e-16  8.084e-14  1.840e-05  1.015e-07  3.176e-07  1.205e-07  4.807e-08  1.849e-08  8.253e-09  2.343e-14  2.786e-06  4.262e-07  1.611e-08  3.154e-09  5.570e-09  5.664e-08  3.589e-10  6.464e-08  2.704e-08  6.645e-10  6.233e-12  2.945e-13  1.770e-11  2.206e-12  7.145e-16  1.587e-08  2.768e-10  6.599e-11  8.113e-13  9.382e-19  3.734e-14  2.235e-11  3.069e-12  8.169e-09  1.333e-09  1.652e-06  1.961e-06  7.970e-01  1.091e-05  5.207e-06  2.542e-06  1.439e-07  4.055e-11  6.269e-09  2.226e-08  2.544e-30  5.888e-11  7.295e-16  1.180e-06  7.577e-06  4.260e-13  2.166e-09
-1.18305e+15  7.43957e+14  -6.07261e+14  1.52376e+15  1.09000e+05  7.04200e+02  2.50900e-01  2.45100e+03  3.675e-04  2.899e-05  5.928e-14  2.357e-16  6.477e-16  8.267e-14  1.823e-05  1.021e-07  3.184e-07  1.213e-07  4.885e-08  1.826e-08  8.252e-09  2.261e-14  2.733e-06  4.190e-07  1.804e-08  3.515e-09  5.507e-09  5.778e-08  3.581e-10  6.359e-08  2.606e-08  6.948e-10  6.508e-12  2.948e-13  1.824e-11  2.494e-12  7.242e-16  1.581e-08  2.703e-10  6.478e-11  8.306e-13  1.032e-18  4.305e-14  2.206e-11  2.997e-12  8.352e-09  1.313e-09  1.712e-06  1.980e-06  7.968e-01  1.124e-05  5.182e-06  2.500e-06  1.442e-07  4.209e-11  6.196e-09  2.401e-08  2.978e-30  6.606e-11  8.401e-16  1.214e-06  7.692e-06  4.531e-13  2.211e-09
-1.20187e+15  7.55374e+14  -6.19604e+14  1.54887e+15  1.04000e+05  6.88200e+02  2.50800e-01  2.45300e+03  3.673e-04  2.898e-05  5.884e-14  2.466e-16  6.783e-16  8.455e-14  1.803e-05  1.026e-07  3.189e-07  1.222e-07  4.962e-08  1.800e-08  8.251e-09  2.178e-14  2.680e-06  4.121e-07  2.024e-08  3.915e-09  5.452e-09  5.882e-08  3.573e-10  6.255e-08  2.512e-08  7.260e-10  6.765e-12  2.937e-13  1.882e-11  2.858e-12  7.430e-16  1.576e-08  2.642e-10  6.403e-11  8.450e-13  1.143e-18  5.003e-14  2.178e-11  2.912e-12  8.532e-09  1.293e-09  1.771e-06  1.999e-06  7.966e-01  1.157e-05  5.157e-06  2.459e-06  1.444e-07  4.376e-11  6.124e-09  2.591e-08  3.534e-30  7.487e-11  9.741e-16  1.250e-06  7.806e-06  4.757e-13  2.257e-09
-1.22069e+15  7.66174e+14  -6.31947e+14  1.57368e+15  9.88300e+04  6.71800e+02  2.47800e-01  2.45400e+03  3.672e-04  2.897e-05  5.810e-14  2.601e-16  7.177e-16  8.647e-14  1.782e-05  1.030e-07  3.189e-07  1.230e-07  5.035e-08  1.771e-08  8.249e-09  2.092e-14  2.627e-06  4.052e-07  2.288e-08  4.411e-09  5.410e-09  6.023e-08  3.564e-10  6.152e-08  2.421e-08  7.608e-10  7.101e-12  2.938e-13  1.943e-11  3.322e-12  7.773e-16  1.573e-08  2.584e-10  6.378e-11  8.665e-13  1.292e-18  5.858e-14  2.150e-11  2.814e-12  8.709e-09  1.272e-09  1.835e-06  2.018e-06  7.964e-01  1.192e-05  5.130e-06  2.418e-06  1.447e-07  4.558e-11  6.050e-09  2.809e-08  4.313e-30  8.557e-11  1.138e-15  1.286e-06  7.919e-06  5.072e-13  2.305e-09
-1.23952e+15  7.76974e+14  -6.43981e+14  1.59837e+15  9.36400e+04  6.55100e+02  2.43900e-01  2.45600e+03  3.671e-04  2.896e-05  5.713e-14  2.766e-16  7.665e-16  8.843e-14  1.758e-05  1.033e-07  3.183e-07  1.237e-07  5.105e-08  1.741e-08  8.247e-09  2.004e-14  2.574e-06  3.986e-07  2.597e-08  4.999e-09  5.381e-09  6.191e-08  3.555e-10  6.050e-08  2.333e-08  7.999e-10  7.501e-12  2.951e-13  2.009e-11  3.913e-12  8.345e-16  1.570e-08  2.529e-10  6.402e-11  8.923e-13  1.484e-18  6.899e-14  2.121e-11  2.705e-12  8.883e-09  1.251e-09  1.904e-06  2.038e-06  7.963e-01  1.228e-05  5.102e-06  2.376e-06  1.450e-07  4.754e-11  5.976e-09  3.059e-08  5.389e-30  9.869e-11  1.338e-15  1.324e-06  8.034e-06  5.444e-13  2.357e-09
-1.25834e+15  7.87465e+14  -6.55706e+14  1.62280e+15  8.85200e+04  6.38700e+02  2.41000e-01  2.45800e+03  3.669e-04  2.895e-05  5.596e-14  2.966e-16  8.235e-16  9.047e-14  1.733e-05  1.036e-07  3.173e-07  1.243e-07  5.172e-08  1.710e-08  8.246e-09  1.913e-14  2.521e-06  3.921e-07  2.947e-08  5.666e-09  5.361e-09  6.369e-08  3.545e-10  5.949e-08  2.249e-08  8.422e-10  7.937e-12  2.971e-13  2.080e-11  4.655e-12  9.223e-16  1.568e-08  2.477e-10  6.466e-11  9.191e-13  1.722e-18  8.153e-14  2.092e-11  2.588e-12  9.053e-09  1.229e-09  1.977e-06  2.058e-06  7.961e-01  1.264e-05  5.072e-06  2.334e-06  1.453e-07  4.962e-11  5.901e-09  3.340e-08  6.843e-30  1.147e-10  1.584e-15  1.363e-06  8.148e-06  5.833e-13  2.412e-09
-1.27685e+15  7.97956e+14  -6.67123e+14  1.64686e+15  8.35900e+04  6.22800e+02  2.38400e-01  2.45900e+03  3.668e-04  2.894e-05  5.466e-14  3.209e-16  8.873e-16  9.258e-14  1.706e-05  1.038e-07  3.157e-07  1.250e-07  5.236e-08  1.678e-08  8.244e-09  1.823e-14  2.468e-06  3.857e-07  3.336e-08  6.415e-09  5.347e-09  6.558e-08  3.536e-10  5.848e-08  2.168e-08  8.874e-10  8.418e-12  3.003e-13  2.154e-11  5.578e-12  1.051e-15  1.568e-08  2.428e-10  6.564e-11  9.479e-13  2.015e-18  9.641e-14  2.063e-11  2.467e-12  9.220e-09  1.206e-09  2.053e-06  2.079e-06  7.960e-01  1.301e-05  5.042e-06  2.292e-06  1.456e-07  5.179e-11  5.826e-09  3.651e-08  8.801e-30  1.340e-10  1.881e-15  1.404e-06  8.262e-06  6.251e-13  2.470e-09
-1.29537e+15  8.08139e+14  -6.78232e+14  1.67065e+15  7.89500e+04  6.07700e+02  2.36600e-01  2.46100e+03  3.666e-04  2.893e-05  5.325e-14  3.500e-16  9.556e-16  9.477e-14  1.678e-05  1.039e-07  3.137e-07  1.255e-07  5.298e-08  1.646e-08  8.242e-09  1.733e-14  2.416e-06  3.796e-07  3.760e-08  7.230e-09  5.337e-09  6.749e-08  3.526e-10  5.749e-08  2.090e-08  9.345e-10  8.931e-12  3.045e-13  2.231e-11  6.703e-12  1.233e-15  1.570e-08  2.384e-10  6.686e-11  9.774e-13  2.367e-18  1.137e-13  2.033e-11  2.342e-12  9.384e-09  1.184e-09  2.132e-06  2.100e-06  7.959e-01  1.339e-05  5.010e-06  2.250e-06  1.459e-07  5.403e-11  5.750e-09  3.991e-08  1.138e-29  1.570e-10  2.236e-15  1.445e-06  8.375e-06  6.678e-13  2.529e-09
-1.31388e+15  8.18013e+14  -6.89032e+14  1.69416e+15  7.46700e+04  5.93800e+02  2.33300e-01  2.46200e+03  3.665e-04  2.892e-05  5.178e-14  3.848e-16  1.027e-15  9.706e-14  1.649e-05  1.039e-07  3.112e-07  1.260e-07  5.356e-08  1.616e-08  8.240e-09  1.644e-14  2.363e-06  3.736e-07  4.217e-08  8.125e-09  5.332e-09  6.956e-08  3.517e-10  5.651e-08  2.015e-08  9.846e-10  9.512e-12  3.108e-13  2.313e-11  8.054e-12  1.483e-15  1.573e-08  2.343e-10  6.826e-11  1.011e-12  2.794e-18  1.335e-13  2.003e-11  2.218e-12  9.545e-09  1.161e-09  2.216e-06  2.121e-06  7.957e-01  1.377e-05  4.977e-06  2.208e-06  1.462e-07  5.629e-11  5.673e-09  4.367e-08  1.478e-29  1.842e-10  2.661e-15  1.487e-06  8.488e-06  7.164e-13  2.591e-09
-1.33240e+15  8.27887e+14  -6.99523e+14  1.71756e+15  7.08100e+04  5.81400e+02  2.31700e-01  2.46400e+03  3.663e-04  2.891e-05  5.028e-14  4.261e-16  1.097e-15  9.946e-14  1.619e-05  1.039e-07  3.084e-07  1.265e-07  5.412e-08  1.587e-08  8.238e-09  1.558e-14  2.311e-06  3.677e-07  4.694e-08  9.038e-09  5.326e-09  7.152e-08  3.507e-10  5.554e-08  1.943e-08  1.036e-09  1.009e-11  3.181e-13  2.397e-11  9.635e-12  1.813e-15  1.577e-08  2.305e-10  6.974e-11  1.045e-12  3.282e-18  1.553e-13  1.974e-11  2.095e-12  9.703e-09  1.137e-09  2.302e-06  2.142e-06  7.956e-01  1.414e-05  4.943e-06  2.166e-06  1.465e-07  5.850e-11  5.597e-09  4.772e-08  1.905e-29  2.160e-10  3.162e-15  1.530e-06  8.600e-06  7.615e-13  2.655e-09
-1.35060e+15  8.37761e+14  -7.09706e+14  1.74059e+15  6.74400e+04  5.71000e+02  2.30900e-01  2.46500e+03  3.662e-04  2.890e-05  4.878e-14  4.745e-16  1.160e-15  1.020e-13  1.590e-05  1.040e-07  3.055e-07  1.269e-07  5.466e-08  1.562e-08  8.236e-09  1.476e-14  2.261e-06  3.620e-07  5.176e-08  9.929e-09  5.319e-09  7.331e-08  3.498e-10  5.459e-08  1.874e-08  1.088e-09  1.066e-11  3.269e-13  2.484e-11  1.142e-11  2.230e-15  1.584e-08  2.272e-10  7.121e-11  1.079e-12  3.827e-18  1.784e-13  1.944e-11  1.976e-12  9.859e-09  1.114e-09  2.388e-06  2.163e-06  7.955e-01  1.452e-05  4.909e-06  2.125e-06  1.468e-07  6.058e-11  5.522e-09  5.198e-08  2.419e-29  2.526e-10  3.746e-15  1.574e-06  8.711e-06  8.028e-13  2.719e-09
-1.36881e+15  8.47327e+14  -7.19580e+14  1.76335e+15  6.46000e+04  5.63000e+02  2.27700e-01  2.46700e+03  3.660e-04  2.889e-05  4.730e-14  5.306e-16  1.211e-15  1.047e-13  1.560e-05  1.040e-07  3.025e-07  1.273e-07  5.518e-08  1.542e-08  8.234e-09  1.399e-14  2.211e-06  3.563e-07  5.659e-08  1.080e-08  5.311e-09  7.516e-08  3.488e-10  5.364e-08  1.808e-08  1.142e-09  1.130e-11  3.387e-13  2.573e-11  1.334e-11  2.741e-15  1.592e-08  2.242e-10  7.263e-11  1.119e-12  4.440e-18  2.013e-13  1.915e-11  1.861e-12  1.001e-08  1.091e-09  2.479e-06  2.185e-06  7.954e-01  1.490e-05  4.874e-06  2.084e-06  1.470e-07  6.243e-11  5.447e-09  5.657e-08  3.031e-29  2.940e-10  4.424e-15  1.618e-06  8.820e-06  8.496e-13  2.785e-09
-1.38732e+15  8.56893e+14  -7.29146e+14  1.78622e+15  6.23000e+04  5.57800e+02  2.24300e-01  2.46900e+03  3.659e-04  2.888e-05  4.584e-14  5.950e-16  1.246e-15  1.075e-13  1.531e-05  1.041e-07  2.996e-07  1.276e-07  5.569e-08  1.527e-08  8.232e-09  1.327e-14  2.161e-06  3.508e-07  6.123e-08  1.157e-08  5.301e-09  7.691e-08  3.478e-10  5.270e-08  1.744e-08  1.199e-09  1.193e-11  3.529e-13  2.664e-11  1.532e-11  3.333e-15  1.601e-08  2.216e-10  7.394e-11  1.163e-12  5.086e-18  2.228e-13  1.886e-11  1.752e-12  1.017e-08  1.068e-09  2.574e-06  2.207e-06  7.953e-01  1.529e-05  4.839e-06  2.043e-06  1.471e-07  6.396e-11  5.371e-09  6.149e-08  3.712e-29  3.407e-10  5.208e-15  1.662e-06  8.928e-06  8.936e-13  2.852e-09
-1.40553e+15  8.66458e+14  -7.39020e+14  1.80898e+15  6.05200e+04  5.55200e+02  2.23200e-01  2.47000e+03  3.657e-04  2.887e-05  4.444e-14  6.670e-16  1.261e-15  1.106e-13  1.503e-05  1.044e-07  2.970e-07  1.280e-07  5.618e-08  1.519e-08  8.231e-09  1.261e-14  2.114e-06  3.453e-07  6.546e-08  1.216e-08  5.284e-09  7.825e-08  3.469e-10  5.178e-08  1.683e-08  1.255e-09  1.247e-11  3.687e-13  2.757e-11  1.722e-11  3.974e-15  1.612e-08  2.193e-10  7.507e-11  1.206e-12  5.705e-18  2.415e-13  1.858e-11  1.650e-12  1.032e-08  1.044e-09  2.669e-06  2.230e-06  7.952e-01  1.568e-05  4.803e-06  2.003e-06  1.472e-07  6.510e-11  5.298e-09  6.655e-08  4.399e-29  3.922e-10  6.098e-15  1.706e-06  9.034e-06  9.239e-13  2.919e-09
-1.42404e+15  8.76024e+14  -7.48585e+14  1.83185e+15  5.92000e+04  5.55000e+02  2.20500e-01  2.47200e+03  3.656e-04  2.886e-05  4.311e-14  7.461e-16  1.260e-15  1.139e-13  1.476e-05  1.048e-07  2.947e-07  1.282e-07  5.665e-08  1.517e-08  8.231e-09  1.202e-14  2.067e-06  3.399e-07  6.918e-08  1.260e-08  5.262e-09  7.945e-08  3.460e-10  5.087e-08  1.625e-08  1.312e-09  1.303e-11  3.870e-13  2.850e-11  1.894e-11  4.630e-15  1.623e-08  2.174e-10  7.604e-11  1.256e-12  6.294e-18  2.569e-13  1.831e-11  1.555e-12  1.047e-08  1.021e-09  2.767e-06  2.253e-06  7.951e-01  1.607e-05  4.768e-06  1.964e-06  1.472e-07  6.593e-11  5.225e-09  7.182e-08  5.081e-29  4.480e-10  7.098e-15  1.751e-06  9.137e-06  9.545e-13  2.985e-09
-1.44255e+15  8.85898e+14  -7.58460e+14  1.85500e+15  5.82400e+04  5.56200e+02  2.18300e-01  2.47300e+03  3.654e-04  2.885e-05  4.185e-14  8.305e-16  1.246e-15  1.175e-13  1.450e-05  1.054e-07  2.930e-07  1.285e-07  5.712e-08  1.519e-08  8.230e-09  1.151e-14  2.022e-06  3.345e-07  7.234e-08  1.289e-08  5.234e-09  8.040e-08  3.450e-10  4.997e-08  1.569e-08  1.369e-09  1.354e-11  4.067e-13  2.944e-11  2.040e-11  5.261e-15  1.635e-08  2.159e-10  7.686e-11  1.309e-12  6.798e-18  2.698e-13  1.805e-11  1.468e-12  1.063e-08  9.986e-10  2.866e-06  2.276e-06  7.950e-01  1.647e-05  4.733e-06  1.925e-06  1.472e-07  6.650e-11  5.153e-09  7.723e-08  5.711e-29  5.076e-10  8.205e-15  1.795e-06  9.239e-06  9.784e-13  3.051e-09
-1.46138e+15  8.95772e+14  -7.68951e+14  1.87865e+15  5.75500e+04  5.58100e+02  2.15400e-01  2.47500e+03  3.652e-04  2.883e-05  4.067e-14  9.184e-16  1.226e-15  1.214e-13  1.425e-05  1.060e-07  2.918e-07  1.287e-07  5.758e-08  1.523e-08  8.230e-09  1.106e-14  1.978e-06  3.291e-07  7.496e-08  1.309e-08  5.202e-09  8.120e-08  3.440e-10  4.908e-08  1.515e-08  1.426e-09  1.406e-11  4.276e-13  3.038e-11  2.158e-11  5.838e-15  1.647e-08  2.146e-10  7.756e-11  1.365e-12  7.210e-18  2.816e-13  1.780e-11  1.389e-12  1.078e-08  9.759e-10  2.968e-06  2.300e-06  7.949e-01  1.688e-05  4.698e-06  1.887e-06  1.471e-07  6.696e-11  5.083e-09  8.281e-08  6.288e-29  5.702e-10  9.416e-15  1.839e-06  9.338e-06  1.001e-12  3.117e-09
-1.48020e+15  9.05646e+14  -7.79442e+14  1.90229e+15  5.70200e+04  5.59900e+02  2.14000e-01  2.47700e+03  3.651e-04  2.882e-05  3.957e-14  1.007e-15  1.205e-15  1.256e-13  1.401e-05  1.066e-07  2.910e-07  1.290e-07  5.803e-08  1.527e-08  8.229e-09  1.067e-14  1.936e-06  3.238e-07  7.707e-08  1.322e-08  5.164e-09  8.169e-08  3.430e-10  4.820e-08  1.463e-08  1.480e-09  1.451e-11  4.478e-13  3.131e-11  2.253e-11  6.344e-15  1.658e-08  2.136e-10  7.819e-11  1.421e-12  7.502e-18  2.935e-13  1.756e-11  1.318e-12  1.094e-08  9.537e-10  3.069e-06  2.325e-06  7.948e-01  1.729e-05  4.663e-06  1.850e-06  1.471e-07  6.741e-11  5.014e-09  8.843e-08  6.798e-29  6.352e-10  1.072e-14  1.883e-06  9.435e-06  1.015e-12  3.181e-09
-1.49933e+15  9.15829e+14  -7.90551e+14  1.92658e+15  5.65600e+04  5.60800e+02  2.11100e-01  2.47800e+03  3.649e-04  2.881e-05  3.853e-14  1.096e-15  1.188e-15  1.302e-13  1.378e-05  1.072e-07  2.904e-07  1.292e-07  5.847e-08  1.530e-08  8.228e-09  1.034e-14  1.896e-06  3.185e-07  7.887e-08  1.339e-08  5.124e-09  8.217e-08  3.418e-10  4.733e-08  1.413e-08  1.533e-09  1.501e-11  4.678e-13  3.225e-11  2.335e-11  6.794e-15  1.666e-08  2.128e-10  7.877e-11  1.479e-12  7.737e-18  3.072e-13  1.733e-11  1.253e-12  1.109e-08  9.317e-10  3.173e-06  2.349e-06  7.947e-01  1.770e-05  4.628e-06  1.814e-06  1.471e-07  6.796e-11  4.946e-09  9.422e-08  7.310e-29  7.021e-10  1.211e-14  1.926e-06  9.529e-06  1.034e-12  3.244e-09
-1.51846e+15  9.26012e+14  -8.01659e+14  1.95087e+15  5.60800e+04  5.60600e+02  2.09500e-01  2.48000e+03  3.647e-04  2.880e-05  3.756e-14  1.183e-15  1.176e-15  1.350e-13  1.356e-05  1.077e-07  2.899e-07  1.294e-07  5.890e-08  1.530e-08  8.228e-09  1.005e-14  1.856e-06  3.131e-07  8.051e-08  1.359e-08  5.082e-09  8.253e-08  3.407e-10  4.647e-08  1.365e-08  1.584e-09  1.548e-11  4.860e-13  3.318e-11  2.416e-11  7.211e-15  1.673e-08  2.121e-10  7.934e-11  1.535e-12  7.914e-18  3.238e-13  1.712e-11  1.195e-12  1.125e-08  9.101e-10  3.278e-06  2.374e-06  7.947e-01  1.811e-05  4.594e-06  1.779e-06  1.471e-07  6.866e-11  4.880e-09  1.001e-07  7.834e-29  7.707e-10  1.359e-14  1.970e-06  9.621e-06  1.050e-12  3.307e-09
-1.53790e+15  9.36503e+14  -8.13693e+14  1.97592e+15  5.55200e+04  5.59100e+02  2.07000e-01  2.48100e+03  3.645e-04  2.879e-05  3.662e-14  1.268e-15  1.170e-15  1.402e-13  1.334e-05  1.081e-07  2.894e-07  1.295e-07  5.932e-08  1.527e-08  8.227e-09  9.800e-15  1.818e-06  3.078e-07  8.217e-08  1.388e-08  5.040e-09  8.295e-08  3.394e-10  4.562e-08  1.319e-08  1.634e-09  1.600e-11  5.029e-13  3.411e-11  2.505e-11  7.636e-15  1.677e-08  2.115e-10  7.991e-11  1.591e-12  8.097e-18  3.440e-13  1.691e-11  1.140e-12  1.141e-08  8.888e-10  3.384e-06  2.400e-06  7.946e-01  1.853e-05  4.560e-06  1.745e-06  1.471e-07  6.954e-11  4.814e-09  1.062e-07  8.441e-29  8.413e-10  1.516e-14  2.013e-06  9.711e-06  1.071e-12  3.369e-09
-1.55765e+15  9.46994e+14  -8.25727e+14  2.00122e+15  5.48400e+04  5.56400e+02  2.03100e-01  2.48300e+03  3.643e-04  2.877e-05  3.570e-14  1.351e-15  1.171e-15  1.456e-13  1.312e-05  1.084e-07  2.886e-07  1.297e-07  5.974e-08  1.521e-08  8.226e-09  9.564e-15  1.781e-06  3.025e-07  8.404e-08  1.431e-08  5.002e-09  8.360e-08  3.379e-10  4.477e-08  1.274e-08  1.684e-09  1.660e-11  5.193e-13  3.506e-11  2.611e-11  8.114e-15  1.677e-08  2.108e-10  8.050e-11  1.647e-12  8.334e-18  3.684e-13  1.671e-11  1.089e-12  1.157e-08  8.678e-10  3.494e-06  2.426e-06  7.945e-01  1.896e-05  4.526e-06  1.711e-06  1.472e-07  7.061e-11  4.750e-09  1.126e-07  9.197e-29  9.148e-10  1.685e-14  2.056e-06  9.799e-06  1.101e-12  3.430e-09
-1.57740e+15  9.57794e+14  -8.38070e+14  2.02680e+15  5.40300e+04  5.52700e+02  2.02700e-01  2.48500e+03  3.641e-04  2.876e-05  3.479e-14  1.433e-15  1.176e-15  1.514e-13  1.290e-05  1.086e-07  2.875e-07  1.298e-07  6.014e-08  1.512e-08  8.224e-09  9.346e-15  1.745e-06  2.973e-07  8.608e-08  1.478e-08  4.964e-09  8.406e-08  3.365e-10  4.394e-08  1.232e-08  1.731e-09  1.710e-11  5.329e-13  3.600e-11  2.741e-11  8.667e-15  1.674e-08  2.100e-10  8.111e-11  1.698e-12  8.568e-18  3.973e-13  1.651e-11  1.041e-12  1.173e-08  8.472e-10  3.604e-06  2.453e-06  7.944e-01  1.938e-05  4.492e-06  1.678e-06  1.472e-07  7.184e-11  4.686e-09  1.191e-07  1.005e-28  9.920e-10  1.864e-14  2.099e-06  9.885e-06  1.119e-12  3.491e-09
-1.59715e+15  9.68903e+14  -8.51030e+14  2.05278e+15  5.30900e+04  5.48000e+02  2.01100e-01  2.48600e+03  3.639e-04  2.875e-05  3.389e-14  1.515e-15  1.186e-15  1.574e-13  1.268e-05  1.087e-07  2.861e-07  1.300e-07  6.053e-08  1.500e-08  8.223e-09  9.137e-15  1.710e-06  2.921e-07  8.843e-08  1.536e-08  4.930e-09  8.469e-08  3.349e-10  4.312e-08  1.191e-08  1.777e-09  1.769e-11  5.459e-13  3.694e-11  2.898e-11  9.335e-15  1.668e-08  2.093e-10  8.172e-11  1.749e-12  8.890e-18  4.308e-13  1.632e-11  9.952e-13  1.189e-08  8.271e-10  3.714e-06  2.480e-06  7.943e-01  1.980e-05  4.459e-06  1.646e-06  1.474e-07  7.323e-11  4.624e-09  1.260e-07  1.111e-28  1.073e-09  2.056e-14  2.142e-06  9.968e-06  1.147e-12  3.551e-09
-1.61720e+15  9.80011e+14  -8.63681e+14  2.07887e+15  5.20200e+04  5.42700e+02  1.98300e-01  2.48800e+03  3.637e-04  2.874e-05  3.298e-14  1.598e-15  1.199e-15  1.637e-13  1.246e-05  1.086e-07  2.843e-07  1.301e-07  6.092e-08  1.486e-08  8.221e-09  8.928e-15  1.676e-06  2.869e-07  9.115e-08  1.608e-08  4.901e-09  8.560e-08  3.332e-10  4.231e-08  1.151e-08  1.824e-09  1.838e-11  5.589e-13  3.791e-11  3.085e-11  1.016e-14  1.659e-08  2.083e-10  8.237e-11  1.801e-12  9.314e-18  4.694e-13  1.614e-11  9.499e-13  1.205e-08  8.073e-10  3.827e-06  2.507e-06  7.942e-01  2.022e-05  4.425e-06  1.615e-06  1.475e-07  7.478e-11  4.563e-09  1.333e-07  1.244e-28  1.160e-09  2.265e-14  2.185e-06  1.005e-05  1.185e-12  3.611e-09
-1.63695e+15  9.91120e+14  -8.76950e+14  2.10499e+15  5.08400e+04  5.36700e+02  1.96600e-01  2.48900e+03  3.635e-04  2.872e-05  3.206e-14  1.683e-15  1.217e-15  1.701e-13  1.223e-05  1.084e-07  2.820e-07  1.302e-07  6.129e-08  1.470e-08  8.220e-09  8.717e-15  1.642e-06  2.818e-07  9.423e-08  1.689e-08  4.876e-09  8.657e-08  3.315e-10  4.151e-08  1.114e-08  1.871e-09  1.908e-11  5.712e-13  3.888e-11  3.307e-11  1.117e-14  1.648e-08  2.073e-10  8.304e-11  1.852e-12  9.807e-18  5.137e-13  1.596e-11  9.055e-13  1.221e-08  7.878e-10  3.941e-06  2.535e-06  7.941e-01  2.064e-05  4.391e-06  1.584e-06  1.477e-07  7.646e-11  4.502e-09  1.410e-07  1.403e-28  1.254e-09  2.491e-14  2.229e-06  1.013e-05  1.221e-12  3.672e-09
-1.65732e+15  1.00223e+15  -8.90218e+14  2.13158e+15  4.95800e+04  5.30400e+02  1.92900e-01  2.49100e+03  3.633e-04  2.871e-05  3.113e-14  1.771e-15  1.237e-15  1.768e-13  1.199e-05  1.081e-07  2.792e-07  1.302e-07  6.165e-08  1.452e-08  8.218e-09  8.499e-15  1.609e-06  2.768e-07  9.773e-08  1.784e-08  4.857e-09  8.786e-08  3.296e-10  4.071e-08  1.077e-08  1.920e-09  1.992e-11  5.846e-13  3.988e-11  3.565e-11  1.241e-14  1.632e-08  2.060e-10  8.374e-11  1.905e-12  1.043e-17  5.639e-13  1.577e-11  8.612e-13  1.237e-08  7.686e-10  4.060e-06  2.563e-06  7.941e-01  2.107e-05  4.356e-06  1.554e-06  1.478e-07  7.829e-11  4.441e-09  1.493e-07  1.602e-28  1.357e-09  2.740e-14  2.272e-06  1.021e-05  1.272e-12  3.733e-09
-1.67737e+15  1.01365e+15  -9.03486e+14  2.15809e+15  4.82700e+04  5.23700e+02  1.91300e-01  2.49300e+03  3.631e-04  2.869e-05  3.019e-14  1.865e-15  1.260e-15  1.837e-13  1.176e-05  1.077e-07  2.760e-07  1.303e-07  6.199e-08  1.433e-08  8.216e-09  8.275e-15  1.577e-06  2.719e-07  1.016e-07  1.886e-08  4.842e-09  8.912e-08  3.277e-10  3.993e-08  1.043e-08  1.969e-09  2.072e-11  5.973e-13  4.090e-11  3.863e-11  1.390e-14  1.615e-08  2.045e-10  8.446e-11  1.957e-12  1.112e-17  6.207e-13  1.559e-11  8.177e-13  1.252e-08  7.498e-10  4.181e-06  2.592e-06  7.940e-01  2.149e-05  4.322e-06  1.524e-06  1.480e-07  8.022e-11  4.381e-09  1.582e-07  1.836e-28  1.469e-09  3.014e-14  2.316e-06  1.029e-05  1.316e-12  3.794e-09
-1.69774e+15  1.02506e+15  -9.16755e+14  2.18484e+15  4.69300e+04  5.16900e+02  1.88900e-01  2.49400e+03  3.629e-04  2.868e-05  2.925e-14  1.964e-15  1.285e-15  1.908e-13  1.151e-05  1.072e-07  2.725e-07  1.303e-07  6.232e-08  1.413e-08  8.213e-09  8.046e-15  1.545e-06  2.670e-07  1.057e-07  1.998e-08  4.830e-09  9.053e-08  3.257e-10  3.915e-08  1.009e-08  2.020e-09  2.162e-11  6.109e-13  4.195e-11  4.202e-11  1.569e-14  1.596e-08  2.029e-10  8.519e-11  2.011e-12  1.193e-17  6.841e-13  1.541e-11  7.747e-13  1.268e-08  7.313e-10  4.304e-06  2.621e-06  7.939e-01  2.192e-05  4.287e-06  1.495e-06  1.482e-07  8.226e-11  4.322e-09  1.676e-07  2.118e-28  1.592e-09  3.315e-14  2.360e-06  1.037e-05  1.368e-12  3.856e-09
-1.71811e+15  1.03648e+15  -9.30023e+14  2.21159e+15  4.55800e+04  5.10000e+02  1.86700e-01  2.49600e+03  3.627e-04  2.867e-05  2.832e-14  2.070e-15  1.311e-15  1.981e-13  1.127e-05  1.066e-07  2.685e-07  1.303e-07  6.264e-08  1.392e-08  8.211e-09  7.811e-15  1.513e-06  2.622e-07  1.102e-07  2.119e-08  4.822e-09  9.201e-08  3.237e-10  3.839e-08  9.773e-09  2.071e-09  2.256e-11  6.249e-13  4.302e-11  4.582e-11  1.780e-14  1.575e-08  2.011e-10  8.593e-11  2.065e-12  1.283e-17  7.546e-13  1.522e-11  7.324e-13  1.283e-08  7.132e-10  4.430e-06  2.651e-06  7.938e-01  2.234e-05  4.252e-06  1.466e-06  1.484e-07  8.439e-11  4.263e-09  1.777e-07  2.452e-28  1.727e-09  3.646e-14  2.404e-06  1.044e-05  1.422e-12  3.918e-09
-1.73816e+15  1.04790e+15  -9.43292e+14  2.23810e+15  4.42400e+04  5.03100e+02  1.84400e-01  2.49700e+03  3.625e-04  2.865e-05  2.740e-14  2.185e-15  1.336e-15  2.056e-13  1.102e-05  1.059e-07  2.642e-07  1.303e-07  6.295e-08  1.371e-08  8.209e-09  7.571e-15  1.482e-06  2.575e-07  1.149e-07  2.248e-08  4.818e-09  9.357e-08  3.217e-10  3.763e-08  9.468e-09  2.124e-09  2.357e-11  6.397e-13  4.413e-11  5.004e-11  2.029e-14  1.553e-08  1.992e-10  8.668e-11  2.122e-12  1.384e-17  8.324e-13  1.504e-11  6.910e-13  1.298e-08  6.953e-10  4.559e-06  2.681e-06  7.938e-01  2.277e-05  4.217e-06  1.438e-06  1.486e-07  8.659e-11  4.204e-09  1.885e-07  2.846e-28  1.875e-09  4.010e-14  2.448e-06  1.052e-05  1.480e-12  3.981e-09
-1.75853e+15  1.05962e+15  -9.56869e+14  2.26513e+15  4.29400e+04  4.96400e+02  1.81600e-01  2.49900e+03  3.623e-04  2.864e-05  2.648e-14  2.308e-15  1.362e-15  2.132e-13  1.078e-05  1.052e-07  2.597e-07  1.303e-07  6.324e-08  1.348e-08  8.206e-09  7.328e-15  1.451e-06  2.529e-07  1.198e-07  2.385e-08  4.816e-09  9.525e-08  3.196e-10  3.688e-08  9.176e-09  2.177e-09  2.466e-11  6.557e-13  4.527e-11  5.469e-11  2.320e-14  1.530e-08  1.970e-10  8.742e-11  2.180e-12  1.496e-17  9.177e-13  1.486e-11  6.505e-13  1.314e-08  6.778e-10  4.693e-06  2.711e-06  7.937e-01  2.320e-05  4.181e-06  1.410e-06  1.489e-07  8.886e-11  4.146e-09  2.001e-07  3.311e-28  2.037e-09  4.412e-14  2.493e-06  1.059e-05  1.544e-12  4.044e-09
-1.77889e+15  1.07104e+15  -9.69828e+14  2.29176e+15  4.16800e+04  4.89700e+02  1.80700e-01  2.50100e+03  3.621e-04  2.862e-05  2.559e-14  2.440e-15  1.387e-15  2.211e-13  1.053e-05  1.044e-07  2.548e-07  1.303e-07  6.352e-08  1.326e-08  8.204e-09  7.086e-15  1.421e-06  2.484e-07  1.248e-07  2.525e-08  4.815e-09  9.678e-08  3.175e-10  3.615e-08  8.898e-09  2.230e-09  2.569e-11  6.715e-13  4.644e-11  5.975e-11  2.655e-14  1.506e-08  1.947e-10  8.814e-11  2.238e-12  1.612e-17  1.011e-12  1.467e-11  6.115e-13  1.329e-08  6.607e-10  4.826e-06  2.742e-06  7.936e-01  2.364e-05  4.146e-06  1.382e-06  1.491e-07  9.117e-11  4.088e-09  2.121e-07  3.837e-28  2.215e-09  4.851e-14  2.538e-06  1.067e-05  1.598e-12  4.107e-09
-1.79895e+15  1.08246e+15  -9.83097e+14  2.31828e+15  4.04600e+04  4.83300e+02  1.79600e-01  2.50200e+03  3.618e-04  2.861e-05  2.472e-14  2.582e-15  1.410e-15  2.291e-13  1.028e-05  1.036e-07  2.499e-07  1.302e-07  6.379e-08  1.304e-08  8.201e-09  6.846e-15  1.392e-06  2.439e-07  1.300e-07  2.669e-08  4.817e-09  9.832e-08  3.154e-10  3.542e-08  8.633e-09  2.282e-09  2.677e-11  6.881e-13  4.764e-11  6.522e-11  3.037e-14  1.482e-08  1.924e-10  8.884e-11  2.298e-12  1.737e-17  1.111e-12  1.449e-11  5.740e-13  1.343e-08  6.440e-10  4.961e-06  2.773e-06  7.936e-01  2.407e-05  4.110e-06  1.356e-06  1.493e-07  9.353e-11  4.031e-09  2.248e-07  4.445e-28  2.407e-09  5.330e-14  2.582e-06  1.074e-05  1.656e-12  4.171e-09
-1.81932e+15  1.09387e+15  -9.96057e+14  2.34491e+15  3.93000e+04  4.77100e+02  1.77000e-01  2.50400e+03  3.616e-04  2.859e-05  2.387e-14  2.735e-15  1.431e-15  2.373e-13  1.004e-05  1.027e-07  2.447e-07  1.301e-07  6.405e-08  1.282e-08  8.198e-09  6.608e-15  1.363e-06  2.396e-07  1.353e-07  2.820e-08  4.820e-09  1.000e-07  3.132e-10  3.471e-08  8.380e-09  2.334e-09  2.799e-11  7.061e-13  4.887e-11  7.108e-11  3.473e-14  1.458e-08  1.898e-10  8.952e-11  2.359e-12  1.875e-17  1.220e-12  1.431e-11  5.378e-13  1.358e-08  6.276e-10  5.099e-06  2.805e-06  7.935e-01  2.450e-05  4.074e-06  1.330e-06  1.495e-07  9.592e-11  3.975e-09  2.382e-07  5.152e-28  2.615e-09  5.853e-14  2.627e-06  1.081e-05  1.724e-12  4.234e-09
-1.83937e+15  1.10529e+15  -1.00902e+15  2.37130e+15  3.82100e+04  4.71100e+02  1.75600e-01  2.50500e+03  3.614e-04  2.858e-05  2.304e-14  2.898e-15  1.449e-15  2.458e-13  9.790e-06  1.017e-07  2.393e-07  1.300e-07  6.430e-08  1.259e-08  8.195e-09  6.374e-15  1.334e-06  2.353e-07  1.406e-07  2.973e-08  4.825e-09  1.016e-07  3.110e-10  3.400e-08  8.139e-09  2.386e-09  2.918e-11  7.245e-13  5.013e-11  7.730e-11  3.964e-14  1.433e-08  1.872e-10  9.017e-11  2.420e-12  2.017e-17  1.336e-12  1.413e-11  5.033e-13  1.373e-08  6.116e-10  5.239e-06  2.837e-06  7.934e-01  2.493e-05  4.039e-06  1.304e-06  1.497e-07  9.831e-11  3.919e-09  2.523e-07  5.945e-28  2.841e-09  6.421e-14  2.672e-06  1.088e-05  1.786e-12  4.298e-09
-1.85943e+15  1.11671e+15  -1.02167e+15  2.39756e+15  3.71700e+04  4.65400e+02  1.74100e-01  2.50700e+03  3.611e-04  2.856e-05  2.225e-14  3.071e-15  1.463e-15  2.544e-13  9.546e-06  1.008e-07  2.339e-07  1.299e-07  6.454e-08  1.238e-08  8.193e-09  6.146e-15  1.306e-06  2.311e-07  1.459e-07  3.129e-08  4.830e-09  1.032e-07  3.088e-10  3.330e-08  7.910e-09  2.438e-09  3.041e-11  7.437e-13  5.142e-11  8.387e-11  4.514e-14  1.409e-08  1.845e-10  9.078e-11  2.482e-12  2.166e-17  1.459e-12  1.395e-11  4.705e-13  1.387e-08  5.959e-10  5.381e-06  2.870e-06  7.934e-01  2.537e-05  4.003e-06  1.279e-06  1.500e-07  1.007e-10  3.865e-09  2.671e-07  6.839e-28  3.083e-09  7.038e-14  2.716e-06  1.095e-05  1.849e-12  4.362e-09
-1.87949e+15  1.12812e+15  -1.03463e+15  2.42396e+15  3.62000e+04  4.60100e+02  1.72600e-01  2.50800e+03  3.609e-04  2.855e-05  2.148e-14  3.256e-15  1.474e-15  2.633e-13  9.305e-06  9.979e-08  2.284e-07  1.298e-07  6.477e-08  1.216e-08  8.190e-09  5.925e-15  1.279e-06  2.269e-07  1.512e-07  3.285e-08  4.837e-09  1.047e-07  3.066e-10  3.262e-08  7.691e-09  2.488e-09  3.166e-11  7.636e-13  5.274e-11  9.074e-11  5.124e-14  1.384e-08  1.817e-10  9.134e-11  2.544e-12  2.321e-17  1.589e-12  1.377e-11  4.394e-13  1.402e-08  5.806e-10  5.524e-06  2.902e-06  7.933e-01  2.581e-05  3.967e-06  1.254e-06  1.502e-07  1.031e-10  3.810e-09  2.825e-07  7.839e-28  3.343e-09  7.705e-14  2.760e-06  1.101e-05  1.912e-12  4.427e-09
-1.89923e+15  1.13923e+15  -1.04697e+15  2.44971e+15  3.53000e+04  4.55100e+02  1.70500e-01  2.51000e+03  3.607e-04  2.853e-05  2.073e-14  3.451e-15  1.480e-15  2.723e-13  9.066e-06  9.880e-08  2.229e-07  1.297e-07  6.499e-08  1.195e-08  8.187e-09  5.712e-15  1.252e-06  2.228e-07  1.565e-07  3.443e-08  4.846e-09  1.063e-07  3.043e-10  3.194e-08  7.483e-09  2.537e-09  3.300e-11  7.846e-13  5.409e-11  9.789e-11  5.799e-14  1.360e-08  1.787e-10  9.187e-11  2.607e-12  2.483e-17  1.725e-12  1.359e-11  4.100e-13  1.416e-08  5.657e-10  5.670e-06  2.936e-06  7.933e-01  2.625e-05  3.932e-06  1.230e-06  1.504e-07  1.054e-10  3.757e-09  2.987e-07  8.959e-28  3.621e-09  8.426e-14  2.805e-06  1.108e-05  1.980e-12  4.491e-09
-1.91929e+15  1.15065e+15  -1.05962e+15  2.47598e+15  3.44600e+04  4.50500e+02  1.68600e-01  2.51200e+03  3.604e-04  2.851e-05  2.002e-14  3.656e-15  1.481e-15  2.816e-13  8.831e-06  9.781e-08  2.174e-07  1.296e-07  6.520e-08  1.175e-08  8.184e-09  5.507e-15  1.226e-06  2.188e-07  1.617e-07  3.601e-08  4.855e-09  1.079e-07  3.021e-10  3.127e-08  7.284e-09  2.586e-09  3.435e-11  8.064e-13  5.546e-11  1.053e-10  6.537e-14  1.335e-08  1.758e-10  9.234e-11  2.670e-12  2.650e-17  1.867e-12  1.341e-11  3.822e-13  1.430e-08  5.510e-10  5.819e-06  2.969e-06  7.932e-01  2.669e-05  3.896e-06  1.207e-06  1.506e-07  1.077e-10  3.704e-09  3.156e-07  1.019e-27  3.919e-09  9.205e-14  2.849e-06  1.114e-05  2.046e-12  4.555e-09
-1.93904e+15  1.16176e+15  -1.07196e+15  2.50173e+15  3.36800e+04  4.46300e+02  1.67200e-01  2.51300e+03  3.602e-04  2.850e-05  1.933e-14  3.872e-15  1.479e-15  2.911e-13  8.598e-06  9.684e-08  2.119e-07  1.294e-07  6.540e-08  1.156e-08  8.181e-09  5.311e-15  1.201e-06  2.149e-07  1.668e-07  3.756e-08  4.866e-09  1.094e-07  2.998e-10  3.062e-08  7.095e-09  2.634e-09  3.568e-11  8.286e-13  5.687e-11  1.128e-10  7.341e-14  1.311e-08  1.727e-10  9.276e-11  2.733e-12  2.817e-17  2.015e-12  1.324e-11  3.561e-13  1.444e-08  5.368e-10  5.970e-06  3.004e-06  7.932e-01  2.714e-05  3.860e-06  1.183e-06  1.508e-07  1.099e-10  3.651e-09  3.331e-07  1.154e-27  4.235e-09  1.004e-13  2.893e-06  1.121e-05  2.107e-12  4.619e-09
-1.95879e+15  1.17287e+15  -1.08431e+15  2.52749e+15  3.29600e+04  4.42400e+02  1.65200e-01  2.51500e+03  3.599e-04  2.848e-05  1.867e-14  4.098e-15  1.471e-15  3.008e-13  8.370e-06  9.588e-08  2.064e-07  1.292e-07  6.559e-08  1.137e-08  8.179e-09  5.126e-15  1.176e-06  2.110e-07  1.718e-07  3.909e-08  4.877e-09  1.108e-07  2.975e-10  2.997e-08  6.915e-09  2.681e-09  3.708e-11  8.517e-13  5.829e-11  1.205e-10  8.209e-14  1.287e-08  1.697e-10  9.313e-11  2.796e-12  2.989e-17  2.166e-12  1.307e-11  3.317e-13  1.458e-08  5.228e-10  6.123e-06  3.038e-06  7.931e-01  2.758e-05  3.825e-06  1.161e-06  1.510e-07  1.121e-10  3.600e-09  3.515e-07  1.301e-27  4.570e-09  1.094e-13  2.937e-06  1.127e-05  2.172e-12  4.683e-09
-1.97823e+15  1.18397e+15  -1.09634e+15  2.55287e+15  3.23000e+04  4.38800e+02  1.62300e-01  2.51600e+03  3.597e-04  2.846e-05  1.804e-14  4.333e-15  1.459e-15  3.108e-13  8.144e-06  9.493e-08  2.010e-07  1.291e-07  6.578e-08  1.119e-08  8.176e-09  4.949e-15  1.152e-06  2.071e-07  1.767e-07  4.062e-08  4.891e-09  1.123e-07  2.951e-10  2.933e-08  6.742e-09  2.727e-09  3.859e-11  8.761e-13  5.975e-11  1.284e-10  9.145e-14  1.263e-08  1.665e-10  9.345e-11  2.860e-12  3.168e-17  2.322e-12  1.290e-11  3.087e-13  1.472e-08  5.092e-10  6.281e-06  3.074e-06  7.931e-01  2.804e-05  3.790e-06  1.139e-06  1.511e-07  1.142e-10  3.549e-09  3.707e-07  1.464e-27  4.926e-09  1.191e-13  2.982e-06  1.133e-05  2.244e-12  4.748e-09
-1.99798e+15  1.19508e+15  -1.10868e+15  2.57863e+15  3.16900e+04  4.35500e+02  1.62300e-01  2.51800e+03  3.594e-04  2.845e-05  1.744e-14  4.577e-15  1.443e-15  3.210e-13  7.924e-06  9.406e-08  1.956e-07  1.289e-07  6.596e-08  1.102e-08  8.173e-09  4.784e-15  1.128e-06  2.033e-07  1.813e-07  4.207e-08  4.904e-09  1.135e-07  2.929e-10  2.870e-08  6.579e-09  2.771e-09  3.985e-11  8.994e-13  6.122e-11  1.362e-10  1.014e-13  1.240e-08  1.633e-10  9.371e-11  2.922e-12  3.330e-17  2.483e-12  1.273e-11  2.874e-13  1.486e-08  4.960e-10  6.437e-06  3.109e-06  7.930e-01  2.849e-05  3.755e-06  1.117e-06  1.513e-07  1.163e-10  3.499e-09  3.904e-07  1.632e-27  5.302e-09  1.294e-13  3.025e-06  1.139e-05  2.290e-12  4.811e-09
-2.01742e+15  1.20619e+15  -1.12072e+15  2.60401e+15  3.11200e+04  4.32400e+02  1.61900e-01  2.52000e+03  3.592e-04  2.843e-05  1.686e-14  4.828e-15  1.423e-15  3.315e-13  7.708e-06  9.325e-08  1.904e-07  1.287e-07  6.613e-08  1.086e-08  8.170e-09  4.632e-15  1.105e-06  1.996e-07  1.858e-07  4.345e-08  4.919e-09  1.146e-07  2.906e-10  2.808e-08  6.424e-09  2.812e-09  4.116e-11  9.230e-13  6.271e-11  1.442e-10  1.119e-13  1.217e-08  1.602e-10  9.390e-11  2.984e-12  3.494e-17  2.647e-12  1.257e-11  2.677e-13  1.500e-08  4.832e-10  6.592e-06  3.145e-06  7.930e-01  2.894e-05  3.720e-06  1.096e-06  1.515e-07  1.182e-10  3.450e-09  4.105e-07  1.811e-27  5.697e-09  1.404e-13  3.068e-06  1.145e-05  2.337e-12  4.874e-09
-2.03686e+15  1.21730e+15  -1.13306e+15  2.62953e+15  3.05900e+04  4.29500e+02  1.59900e-01  2.52100e+03  3.589e-04  2.841e-05  1.632e-14  5.086e-15  1.401e-15  3.423e-13  7.496e-06  9.244e-08  1.853e-07  1.285e-07  6.630e-08  1.070e-08  8.168e-09  4.488e-15  1.083e-06  1.959e-07  1.901e-07  4.483e-08  4.936e-09  1.159e-07  2.883e-10  2.747e-08  6.276e-09  2.851e-09  4.266e-11  9.477e-13  6.422e-11  1.521e-10  1.231e-13  1.195e-08  1.570e-10  9.405e-11  3.045e-12  3.666e-17  2.814e-12  1.241e-11  2.492e-13  1.513e-08  4.707e-10  6.750e-06  3.181e-06  7.929e-01  2.940e-05  3.686e-06  1.076e-06  1.516e-07  1.202e-10  3.401e-09  4.314e-07  2.010e-27  6.111e-09  1.520e-13  3.111e-06  1.150e-05  2.399e-12  4.937e-09
-2.05599e+15  1.22841e+15  -1.14540e+15  2.65481e+15  3.00900e+04  4.26800e+02  1.58300e-01  2.52300e+03  3.587e-04  2.840e-05  1.579e-14  5.350e-15  1.376e-15  3.533e-13  7.289e-06  9.165e-08  1.803e-07  1.283e-07  6.646e-08  1.055e-08  8.165e-09  4.353e-15  1.061e-06  1.922e-07  1.943e-07  4.620e-08  4.955e-09  1.171e-07  2.859e-10  2.687e-08  6.135e-09  2.888e-09  4.414e-11  9.726e-13  6.574e-11  1.600e-10  1.349e-13  1.173e-08  1.539e-10  9.415e-11  3.105e-12  3.832e-17  2.986e-12  1.225e-11  2.321e-13  1.527e-08  4.586e-10  6.910e-06  3.218e-06  7.929e-01  2.986e-05  3.651e-06  1.056e-06  1.518e-07  1.221e-10  3.353e-09  4.530e-07  2.220e-27  6.544e-09  1.644e-13  3.154e-06  1.156e-05  2.456e-12  4.999e-09
-2.07543e+15  1.23952e+15  -1.15744e+15  2.68020e+15  2.96100e+04  4.24100e+02  1.56900e-01  2.52400e+03  3.584e-04  2.838e-05  1.530e-14  5.619e-15  1.350e-15  3.646e-13  7.085e-06  9.087e-08  1.754e-07  1.281e-07  6.662e-08  1.041e-08  8.162e-09  4.228e-15  1.040e-06  1.886e-07  1.983e-07  4.755e-08  4.975e-09  1.182e-07  2.836e-10  2.627e-08  6.001e-09  2.923e-09  4.564e-11  9.976e-13  6.728e-11  1.678e-10  1.472e-13  1.151e-08  1.507e-10  9.422e-11  3.162e-12  3.994e-17  3.164e-12  1.209e-11  2.161e-13  1.540e-08  4.467e-10  7.071e-06  3.255e-06  7.928e-01  3.032e-05  3.617e-06  1.036e-06  1.519e-07  1.240e-10  3.307e-09  4.752e-07  2.444e-27  6.995e-09  1.774e-13  3.196e-06  1.161e-05  2.512e-12  5.062e-09
-2.09456e+15  1.25063e+15  -1.16978e+15  2.70548e+15  2.91500e+04  4.21400e+02  1.55400e-01  2.52600e+03  3.581e-04  2.836e-05  1.482e-14  5.892e-15  1.323e-15  3.761e-13  6.886e-06  9.011e-08  1.706e-07  1.279e-07  6.677e-08  1.027e-08  8.160e-09  4.109e-15  1.019e-06  1.851e-07  2.021e-07  4.891e-08  4.997e-09  1.194e-07  2.812e-10  2.569e-08  5.873e-09  2.956e-09  4.719e-11  1.023e-12  6.884e-11  1.756e-10  1.601e-13  1.129e-08  1.475e-10  9.425e-11  3.217e-12  4.152e-17  3.347e-12  1.194e-11  2.013e-13  1.554e-08  4.353e-10  7.234e-06  3.292e-06  7.928e-01  3.078e-05  3.584e-06  1.017e-06  1.520e-07  1.260e-10  3.260e-09  4.982e-07  2.684e-27  7.466e-09  1.912e-13  3.239e-06  1.167e-05  2.568e-12  5.124e-09
-2.11369e+15  1.26173e+15  -1.18243e+15  2.73090e+15  2.87000e+04  4.18800e+02  1.53800e-01  2.52800e+03  3.579e-04  2.834e-05  1.437e-14  6.167e-15  1.295e-15  3.879e-13  6.691e-06  8.933e-08  1.659e-07  1.277e-07  6.691e-08  1.012e-08  8.157e-09  3.998e-15  9.986e-07  1.816e-07  2.058e-07  5.027e-08  5.020e-09  1.205e-07  2.788e-10  2.511e-08  5.750e-09  2.987e-09  4.881e-11  1.048e-12  7.041e-11  1.833e-10  1.736e-13  1.108e-08  1.442e-10  9.426e-11  3.268e-12  4.307e-17  3.538e-12  1.179e-11  1.876e-13  1.567e-08  4.241e-10  7.400e-06  3.330e-06  7.927e-01  3.125e-05  3.550e-06  9.981e-07  1.522e-07  1.280e-10  3.215e-09  5.220e-07  2.941e-27  7.955e-09  2.057e-13  3.281e-06  1.172e-05  2.628e-12  5.185e-09
-2.13282e+15  1.27253e+15  -1.19477e+15  2.75604e+15  2.82500e+04  4.16000e+02  1.53900e-01  2.52900e+03  3.576e-04  2.832e-05  1.395e-14  6.443e-15  1.268e-15  3.999e-13  6.501e-06  8.859e-08  1.612e-07  1.275e-07  6.704e-08  9.984e-09  8.154e-09  3.894e-15  9.790e-07  1.781e-07  2.093e-07  5.162e-08  5.046e-09  1.215e-07  2.764e-10  2.455e-08  5.634e-09  3.015e-09  5.028e-11  1.073e-12  7.198e-11  1.909e-10  1.877e-13  1.086e-08  1.410e-10  9.423e-11  3.316e-12  4.445e-17  3.737e-12  1.164e-11  1.748e-13  1.580e-08  4.133e-10  7.563e-06  3.368e-06  7.927e-01  3.171e-05  3.517e-06  9.799e-07  1.523e-07  1.300e-10  3.170e-09  5.462e-07  3.207e-27  8.463e-09  2.208e-13  3.322e-06  1.177e-05  2.671e-12  5.246e-09
-2.15195e+15  1.28364e+15  -1.20743e+15  2.78146e+15  2.78000e+04  4.13200e+02  1.52500e-01  2.53100e+03  3.573e-04  2.831e-05  1.354e-14  6.719e-15  1.241e-15  4.121e-13  6.314e-06  8.781e-08  1.567e-07  1.273e-07  6.718e-08  9.841e-09  8.151e-09  3.794e-15  9.598e-07  1.747e-07  2.127e-07  5.300e-08  5.073e-09  1.226e-07  2.740e-10  2.399e-08  5.522e-09  3.040e-09  5.200e-11  1.098e-12  7.357e-11  1.985e-10  2.023e-13  1.065e-08  1.378e-10  9.418e-11  3.361e-12  4.589e-17  3.945e-12  1.150e-11  1.630e-13  1.593e-08  4.029e-10  7.727e-06  3.406e-06  7.927e-01  3.218e-05  3.484e-06  9.620e-07  1.525e-07  1.321e-10  3.126e-09  5.712e-07  3.498e-27  8.988e-09  2.367e-13  3.363e-06  1.182e-05  2.731e-12  5.307e-09
-2.17108e+15  1.29475e+15  -1.22008e+15  2.80688e+15  2.73500e+04  4.10400e+02  1.50200e-01  2.53200e+03  3.570e-04  2.829e-05  1.316e-14  6.994e-15  1.214e-15  4.245e-13  6.131e-06  8.698e-08  1.522e-07  1.271e-07  6.730e-08  9.695e-09  8.148e-09  3.698e-15  9.409e-07  1.713e-07  2.160e-07  5.446e-08  5.102e-09  1.239e-07  2.714e-10  2.344e-08  5.415e-09  3.064e-09  5.389e-11  1.125e-12  7.517e-11  2.059e-10  2.175e-13  1.043e-08  1.346e-10  9.412e-11  3.400e-12  4.736e-17  4.163e-12  1.135e-11  1.519e-13  1.606e-08  3.927e-10  7.896e-06  3.445e-06  7.926e-01  3.265e-05  3.451e-06  9.445e-07  1.526e-07  1.343e-10  3.083e-09  5.972e-07  3.816e-27  9.531e-09  2.533e-13  3.405e-06  1.187e-05  2.803e-12  5.368e-09
-2.18991e+15  1.30586e+15  -1.23304e+15  2.83220e+15  2.69000e+04  4.07400e+02  1.47600e-01  2.53400e+03  3.568e-04  2.827e-05  1.280e-14  7.268e-15  1.188e-15  4.371e-13  5.952e-06  8.609e-08  1.477e-07  1.269e-07  6.741e-08  9.545e-09  8.144e-09  3.605e-15  9.222e-07  1.680e-07  2.191e-07  5.599e-08  5.133e-09  1.253e-07  2.688e-10  2.290e-08  5.311e-09  3.087e-09  5.593e-11  1.152e-12  7.678e-11  2.132e-10  2.333e-13  1.020e-08  1.313e-10  9.405e-11  3.435e-12  4.882e-17  4.391e-12  1.121e-11  1.416e-13  1.618e-08  3.827e-10  8.070e-06  3.485e-06  7.926e-01  3.313e-05  3.418e-06  9.271e-07  1.528e-07  1.367e-10  3.039e-09  6.244e-07  4.162e-27  1.009e-08  2.707e-13  3.446e-06  1.192e-05  2.883e-12  5.429e-09
-2.20873e+15  1.31697e+15  -1.24600e+15  2.85751e+15  2.64400e+04  4.04300e+02  1.46700e-01  2.53600e+03  3.565e-04  2.825e-05  1.246e-14  7.538e-15  1.163e-15  4.498e-13  5.776e-06  8.518e-08  1.433e-07  1.267e-07  6.752e-08  9.391e-09  8.141e-09  3.514e-15  9.040e-07  1.647e-07  2.222e-07  5.756e-08  5.165e-09  1.266e-07  2.662e-10  2.236e-08  5.212e-09  3.108e-09  5.783e-11  1.178e-12  7.841e-11  2.205e-10  2.498e-13  9.972e-09  1.280e-10  9.397e-11  3.464e-12  5.008e-17  4.632e-12  1.107e-11  1.320e-13  1.631e-08  3.731e-10  8.245e-06  3.525e-06  7.925e-01  3.361e-05  3.386e-06  9.101e-07  1.529e-07  1.391e-10  2.997e-09  6.524e-07  4.520e-27  1.068e-08  2.888e-13  3.487e-06  1.197e-05  2.946e-12  5.489e-09
-2.22755e+15  1.32808e+15  -1.25896e+15  2.88284e+15  2.59700e+04  4.01200e+02  1.44900e-01  2.53700e+03  3.562e-04  2.823e-05  1.214e-14  7.804e-15  1.139e-15  4.626e-13  5.603e-06  8.422e-08  1.390e-07  1.265e-07  6.763e-08  9.234e-09  8.138e-09  3.426e-15  8.860e-07  1.615e-07  2.252e-07  5.918e-08  5.199e-09  1.280e-07  2.636e-10  2.184e-08  5.115e-09  3.127e-09  5.995e-11  1.205e-12  8.005e-11  2.276e-10  2.668e-13  9.739e-09  1.247e-10  9.388e-11  3.489e-12  5.137e-17  4.884e-12  1.093e-11  1.231e-13  1.643e-08  3.637e-10  8.422e-06  3.566e-06  7.925e-01  3.409e-05  3.353e-06  8.934e-07  1.531e-07  1.416e-10  2.955e-09  6.815e-07  4.912e-27  1.128e-08  3.078e-13  3.528e-06  1.201e-05  3.023e-12  5.549e-09
-2.24637e+15  1.33949e+15  -1.27192e+15  2.90830e+15  2.55000e+04  3.98000e+02  1.44100e-01  2.53900e+03  3.559e-04  2.821e-05  1.185e-14  8.064e-15  1.115e-15  4.755e-13  5.435e-06  8.324e-08  1.347e-07  1.262e-07  6.772e-08  9.073e-09  8.134e-09  3.340e-15  8.684e-07  1.584e-07  2.280e-07  6.085e-08  5.234e-09  1.293e-07  2.609e-10  2.132e-08  5.023e-09  3.144e-09  6.203e-11  1.232e-12  8.169e-11  2.346e-10  2.845e-13  9.507e-09  1.214e-10  9.378e-11  3.508e-12  5.254e-17  5.149e-12  1.079e-11  1.147e-13  1.655e-08  3.547e-10  8.600e-06  3.607e-06  7.925e-01  3.458e-05  3.321e-06  8.769e-07  1.532e-07  1.442e-10  2.913e-09  7.115e-07  5.323e-27  1.190e-08  3.275e-13  3.568e-06  1.206e-05  3.091e-12  5.609e-09
-2.26520e+15  1.35060e+15  -1.28518e+15  2.93376e+15  2.50300e+04  3.94800e+02  1.43900e-01  2.54000e+03  3.556e-04  2.819e-05  1.157e-14  8.318e-15  1.091e-15  4.885e-13  5.270e-06  8.224e-08  1.304e-07  1.260e-07  6.782e-08  8.909e-09  8.130e-09  3.257e-15  8.512e-07  1.552e-07  2.308e-07  6.255e-08  5.271e-09  1.305e-07  2.582e-10  2.082e-08  4.934e-09  3.158e-09  6.410e-11  1.259e-12  8.335e-11  2.415e-10  3.026e-13  9.276e-09  1.180e-10  9.367e-11  3.523e-12  5.359e-17  5.426e-12  1.065e-11  1.070e-13  1.667e-08  3.459e-10  8.777e-06  3.648e-06  7.924e-01  3.506e-05  3.289e-06  8.609e-07  1.534e-07  1.469e-10  2.872e-09  7.422e-07  5.756e-27  1.254e-08  3.479e-13  3.608e-06  1.210e-05  3.155e-12  5.669e-09
-2.28402e+15  1.36171e+15  -1.29845e+15  2.95922e+15  2.45600e+04  3.91500e+02  1.43100e-01  2.54200e+03  3.553e-04  2.817e-05  1.131e-14  8.564e-15  1.068e-15  5.016e-13  5.109e-06  8.121e-08  1.263e-07  1.258e-07  6.790e-08  8.742e-09  8.126e-09  3.175e-15  8.343e-07  1.522e-07  2.334e-07  6.429e-08  5.309e-09  1.319e-07  2.555e-10  2.032e-08  4.848e-09  3.170e-09  6.636e-11  1.286e-12  8.501e-11  2.482e-10  3.213e-13  9.045e-09  1.147e-10  9.354e-11  3.532e-12  5.466e-17  5.715e-12  1.051e-11  9.983e-14  1.679e-08  3.374e-10  8.955e-06  3.690e-06  7.924e-01  3.554e-05  3.257e-06  8.451e-07  1.535e-07  1.497e-10  2.832e-09  7.739e-07  6.222e-27  1.320e-08  3.691e-13  3.648e-06  1.215e-05  3.229e-12  5.728e-09
-2.30284e+15  1.37282e+15  -1.31172e+15  2.98468e+15  2.40900e+04  3.88200e+02  1.42100e-01  2.54400e+03  3.550e-04  2.815e-05  1.107e-14  8.803e-15  1.044e-15  5.147e-13  4.951e-06  8.015e-08  1.222e-07  1.256e-07  6.798e-08  8.572e-09  8.122e-09  3.095e-15  8.177e-07  1.492e-07  2.360e-07  6.609e-08  5.348e-09  1.333e-07  2.527e-10  1.983e-08  4.765e-09  3.180e-09  6.873e-11  1.314e-12  8.667e-11  2.547e-10  3.405e-13  8.812e-09  1.114e-10  9.339e-11  3.536e-12  5.569e-17  6.014e-12  1.038e-11  9.314e-14  1.691e-08  3.292e-10  9.133e-06  3.731e-06  7.923e-01  3.603e-05  3.225e-06  8.295e-07  1.537e-07  1.526e-10  2.792e-09  8.066e-07  6.718e-27  1.387e-08  3.910e-13  3.688e-06  1.219e-05  3.308e-12  5.787e-09
-2.32136e+15  1.38423e+15  -1.32499e+15  3.01005e+15  2.36200e+04  3.85000e+02  1.40800e-01  2.54500e+03  3.547e-04  2.813e-05  1.085e-14  9.033e-15  1.021e-15  5.278e-13  4.798e-06  7.904e-08  1.181e-07  1.253e-07  6.805e-08  8.400e-09  8.118e-09  3.016e-15  8.013e-07  1.462e-07  2.384e-07  6.794e-08  5.388e-09  1.348e-07  2.499e-10  1.935e-08  4.684e-09  3.189e-09  7.127e-11  1.342e-12  8.834e-11  2.610e-10  3.602e-13  8.577e-09  1.081e-10  9.324e-11  3.535e-12  5.670e-17  6.324e-12  1.024e-11  8.691e-14  1.702e-08  3.212e-10  9.314e-06  3.774e-06  7.923e-01  3.651e-05  3.194e-06  8.142e-07  1.539e-07  1.555e-10  2.753e-09  8.405e-07  7.250e-27  1.457e-08  4.137e-13  3.728e-06  1.224e-05  3.393e-12  5.846e-09
-2.34018e+15  1.39534e+15  -1.33857e+15  3.03565e+15  2.31700e+04  3.81800e+02  1.39700e-01  2.54700e+03  3.544e-04  2.811e-05  1.065e-14  9.255e-15  9.975e-16  5.410e-13  4.647e-06  7.791e-08  1.141e-07  1.251e-07  6.812e-08  8.226e-09  8.114e-09  2.938e-15  7.852e-07  1.433e-07  2.408e-07  6.984e-08  5.429e-09  1.363e-07  2.470e-10  1.887e-08  4.605e-09  3.195e-09  7.387e-11  1.371e-12  9.002e-11  2.671e-10  3.804e-13  8.341e-09  1.047e-10  9.308e-11  3.529e-12  5.763e-17  6.642e-12  1.010e-11  8.111e-14  1.714e-08  3.134e-10  9.497e-06  3.816e-06  7.923e-01  3.700e-05  3.162e-06  7.991e-07  1.541e-07  1.586e-10  2.714e-09  8.755e-07  7.810e-27  1.529e-08  4.373e-13  3.767e-06  1.228e-05  3.479e-12  5.905e-09
-2.35900e+15  1.40676e+15  -1.35214e+15  3.06140e+15  2.27200e+04  3.78600e+02  1.38400e-01  2.54800e+03  3.541e-04  2.809e-05  1.047e-14  9.468e-15  9.741e-16  5.541e-13  4.500e-06  7.676e-08  1.102e-07  1.248e-07  6.818e-08  8.050e-09  8.110e-09  2.862e-15  7.693e-07  1.404e-07  2.430e-07  7.179e-08  5.470e-09  1.378e-07  2.441e-10  1.841e-08  4.528e-09  3.201e-09  7.660e-11  1.400e-12  9.171e-11  2.730e-10  4.010e-13  8.106e-09  1.014e-10  9.291e-11  3.517e-12  5.852e-17  6.970e-12  9.965e-12  7.571e-14  1.725e-08  3.059e-10  9.682e-06  3.859e-06  7.922e-01  3.749e-05  3.131e-06  7.841e-07  1.542e-07  1.617e-10  2.675e-09  9.117e-07  8.404e-27  1.602e-08  4.616e-13  3.806e-06  1.232e-05  3.570e-12  5.963e-09
