# Collapse Model Output 
 
# Crich/ev_output/ev_4042768.dat in GNUPLOT format produced by evolve_output.pl 
 
X                 Y                 Z                 R                 DENSITY           TEMP              AV                TIME              CO                N2                CH4               NH3               H2S               HCP               H2O               C2H2              HCN               CS                SiC2              HCl               HF                C2H4              SiO               SiS               CN                C2H               C4H               C6H               HC3N              HC5N              HC7N              HCO+              CH                CH2               CH3               NH                NH2               SO                SO2               HS                HCNH+             NH4+              H2CO              H2CS              CH3CN             SiC               SiN               C                 N                 H                 O                 S                 Si                Cl                F                 P                 C+                N+                H+                O+                S+                Si+               Cl+               P+              
#  (CM)              (CM)              (CM)              (CM)              (CM-3)            (K)               (MAG)             (YR)              (wrt              Hnuc)           
 
-1.10282e+14  1.30740e+14  7.80059e+12  1.71219e+14  8.32700e+06  5.80500e+02  1.34600e+00  2.49300e+03  4.007e-04  1.999e-05  5.630e-08  3.437e-10  7.345e-09  7.404e-10  2.412e-06  2.359e-08  1.556e-05  1.826e-06  9.086e-06  1.625e-07  8.156e-09  2.085e-14  7.062e-07  1.592e-06  3.576e-10  6.589e-12  9.885e-10  1.897e-08  3.552e-07  2.038e-09  3.531e-09  3.574e-12  2.420e-13  9.120e-10  7.656e-10  3.047e-12  2.154e-12  3.166e-09  3.783e-12  1.047e-07  3.057e-11  1.364e-13  6.533e-12  3.147e-08  4.893e-10  4.372e-07  1.052e-08  5.468e-09  1.153e-09  8.095e-06  1.408e-09  2.027e-06  2.266e-06  1.225e-11  4.172e-14  6.857e-09  2.529e-14  1.317e-41  1.851e-18  2.092e-27  2.412e-10  3.110e-08  1.283e-21  6.573e-12
-1.70947e+14  1.52186e+14  1.13800e+13  2.29156e+14  3.32000e+06  4.18600e+02  9.40800e-01  2.49400e+03  4.007e-04  1.999e-05  5.595e-08  3.394e-10  7.209e-09  7.374e-10  2.407e-06  3.296e-08  1.558e-05  1.818e-06  9.079e-06  1.622e-07  8.166e-09  2.621e-14  7.011e-07  1.591e-06  1.067e-08  9.979e-11  9.974e-10  2.313e-08  3.452e-07  2.022e-09  3.735e-09  1.528e-11  3.617e-12  1.890e-09  7.502e-10  3.596e-12  4.334e-12  3.174e-09  3.850e-12  9.938e-08  9.506e-11  1.440e-13  6.579e-12  3.122e-08  4.869e-10  4.375e-07  1.050e-08  1.361e-08  1.681e-09  8.359e-06  8.789e-09  2.050e-06  2.255e-06  2.481e-10  1.192e-13  6.854e-09  5.998e-13  1.977e-40  2.663e-17  1.567e-25  1.583e-09  5.847e-08  3.296e-19  2.428e-11
-2.27600e+14  1.71502e+14  1.43854e+13  2.85344e+14  2.64600e+06  5.37600e+02  7.54700e-01  2.49600e+03  4.007e-04  1.999e-05  5.538e-08  3.340e-10  6.994e-09  7.330e-10  2.409e-06  4.817e-08  1.562e-05  1.805e-06  9.067e-06  1.624e-07  8.165e-09  3.765e-14  6.929e-07  1.588e-06  6.767e-09  9.096e-11  1.022e-09  2.936e-08  3.299e-07  2.000e-09  3.799e-09  2.888e-11  2.767e-12  3.669e-09  8.458e-10  4.502e-12  7.022e-12  3.153e-09  3.857e-12  9.660e-08  1.560e-10  1.548e-13  6.797e-12  3.086e-08  4.886e-10  4.380e-07  1.046e-08  2.730e-08  2.679e-09  8.844e-06  1.778e-08  2.080e-06  2.246e-06  1.225e-10  1.403e-13  6.850e-09  2.808e-12  1.092e-39  9.032e-17  1.338e-24  3.572e-09  9.691e-08  4.297e-19  5.175e-11
-2.76508e+14  1.87517e+14  1.55858e+13  3.34458e+14  2.72000e+06  6.39900e+02  7.13700e-01  2.49700e+03  4.007e-04  1.999e-05  5.477e-08  3.295e-10  6.892e-09  7.284e-10  2.424e-06  6.338e-08  1.566e-05  1.791e-06  9.054e-06  1.624e-07  8.149e-09  5.985e-14  6.847e-07  1.584e-06  3.469e-09  5.860e-11  1.080e-09  3.567e-08  3.143e-07  1.979e-09  3.795e-09  3.204e-11  1.901e-12  5.015e-09  1.606e-09  5.496e-12  8.283e-12  3.124e-09  3.842e-12  1.074e-07  1.694e-10  1.456e-13  7.204e-12  3.051e-08  5.034e-10  4.384e-07  1.041e-08  3.957e-08  3.771e-09  9.416e-06  1.386e-08  2.100e-06  2.252e-06  6.116e-11  1.428e-13  6.852e-09  3.753e-12  2.721e-39  2.679e-16  3.218e-24  4.367e-09  1.222e-07  2.460e-19  7.339e-11
-3.17516e+14  2.00723e+14  1.50365e+13  3.75942e+14  2.52600e+06  6.27200e+02  6.90700e-01  2.49900e+03  4.006e-04  1.999e-05  5.413e-08  3.246e-10  6.752e-09  7.237e-10  2.434e-06  7.777e-08  1.569e-05  1.778e-06  9.040e-06  1.624e-07  8.132e-09  8.794e-14  6.764e-07  1.581e-06  4.292e-09  6.887e-11  1.182e-09  4.212e-08  2.989e-07  1.959e-09  3.797e-09  3.518e-11  2.501e-12  6.425e-09  2.295e-09  6.497e-12  9.711e-12  3.084e-09  3.821e-12  1.137e-07  1.847e-10  1.454e-13  7.754e-12  3.018e-08  5.274e-10  4.388e-07  1.037e-08  5.100e-08  4.920e-09  1.000e-05  1.567e-08  2.125e-06  2.269e-06  7.415e-11  1.640e-13  6.858e-09  5.819e-12  6.190e-39  2.723e-16  4.153e-24  4.889e-09  1.368e-07  3.519e-19  9.160e-11
-3.52076e+14  2.12017e+14  1.34104e+13  4.11204e+14  2.10700e+06  5.75000e+02  6.51900e-01  2.50100e+03  4.006e-04  1.998e-05  5.342e-08  3.186e-10  6.517e-09  7.186e-10  2.437e-06  9.238e-08  1.572e-05  1.763e-06  9.025e-06  1.623e-07  8.119e-09  1.193e-13  6.671e-07  1.577e-06  8.178e-09  1.121e-10  1.324e-09  4.909e-08  2.824e-07  1.937e-09  3.833e-09  4.289e-11  4.534e-12  8.456e-09  2.543e-09  7.593e-12  1.220e-11  3.054e-09  3.807e-12  1.122e-07  2.251e-10  1.579e-13  8.601e-12  2.982e-08  5.579e-10  4.393e-07  1.032e-08  6.502e-08  6.279e-09  1.063e-05  2.563e-08  2.160e-06  2.289e-06  1.363e-10  2.028e-13  6.863e-09  1.123e-11  1.548e-38  2.293e-16  7.074e-24  6.002e-09  1.520e-07  9.057e-19  1.136e-10
-3.81081e+14  2.21490e+14  1.15003e+13  4.40923e+14  1.69700e+06  5.24200e+02  6.13500e-01  2.50200e+03  4.006e-04  1.998e-05  5.264e-08  3.118e-10  6.251e-09  7.131e-10  2.436e-06  1.074e-07  1.575e-05  1.746e-06  9.007e-06  1.622e-07  8.110e-09  1.555e-13  6.567e-07  1.573e-06  1.671e-08  1.916e-10  1.500e-09  5.660e-08  2.651e-07  1.914e-09  3.932e-09  5.379e-11  8.734e-12  1.093e-08  2.622e-09  8.785e-12  1.544e-11  3.050e-09  3.812e-12  1.090e-07  2.804e-10  1.741e-13  9.880e-12  2.942e-08  5.970e-10  4.400e-07  1.026e-08  8.276e-08  7.923e-09  1.132e-05  4.148e-08  2.200e-06  2.309e-06  2.740e-10  2.558e-13  6.866e-09  2.095e-11  3.883e-38  2.788e-16  1.726e-23  7.632e-09  1.704e-07  2.637e-18  1.413e-10
-4.06692e+14  2.29235e+14  1.00408e+13  4.66956e+14  1.41700e+06  4.89700e+02  5.71900e-01  2.50400e+03  4.006e-04  1.998e-05  5.177e-08  3.045e-10  5.971e-09  7.071e-10  2.432e-06  1.228e-07  1.577e-05  1.727e-06  8.987e-06  1.620e-07  8.102e-09  1.999e-13  6.451e-07  1.569e-06  3.005e-08  2.971e-10  1.710e-09  6.469e-08  2.470e-07  1.889e-09  4.111e-09  6.611e-11  1.535e-11  1.376e-08  2.680e-09  1.010e-11  1.914e-11  3.079e-09  3.843e-12  1.057e-07  3.453e-10  1.906e-13  1.171e-11  2.898e-08  6.495e-10  4.408e-07  1.019e-08  1.051e-07  9.954e-09  1.209e-05  6.224e-08  2.243e-06  2.331e-06  4.889e-10  3.142e-13  6.866e-09  3.628e-11  9.295e-38  3.908e-16  4.748e-23  9.639e-09  1.910e-07  6.653e-18  1.746e-10
-4.30143e+14  2.35591e+14  9.29715e+12  4.90523e+14  1.24300e+06  4.67700e+02  5.43500e-01  2.50500e+03  4.006e-04  1.998e-05  5.086e-08  2.970e-10  5.686e-09  7.009e-10  2.427e-06  1.378e-07  1.580e-05  1.707e-06  8.965e-06  1.617e-07  8.092e-09  2.545e-13  6.329e-07  1.564e-06  4.530e-08  4.002e-10  1.960e-09  7.317e-08  2.290e-07  1.863e-09  4.366e-09  7.670e-11  2.357e-11  1.681e-08  2.751e-09  1.152e-11  2.304e-11  3.147e-09  3.903e-12  1.027e-07  4.062e-10  2.025e-13  1.423e-11  2.852e-08  7.183e-10  4.420e-07  1.012e-08  1.304e-07  1.231e-08  1.291e-05  8.613e-08  2.289e-06  2.358e-06  7.376e-10  3.663e-13  6.867e-09  5.549e-11  1.976e-37  5.150e-16  1.201e-22  1.152e-08  2.095e-07  1.281e-17  2.103e-10
-4.52669e+14  2.41022e+14  9.19840e+12  5.12919e+14  1.11700e+06  4.49700e+02  5.20400e-01  2.50700e+03  4.006e-04  1.998e-05  4.991e-08  2.893e-10  5.400e-09  6.944e-10  2.420e-06  1.521e-07  1.582e-05  1.686e-06  8.941e-06  1.614e-07  8.082e-09  3.206e-13  6.203e-07  1.559e-06  6.396e-08  5.109e-10  2.252e-09  8.195e-08  2.114e-07  1.837e-09  4.701e-09  8.679e-11  3.432e-11  2.000e-08  2.839e-09  1.306e-11  2.704e-11  3.255e-09  4.000e-12  9.993e-08  4.685e-10  2.131e-13  1.752e-11  2.804e-08  8.049e-10  4.433e-07  1.004e-08  1.583e-07  1.498e-08  1.377e-05  1.128e-07  2.337e-06  2.390e-06  1.047e-09  4.167e-13  6.867e-09  7.960e-11  3.907e-37  6.545e-16  2.815e-22  1.329e-08  2.258e-07  2.222e-17  2.473e-10
-4.74577e+14  2.45929e+14  9.57794e+12  5.34599e+14  1.00500e+06  4.32300e+02  4.94800e-01  2.50800e+03  4.006e-04  1.998e-05  4.891e-08  2.814e-10  5.112e-09  6.877e-10  2.411e-06  1.658e-07  1.583e-05  1.664e-06  8.916e-06  1.610e-07  8.073e-09  3.996e-13  6.071e-07  1.554e-06  9.076e-08  6.547e-10  2.579e-09  9.104e-08  1.942e-07  1.811e-09  5.135e-09  9.843e-11  5.002e-11  2.334e-08  2.953e-09  1.476e-11  3.116e-11  3.398e-09  4.141e-12  9.729e-08  5.412e-10  2.249e-13  2.164e-11  2.755e-08  9.106e-10  4.449e-07  9.953e-09  1.901e-07  1.808e-08  1.469e-05  1.432e-07  2.386e-06  2.425e-06  1.492e-09  4.742e-13  6.867e-09  1.131e-10  7.594e-37  8.385e-16  6.401e-22  1.525e-08  2.423e-07  3.898e-17  2.870e-10
-4.96794e+14  2.50495e+14  1.01735e+13  5.56467e+14  9.29600e+05  4.32500e+02  4.68000e-01  2.51000e+03  4.006e-04  1.998e-05  4.786e-08  2.735e-10  4.822e-09  6.807e-10  2.404e-06  1.790e-07  1.585e-05  1.641e-06  8.888e-06  1.608e-07  8.066e-09  4.927e-13  5.933e-07  1.549e-06  1.047e-07  7.310e-10  2.929e-09  1.004e-07  1.776e-07  1.784e-09  5.598e-09  1.114e-10  6.013e-11  2.686e-08  3.100e-09  1.669e-11  3.530e-11  3.569e-09  4.317e-12  9.479e-08  6.252e-10  2.379e-13  2.674e-11  2.704e-08  1.038e-09  4.468e-07  9.862e-09  2.265e-07  2.167e-08  1.569e-05  1.773e-07  2.437e-06  2.461e-06  1.692e-09  5.112e-13  6.867e-09  1.577e-10  1.411e-36  1.055e-15  1.358e-21  1.741e-08  2.598e-07  5.320e-17  3.294e-10
-5.19937e+14  2.55124e+14  1.06672e+13  5.79255e+14  9.76500e+05  5.85300e+02  4.40900e-01  2.51200e+03  4.006e-04  1.998e-05  4.677e-08  2.675e-10  4.534e-09  6.733e-10  2.451e-06  1.926e-07  1.597e-05  1.617e-06  8.857e-06  1.621e-07  8.068e-09  6.132e-13  5.787e-07  1.543e-06  2.757e-08  3.071e-10  3.201e-09  1.098e-07  1.615e-07  1.758e-09  5.622e-09  1.278e-10  2.115e-11  2.988e-08  3.954e-09  1.928e-11  3.751e-11  3.679e-09  4.359e-12  9.420e-08  7.469e-10  2.654e-13  3.301e-11  2.654e-08  1.218e-09  4.491e-07  9.767e-09  2.665e-07  2.563e-08  1.693e-05  1.811e-07  2.488e-06  2.496e-06  3.918e-10  3.857e-13  6.871e-09  1.848e-10  2.179e-36  1.777e-15  1.997e-21  1.983e-08  2.833e-07  1.307e-17  3.704e-10
-5.48633e+14  2.60987e+14  1.10097e+13  6.07646e+14  1.14100e+06  9.62700e+02  4.11100e-01  2.51300e+03  4.005e-04  1.998e-05  5.456e-08  2.925e-10  2.196e-08  6.658e-10  2.690e-06  2.061e-07  1.604e-05  1.594e-06  8.827e-06  1.624e-07  8.083e-09  8.930e-13  5.632e-07  1.537e-06  3.529e-09  7.026e-11  3.336e-09  1.184e-07  1.465e-07  1.734e-09  5.491e-09  1.337e-10  1.807e-11  1.581e-08  4.052e-08  2.195e-11  1.967e-11  3.494e-09  4.291e-12  6.159e-07  1.138e-09  3.065e-13  3.529e-11  2.644e-08  1.611e-09  4.493e-07  9.678e-09  2.823e-07  3.022e-08  1.926e-05  8.083e-09  1.999e-06  2.527e-06  5.859e-11  2.612e-13  6.883e-09  4.163e-11  2.921e-36  1.148e-13  1.326e-21  1.908e-08  3.132e-07  1.883e-18  4.037e-10
-5.84736e+14  2.69349e+14  1.13522e+13  6.43890e+14  1.26300e+06  1.26400e+03  3.92600e-01  2.51500e+03  4.005e-04  1.997e-05  2.955e-07  9.299e-10  6.508e-07  6.587e-10  2.765e-06  2.194e-07  1.609e-05  1.566e-06  8.796e-06  1.624e-07  8.099e-09  1.695e-12  5.477e-07  1.533e-06  1.252e-09  3.131e-11  3.429e-09  1.195e-07  1.331e-07  1.717e-09  5.347e-09  1.381e-10  4.018e-11  1.224e-08  8.422e-08  2.652e-10  1.773e-10  3.220e-09  4.147e-12  1.860e-06  3.273e-09  8.406e-13  3.408e-11  2.636e-08  2.026e-09  4.502e-07  9.596e-09  6.920e-08  3.397e-08  2.433e-05  1.834e-09  1.891e-07  2.561e-06  2.785e-11  2.245e-13  6.905e-09  3.510e-12  4.077e-35  6.757e-14  3.083e-22  3.429e-09  3.381e-07  8.707e-19  4.243e-10
-6.26393e+14  2.79871e+14  1.19200e+13  6.86176e+14  1.31800e+06  1.38700e+03  3.71000e-01  2.51600e+03  4.004e-04  1.997e-05  5.095e-07  4.476e-09  1.579e-06  6.545e-10  2.846e-06  2.324e-07  1.613e-05  1.532e-06  8.763e-06  1.624e-07  8.121e-09  2.761e-12  5.320e-07  1.530e-06  9.212e-10  2.442e-11  3.530e-09  1.141e-07  1.211e-07  1.703e-09  5.200e-09  1.421e-10  2.518e-11  5.465e-09  2.688e-08  5.906e-10  4.523e-10  2.942e-09  3.999e-12  1.154e-06  4.034e-09  3.664e-12  3.121e-11  2.571e-08  2.149e-09  4.514e-07  9.516e-09  2.164e-08  3.538e-08  2.777e-05  1.271e-09  3.535e-08  2.593e-06  2.348e-11  2.306e-13  6.934e-09  8.207e-13  9.792e-35  4.374e-15  1.668e-22  1.673e-10  3.673e-07  7.670e-19  4.318e-10
-6.70209e+14  2.90979e+14  1.32190e+13  7.30770e+14  1.31300e+06  1.37900e+03  3.59500e-01  2.51800e+03  4.003e-04  1.997e-05  6.175e-07  8.432e-09  1.963e-06  6.530e-10  2.931e-06  2.446e-07  1.618e-05  1.498e-06  8.729e-06  1.624e-07  8.147e-09  3.391e-12  5.168e-07  1.526e-06  9.728e-10  2.547e-11  3.668e-09  1.061e-07  1.106e-07  1.691e-09  5.054e-09  1.412e-10  2.689e-11  5.992e-09  2.763e-08  6.017e-10  4.692e-10  2.678e-09  3.853e-12  8.350e-07  4.363e-09  6.689e-12  2.825e-11  2.503e-08  2.138e-09  4.521e-07  9.448e-09  2.398e-08  3.749e-08  3.041e-05  1.412e-09  3.557e-08  2.626e-06  2.481e-11  2.493e-13  6.965e-09  9.656e-13  1.151e-34  2.057e-15  1.543e-22  9.514e-11  3.972e-07  8.521e-19  4.338e-10
-7.14643e+14  3.01934e+14  1.53327e+13  7.75960e+14  1.24000e+06  1.31000e+03  3.50800e-01  2.52000e+03  4.002e-04  1.996e-05  7.031e-07  1.069e-08  2.036e-06  6.527e-10  3.020e-06  2.558e-07  1.622e-05  1.464e-06  8.695e-06  1.624e-07  8.168e-09  4.095e-12  5.020e-07  1.523e-06  1.256e-09  3.150e-11  3.847e-09  9.851e-08  1.015e-07  1.678e-09  4.911e-09  1.436e-10  3.120e-11  8.316e-09  3.875e-08  4.592e-10  3.631e-10  2.434e-09  3.710e-12  8.087e-07  4.334e-09  8.077e-12  2.597e-11  2.437e-08  2.135e-09  4.528e-07  9.394e-09  3.970e-08  4.193e-08  3.277e-05  2.032e-09  5.459e-08  2.656e-06  2.968e-11  2.774e-13  6.992e-09  2.060e-12  1.189e-34  3.579e-15  1.650e-22  1.873e-10  4.294e-07  1.118e-18  4.395e-10
-7.58460e+14  3.12888e+14  1.76532e+13  8.20653e+14  1.14200e+06  1.23900e+03  3.39300e-01  2.52100e+03  4.002e-04  1.996e-05  7.742e-07  1.176e-08  1.991e-06  6.527e-10  3.114e-06  2.666e-07  1.626e-05  1.429e-06  8.659e-06  1.624e-07  8.182e-09  5.147e-12  4.874e-07  1.519e-06  1.707e-09  4.086e-11  4.052e-09  9.256e-08  9.338e-08  1.663e-09  4.771e-09  1.495e-10  3.603e-11  1.174e-08  5.403e-08  3.480e-10  2.940e-10  2.215e-09  3.570e-12  8.837e-07  4.036e-09  8.451e-12  2.465e-11  2.372e-08  2.174e-09  4.538e-07  9.349e-09  6.874e-08  4.795e-08  3.505e-05  3.158e-09  8.927e-08  2.682e-06  3.686e-11  3.126e-13  7.012e-09  4.867e-12  1.313e-34  6.899e-15  2.078e-22  4.049e-10  4.661e-07  1.578e-18  4.530e-10
-8.00733e+14  3.24613e+14  1.95725e+13  8.64252e+14  1.03600e+06  1.16800e+03  3.27500e-01  2.52300e+03  4.001e-04  1.996e-05  8.275e-07  1.218e-08  1.889e-06  6.528e-10  3.215e-06  2.770e-07  1.630e-05  1.396e-06  8.622e-06  1.624e-07  8.191e-09  6.699e-12  4.730e-07  1.516e-06  2.388e-09  5.446e-11  4.273e-09  8.876e-08  8.607e-08  1.647e-09  4.634e-09  1.577e-10  3.921e-11  1.595e-08  7.193e-08  2.737e-10  2.668e-10  2.024e-09  3.434e-12  9.932e-07  3.669e-09  8.425e-12  2.469e-11  2.312e-08  2.274e-09  4.550e-07  9.307e-09  1.155e-07  5.506e-08  3.728e-05  5.120e-09  1.453e-07  2.704e-06  4.708e-11  3.549e-13  7.024e-09  1.155e-11  1.545e-34  1.275e-14  3.120e-22  8.496e-10  5.066e-07  2.330e-18  4.750e-10
-8.42081e+14  3.36647e+14  2.08808e+13  9.07121e+14  9.18800e+05  1.10000e+03  3.25000e-01  2.52400e+03  4.000e-04  1.995e-05  8.607e-07  1.227e-08  1.759e-06  6.527e-10  3.316e-06  2.871e-07  1.633e-05  1.363e-06  8.585e-06  1.624e-07  8.197e-09  8.771e-12  4.591e-07  1.512e-06  3.359e-09  7.303e-11  4.503e-09  8.716e-08  7.954e-08  1.628e-09  4.503e-09  1.670e-10  3.869e-11  2.023e-08  9.018e-08  2.363e-10  2.762e-10  1.871e-09  3.304e-12  1.104e-06  3.293e-09  8.212e-12  2.665e-11  2.258e-08  2.449e-09  4.565e-07  9.267e-09  1.769e-07  6.245e-08  3.941e-05  8.066e-09  2.254e-07  2.725e-06  6.121e-11  4.027e-13  7.030e-09  2.511e-11  1.954e-34  2.107e-14  5.188e-22  1.632e-09  5.477e-07  3.450e-18  5.036e-10
-8.82504e+14  3.48990e+14  2.16028e+13  9.49249e+14  8.09800e+05  1.04200e+03  3.23200e-01  2.52600e+03  3.999e-04  1.995e-05  8.771e-07  1.220e-08  1.621e-06  6.522e-10  3.414e-06  2.968e-07  1.637e-05  1.332e-06  8.547e-06  1.624e-07  8.200e-09  1.128e-11  4.457e-07  1.508e-06  4.667e-09  9.712e-11  4.732e-09  8.752e-08  7.362e-08  1.609e-09  4.379e-09  1.784e-10  3.748e-11  2.508e-08  1.078e-07  2.310e-10  3.145e-10  1.760e-09  3.181e-12  1.199e-06  2.974e-09  8.056e-12  3.114e-11  2.212e-08  2.701e-09  4.582e-07  9.225e-09  2.497e-07  6.995e-08  4.147e-05  1.246e-08  3.261e-07  2.744e-06  7.965e-11  4.540e-13  7.031e-09  4.981e-11  2.744e-34  3.157e-14  9.050e-22  2.850e-09  5.895e-07  5.130e-18  5.382e-10
-9.22618e+14  3.61950e+14  2.18682e+13  9.91317e+14  7.21600e+05  9.94700e+02  3.23100e-01  2.52800e+03  3.998e-04  1.994e-05  8.819e-07  1.205e-08  1.486e-06  6.515e-10  3.510e-06  3.062e-07  1.641e-05  1.302e-06  8.509e-06  1.623e-07  8.202e-09  1.412e-11  4.329e-07  1.504e-06  6.209e-09  1.246e-10  4.958e-09  8.928e-08  6.827e-08  1.588e-09  4.262e-09  1.896e-10  3.720e-11  3.068e-08  1.244e-07  2.468e-10  3.709e-10  1.692e-09  3.065e-12  1.276e-06  2.701e-09  7.899e-12  3.865e-11  2.175e-08  3.026e-09  4.602e-07  9.183e-09  3.280e-07  7.741e-08  4.346e-05  1.808e-08  4.407e-07  2.764e-06  1.010e-10  5.051e-13  7.027e-09  8.796e-11  4.052e-34  4.280e-14  1.503e-21  4.512e-09  6.294e-07  7.301e-18  5.767e-10
-9.63040e+14  3.74601e+14  2.19021e+13  1.03356e+15  6.54300e+05  9.54400e+02  3.21100e-01  2.52900e+03  3.997e-04  1.994e-05  8.786e-07  1.187e-08  1.357e-06  6.505e-10  3.603e-06  3.154e-07  1.644e-05  1.274e-06  8.471e-06  1.623e-07  8.203e-09  1.718e-11  4.206e-07  1.500e-06  8.023e-09  1.559e-10  5.184e-09  9.197e-08  6.342e-08  1.568e-09  4.152e-09  2.003e-10  3.819e-11  3.721e-08  1.398e-07  2.770e-10  4.406e-10  1.668e-09  2.955e-12  1.333e-06  2.478e-09  7.763e-12  4.997e-11  2.148e-08  3.422e-09  4.624e-07  9.139e-09  4.104e-07  8.494e-08  4.541e-05  2.550e-08  5.659e-07  2.787e-06  1.254e-10  5.558e-13  7.021e-09  1.437e-10  6.096e-34  5.294e-14  2.364e-21  6.620e-09  6.668e-07  1.008e-17  6.178e-10
-1.00346e+15  3.86635e+14  2.19515e+13  1.07560e+15  5.99900e+05  9.14500e+02  3.16000e-01  2.53100e+03  3.996e-04  1.994e-05  8.686e-07  1.165e-08  1.235e-06  6.492e-10  3.696e-06  3.244e-07  1.647e-05  1.247e-06  8.432e-06  1.623e-07  8.204e-09  2.036e-11  4.086e-07  1.496e-06  1.040e-08  1.952e-10  5.413e-09  9.534e-08  5.898e-08  1.547e-09  4.049e-09  2.118e-10  4.067e-11  4.531e-08  1.536e-07  3.202e-10  5.253e-10  1.697e-09  2.853e-12  1.370e-06  2.295e-09  7.666e-12  6.660e-11  2.132e-08  3.883e-09  4.648e-07  9.093e-09  4.988e-07  9.272e-08  4.735e-05  3.662e-08  7.020e-07  2.811e-06  1.563e-10  6.092e-13  7.012e-09  2.290e-10  9.312e-34  5.942e-14  3.602e-21  9.218e-09  7.022e-07  1.399e-17  6.616e-10
-1.04450e+15  3.98052e+14  2.22477e+13  1.11800e+15  5.48800e+05  8.71100e+02  3.16000e-01  2.53200e+03  3.995e-04  1.993e-05  8.532e-07  1.140e-08  1.122e-06  6.476e-10  3.782e-06  3.332e-07  1.651e-05  1.222e-06  8.393e-06  1.622e-07  8.204e-09  2.350e-11  3.973e-07  1.491e-06  1.367e-08  2.462e-10  5.652e-09  9.913e-08  5.495e-08  1.527e-09  3.954e-09  2.238e-10  4.556e-11  5.566e-08  1.649e-07  3.754e-10  6.267e-10  1.787e-09  2.761e-12  1.388e-06  2.124e-09  7.499e-12  8.999e-11  2.126e-08  4.396e-09  4.674e-07  9.047e-09  5.882e-07  1.004e-07  4.925e-05  5.203e-08  8.467e-07  2.838e-06  1.986e-10  6.673e-13  7.001e-09  3.562e-10  1.412e-33  5.871e-14  5.121e-21  1.223e-08  7.341e-07  1.942e-17  7.064e-10
-1.08554e+15  4.08852e+14  2.30284e+13  1.16021e+15  4.95400e+05  8.23000e+02  3.17100e-01  2.53400e+03  3.994e-04  1.993e-05  8.336e-07  1.111e-08  1.019e-06  6.457e-10  3.856e-06  3.418e-07  1.653e-05  1.198e-06  8.354e-06  1.621e-07  8.204e-09  2.639e-11  3.864e-07  1.487e-06  1.879e-08  3.213e-10  5.896e-09  1.033e-07  5.125e-08  1.507e-09  3.872e-09  2.406e-10  5.599e-11  6.938e-08  1.730e-07  4.420e-10  7.489e-10  1.949e-09  2.681e-12  1.388e-06  1.984e-09  7.373e-12  1.220e-10  2.128e-08  4.938e-09  4.702e-07  8.998e-09  6.776e-07  1.081e-07  5.109e-05  7.565e-08  9.969e-07  2.866e-06  2.637e-10  7.356e-13  6.988e-09  5.596e-10  2.152e-33  5.176e-14  7.132e-21  1.568e-08  7.648e-07  2.846e-17  7.533e-10
-1.12720e+15  4.19652e+14  2.44787e+13  1.20303e+15  4.40200e+05  7.73000e+02  3.14300e-01  2.53600e+03  3.994e-04  1.992e-05  8.111e-07  1.080e-08  9.253e-07  6.432e-10  3.916e-06  3.503e-07  1.656e-05  1.175e-06  8.314e-06  1.620e-07  8.204e-09  2.888e-11  3.757e-07  1.482e-06  2.718e-08  4.372e-10  6.132e-09  1.079e-07  4.775e-08  1.486e-09  3.804e-09  2.667e-10  7.601e-11  8.701e-08  1.778e-07  5.181e-10  8.939e-10  2.198e-09  2.617e-12  1.374e-06  1.891e-09  7.357e-12  1.651e-10  2.134e-08  5.492e-09  4.731e-07  8.943e-09  7.701e-07  1.159e-07  5.291e-05  1.123e-07  1.148e-06  2.891e-06  3.688e-10  8.195e-13  6.972e-09  8.932e-10  3.331e-33  4.354e-14  1.028e-20  1.973e-08  7.983e-07  4.527e-17  8.052e-10
-1.16885e+15  4.30143e+14  2.66726e+13  1.24578e+15  3.86900e+05  7.24800e+02  3.15200e-01  2.53700e+03  3.993e-04  1.992e-05  7.875e-07  1.047e-08  8.417e-07  6.402e-10  3.960e-06  3.589e-07  1.658e-05  1.152e-06  8.274e-06  1.618e-07  8.203e-09  3.093e-11  3.654e-07  1.477e-06  3.980e-08  5.999e-10  6.359e-09  1.129e-07  4.444e-08  1.464e-09  3.754e-09  2.988e-10  1.081e-10  1.075e-07  1.799e-07  5.997e-10  1.055e-09  2.540e-09  2.575e-12  1.354e-06  1.813e-09  7.301e-12  2.204e-10  2.142e-08  6.041e-09  4.760e-07  8.883e-09  8.627e-07  1.238e-07  5.469e-05  1.603e-07  1.296e-06  2.914e-06  5.274e-10  9.171e-13  6.952e-09  1.367e-09  5.079e-33  3.784e-14  1.517e-20  2.427e-08  8.337e-07  7.339e-17  8.613e-10
-1.21051e+15  4.40635e+14  2.95392e+13  1.28855e+15  3.39000e+05  6.80800e+02  3.10400e-01  2.53900e+03  3.992e-04  1.992e-05  7.634e-07  1.013e-08  7.661e-07  6.366e-10  3.990e-06  3.678e-07  1.660e-05  1.130e-06  8.233e-06  1.616e-07  8.203e-09  3.252e-11  3.551e-07  1.472e-06  5.920e-08  8.345e-10  6.564e-09  1.183e-07  4.126e-08  1.442e-09  3.728e-09  3.405e-10  1.563e-10  1.298e-07  1.801e-07  6.853e-10  1.229e-09  2.969e-09  2.558e-12  1.329e-06  1.766e-09  7.330e-12  2.878e-10  2.149e-08  6.577e-09  4.791e-07  8.816e-09  9.605e-07  1.321e-07  5.646e-05  2.227e-07  1.439e-06  2.934e-06  7.683e-10  1.032e-12  6.927e-09  2.027e-09  7.757e-33  3.801e-14  2.400e-20  2.950e-08  8.737e-07  1.244e-16  9.238e-10
-1.25186e+15  4.51126e+14  3.28933e+13  1.33107e+15  2.98100e+05  6.42200e+02  3.03400e-01  2.54000e+03  3.991e-04  1.991e-05  7.391e-07  9.781e-09  6.972e-07  6.324e-10  4.007e-06  3.770e-07  1.660e-05  1.107e-06  8.191e-06  1.612e-07  8.202e-09  3.371e-11  3.450e-07  1.466e-06  8.704e-08  1.151e-09  6.747e-09  1.240e-07  3.820e-08  1.420e-09  3.729e-09  3.885e-10  2.235e-10  1.532e-07  1.792e-07  7.739e-10  1.409e-09  3.478e-09  2.576e-12  1.302e-06  1.734e-09  7.349e-12  3.671e-10  2.153e-08  7.101e-09  4.823e-07  8.741e-09  1.065e-06  1.409e-07  5.823e-05  2.989e-07  1.577e-06  2.951e-06  1.113e-09  1.161e-12  6.898e-09  2.865e-09  1.172e-32  4.449e-14  3.977e-20  3.545e-08  9.177e-07  2.108e-16  9.929e-10
-1.29352e+15  4.61926e+14  3.64110e+13  1.37400e+15  2.64300e+05  6.08500e+02  2.97500e-01  2.54200e+03  3.990e-04  1.991e-05  7.151e-07  9.430e-09  6.344e-07  6.278e-10  4.014e-06  3.866e-07  1.660e-05  1.085e-06  8.148e-06  1.607e-07  8.202e-09  3.458e-11  3.349e-07  1.461e-06  1.245e-07  1.555e-09  6.910e-09  1.299e-07  3.531e-08  1.397e-09  3.760e-09  4.389e-10  3.131e-10  1.767e-07  1.778e-07  8.644e-10  1.591e-09  4.055e-09  2.638e-12  1.274e-06  1.698e-09  7.294e-12  4.571e-10  2.154e-08  7.619e-09  4.856e-07  8.659e-09  1.176e-06  1.504e-07  6.001e-05  3.861e-07  1.709e-06  2.967e-06  1.580e-09  1.301e-12  6.866e-09  3.849e-09  1.733e-32  5.670e-14  6.684e-20  4.197e-08  9.636e-07  3.456e-16  1.067e-09
-1.33486e+15  4.73034e+14  3.99287e+13  1.41676e+15  2.36500e+05  5.78800e+02  2.90000e-01  2.54400e+03  3.989e-04  1.990e-05  6.912e-07  9.080e-09  5.768e-07  6.228e-10  4.011e-06  3.965e-07  1.659e-05  1.063e-06  8.105e-06  1.601e-07  8.201e-09  3.519e-11  3.249e-07  1.455e-06  1.743e-07  2.069e-09  7.056e-09  1.360e-07  3.260e-08  1.373e-09  3.827e-09  4.922e-10  4.308e-10  2.001e-07  1.762e-07  9.567e-10  1.771e-09  4.684e-09  2.755e-12  1.246e-06  1.664e-09  7.214e-12  5.563e-10  2.152e-08  8.132e-09  4.890e-07  8.571e-09  1.294e-06  1.606e-07  6.180e-05  4.842e-07  1.836e-06  2.983e-06  2.202e-09  1.453e-12  6.829e-09  4.996e-09  2.528e-32  7.488e-14  1.129e-19  4.907e-08  1.011e-06  5.547e-16  1.147e-09
-1.37590e+15  4.84143e+14  4.31378e+13  1.45923e+15  2.13100e+05  5.52200e+02  2.83100e-01  2.54500e+03  3.988e-04  1.990e-05  6.677e-07  8.734e-09  5.239e-07  6.175e-10  3.999e-06  4.067e-07  1.656e-05  1.041e-06  8.060e-06  1.593e-07  8.200e-09  3.561e-11  3.151e-07  1.449e-06  2.381e-07  2.712e-09  7.189e-09  1.422e-07  3.009e-08  1.350e-09  3.934e-09  5.469e-10  5.837e-10  2.230e-07  1.747e-07  1.050e-09  1.947e-09  5.349e-09  2.940e-12  1.217e-06  1.627e-09  7.085e-12  6.634e-10  2.147e-08  8.646e-09  4.926e-07  8.479e-09  1.420e-06  1.715e-07  6.360e-05  5.916e-07  1.959e-06  3.000e-06  3.007e-09  1.618e-12  6.790e-09  6.299e-09  3.631e-32  9.900e-14  1.887e-19  5.667e-08  1.059e-06  8.641e-16  1.230e-09
-1.41663e+15  4.95868e+14  4.59457e+13  1.50162e+15  1.92900e+05  5.27700e+02  2.75300e-01  2.54700e+03  3.987e-04  1.989e-05  6.445e-07  8.393e-09  4.752e-07  6.118e-10  3.980e-06  4.172e-07  1.651e-05  1.019e-06  8.014e-06  1.582e-07  8.199e-09  3.587e-11  3.055e-07  1.443e-06  3.203e-07  3.533e-09  7.309e-09  1.485e-07  2.777e-08  1.326e-09  4.085e-09  6.044e-10  7.845e-10  2.454e-07  1.732e-07  1.146e-09  2.117e-09  6.030e-09  3.206e-12  1.188e-06  1.593e-09  6.943e-12  7.764e-10  2.139e-08  9.159e-09  4.962e-07  8.381e-09  1.554e-06  1.835e-07  6.540e-05  7.086e-07  2.077e-06  3.016e-06  4.048e-09  1.798e-12  6.748e-09  7.800e-09  5.183e-32  1.303e-13  3.120e-19  6.481e-08  1.108e-06  1.326e-15  1.318e-09
-1.45737e+15  5.07594e+14  4.82291e+13  1.54399e+15  1.74900e+05  5.04800e+02  2.69100e-01  2.54800e+03  3.986e-04  1.989e-05  6.217e-07  8.058e-09  4.305e-07  6.058e-10  3.953e-06  4.280e-07  1.645e-05  9.973e-07  7.967e-06  1.569e-07  8.198e-09  3.600e-11  2.960e-07  1.437e-06  4.234e-07  4.568e-09  7.419e-09  1.549e-07  2.566e-08  1.303e-09  4.286e-09  6.633e-10  1.048e-09  2.672e-07  1.720e-07  1.242e-09  2.280e-09  6.711e-09  3.565e-12  1.158e-06  1.556e-09  6.760e-12  8.935e-10  2.128e-08  9.671e-09  4.998e-07  8.280e-09  1.696e-06  1.966e-07  6.720e-05  8.331e-07  2.192e-06  3.034e-06  5.370e-09  1.995e-12  6.703e-09  9.490e-09  7.329e-32  1.692e-13  5.057e-19  7.339e-08  1.157e-06  1.989e-15  1.410e-09
