# Collapse Model Output 
 
# Crich/ev_output/ev_4075865.dat in GNUPLOT format produced by evolve_output.pl 
 
X                 Y                 Z                 R                 DENSITY           TEMP              AV                TIME              CO                N2                CH4               NH3               H2S               HCP               H2O               C2H2              HCN               CS                SiC2              HCl               HF                C2H4              SiO               SiS               CN                C2H               C4H               C6H               HC3N              HC5N              HC7N              HCO+              CH                CH2               CH3               NH                NH2               SO                SO2               HS                HCNH+             NH4+              H2CO              H2CS              CH3CN             SiC               SiN               C                 N                 H                 O                 S                 Si                Cl                F                 P                 C+                N+                H+                O+                S+                Si+               Cl+               P+              
#  (CM)              (CM)              (CM)              (CM)              (CM-3)            (K)               (MAG)             (YR)              (wrt              Hnuc)           
 
-7.07237e+13  8.72012e+13  -6.82860e+13  1.31411e+14  7.18400e+06  5.38700e+02  1.61700e+00  2.51300e+03  4.007e-04  2.000e-05  2.267e-07  1.208e-08  3.076e-09  2.318e-09  2.844e-06  2.974e-09  1.533e-05  2.418e-06  1.057e-05  1.625e-07  6.388e-09  2.232e-13  2.560e-07  2.223e-06  2.683e-10  4.462e-13  4.328e-09  4.048e-07  1.503e-08  7.646e-09  4.316e-09  2.493e-12  2.663e-13  1.475e-09  1.006e-09  7.330e-11  7.338e-11  1.840e-09  2.399e-12  5.455e-08  7.287e-11  5.180e-11  8.132e-12  6.654e-08  7.889e-10  3.202e-07  3.203e-09  7.712e-09  3.152e-10  4.454e-06  5.978e-10  1.971e-06  9.832e-07  1.098e-11  6.077e-15  3.281e-09  1.807e-14  1.613e-41  1.014e-18  5.655e-28  1.171e-10  5.481e-09  4.502e-22  2.435e-12
-6.43055e+13  1.00192e+14  -9.34035e+13  1.51320e+14  4.08400e+06  4.27600e+02  1.18400e+00  2.51500e+03  4.007e-04  2.000e-05  2.259e-07  1.201e-08  3.047e-09  2.313e-09  2.841e-06  3.351e-09  1.533e-05  2.412e-06  1.057e-05  1.624e-07  6.393e-09  2.396e-13  2.553e-07  2.222e-06  3.915e-09  3.416e-12  4.278e-09  4.055e-07  1.482e-08  7.609e-09  4.368e-09  8.558e-12  1.366e-12  2.129e-09  1.046e-09  8.406e-11  1.172e-10  1.851e-09  2.420e-12  5.245e-08  1.381e-10  5.201e-11  8.125e-12  6.619e-08  7.856e-10  3.203e-07  3.208e-09  1.494e-08  4.548e-10  4.581e-06  2.315e-09  1.982e-06  9.874e-07  1.160e-10  1.724e-14  3.288e-09  2.468e-13  1.678e-40  1.082e-17  1.748e-26  6.282e-10  1.143e-08  4.731e-20  6.713e-12
-4.72417e+13  1.10745e+14  -1.08863e+14  1.62319e+14  3.21800e+06  4.19300e+02  9.60000e-01  2.51600e+03  4.007e-04  2.000e-05  2.244e-07  1.190e-08  2.998e-09  2.303e-09  2.837e-06  4.048e-09  1.534e-05  2.402e-06  1.055e-05  1.623e-07  6.400e-09  2.796e-13  2.538e-07  2.219e-06  9.567e-09  7.116e-12  4.200e-09  4.069e-07  1.445e-08  7.551e-09  4.482e-09  1.614e-11  3.112e-12  3.441e-09  1.188e-09  1.034e-10  1.881e-10  1.876e-09  2.463e-12  5.105e-08  2.477e-10  5.276e-11  8.209e-12  6.565e-08  7.796e-10  3.205e-07  3.213e-09  2.789e-08  7.575e-10  4.834e-06  5.547e-09  2.000e-06  9.958e-07  2.432e-10  3.280e-14  3.301e-09  1.199e-12  1.143e-39  3.700e-17  1.665e-25  1.487e-09  2.061e-08  3.086e-19  1.461e-11
-2.39973e+13  1.18243e+14  -1.06116e+14  1.60680e+14  3.95900e+06  9.08000e+02  8.21400e-01  2.51800e+03  4.007e-04  2.000e-05  2.261e-07  1.206e-08  4.871e-08  2.291e-09  2.849e-06  5.048e-09  1.536e-05  2.388e-06  1.054e-05  1.625e-07  6.425e-09  3.999e-13  2.519e-07  2.216e-06  4.211e-10  8.805e-13  4.100e-09  4.082e-07  1.403e-08  7.484e-09  4.431e-09  2.388e-11  1.260e-12  1.594e-09  7.066e-09  5.055e-11  5.747e-11  1.828e-09  2.435e-12  7.745e-07  5.621e-10  5.430e-11  8.059e-12  6.516e-08  7.738e-10  3.205e-07  3.221e-09  3.746e-08  1.213e-09  6.079e-06  3.390e-10  1.243e-06  1.010e-06  1.059e-11  2.452e-14  3.321e-09  5.315e-13  1.378e-39  1.378e-15  4.385e-25  1.711e-09  3.129e-08  1.901e-20  2.430e-11
-1.43021e+13  1.27500e+14  -9.66743e+13  1.60645e+14  9.56800e+06  3.80900e+03  7.27800e-01  2.52000e+03  4.007e-04  2.000e-05  6.599e-10  8.957e-11  2.095e-09  2.278e-09  1.123e-06  8.529e-09  1.406e-05  2.335e-06  1.051e-05  7.626e-08  7.821e-09  3.430e-09  2.875e-07  2.214e-06  1.321e-06  2.893e-10  3.817e-09  2.869e-07  2.221e-08  7.934e-09  7.463e-09  2.408e-11  5.834e-08  4.500e-08  2.566e-08  5.014e-09  5.814e-10  3.349e-11  2.561e-12  1.863e-06  1.600e-09  4.523e-12  2.282e-14  6.761e-08  8.990e-10  3.341e-07  3.363e-09  4.704e-07  2.171e-08  4.915e-01  7.176e-07  1.691e-06  9.789e-07  8.623e-08  9.800e-14  3.367e-09  1.582e-11  1.552e-34  4.676e-14  3.725e-20  8.472e-10  4.705e-08  1.600e-16  2.700e-11
-2.34388e+13  1.50242e+14  -9.38663e+13  1.78698e+14  7.33300e+06  3.39900e+03  7.12900e-01  2.52100e+03  4.014e-04  2.002e-05  1.655e-12  4.443e-12  1.514e-10  2.242e-09  1.792e-07  1.431e-08  1.127e-05  2.175e-06  1.032e-05  2.992e-08  8.196e-09  8.802e-10  3.261e-07  2.210e-06  3.928e-06  1.643e-09  4.225e-09  2.086e-07  3.132e-08  8.172e-09  4.889e-08  1.296e-11  8.866e-09  1.660e-09  2.473e-10  4.207e-09  1.182e-10  2.130e-11  3.265e-12  5.371e-07  3.647e-10  1.226e-13  9.600e-16  6.767e-08  1.193e-09  4.890e-07  3.678e-09  3.997e-07  1.096e-07  7.892e-01  1.426e-06  3.185e-06  9.627e-07  1.326e-07  1.643e-13  3.505e-09  5.294e-11  6.254e-32  3.326e-13  4.572e-19  4.806e-09  7.454e-08  6.662e-16  3.796e-11
-4.19652e+13  1.86251e+14  -8.81270e+13  2.10279e+14  5.99000e+06  3.21400e+03  6.34600e-01  2.52300e+03  4.019e-04  2.009e-05  3.085e-13  1.621e-12  5.889e-11  2.207e-09  7.596e-08  1.836e-08  1.003e-05  2.072e-06  1.014e-05  2.166e-08  8.274e-09  1.389e-10  3.453e-07  2.202e-06  4.906e-06  2.821e-09  4.598e-09  1.439e-07  4.209e-08  8.344e-09  1.091e-07  1.361e-11  5.219e-09  6.487e-10  6.700e-11  3.465e-09  6.430e-11  1.300e-11  3.325e-12  3.123e-07  8.515e-11  6.502e-14  8.745e-16  6.677e-08  1.208e-09  6.233e-07  4.680e-09  4.174e-07  1.671e-07  8.451e-01  1.160e-06  3.520e-06  9.683e-07  1.408e-07  2.559e-13  3.639e-09  9.243e-11  4.315e-31  7.447e-13  8.142e-19  9.071e-09  1.122e-07  1.508e-15  5.541e-11
-7.27294e+13  2.28340e+14  -8.49487e+13  2.54254e+14  4.55300e+06  2.73800e+03  5.81000e-01  2.52400e+03  4.022e-04  2.013e-05  2.159e-13  8.225e-13  2.912e-11  2.182e-09  9.244e-08  2.300e-08  1.068e-05  2.003e-06  1.002e-05  2.258e-08  8.288e-09  4.084e-11  3.513e-07  2.193e-06  4.107e-06  2.399e-09  4.740e-09  9.798e-08  5.346e-08  8.457e-09  1.542e-07  1.631e-11  3.158e-09  3.789e-10  4.357e-11  1.841e-09  3.182e-11  1.523e-11  3.291e-12  1.615e-07  3.720e-11  2.938e-14  1.228e-15  6.581e-08  1.208e-09  6.969e-07  5.828e-09  4.410e-07  1.783e-07  8.358e-01  8.879e-07  3.747e-06  9.772e-07  1.399e-07  3.603e-13  3.735e-09  1.250e-10  3.225e-31  7.521e-13  6.295e-19  1.414e-08  1.586e-07  2.700e-15  7.794e-11
-1.08832e+14  2.73545e+14  -8.31899e+13  3.05928e+14  3.21900e+06  2.21700e+03  5.29700e-01  2.52600e+03  4.024e-04  2.015e-05  8.370e-14  2.178e-13  8.466e-12  2.160e-09  1.450e-07  2.895e-08  1.187e-05  1.954e-06  9.937e-06  2.302e-08  8.289e-09  2.363e-11  3.504e-07  2.182e-06  2.894e-06  1.540e-09  4.691e-09  7.013e-08  6.345e-08  8.493e-09  1.764e-07  2.115e-11  1.122e-09  1.209e-10  1.600e-11  5.695e-10  7.994e-12  2.664e-11  3.251e-12  5.747e-08  3.038e-11  8.607e-15  2.033e-15  6.473e-08  1.269e-09  7.344e-07  6.720e-09  4.003e-07  1.794e-07  8.275e-01  7.312e-07  3.907e-06  9.853e-07  1.395e-07  5.258e-13  3.806e-09  1.220e-10  1.376e-31  5.810e-13  3.982e-19  2.118e-08  2.119e-07  5.088e-15  1.072e-10
-1.42589e+14  3.20910e+14  -8.01659e+13  3.60197e+14  2.43200e+06  1.87700e+03  4.78100e-01  2.52800e+03  4.025e-04  2.016e-05  3.812e-14  5.898e-14  2.570e-12  2.137e-09  2.224e-07  3.611e-08  1.291e-05  1.913e-06  9.871e-06  2.312e-08  8.290e-09  1.826e-11  3.457e-07  2.169e-06  1.875e-06  9.454e-10  4.524e-09  5.323e-08  7.222e-08  8.476e-09  1.856e-07  2.630e-11  4.402e-10  4.221e-11  7.073e-12  1.813e-10  1.985e-12  4.948e-11  3.212e-12  2.290e-08  3.113e-11  2.540e-15  3.065e-15  6.353e-08  1.404e-09  7.555e-07  7.401e-09  3.902e-07  1.809e-07  8.216e-01  6.212e-07  3.988e-06  9.925e-07  1.394e-07  7.363e-13  3.868e-09  1.071e-10  5.947e-32  4.325e-13  2.496e-19  3.006e-08  2.728e-07  8.498e-15  1.433e-10
-1.74557e+14  3.69047e+14  -7.51054e+13  4.15098e+14  1.94600e+06  1.64900e+03  4.42800e-01  2.52900e+03  4.025e-04  2.016e-05  2.871e-14  1.819e-14  8.830e-13  2.112e-09  3.199e-07  4.440e-08  1.365e-05  1.878e-06  9.813e-06  2.307e-08  8.291e-09  1.591e-11  3.389e-07  2.155e-06  1.181e-06  5.970e-10  4.294e-09  4.328e-08  8.018e-08  8.427e-09  1.881e-07  3.039e-11  2.022e-10  1.742e-11  5.227e-12  6.478e-11  5.522e-13  8.714e-11  3.177e-12  1.051e-08  3.265e-11  8.081e-16  4.072e-15  6.226e-08  1.565e-09  7.677e-07  7.940e-09  4.078e-07  1.841e-07  8.171e-01  5.301e-07  4.042e-06  9.989e-07  1.394e-07  9.830e-13  3.926e-09  1.200e-10  2.759e-32  3.194e-13  1.558e-19  3.977e-08  3.398e-07  1.226e-14  1.842e-10
-2.06154e+14  4.17801e+14  -6.95512e+13  4.71057e+14  1.64100e+06  1.51400e+03  4.35100e-01  2.53100e+03  4.025e-04  2.016e-05  3.406e-14  7.861e-15  4.099e-13  2.088e-09  4.089e-07  5.336e-08  1.408e-05  1.847e-06  9.761e-06  2.306e-08  8.291e-09  1.454e-11  3.315e-07  2.140e-06  8.101e-07  4.408e-10  4.046e-09  3.720e-08  8.787e-08  8.364e-09  1.876e-07  3.213e-11  1.192e-10  9.560e-12  6.115e-12  3.084e-11  2.174e-13  1.301e-10  3.144e-12  6.125e-09  3.194e-11  3.324e-16  4.660e-15  6.097e-08  1.716e-09  7.751e-07  8.392e-09  4.366e-07  1.882e-07  8.134e-01  4.605e-07  4.086e-06  1.004e-06  1.394e-07  1.234e-12  3.980e-09  1.546e-10  1.569e-32  2.473e-13  1.040e-19  4.839e-08  4.090e-07  1.488e-14  2.256e-10
-2.36455e+14  4.65320e+14  -6.52929e+13  5.26020e+14  1.43900e+06  1.43100e+03  4.20900e-01  2.53200e+03  4.025e-04  2.016e-05  4.673e-14  4.436e-15  2.400e-13  2.064e-09  4.847e-07  6.322e-08  1.434e-05  1.818e-06  9.710e-06  2.311e-08  8.290e-09  1.356e-11  3.236e-07  2.124e-06  6.081e-07  3.758e-10  3.801e-09  3.358e-08  9.521e-08  8.292e-09  1.856e-07  3.419e-11  8.532e-11  6.569e-12  8.304e-12  1.844e-11  1.136e-13  1.724e-10  3.111e-12  4.239e-09  3.150e-11  1.766e-16  5.011e-15  5.966e-08  1.853e-09  7.796e-07  8.783e-09  4.757e-07  1.933e-07  8.103e-01  4.126e-07  4.125e-06  1.009e-06  1.394e-07  1.490e-12  4.033e-09  2.096e-10  1.114e-32  2.196e-13  8.225e-20  5.697e-08  4.810e-07  1.775e-14  2.685e-10
-2.64905e+14  5.10371e+14  -6.33490e+13  5.78504e+14  1.24300e+06  1.33700e+03  4.04700e-01  2.53400e+03  4.025e-04  2.016e-05  7.373e-14  2.105e-15  1.193e-13  2.038e-09  5.845e-07  7.417e-08  1.459e-05  1.791e-06  9.661e-06  2.300e-08  8.290e-09  1.283e-11  3.152e-07  2.107e-06  4.192e-07  3.097e-10  3.578e-09  3.165e-08  1.017e-07  8.209e-09  1.823e-07  3.728e-11  5.507e-11  4.041e-12  1.308e-11  9.522e-12  4.888e-14  2.406e-10  3.073e-12  2.652e-09  3.221e-11  8.217e-17  5.418e-15  5.833e-08  1.971e-09  7.817e-07  9.112e-09  5.258e-07  1.997e-07  8.077e-01  3.573e-07  4.163e-06  1.013e-06  1.395e-07  1.792e-12  4.083e-09  3.080e-10  7.150e-33  1.908e-13  6.150e-20  6.651e-08  5.557e-07  2.176e-14  3.140e-10
-2.91720e+14  5.53262e+14  -6.35650e+13  6.28681e+14  1.04700e+06  1.23900e+03  3.92100e-01  2.53600e+03  4.024e-04  2.016e-05  1.289e-13  8.784e-16  5.120e-14  2.013e-09  6.981e-07  8.610e-08  1.481e-05  1.764e-06  9.613e-06  2.273e-08  8.290e-09  1.225e-11  3.065e-07  2.090e-06  2.670e-07  2.728e-10  3.390e-09  3.089e-08  1.069e-07  8.118e-09  1.781e-07  4.155e-11  3.263e-11  2.325e-12  2.305e-11  4.340e-12  1.800e-14  3.396e-10  3.027e-12  1.527e-09  3.373e-11  3.424e-17  5.911e-15  5.697e-08  2.063e-09  7.819e-07  9.375e-09  5.858e-07  2.072e-07  8.055e-01  3.008e-07  4.198e-06  1.017e-06  1.398e-07  2.148e-12  4.131e-09  4.721e-10  4.261e-33  1.642e-13  4.427e-20  7.741e-08  6.322e-07  2.701e-14  3.624e-10
-3.17516e+14  5.94919e+14  -6.52929e+13  6.77501e+14  8.79700e+05  1.14700e+03  3.79900e-01  2.53700e+03  4.024e-04  2.016e-05  2.321e-13  3.735e-16  2.015e-14  1.987e-09  8.041e-07  9.886e-08  1.498e-05  1.737e-06  9.565e-06  2.235e-08  8.289e-09  1.176e-11  2.977e-07  2.073e-06  1.642e-07  2.889e-10  3.243e-09  3.080e-08  1.106e-07  8.022e-09  1.735e-07  4.694e-11  1.899e-11  1.402e-12  4.215e-11  1.888e-12  6.563e-15  4.532e-10  2.970e-12  8.434e-10  3.560e-11  1.372e-17  6.754e-15  5.561e-08  2.126e-09  7.806e-07  9.580e-09  6.556e-07  2.158e-07  8.037e-01  2.598e-07  4.232e-06  1.020e-06  1.401e-07  2.557e-12  4.176e-09  7.226e-10  2.533e-33  1.446e-13  3.359e-20  8.984e-08  7.107e-07  3.362e-14  4.139e-10
-3.43127e+14  6.35958e+14  -6.79466e+13  7.25807e+14  7.44800e+05  1.06300e+03  3.75800e-01  2.53900e+03  4.023e-04  2.015e-05  3.943e-13  2.078e-16  7.685e-15  1.962e-09  8.905e-07  1.121e-07  1.511e-05  1.710e-06  9.519e-06  2.190e-08  8.289e-09  1.131e-11  2.890e-07  2.056e-06  1.047e-07  3.625e-10  3.135e-09  3.089e-08  1.134e-07  7.924e-09  1.687e-07  5.199e-11  1.171e-11  9.834e-13  7.338e-11  8.643e-13  3.044e-15  5.607e-10  2.903e-12  4.643e-10  3.661e-11  5.763e-18  8.240e-15  5.426e-08  2.158e-09  7.786e-07  9.739e-09  7.300e-07  2.250e-07  8.023e-01  2.394e-07  4.264e-06  1.022e-06  1.406e-07  3.014e-12  4.218e-09  1.043e-09  1.618e-33  1.298e-13  2.805e-20  1.029e-07  7.897e-07  4.026e-14  4.673e-10
-3.68738e+14  6.76689e+14  -7.12174e+13  7.73917e+14  6.34600e+05  9.91000e+02  3.74600e-01  2.54000e+03  4.023e-04  2.015e-05  6.093e-13  1.819e-16  3.001e-15  1.936e-09  9.559e-07  1.256e-07  1.520e-05  1.684e-06  9.472e-06  2.142e-08  8.289e-09  1.088e-11  2.806e-07  2.039e-06  7.695e-08  4.979e-10  3.062e-09  3.109e-08  1.152e-07  7.827e-09  1.639e-07  5.719e-11  8.341e-12  8.327e-13  1.176e-10  4.693e-13  2.256e-15  6.512e-10  2.831e-12  2.638e-10  3.725e-11  2.922e-18  1.076e-14  5.292e-08  2.161e-09  7.760e-07  9.860e-09  8.071e-07  2.345e-07  8.011e-01  2.382e-07  4.296e-06  1.024e-06  1.411e-07  3.514e-12  4.257e-09  1.435e-09  1.229e-33  1.244e-13  2.745e-20  1.164e-07  8.689e-07  4.738e-14  5.218e-10
-3.94350e+14  7.16803e+14  -7.49511e+13  8.21545e+14  5.43500e+05  9.26700e+02  3.53600e-01  2.54200e+03  4.022e-04  2.015e-05  8.807e-13  2.137e-16  1.233e-15  1.910e-09  1.004e-06  1.398e-07  1.528e-05  1.656e-06  9.424e-06  2.091e-08  8.289e-09  1.047e-11  2.719e-07  2.021e-06  7.302e-08  7.384e-10  3.018e-09  3.192e-08  1.156e-07  7.724e-09  1.590e-07  6.659e-11  7.349e-12  8.290e-13  1.797e-10  3.335e-13  2.496e-15  7.219e-10  2.750e-12  1.570e-10  4.026e-11  2.039e-18  1.572e-14  5.157e-08  2.135e-09  7.733e-07  9.939e-09  9.001e-07  2.455e-07  8.001e-01  2.625e-07  4.326e-06  1.025e-06  1.416e-07  4.085e-12  4.295e-09  2.045e-09  1.226e-33  1.405e-13  3.553e-20  1.330e-07  9.514e-07  6.012e-14  5.820e-10
-4.19961e+14  7.56608e+14  -7.91785e+13  8.68960e+14  4.68400e+05  8.70700e+02  3.50200e-01  2.54400e+03  4.022e-04  2.014e-05  1.158e-12  2.680e-16  5.758e-16  1.884e-09  1.039e-06  1.542e-07  1.533e-05  1.627e-06  9.375e-06  2.039e-08  8.289e-09  1.006e-11  2.635e-07  2.004e-06  8.438e-08  1.051e-09  3.000e-09  3.263e-08  1.153e-07  7.623e-09  1.543e-07  7.374e-11  7.374e-12  8.779e-13  2.516e-10  3.018e-13  3.144e-15  7.781e-10  2.668e-12  1.020e-10  4.122e-11  1.763e-18  2.350e-14  5.023e-08  2.092e-09  7.705e-07  9.988e-09  9.971e-07  2.570e-07  7.992e-01  2.998e-07  4.355e-06  1.026e-06  1.421e-07  4.700e-12  4.330e-09  2.710e-09  1.388e-33  1.670e-13  5.034e-20  1.502e-07  1.035e-06  7.070e-14  6.441e-10
-4.45572e+14  7.95488e+14  -8.38996e+13  9.15628e+14  4.06700e+05  8.23600e+02  3.40400e-01  2.54500e+03  4.021e-04  2.014e-05  1.425e-12  3.356e-16  3.357e-16  1.858e-09  1.063e-06  1.687e-07  1.537e-05  1.599e-06  9.326e-06  1.991e-08  8.289e-09  9.664e-12  2.552e-07  1.986e-06  1.107e-07  1.484e-09  3.003e-09  3.351e-08  1.141e-07  7.520e-09  1.496e-07  8.258e-11  8.199e-12  9.659e-13  3.304e-10  3.259e-13  4.146e-15  8.220e-10  2.586e-12  7.540e-11  4.283e-11  1.829e-18  3.543e-14  4.890e-08  2.033e-09  7.676e-07  1.001e-08  1.103e-06  2.693e-07  7.985e-01  3.514e-07  4.384e-06  1.026e-06  1.426e-07  5.362e-12  4.363e-09  3.552e-09  1.813e-33  2.160e-13  7.897e-20  1.690e-07  1.119e-06  8.467e-14  7.096e-10
-4.70566e+14  8.34059e+14  -8.90527e+13  9.61778e+14  3.56100e+05  7.84500e+02  3.33700e-01  2.54700e+03  4.020e-04  2.014e-05  1.667e-12  4.098e-16  2.448e-16  1.833e-09  1.079e-06  1.832e-07  1.540e-05  1.569e-06  9.275e-06  1.945e-08  8.288e-09  9.273e-12  2.470e-07  1.969e-06  1.484e-07  2.024e-09  3.023e-09  3.443e-08  1.124e-07  7.417e-09  1.450e-07  9.145e-11  9.419e-12  1.073e-12  4.114e-10  3.879e-13  5.414e-15  8.582e-10  2.506e-12  6.344e-11  4.408e-11  2.056e-18  5.239e-14  4.759e-08  1.964e-09  7.649e-07  1.001e-08  1.215e-06  2.822e-07  7.979e-01  4.131e-07  4.412e-06  1.025e-06  1.430e-07  6.057e-12  4.394e-09  4.540e-09  2.561e-33  2.906e-13  1.276e-19  1.890e-07  1.205e-06  9.934e-14  7.777e-10
-4.95560e+14  8.71704e+14  -9.46069e+13  1.00717e+15  3.14500e+05  7.51900e+02  3.26400e-01  2.54800e+03  4.019e-04  2.013e-05  1.879e-12  4.874e-16  2.108e-16  1.807e-09  1.089e-06  1.976e-07  1.542e-05  1.540e-06  9.224e-06  1.904e-08  8.288e-09  8.887e-12  2.390e-07  1.951e-06  1.967e-07  2.690e-09  3.055e-09  3.539e-08  1.102e-07  7.315e-09  1.406e-07  1.009e-10  1.096e-11  1.195e-12  4.918e-10  4.904e-13  6.952e-15  8.894e-10  2.428e-12  5.912e-11  4.534e-11  2.430e-18  7.546e-14  4.629e-08  1.889e-09  7.622e-07  9.993e-09  1.334e-06  2.958e-07  7.974e-01  4.838e-07  4.439e-06  1.024e-06  1.434e-07  6.781e-12  4.422e-09  5.710e-09  3.857e-33  3.979e-13  2.070e-19  2.103e-07  1.292e-06  1.159e-13  8.486e-10
