# Collapse Model Output 
 
# Crich/ev_output/ev_4034494.dat in GNUPLOT format produced by evolve_output.pl 
 
X                 Y                 Z                 R                 DENSITY           TEMP              AV                TIME              CO                N2                CH4               NH3               H2S               HCP               H2O               C2H2              HCN               CS                SiC2              HCl               HF                C2H4              SiO               SiS               CN                C2H               C4H               C6H               HC3N              HC5N              HC7N              HCO+              CH                CH2               CH3               NH                NH2               SO                SO2               HS                HCNH+             NH4+              H2CO              H2CS              CH3CN             SiC               SiN               C                 N                 H                 O                 S                 Si                Cl                F                 P                 C+                N+                H+                O+                S+                Si+               Cl+               P+              
#  (CM)              (CM)              (CM)              (CM)              (CM-3)            (K)               (MAG)             (YR)              (wrt              Hnuc)           
 
9.62114e+13  7.28220e+13  -1.10282e+14  1.63468e+14  9.49000e+06  1.07300e+03  1.29300e+00  2.48800e+03  3.998e-04  1.998e-05  4.975e-06  1.382e-08  4.919e-06  1.378e-09  3.600e-06  5.964e-08  1.465e-05  1.740e-07  1.040e-05  1.625e-07  8.242e-09  2.660e-12  3.713e-07  1.994e-06  3.249e-11  1.145e-12  2.239e-09  7.014e-08  3.124e-07  4.593e-09  1.042e-09  4.787e-12  1.481e-13  2.877e-10  4.782e-09  1.628e-12  4.004e-12  8.173e-11  9.324e-15  8.897e-07  1.598e-09  1.163e-11  5.791e-14  1.916e-09  2.643e-10  1.223e-07  1.109e-08  2.903e-10  1.895e-10  1.214e-05  1.740e-11  2.895e-08  1.196e-06  4.044e-12  1.452e-14  5.519e-09  1.821e-16  1.735e-43  6.175e-19  1.002e-29  2.122e-12  1.981e-08  4.603e-22  2.157e-12
1.01611e+14  1.06734e+14  -1.35986e+14  2.00522e+14  1.18700e+07  1.78800e+03  9.10200e-01  2.48900e+03  3.998e-04  1.998e-05  4.980e-06  1.421e-08  5.683e-06  1.377e-09  3.602e-06  6.695e-08  1.468e-05  1.730e-07  1.039e-05  1.625e-07  8.261e-09  2.680e-12  3.702e-07  1.992e-06  1.638e-11  5.468e-13  1.956e-09  7.694e-08  3.080e-07  4.566e-09  1.033e-09  1.037e-11  1.673e-13  5.509e-11  2.864e-09  1.355e-12  2.772e-12  7.921e-11  9.277e-15  1.669e-07  3.994e-09  1.387e-11  3.457e-14  1.896e-09  2.621e-10  1.229e-07  1.111e-08  1.341e-11  1.382e-11  1.320e-05  3.093e-12  3.353e-10  1.198e-06  3.218e-12  1.519e-14  5.524e-09  4.583e-18  1.278e-45  1.577e-20  9.341e-31  4.373e-15  3.034e-08  1.351e-21  5.029e-12
1.07135e+14  1.30987e+14  -1.50735e+14  2.26620e+14  8.48200e+06  1.47900e+03  7.36600e-01  2.49100e+03  3.998e-04  1.998e-05  4.984e-06  1.448e-08  5.548e-06  1.377e-09  3.609e-06  7.984e-08  1.470e-05  1.714e-07  1.038e-05  1.625e-07  8.259e-09  2.995e-12  3.677e-07  1.991e-06  4.825e-11  1.829e-12  1.949e-09  8.907e-08  2.986e-07  4.527e-09  1.025e-09  1.869e-11  5.272e-13  2.736e-10  4.170e-09  8.511e-12  9.700e-12  7.629e-11  9.210e-15  3.058e-07  6.113e-09  1.488e-11  3.123e-14  1.870e-09  2.596e-10  1.237e-07  1.112e-08  1.510e-10  2.967e-10  1.383e-05  1.931e-11  2.287e-09  1.205e-06  4.296e-12  2.552e-14  5.530e-09  2.174e-16  7.400e-42  5.386e-19  1.491e-29  2.063e-13  4.633e-08  5.054e-21  1.087e-11
1.11794e+14  1.53512e+14  -1.63819e+14  2.50800e+14  6.69600e+06  1.29600e+03  6.60400e-01  2.49300e+03  3.998e-04  1.998e-05  4.988e-06  1.456e-08  5.332e-06  1.378e-09  3.619e-06  9.499e-08  1.473e-05  1.696e-07  1.036e-05  1.625e-07  8.244e-09  3.924e-12  3.647e-07  1.988e-06  1.122e-10  3.869e-12  2.071e-09  1.021e-07  2.872e-07  4.484e-09  1.020e-09  2.573e-11  1.068e-12  8.149e-10  7.703e-09  1.187e-11  1.461e-11  7.394e-11  9.166e-15  5.194e-07  6.973e-09  1.465e-11  4.771e-14  1.843e-09  2.612e-10  1.247e-07  1.112e-08  8.135e-10  1.014e-09  1.467e-05  6.451e-11  9.547e-09  1.218e-06  5.874e-12  3.726e-14  5.539e-09  2.921e-15  1.792e-40  6.639e-18  4.396e-28  2.910e-12  6.117e-08  1.187e-20  1.657e-11
1.15559e+14  1.73168e+14  -1.76192e+14  2.72736e+14  5.30700e+06  1.12300e+03  6.04800e-01  2.49400e+03  3.998e-04  1.998e-05  4.980e-06  1.449e-08  4.986e-06  1.380e-09  3.632e-06  1.115e-07  1.477e-05  1.677e-07  1.034e-05  1.625e-07  8.230e-09  6.531e-12  3.612e-07  1.986e-06  2.671e-10  8.014e-12  2.299e-09  1.166e-07  2.739e-07  4.439e-09  1.027e-09  3.365e-11  1.993e-12  2.571e-09  2.014e-08  1.308e-11  2.330e-11  7.546e-11  9.197e-15  8.359e-07  7.497e-09  1.459e-11  1.777e-13  1.840e-09  2.774e-10  1.258e-07  1.112e-08  4.403e-09  2.104e-09  1.556e-05  2.231e-10  4.372e-08  1.237e-06  8.933e-12  5.153e-14  5.550e-09  4.004e-14  1.211e-39  6.843e-17  1.431e-26  3.660e-11  7.486e-08  2.846e-20  2.368e-11
1.19909e+14  1.88936e+14  -1.85264e+14  2.90513e+14  4.01600e+06  9.86700e+02  5.79700e-01  2.49600e+03  3.998e-04  1.998e-05  4.948e-06  1.437e-08  4.621e-06  1.381e-09  3.647e-06  1.281e-07  1.480e-05  1.662e-07  1.031e-05  1.625e-07  8.216e-09  1.247e-11  3.572e-07  1.983e-06  5.990e-10  1.565e-11  2.601e-09  1.334e-07  2.596e-07  4.391e-09  1.055e-09  4.339e-11  3.104e-12  7.420e-09  4.839e-08  2.724e-11  5.205e-11  8.943e-11  9.394e-15  1.110e-06  7.868e-09  1.478e-11  8.301e-13  1.936e-09  3.291e-10  1.272e-07  1.112e-08  1.239e-08  3.330e-09  1.646e-05  6.878e-10  1.373e-07  1.258e-06  1.472e-11  6.777e-14  5.560e-09  2.666e-13  8.873e-39  2.861e-16  1.732e-25  1.913e-10  8.768e-08  6.852e-20  3.244e-11
1.24877e+14  2.00970e+14  -1.89183e+14  3.02941e+14  3.04200e+06  8.83400e+02  5.57300e-01  2.49700e+03  3.998e-04  1.998e-05  4.892e-06  1.420e-08  4.287e-06  1.382e-09  3.664e-06  1.448e-07  1.483e-05  1.653e-07  1.029e-05  1.625e-07  8.205e-09  2.445e-11  3.526e-07  1.980e-06  1.260e-09  2.883e-11  2.947e-09  1.529e-07  2.445e-07  4.340e-09  1.112e-09  5.606e-11  5.959e-12  2.065e-08  8.652e-08  5.949e-11  1.080e-10  1.326e-10  1.001e-14  1.305e-06  8.286e-09  1.538e-11  3.360e-12  2.269e-09  4.533e-10  1.289e-07  1.110e-08  2.286e-08  4.715e-09  1.739e-05  1.960e-09  2.768e-07  1.281e-06  2.535e-11  8.660e-14  5.571e-09  1.082e-12  5.419e-38  6.626e-16  1.085e-24  5.549e-10  1.008e-07  1.703e-19  4.378e-11
1.29352e+14  2.09857e+14  -1.87208e+14  3.09546e+14  2.37400e+06  8.03800e+02  5.84900e-01  2.49900e+03  3.997e-04  1.998e-05  4.831e-06  1.402e-08  4.012e-06  1.383e-09  3.677e-06  1.593e-07  1.486e-05  1.654e-07  1.026e-05  1.624e-07  8.192e-09  4.299e-11  3.484e-07  1.977e-06  2.158e-09  4.428e-11  3.330e-09  1.715e-07  2.309e-07  4.293e-09  1.200e-09  6.369e-11  1.155e-11  4.228e-08  1.199e-07  9.993e-11  1.768e-10  2.092e-10  1.141e-14  1.425e-06  8.138e-09  1.527e-11  9.160e-12  2.950e-09  6.703e-10  1.307e-07  1.109e-08  3.050e-08  5.799e-09  1.825e-05  3.916e-09  4.280e-07  1.305e-06  4.011e-11  1.031e-13  5.581e-09  2.420e-12  1.686e-37  9.237e-16  2.890e-24  1.024e-09  1.097e-07  3.094e-19  5.226e-11
1.32067e+14  2.16306e+14  -1.80111e+14  3.10918e+14  1.94700e+06  7.44000e+02  6.00300e-01  2.50100e+03  3.997e-04  1.998e-05  4.766e-06  1.383e-08  3.781e-06  1.384e-09  3.687e-06  1.722e-07  1.489e-05  1.663e-07  1.024e-05  1.624e-07  8.180e-09  6.908e-11  3.443e-07  1.974e-06  3.414e-09  6.348e-11  3.739e-09  1.897e-07  2.182e-07  4.248e-09  1.323e-09  7.158e-11  2.129e-11  7.097e-08  1.477e-07  1.453e-10  2.581e-10  3.272e-10  1.431e-14  1.500e-06  7.991e-09  1.536e-11  1.980e-11  3.987e-09  1.004e-09  1.328e-07  1.108e-08  3.727e-08  6.751e-09  1.907e-05  7.061e-09  5.793e-07  1.329e-06  6.058e-11  1.193e-13  5.590e-09  4.451e-12  3.964e-37  1.235e-15  6.737e-24  1.597e-09  1.170e-07  5.357e-19  6.049e-11
1.32592e+14  2.20842e+14  -1.69774e+14  3.08504e+14  1.80100e+06  8.05300e+02  5.37500e-01  2.50200e+03  3.997e-04  1.998e-05  4.703e-06  1.370e-08  3.536e-06  1.384e-09  3.709e-06  1.869e-07  1.492e-05  1.679e-07  1.021e-05  1.624e-07  8.176e-09  1.061e-10  3.391e-07  1.971e-06  3.162e-09  6.258e-11  4.117e-09  2.106e-07  2.041e-07  4.197e-09  1.414e-09  9.105e-11  1.992e-11  7.156e-08  2.005e-07  1.802e-10  2.872e-10  4.412e-10  1.841e-14  1.600e-06  8.637e-09  1.691e-11  3.316e-11  5.600e-09  1.498e-09  1.353e-07  1.106e-08  4.950e-08  8.288e-09  2.015e-05  6.496e-09  7.134e-07  1.352e-06  5.544e-11  1.258e-13  5.600e-09  5.986e-12  9.004e-37  2.910e-15  1.526e-23  2.585e-09  1.302e-07  6.814e-19  7.478e-11
1.31234e+14  2.27013e+14  -1.64960e+14  3.09789e+14  2.28800e+06  1.56300e+03  4.87600e-01  2.50400e+03  3.997e-04  1.998e-05  5.040e-06  1.950e-08  5.210e-06  1.389e-09  3.748e-06  2.033e-07  1.498e-05  1.659e-07  1.018e-05  1.625e-07  8.195e-09  1.202e-10  3.332e-07  1.967e-06  2.633e-10  9.190e-12  4.208e-09  2.236e-07  1.907e-07  4.154e-09  1.390e-09  1.095e-10  5.772e-12  1.846e-09  1.298e-08  1.999e-10  1.758e-10  4.134e-10  1.875e-14  6.358e-07  1.169e-08  2.454e-11  2.833e-11  5.656e-09  1.694e-09  1.373e-07  1.103e-08  1.633e-09  4.980e-09  2.496e-05  1.837e-10  8.670e-09  1.378e-06  1.140e-11  8.979e-14  5.613e-09  1.681e-14  2.977e-37  6.640e-17  1.675e-25  4.527e-12  1.526e-07  1.346e-19  7.778e-11
1.29382e+14  2.38338e+14  -1.71996e+14  3.21134e+14  2.58900e+06  1.94500e+03  4.83100e-01  2.50500e+03  3.997e-04  1.997e-05  5.083e-06  2.741e-08  5.557e-06  1.399e-09  3.782e-06  2.187e-07  1.504e-05  1.633e-07  1.015e-05  1.625e-07  8.218e-09  1.133e-10  3.279e-07  1.964e-06  1.257e-10  4.633e-12  4.196e-09  2.209e-07  1.795e-07  4.121e-09  1.362e-09  1.066e-10  4.172e-12  7.281e-10  7.733e-09  4.627e-11  4.577e-11  3.828e-10  1.869e-14  3.094e-07  1.274e-08  3.223e-11  2.049e-11  5.537e-09  1.654e-09  1.387e-07  1.102e-08  3.567e-10  3.138e-10  2.727e-05  6.324e-11  1.778e-09  1.406e-06  8.820e-12  8.367e-14  5.630e-09  1.862e-15  2.444e-40  6.697e-18  1.106e-25  2.582e-13  1.709e-07  9.374e-20  7.339e-11
1.26883e+14  2.53365e+14  -1.83135e+14  3.37389e+14  2.80200e+06  2.14600e+03  4.81300e-01  2.50700e+03  3.996e-04  1.997e-05  5.120e-06  3.067e-08  5.618e-06  1.410e-09  3.816e-06  2.327e-07  1.509e-05  1.608e-07  1.012e-05  1.625e-07  8.231e-09  1.053e-10  3.232e-07  1.961e-06  9.548e-11  3.367e-12  4.163e-09  2.093e-07  1.705e-07  4.091e-09  1.334e-09  1.022e-10  3.593e-12  4.949e-10  7.213e-09  3.027e-11  3.152e-11  3.530e-10  1.857e-14  2.697e-07  1.189e-08  3.173e-11  1.285e-11  5.416e-09  1.599e-09  1.402e-07  1.103e-08  1.936e-10  1.244e-10  2.926e-05  3.914e-11  9.417e-10  1.437e-06  8.319e-12  8.318e-14  5.646e-09  7.529e-16  2.291e-41  2.777e-18  5.268e-26  8.002e-14  1.859e-07  8.225e-20  6.833e-11
1.23180e+14  2.72126e+14  -1.95107e+14  3.56781e+14  2.89800e+06  2.19700e+03  4.64200e-01  2.50800e+03  3.996e-04  1.997e-05  5.161e-06  3.407e-08  5.635e-06  1.420e-09  3.853e-06  2.462e-07  1.513e-05  1.581e-07  1.009e-05  1.625e-07  8.238e-09  9.750e-11  3.186e-07  1.957e-06  9.349e-11  3.222e-12  4.184e-09  1.945e-07  1.627e-07  4.058e-09  1.305e-09  1.024e-10  3.753e-12  4.785e-10  7.579e-09  3.008e-11  3.224e-11  3.238e-10  1.841e-14  2.759e-07  1.085e-08  3.166e-11  7.471e-12  5.295e-09  1.543e-09  1.417e-07  1.106e-08  1.855e-10  1.104e-10  3.130e-05  3.806e-11  8.436e-10  1.468e-06  8.589e-12  8.809e-14  5.661e-09  7.028e-16  1.794e-41  2.511e-18  1.942e-26  6.586e-14  2.018e-07  8.797e-20  6.702e-11
1.20187e+14  2.93633e+14  -2.07913e+14  3.79332e+14  2.64800e+06  2.04000e+03  4.39800e-01  2.51000e+03  3.996e-04  1.997e-05  5.208e-06  3.777e-08  5.588e-06  1.428e-09  3.897e-06  2.599e-07  1.517e-05  1.552e-07  1.005e-05  1.625e-07  8.242e-09  9.025e-11  3.138e-07  1.954e-06  1.243e-10  4.511e-12  4.353e-09  1.842e-07  1.550e-07  4.017e-09  1.276e-09  1.118e-10  5.027e-12  7.331e-10  8.968e-09  4.992e-11  5.224e-11  2.967e-10  1.825e-14  3.397e-07  1.026e-08  3.333e-11  4.779e-12  5.171e-09  1.487e-09  1.432e-07  1.109e-08  3.572e-10  2.631e-10  3.347e-05  6.555e-11  1.513e-09  1.496e-06  9.896e-12  1.017e-13  5.674e-09  1.885e-15  1.948e-40  6.314e-18  1.058e-26  1.955e-13  2.223e-07  1.223e-19  7.344e-11
1.19107e+14  3.15973e+14  -2.20688e+14  4.03397e+14  2.21600e+06  1.78700e+03  4.33600e-01  2.51200e+03  3.995e-04  1.997e-05  5.252e-06  4.077e-08  5.448e-06  1.434e-09  3.941e-06  2.733e-07  1.521e-05  1.524e-07  1.002e-05  1.625e-07  8.243e-09  8.422e-11  3.090e-07  1.950e-06  2.085e-10  7.705e-12  4.663e-09  1.803e-07  1.475e-07  3.971e-09  1.250e-09  1.236e-10  7.123e-12  1.433e-09  1.244e-08  1.018e-10  1.051e-10  2.730e-10  1.816e-14  4.885e-07  9.659e-09  3.448e-11  3.565e-12  5.050e-09  1.438e-09  1.448e-07  1.114e-08  9.884e-10  1.092e-09  3.563e-05  1.424e-10  4.218e-09  1.523e-06  1.245e-11  1.225e-13  5.686e-09  8.726e-15  8.325e-39  3.132e-17  1.426e-26  1.278e-12  2.449e-07  1.884e-19  8.438e-11
1.19385e+14  3.37882e+14  -2.31302e+14  4.26518e+14  1.83800e+06  1.57600e+03  4.22500e-01  2.51300e+03  3.995e-04  1.997e-05  5.293e-06  4.236e-08  5.217e-06  1.438e-09  3.989e-06  2.867e-07  1.525e-05  1.496e-07  9.985e-06  1.625e-07  8.242e-09  7.980e-11  3.039e-07  1.946e-06  3.758e-10  1.331e-11  5.045e-09  1.821e-07  1.399e-07  3.921e-09  1.228e-09  1.395e-10  1.060e-11  2.981e-09  2.053e-08  1.509e-10  1.623e-10  2.526e-10  1.819e-14  7.214e-07  9.199e-09  3.544e-11  2.980e-12  4.932e-09  1.402e-09  1.465e-07  1.118e-08  3.035e-09  3.476e-09  3.778e-05  3.229e-10  1.236e-08  1.549e-06  1.641e-11  1.478e-13  5.696e-09  4.707e-14  1.552e-37  1.848e-16  7.630e-26  9.196e-12  2.697e-07  3.130e-19  9.932e-11
1.20619e+14  3.58864e+14  -2.38862e+14  4.47647e+14  1.51800e+06  1.40700e+03  4.15000e-01  2.51500e+03  3.994e-04  1.996e-05  5.320e-06  4.293e-08  4.913e-06  1.442e-09  4.038e-06  3.000e-07  1.529e-05  1.470e-07  9.948e-06  1.624e-07  8.240e-09  7.766e-11  2.987e-07  1.943e-06  6.715e-10  2.224e-11  5.457e-09  1.882e-07  1.322e-07  3.870e-09  1.212e-09  1.576e-10  1.557e-11  6.141e-09  3.844e-08  1.512e-10  1.939e-10  2.371e-10  1.838e-14  1.012e-06  8.782e-09  3.597e-11  2.812e-12  4.828e-09  1.391e-09  1.484e-07  1.123e-08  9.144e-09  6.981e-09  3.989e-05  6.986e-10  3.464e-08  1.574e-06  2.236e-11  1.767e-13  5.706e-09  2.478e-13  7.757e-37  1.001e-15  7.384e-25  5.841e-11  2.956e-07  5.323e-19  1.172e-10
1.22501e+14  3.78613e+14  -2.43553e+14  4.66553e+14  1.25200e+06  1.27500e+03  4.05300e-01  2.51600e+03  3.994e-04  1.996e-05  5.320e-06  4.293e-08  4.567e-06  1.445e-09  4.090e-06  3.133e-07  1.532e-05  1.446e-07  9.910e-06  1.624e-07  8.237e-09  7.871e-11  2.933e-07  1.939e-06  1.169e-09  3.603e-11  5.870e-09  1.981e-07  1.244e-07  3.816e-09  1.203e-09  1.802e-10  2.197e-11  1.210e-08  7.122e-08  1.513e-10  2.574e-10  2.304e-10  1.880e-14  1.313e-06  8.448e-09  3.674e-11  3.224e-12  4.759e-09  1.424e-09  1.505e-07  1.127e-08  2.488e-08  1.115e-08  4.193e-05  1.467e-09  8.670e-08  1.599e-06  3.125e-11  2.091e-13  5.714e-09  1.167e-12  2.464e-36  3.867e-15  5.631e-24  2.619e-10  3.228e-07  9.375e-19  1.389e-10
1.24445e+14  3.97127e+14  -2.45990e+14  4.83433e+14  1.05200e+06  1.17400e+03  4.05600e-01  2.51800e+03  3.993e-04  1.996e-05  5.298e-06  4.265e-08  4.218e-06  1.447e-09  4.140e-06  3.262e-07  1.536e-05  1.429e-07  9.872e-06  1.624e-07  8.234e-09  8.393e-11  2.879e-07  1.935e-06  1.852e-09  5.361e-11  6.279e-09  2.098e-07  1.168e-07  3.763e-09  1.204e-09  1.994e-10  2.626e-11  2.047e-08  1.123e-07  1.818e-10  3.740e-10  2.365e-10  1.948e-14  1.584e-06  8.021e-09  3.678e-11  4.659e-12  4.770e-09  1.522e-09  1.529e-07  1.130e-08  4.859e-08  1.536e-08  4.387e-05  2.651e-09  1.707e-07  1.625e-06  4.271e-11  2.417e-13  5.721e-09  3.609e-12  6.720e-36  9.335e-15  2.362e-23  7.324e-10  3.485e-07  1.523e-18  1.614e-10
1.26142e+14  4.14715e+14  -2.47008e+14  4.98913e+14  9.04100e+05  1.09600e+03  4.12200e-01  2.52000e+03  3.993e-04  1.996e-05  5.256e-06  4.224e-08  3.884e-06  1.449e-09  4.187e-06  3.384e-07  1.540e-05  1.420e-07  9.835e-06  1.624e-07  8.230e-09  9.359e-11  2.826e-07  1.931e-06  2.713e-09  7.435e-11  6.689e-09  2.219e-07  1.098e-07  3.711e-09  1.215e-09  2.147e-10  2.992e-11  3.178e-08  1.588e-07  2.428e-10  5.296e-10  2.591e-10  2.050e-14  1.811e-06  7.506e-09  3.633e-11  7.745e-12  4.917e-09  1.700e-09  1.557e-07  1.133e-08  7.683e-08  1.931e-08  4.568e-05  4.269e-09  2.815e-07  1.652e-06  5.660e-11  2.732e-13  5.727e-09  8.382e-12  1.638e-35  1.704e-14  6.725e-23  1.557e-09  3.710e-07  2.288e-18  1.832e-10
1.27438e+14  4.31378e+14  -2.47255e+14  5.13286e+14  7.89100e+05  1.02800e+03  4.14500e-01  2.52100e+03  3.993e-04  1.995e-05  5.195e-06  4.174e-08  3.571e-06  1.451e-09  4.231e-06  3.500e-07  1.544e-05  1.418e-07  9.798e-06  1.624e-07  8.227e-09  1.077e-10  2.775e-07  1.927e-06  3.886e-09  1.010e-10  7.097e-09  2.345e-07  1.031e-07  3.661e-09  1.238e-09  2.310e-10  3.580e-11  4.833e-08  2.098e-07  3.359e-10  7.310e-10  3.037e-10  2.211e-14  1.989e-06  7.036e-09  3.627e-11  1.362e-11  5.263e-09  1.971e-09  1.589e-07  1.135e-08  1.097e-07  2.313e-08  4.739e-05  6.823e-09  4.187e-07  1.680e-06  7.473e-11  3.057e-13  5.732e-09  1.732e-11  3.728e-35  2.626e-14  1.608e-22  2.841e-09  3.917e-07  3.429e-18  2.057e-10
1.28272e+14  4.47423e+14  -2.47070e+14  5.26958e+14  6.92500e+05  9.65500e+02  4.05200e-01  2.52300e+03  3.992e-04  1.995e-05  5.114e-06  4.112e-08  3.275e-06  1.452e-09  4.275e-06  3.615e-07  1.547e-05  1.426e-07  9.759e-06  1.623e-07  8.224e-09  1.270e-10  2.722e-07  1.923e-06  5.720e-09  1.402e-10  7.492e-09  2.485e-07  9.646e-08  3.609e-09  1.277e-09  2.540e-10  4.770e-11  7.446e-08  2.648e-07  4.689e-10  1.000e-09  3.838e-10  2.485e-14  2.121e-06  6.712e-09  3.719e-11  2.479e-11  5.871e-09  2.366e-09  1.626e-07  1.137e-08  1.498e-07  2.716e-08  4.907e-05  1.178e-08  5.825e-07  1.707e-06  1.015e-10  3.427e-13  5.736e-09  3.546e-11  8.384e-35  3.623e-14  3.719e-22  4.772e-09  4.132e-07  5.506e-18  2.318e-10
1.28673e+14  4.62543e+14  -2.46484e+14  5.39682e+14  6.07300e+05  9.04800e+02  3.99100e-01  2.52400e+03  3.992e-04  1.995e-05  5.015e-06  4.040e-08  3.002e-06  1.452e-09  4.317e-06  3.728e-07  1.551e-05  1.442e-07  9.720e-06  1.623e-07  8.221e-09  1.521e-10  2.668e-07  1.918e-06  8.440e-09  1.943e-10  7.876e-09  2.633e-07  9.005e-08  3.557e-09  1.338e-09  2.774e-10  6.916e-11  1.123e-07  3.188e-07  6.403e-10  1.338e-09  5.133e-10  2.964e-14  2.208e-06  6.433e-09  3.797e-11  4.464e-11  6.783e-09  2.924e-09  1.667e-07  1.138e-08  1.944e-07  3.133e-08  5.072e-05  2.003e-08  7.643e-07  1.734e-06  1.401e-10  3.844e-13  5.739e-09  6.875e-11  1.771e-34  4.376e-14  7.426e-22  7.383e-09  4.349e-07  8.880e-18  2.607e-10
1.28704e+14  4.77354e+14  -2.45404e+14  5.51955e+14  5.34900e+05  8.52100e+02  3.95700e-01  2.52600e+03  3.991e-04  1.995e-05  4.907e-06  3.961e-08  2.755e-06  1.452e-09  4.356e-06  3.839e-07  1.555e-05  1.468e-07  9.681e-06  1.622e-07  8.219e-09  1.836e-10  2.615e-07  1.913e-06  1.214e-08  2.634e-10  8.248e-09  2.788e-07  8.393e-08  3.505e-09  1.423e-09  3.013e-10  1.034e-10  1.609e-07  3.682e-07  8.404e-10  1.728e-09  7.024e-10  3.788e-14  2.261e-06  6.158e-09  3.859e-11  7.670e-11  8.006e-09  3.675e-09  1.712e-07  1.138e-08  2.410e-07  3.558e-08  5.234e-05  3.179e-08  9.524e-07  1.761e-06  1.916e-10  4.286e-13  5.741e-09  1.227e-10  3.452e-34  4.905e-14  1.291e-21  1.062e-08  4.563e-07  1.398e-17  2.917e-10
1.28488e+14  4.91240e+14  -2.43830e+14  5.63275e+14  4.94900e+05  8.43100e+02  3.82500e-01  2.52800e+03  3.991e-04  1.995e-05  4.797e-06  3.886e-08  2.525e-06  1.451e-09  4.403e-06  3.952e-07  1.558e-05  1.503e-07  9.640e-06  1.622e-07  8.217e-09  2.227e-10  2.560e-07  1.908e-06  1.413e-08  3.046e-10  8.586e-09  2.944e-07  7.805e-08  3.453e-09  1.515e-09  3.273e-10  1.320e-10  2.025e-07  4.243e-07  1.042e-09  2.082e-09  9.383e-10  5.082e-14  2.301e-06  5.975e-09  3.988e-11  1.222e-10  9.603e-09  4.663e-09  1.762e-07  1.137e-08  2.920e-07  4.024e-08  5.406e-05  4.060e-08  1.134e-06  1.789e-06  2.184e-10  4.564e-13  5.742e-09  1.744e-10  6.088e-34  6.444e-14  2.171e-21  1.447e-08  4.783e-07  1.816e-17  3.249e-10
1.28333e+14  5.05434e+14  -2.43121e+14  5.75361e+14  5.35000e+05  1.03700e+03  3.67000e-01  2.52900e+03  3.990e-04  1.994e-05  4.801e-06  3.920e-08  2.349e-06  1.451e-09  4.502e-06  4.069e-07  1.563e-05  1.551e-07  9.598e-06  1.623e-07  8.218e-09  2.703e-10  2.505e-07  1.903e-06  6.276e-09  1.681e-10  8.791e-09  3.066e-07  7.287e-08  3.405e-09  1.528e-09  3.415e-10  8.662e-11  1.049e-07  5.353e-07  9.131e-10  1.687e-09  1.007e-09  6.103e-14  2.496e-06  6.114e-09  4.270e-11  1.452e-10  1.193e-08  5.751e-09  1.821e-07  1.136e-08  3.163e-07  4.541e-08  5.655e-05  1.325e-08  1.105e-06  1.818e-06  1.125e-10  3.952e-13  5.744e-09  8.378e-11  6.344e-34  2.457e-13  2.958e-21  1.643e-08  4.980e-07  9.203e-18  3.518e-10
1.28981e+14  5.22405e+14  -2.46885e+14  5.92027e+14  6.52600e+05  1.32300e+03  3.60100e-01  2.53100e+03  3.989e-04  1.994e-05  5.384e-06  4.162e-08  2.727e-06  1.458e-09  4.588e-06  4.183e-07  1.568e-05  1.575e-07  9.555e-06  1.624e-07  8.219e-09  3.105e-10  2.456e-07  1.898e-06  2.202e-09  7.342e-11  8.909e-09  3.080e-07  6.906e-08  3.368e-09  1.505e-09  3.290e-10  9.990e-11  3.642e-08  2.927e-07  6.801e-10  7.819e-10  9.540e-10  6.423e-14  2.947e-06  7.036e-09  4.339e-11  1.370e-10  1.320e-08  6.418e-09  1.887e-07  1.136e-08  1.035e-07  4.921e-08  6.174e-05  3.150e-09  2.807e-07  1.853e-06  5.445e-11  3.294e-13  5.752e-09  9.666e-12  4.520e-34  2.296e-13  7.401e-22  5.745e-09  5.121e-07  3.754e-18  3.562e-10
1.30802e+14  5.43696e+14  -2.56173e+14  6.15093e+14  7.47900e+05  1.42900e+03  3.52100e-01  2.53200e+03  3.989e-04  1.994e-05  5.748e-06  4.566e-08  3.436e-06  1.472e-09  4.669e-06  4.299e-07  1.573e-05  1.561e-07  9.512e-06  1.624e-07  8.222e-09  3.197e-10  2.414e-07  1.893e-06  1.514e-09  5.434e-11  9.055e-09  2.979e-07  6.632e-08  3.338e-09  1.477e-09  3.083e-10  5.308e-11  1.724e-08  1.095e-07  1.090e-09  1.008e-09  8.868e-10  6.588e-14  2.442e-06  7.349e-09  4.259e-11  1.211e-10  1.314e-08  6.486e-09  1.936e-07  1.138e-08  2.978e-08  4.985e-08  6.609e-05  2.010e-09  8.935e-08  1.889e-06  4.395e-11  3.211e-13  5.765e-09  1.925e-12  6.561e-34  3.686e-14  8.771e-23  7.796e-10  5.299e-07  2.730e-18  3.422e-10
1.33332e+14  5.67456e+14  -2.68423e+14  6.41744e+14  7.68300e+05  1.41700e+03  3.46100e-01  2.53400e+03  3.988e-04  1.993e-05  5.854e-06  5.001e-08  3.755e-06  1.489e-09  4.751e-06  4.414e-07  1.577e-05  1.538e-07  9.469e-06  1.624e-07  8.227e-09  3.076e-10  2.376e-07  1.889e-06  1.543e-09  5.606e-11  9.254e-09  2.830e-07  6.419e-08  3.308e-09  1.451e-09  2.973e-10  5.176e-11  1.736e-08  9.870e-08  1.064e-09  1.012e-09  8.222e-10  6.732e-14  2.134e-06  7.058e-09  4.313e-11  1.060e-10  1.287e-08  6.323e-09  1.973e-07  1.143e-08  3.017e-08  5.113e-08  6.948e-05  2.130e-09  8.763e-08  1.921e-06  4.496e-11  3.372e-13  5.778e-09  1.981e-12  6.638e-34  1.401e-14  4.079e-23  3.789e-10  5.532e-07  2.785e-18  3.276e-10
1.36202e+14  5.91833e+14  -2.81476e+14  6.69362e+14  7.30900e+05  1.35600e+03  3.35000e-01  2.53600e+03  3.987e-04  1.993e-05  5.905e-06  5.257e-08  3.739e-06  1.503e-09  4.838e-06  4.533e-07  1.581e-05  1.516e-07  9.424e-06  1.624e-07  8.232e-09  2.927e-10  2.339e-07  1.884e-06  1.940e-09  6.946e-11  9.486e-09  2.706e-07  6.222e-08  3.272e-09  1.428e-09  3.040e-10  6.078e-11  2.318e-08  1.267e-07  8.709e-10  9.242e-10  7.678e-10  6.907e-14  2.123e-06  6.769e-09  4.419e-11  9.440e-11  1.260e-08  6.163e-09  2.010e-07  1.148e-08  4.699e-08  5.505e-08  7.255e-05  3.009e-09  1.236e-07  1.946e-06  5.189e-11  3.669e-13  5.788e-09  3.865e-12  6.788e-34  1.897e-14  6.869e-23  5.954e-10  5.830e-07  3.532e-18  3.238e-10
1.39041e+14  6.15901e+14  -2.94189e+14  6.96573e+14  6.64800e+05  1.27700e+03  3.33100e-01  2.53700e+03  3.986e-04  1.992e-05  5.920e-06  5.353e-08  3.553e-06  1.514e-09  4.926e-06  4.653e-07  1.585e-05  1.499e-07  9.380e-06  1.624e-07  8.235e-09  2.816e-10  2.303e-07  1.880e-06  2.633e-09  9.178e-11  9.745e-09  2.627e-07  6.031e-08  3.232e-09  1.411e-09  3.144e-10  6.952e-11  3.274e-08  1.717e-07  7.077e-10  9.150e-10  7.306e-10  7.130e-14  2.245e-06  6.363e-09  4.400e-11  8.689e-11  1.241e-08  6.069e-09  2.051e-07  1.154e-08  7.720e-08  6.049e-08  7.536e-05  4.504e-09  1.947e-07  1.967e-06  6.336e-11  4.053e-13  5.794e-09  8.544e-12  7.381e-34  3.261e-14  1.580e-22  1.178e-09  6.159e-07  4.780e-18  3.299e-10
1.41818e+14  6.39352e+14  -3.05883e+14  7.22806e+14  5.94900e+05  1.20400e+03  3.27700e-01  2.53900e+03  3.985e-04  1.992e-05  5.901e-06  5.361e-08  3.299e-06  1.521e-09  5.015e-06  4.777e-07  1.589e-05  1.489e-07  9.334e-06  1.623e-07  8.237e-09  2.756e-10  2.266e-07  1.875e-06  3.671e-09  1.241e-10  1.001e-08  2.599e-07  5.828e-08  3.189e-09  1.402e-09  3.324e-10  7.944e-11  4.684e-08  2.303e-07  6.506e-10  1.026e-09  7.169e-10  7.427e-14  2.400e-06  5.949e-09  4.407e-11  8.386e-11  1.235e-08  6.069e-09  2.098e-07  1.160e-08  1.231e-07  6.683e-08  7.803e-05  7.079e-09  2.987e-07  1.985e-06  7.955e-11  4.500e-13  5.796e-09  1.897e-11  9.395e-34  5.601e-14  3.989e-22  2.294e-09  6.516e-07  6.849e-18  3.455e-10
1.44471e+14  6.61569e+14  -3.16282e+14  7.47382e+14  5.27200e+05  1.13700e+03  3.23700e-01  2.54000e+03  3.984e-04  1.992e-05  5.850e-06  5.322e-08  3.023e-06  1.527e-09  5.104e-06  4.905e-07  1.593e-05  1.488e-07  9.289e-06  1.623e-07  8.237e-09  2.756e-10  2.229e-07  1.870e-06  5.135e-09  1.682e-10  1.026e-08  2.615e-07  5.609e-08  3.143e-09  1.402e-09  3.537e-10  9.073e-11  6.662e-08  2.991e-07  6.835e-10  1.243e-09  7.337e-10  7.833e-14  2.544e-06  5.557e-09  4.423e-11  8.643e-11  1.247e-08  6.191e-09  2.151e-07  1.165e-08  1.837e-07  7.363e-08  8.057e-05  1.112e-08  4.348e-07  2.000e-06  1.014e-10  4.995e-13  5.796e-09  3.972e-11  1.369e-33  8.896e-14  9.530e-22  4.153e-09  6.886e-07  1.001e-17  3.687e-10
1.47002e+14  6.82860e+14  -3.25539e+14  7.70638e+14  4.64100e+05  1.07700e+03  3.18000e-01  2.54200e+03  3.983e-04  1.991e-05  5.768e-06  5.255e-08  2.749e-06  1.530e-09  5.194e-06  5.037e-07  1.596e-05  1.496e-07  9.242e-06  1.623e-07  8.237e-09  2.818e-10  2.191e-07  1.866e-06  7.189e-09  2.282e-10  1.049e-08  2.669e-07  5.371e-08  3.095e-09  1.412e-09  3.809e-10  1.076e-10  9.416e-08  3.749e-07  7.934e-10  1.559e-09  7.897e-10  8.405e-14  2.655e-06  5.227e-09  4.495e-11  9.683e-11  1.286e-08  6.459e-09  2.210e-07  1.168e-08  2.587e-07  8.087e-08  8.304e-05  1.762e-08  5.981e-07  2.014e-06  1.309e-10  5.538e-13  5.793e-09  7.891e-11  2.215e-33  1.307e-13  2.148e-21  6.978e-09  7.270e-07  1.502e-17  3.991e-10
1.49378e+14  7.03226e+14  -3.33562e+14  7.92530e+14  4.09700e+05  1.02600e+03  3.14900e-01  2.54400e+03  3.982e-04  1.991e-05  5.665e-06  5.172e-08  2.490e-06  1.531e-09  5.283e-06  5.173e-07  1.600e-05  1.514e-07  9.195e-06  1.622e-07  8.237e-09  2.941e-10  2.153e-07  1.860e-06  9.810e-09  3.028e-10  1.070e-08  2.749e-07  5.122e-08  3.047e-09  1.434e-09  4.083e-10  1.322e-10  1.292e-07  4.533e-07  9.629e-10  1.948e-09  8.891e-10  9.215e-14  2.731e-06  4.921e-09  4.552e-11  1.176e-10  1.355e-08  6.897e-09  2.276e-07  1.171e-08  3.428e-07  8.831e-08  8.545e-05  2.660e-08  7.789e-07  2.028e-06  1.675e-10  6.101e-13  5.788e-09  1.438e-10  3.672e-33  1.757e-13  4.250e-21  1.083e-08  7.652e-07  2.205e-17  4.347e-10
1.51538e+14  7.22974e+14  -3.40659e+14  8.13452e+14  3.65600e+05  9.82600e+02  3.12300e-01  2.54500e+03  3.981e-04  1.990e-05  5.546e-06  5.078e-08  2.251e-06  1.531e-09  5.369e-06  5.312e-07  1.604e-05  1.542e-07  9.148e-06  1.622e-07  8.237e-09  3.121e-10  2.114e-07  1.855e-06  1.298e-08  3.911e-10  1.090e-08  2.845e-07  4.870e-08  2.998e-09  1.468e-09  4.353e-10  1.670e-10  1.714e-07  5.312e-07  1.178e-09  2.391e-09  1.034e-09  1.036e-13  2.774e-06  4.639e-09  4.596e-11  1.515e-10  1.458e-08  7.517e-09  2.349e-07  1.173e-08  4.329e-07  9.591e-08  8.781e-05  3.823e-08  9.689e-07  2.042e-06  2.108e-10  6.670e-13  5.781e-09  2.419e-10  6.000e-33  2.190e-13  7.466e-21  1.571e-08  8.021e-07  3.141e-17  4.739e-10
1.53482e+14  7.42414e+14  -3.47447e+14  8.33939e+14  3.30400e+05  9.44900e+02  3.13400e-01  2.54700e+03  3.981e-04  1.990e-05  5.418e-06  4.977e-08  2.036e-06  1.530e-09  5.452e-06  5.452e-07  1.608e-05  1.580e-07  9.100e-06  1.621e-07  8.236e-09  3.353e-10  2.076e-07  1.849e-06  1.658e-08  4.887e-10  1.108e-08  2.945e-07  4.626e-08  2.950e-09  1.514e-09  4.582e-10  2.123e-10  2.194e-07  6.056e-07  1.426e-09  2.867e-09  1.223e-09  1.196e-13  2.790e-06  4.362e-09  4.584e-11  2.009e-10  1.595e-08  8.325e-09  2.428e-07  1.174e-08  5.242e-07  1.034e-07  9.012e-05  5.159e-08  1.161e-06  2.057e-06  2.594e-10  7.226e-13  5.773e-09  3.753e-10  9.380e-33  2.534e-13  1.148e-20  2.142e-08  8.362e-07  4.258e-17  5.147e-10
1.55210e+14  7.61237e+14  -3.54236e+14  8.53847e+14  3.01500e+05  9.10900e+02  3.07800e-01  2.54800e+03  3.980e-04  1.990e-05  5.281e-06  4.870e-08  1.839e-06  1.528e-09  5.532e-06  5.595e-07  1.612e-05  1.626e-07  9.052e-06  1.620e-07  8.236e-09  3.624e-10  2.039e-07  1.844e-06  2.116e-08  6.111e-10  1.125e-08  3.051e-07  4.384e-08  2.902e-09  1.573e-09  4.874e-10  2.741e-10  2.759e-07  6.753e-07  1.707e-09  3.384e-09  1.462e-09  1.420e-13  2.783e-06  4.139e-09  4.628e-11  2.701e-10  1.765e-08  9.322e-09  2.513e-07  1.174e-08  6.215e-07  1.113e-07  9.243e-05  7.031e-08  1.355e-06  2.073e-06  3.191e-10  7.806e-13  5.764e-09  5.700e-10  1.449e-32  2.807e-13  1.715e-20  2.812e-08  8.696e-07  5.871e-17  5.586e-10
