    -3.67462735786353e-05    1.54460528578168e-05    2.71463702503481e-05    1.4643856E+07    1979.17    1979.17    1.3055380648988408    0.00000e+00    0.00000e+00    6.34872919E+10
    -5.17207913172545e-05    1.53307055019936e-05    3.16093002903726e-05    1.4228332E+07    2163.11    2163.11    0.9104149837945252    0.00000e+00    0.00000e+00    6.35375192E+10
    -6.54479755689783e-05    1.55489506831229e-05    3.59606136158500e-05    9.8002041E+06    1714.62    1714.62    0.6931542611302344    0.00000e+00    0.00000e+00    6.35877465E+10
    -7.85845743387849e-05    1.57031136766968e-05    3.93884586896868e-05    7.1082037E+06    1426.21    1426.21    0.6154750967264264    0.00000e+00    0.00000e+00    6.36379738E+10
    -9.12312300987358e-05    1.61471302865410e-05    4.18165971060874e-05    5.0423274E+06    1205.21    1205.21    0.5749949650746528    0.00000e+00    0.00000e+00    6.36882011E+10
    -1.03048156332289e-04    1.67370379989320e-05    4.36429086657469e-05    3.6692724E+06    1050.05    1050.05    0.5542709522376267    0.00000e+00    0.00000e+00    6.37384283E+10
    -1.13964400557213e-04    1.73108625022659e-05    4.46164950164859e-05    2.7552019E+06    929.64    929.64    0.5398087985178825    0.00000e+00    0.00000e+00    6.37886556E+10
    -1.24065527540088e-04    1.77784226340921e-05    4.46108929944007e-05    2.0737129E+06    824.67    824.67    0.5315841451934372    0.00000e+00    0.00000e+00    6.38388829E+10
    -1.33445639616417e-04    1.80923050708392e-05    4.37721570842486e-05    1.5694424E+06    735.93    735.93    0.5266729595555649    0.00000e+00    0.00000e+00    6.38891102E+10
    -1.42209388667403e-04    1.82343908708030e-05    4.23795380270940e-05    1.2148627E+06    664.54    664.54    0.5121355662929197    0.00000e+00    0.00000e+00    6.39393375E+10
    -1.50454081646984e-04    1.82337703092912e-05    4.06756521030020e-05    9.6812732E+05    608.08    608.08    0.4905309104747326    0.00000e+00    0.00000e+00    6.39895648E+10
    -1.58248625123655e-04    1.81401949662592e-05    3.88096435143195e-05    7.9418284E+05    563.29    563.29    0.4735965128419389    0.00000e+00    0.00000e+00    6.40397921E+10
    -1.65652384532667e-04    1.79970382128738e-05    3.68695103074912e-05    6.7797122E+05    534.68    534.68    0.4507598226281184    0.00000e+00    0.00000e+00    6.40900194E+10
    -1.72869645814830e-04    1.78097619600664e-05    3.50651491720576e-05    6.5051341E+05    625.50    625.50    0.4241132762196587    0.00000e+00    0.00000e+00    6.41402466E+10
    -1.80974828809534e-04    1.74146635354598e-05    3.45348851779714e-05    7.6314735E+05    1056.36    1056.36    0.3960238216006955    0.00000e+00    0.00000e+00    6.41904739E+10
    -1.90943679227655e-04    1.65990847507860e-05    3.65158595741101e-05    9.2140903E+05    1432.18    1432.18    0.3725257636085735    0.00000e+00    0.00000e+00    6.42407012E+10
    -2.02054159205779e-04    1.53137796867587e-05    4.05340210582710e-05    9.6685767E+05    1517.90    1517.90    0.3562307192689312    0.00000e+00    0.00000e+00    6.42909285E+10
    -2.13637589474236e-04    1.35822705335581e-05    4.58932431190416e-05    8.5908699E+05    1441.91    1441.91    0.3437244572825144    0.00000e+00    0.00000e+00    6.43411558E+10
    -2.25310007293860e-04    1.15661951420934e-05    5.18088771149753e-05    7.3481152E+05    1383.88    1383.88    0.3290756705466998    0.00000e+00    0.00000e+00    6.43913831E+10
    -2.36757316425072e-04    9.56278987137083e-06    5.75788532037427e-05    6.4008926E+05    1319.01    1319.01    0.3233821249959054    0.00000e+00    0.00000e+00    6.44416104E+10
    -2.47949875359408e-04    7.77237827998381e-06    6.30345973050991e-05    5.6111431E+05    1249.97    1249.97    0.3163215998188954    0.00000e+00    0.00000e+00    6.44918377E+10
    -2.58935031000965e-04    6.27524163501461e-06    6.81649199192842e-05    4.9187849E+05    1183.86    1183.86    0.3118477697002871    0.00000e+00    0.00000e+00    6.45420650E+10
    -2.69730755392903e-04    5.07982199709239e-06    7.29803705919992e-05    4.3158871E+05    1124.15    1124.15    0.3053837805522492    0.00000e+00    0.00000e+00    6.45922922E+10
    -2.80345440660040e-04    4.15184541454975e-06    7.75077934567670e-05    3.8157789E+05    1074.16    1074.16    0.3042904724204482    0.00000e+00    0.00000e+00    6.46425195E+10
    -2.90784928807235e-04    3.42575305432139e-06    8.17900411948608e-05    3.4146225E+05    1032.18    1032.18    0.2988209326941164    0.00000e+00    0.00000e+00    6.46927468E+10
    -3.01051779650723e-04    2.81942441166299e-06    8.58627379155687e-05    3.0945290E+05    995.80    995.80    0.2948598235489206    0.00000e+00    0.00000e+00    6.47429741E+10
    -3.11152882392914e-04    2.26426921052401e-06    8.97430848082964e-05    2.8331589E+05    963.32    963.32    0.2917592935498881    0.00000e+00    0.00000e+00    6.47932014E+10
    -3.21100381616519e-04    1.71689042083002e-06    9.34395127829584e-05    2.6108083E+05    932.83    932.83    0.2917059146038827    0.00000e+00    0.00000e+00    6.48434287E+10
    -3.30909636218956e-04    1.15382272104575e-06    9.69595509960223e-05    2.4129659E+05    903.06    903.06    0.2902083727810461    0.00000e+00    0.00000e+00    6.48936560E+10
    -3.40596203871250e-04    5.64788545945365e-07    1.00314165932955e-04    2.2297982E+05    873.14    873.14    0.2893304300063937    0.00000e+00    0.00000e+00    6.49438833E+10
    -3.50174692009616e-04    -5.37502262345158e-08    1.03518973442424e-04    2.0558675E+05    842.69    842.69    0.2897627959376153    0.00000e+00    0.00000e+00    6.49941105E+10
    -3.59657967589148e-04    -7.00444746870305e-07    1.06594859297814e-04    1.8894683E+05    811.88    811.88    0.2886334478848404    0.00000e+00    0.00000e+00    6.50443378E+10
    -3.69055688098374e-04    -1.37249778646611e-06    1.09565351507066e-04    1.7312398E+05    781.21    781.21    0.2895620479804188    0.00000e+00    0.00000e+00    6.50945651E+10
    -3.78372910143990e-04    -2.06776375359480e-06    1.12452019430855e-04    1.5827433E+05    751.29    751.29    0.2855356069168178    0.00000e+00    0.00000e+00    6.51447924E+10
    -3.87609939158612e-04    -2.78415489510142e-06    1.15270861920656e-04    1.4456069E+05    722.65    722.65    0.2825423236427815    0.00000e+00    0.00000e+00    6.51950197E+10
    -3.96763715967915e-04    -3.52046320073676e-06    1.18031332843252e-04    1.3212176E+05    696.00    696.00    0.2780831653182451    0.00000e+00    0.00000e+00    6.52452470E+10
    -4.05830085718651e-04    -4.27664639474781e-06    1.20737640381395e-04    1.2107856E+05    671.83    671.83    0.2764824822351767    0.00000e+00    0.00000e+00    6.52954743E+10
    -4.14806789179065e-04    -5.05364302793984e-06    1.23392082551932e-04    1.1156880E+05    651.21    651.21    0.2708922333478098    0.00000e+00    0.00000e+00    6.53457016E+10
    -4.23698267242477e-04    -5.85333834679321e-06    1.26001315846706e-04    1.0376824E+05    635.67    635.67    0.2675389329527651    0.00000e+00    0.00000e+00    6.53959288E+10
    -4.32523946393089e-04    -6.67941577173151e-06    1.28586676915822e-04    9.7836873E+04    627.71    627.71    0.2663794556155948    0.00000e+00    0.00000e+00    6.54461561E+10
    -4.41322679599305e-04    -7.53859142667917e-06    1.31190766337439e-04    9.3854996E+04    629.78    629.78    0.2637263056271922    0.00000e+00    0.00000e+00    6.54963834E+10
    -4.50153618978357e-04    -8.44063091361476e-06    1.33879698153251e-04    9.1778178E+04    642.69    642.69    0.2597000377675517    0.00000e+00    0.00000e+00    6.55466107E+10
    -4.59087532783276e-04    -9.39609880746334e-06    1.36737558448108e-04    9.1308486E+04    663.53    663.53    0.2570110338419849    0.00000e+00    0.00000e+00    6.55968380E+10
    -4.68184693050899e-04    -1.04143898277375e-05    1.39843202167243e-04    9.1848641E+04    686.05    686.05    0.2539715095359408    0.00000e+00    0.00000e+00    6.56470653E+10
    -4.77472889301426e-04    -1.15003196287316e-05    1.43244286495510e-04    9.2717406E+04    704.84    704.84    0.2526900807831204    0.00000e+00    0.00000e+00    6.56972926E+10
    -4.86944922051694e-04    -1.26518452055935e-05    1.46949964715208e-04    9.3370058E+04    717.45    717.45    0.2501209922480472    0.00000e+00    0.00000e+00    6.57475199E+10
    -4.96567310068883e-04    -1.38601870673720e-05    1.50935244681075e-04    9.3499488E+04    723.87    723.87    0.2455822219621810    0.00000e+00    0.00000e+00    6.57977472E+10
    -5.06294757210769e-04    -1.51108715864313e-05    1.55152638893047e-04    9.3031543E+04    725.23    725.23    0.2410678647366429    0.00000e+00    0.00000e+00    6.58479744E+10
    -5.16083145432371e-04    -1.63877307113200e-05    1.59547819130018e-04    9.2011709E+04    722.69    722.69    0.2381211570954978    0.00000e+00    0.00000e+00    6.58982017E+10
    -5.25896453077181e-04    -1.76775886606265e-05    1.64071804665787e-04    9.0505072E+04    717.00    717.00    0.2356879060920192    0.00000e+00    0.00000e+00    6.59484290E+10
    -5.35709081982838e-04    -1.89694910692264e-05    1.68681161042662e-04    8.8569202E+04    708.69    708.69    0.2320380857876683    0.00000e+00    0.00000e+00    6.59986563E+10
    -5.45507457366271e-04    -2.02545338490522e-05    1.73340632609754e-04    8.6250070E+04    698.21    698.21    0.2326605157731226    0.00000e+00    0.00000e+00    6.60488836E+10
    -5.55287458311189e-04    -2.15258336154596e-05    1.78022924356815e-04    8.3589807E+04    686.02    686.02    0.2301545904350162    0.00000e+00    0.00000e+00    6.60991109E+10
    -5.65049812038115e-04    -2.27788951759973e-05    1.82708100745279e-04    8.0637372E+04    672.55    672.55    0.2267703220952774    0.00000e+00    0.00000e+00    6.61493382E+10
    -5.74796312357669e-04    -2.40121215543998e-05    1.87383658430310e-04    7.7451810E+04    658.21    658.21    0.2239654050972736    0.00000e+00    0.00000e+00    6.61995655E+10
    -5.84527007751218e-04    -2.52250579954342e-05    1.92041122868762e-04    7.4109510E+04    643.33    643.33    0.2192644909347040    0.00000e+00    0.00000e+00    6.62497927E+10
    -5.94239425668990e-04    -2.64177185586972e-05    1.96673881202024e-04    7.0691851E+04    628.25    628.25    0.2153543093772849    0.00000e+00    0.00000e+00    6.63000200E+10
    -6.03927505939970e-04    -2.75911557746906e-05    2.01275824777715e-04    6.7277457E+04    613.24    613.24    0.2133377502762766    0.00000e+00    0.00000e+00    6.63502473E+10
    -6.13582958250211e-04    -2.87465714965297e-05    2.05840495877603e-04    6.3928084E+04    598.50    598.50    0.2095338391203631    0.00000e+00    0.00000e+00    6.64004746E+10
    -6.23197201397558e-04    -2.98855345812867e-05    2.10361218617298e-04    6.0688225E+04    584.16    584.16    0.2066579663327816    0.00000e+00    0.00000e+00    6.64507019E+10
    -6.32762090512168e-04    -3.10097171513477e-05    2.14832776401591e-04    5.7585518E+04    570.28    570.28    0.2029536414388934    0.00000e+00    0.00000e+00    6.65009292E+10
    -6.42270741239769e-04    -3.21209566505642e-05    2.19251242239667e-04    5.4635707E+04    556.90    556.90    0.1976363064686983    0.00000e+00    0.00000e+00    6.65511565E+10
    -6.51718111518079e-04    -3.32211690626038e-05    2.23613925415593e-04    5.1847371E+04    544.04    544.04    0.1946564222059110    0.00000e+00    0.00000e+00    6.66013838E+10
    -6.61101001576800e-04    -3.43120332972442e-05    2.27919449058517e-04    4.9225287E+04    531.72    531.72    0.1931042797035335    0.00000e+00    0.00000e+00    6.66516110E+10
    -6.70417908493523e-04    -3.53946047938693e-05    2.32167178062516e-04    4.6771784E+04    519.98    519.98    0.1913842267043454    0.00000e+00    0.00000e+00    6.67018383E+10
    -6.79668832268246e-04    -3.64693683661601e-05    2.36357291808652e-04    4.4488027E+04    508.88    508.88    0.1907035386280141    0.00000e+00    0.00000e+00    6.67520656E+10
    -6.88855033416541e-04    -3.75364752759851e-05    2.40490774468697e-04    4.2374034E+04    498.44    498.44    0.1877085373343488    0.00000e+00    0.00000e+00    6.68022929E+10
    -6.97979517783232e-04    -3.85957757159170e-05    2.44569861033722e-04    4.0429819E+04    488.71    488.71    0.1848344561944789    0.00000e+00    0.00000e+00    6.68525202E+10
    -7.07047521356072e-04    -3.96467436631116e-05    2.48598556064733e-04    3.8655649E+04    479.71    479.71    0.1829445076842296    0.00000e+00    0.00000e+00    6.69027475E+10
    -7.16066122414808e-04    -4.06887430420193e-05    2.52582502792977e-04    3.7051063E+04    471.52    471.52    0.1802145375193873    0.00000e+00    0.00000e+00    6.69529748E+10
    -7.25043756717490e-04    -4.17211610481473e-05    2.56528949182987e-04    3.5613943E+04    464.20    464.20    0.1782538056095512    0.00000e+00    0.00000e+00    6.70032021E+10
    -7.33990265981845e-04    -4.27434954145218e-05    2.60446718843759e-04    3.4341306E+04    457.82    457.82    0.1766042965289946    0.00000e+00    0.00000e+00    6.70534293E+10
    -7.42916849403906e-04    -4.37554058019389e-05    2.64346007407008e-04    3.3227405E+04    452.40    452.40    0.1737644731810621    0.00000e+00    0.00000e+00    6.71036566E+10
    -7.51835772769806e-04    -4.47568117313273e-05    2.68238144968460e-04    3.2262845E+04    447.92    447.92    0.1691921730534177    0.00000e+00    0.00000e+00    6.71538839E+10
    -7.60759398828412e-04    -4.57477917425035e-05    2.72135033703987e-04    3.1435869E+04    444.34    444.34    0.1673320814147175    0.00000e+00    0.00000e+00    6.72041112E+10
    -7.69700041847226e-04    -4.67283991649723e-05    2.76048507915545e-04    3.0732276E+04    441.55    441.55    0.1658060135014896    0.00000e+00    0.00000e+00    6.72543385E+10
    -7.78669094947752e-04    -4.76986020010309e-05    2.79989732862210e-04    3.0135198E+04    439.37    439.37    0.1642084940582365    0.00000e+00    0.00000e+00    6.73045658E+10
    -7.87676448329086e-04    -4.86582620787800e-05    2.83968404817603e-04    2.9626227E+04    437.61    437.61    0.1637310162023970    0.00000e+00    0.00000e+00    6.73547931E+10
    -7.96730052935598e-04    -4.96071927449525e-05    2.87992203230435e-04    2.9186779E+04    436.09    436.09    0.1607444210470768    0.00000e+00    0.00000e+00    6.74050204E+10
    -8.05835241717780e-04    -5.05450502666485e-05    2.92066339847775e-04    2.8798939E+04    434.64    434.64    0.1586210144072768    0.00000e+00    0.00000e+00    6.74552477E+10
    -8.14994826594983e-04    -5.14715243631120e-05    2.96193728399849e-04    2.8446174E+04    433.11    433.11    0.1567743639720634    0.00000e+00    0.00000e+00    6.75054749E+10
    -8.24209922638672e-04    -5.23865762492486e-05    3.00375527591354e-04    2.8113709E+04    431.41    431.41    0.1544265872057714    0.00000e+00    0.00000e+00    6.75557022E+10
    -8.33479996553799e-04    -5.32904434837620e-05    3.04611204127241e-04    2.7788880E+04    429.47    429.47    0.1557474994214360    0.00000e+00    0.00000e+00    6.76059295E+10
    -8.42803545417953e-04    -5.41836205766069e-05    3.08898973893162e-04    2.7461238E+04    427.26    427.26    0.1502513882300544    0.00000e+00    0.00000e+00    6.76561568E+10
    -8.52178436050936e-04    -5.50668686852627e-05    3.13236359491209e-04    2.7122372E+04    424.76    424.76    0.1487941699066496    0.00000e+00    0.00000e+00    6.77063841E+10
    -8.61602195902976e-04    -5.59411574370915e-05    3.17620170847358e-04    2.6766203E+04    421.97    421.97    0.1480328973612403    0.00000e+00    0.00000e+00    6.77566114E+10
    -8.71072206980192e-04    -5.68075922072864e-05    3.22046781555276e-04    2.6388807E+04    418.91    418.91    0.1463525509009116    0.00000e+00    0.00000e+00    6.78068387E+10
    -8.80586142176918e-04    -5.76671959527145e-05    3.26512540967944e-04    2.5987801E+04    415.60    415.60    0.1445310745231673    0.00000e+00    0.00000e+00    6.78570660E+10
    -8.90142062238427e-04    -5.85208995156435e-05    3.31013846919710e-04    2.5562162E+04    412.07    412.07    0.1429433072114693    0.00000e+00    0.00000e+00    6.79072932E+10
    -8.99737882465892e-04    -5.93697646380350e-05    3.35547213600208e-04    2.5112076E+04    408.32    408.32    0.1409231941427198    0.00000e+00    0.00000e+00    6.79575205E+10
    -9.09371275753643e-04    -6.02150130503654e-05    3.40109140654661e-04    2.4638922E+04    404.38    404.38    0.1400219633786307    0.00000e+00    0.00000e+00    6.80077478E+10
    -9.19039818033274e-04    -6.10578858756584e-05    3.44696612541971e-04    2.4144925E+04    400.28    400.28    0.1382348156195350    0.00000e+00    0.00000e+00    6.80579751E+10
    -9.28740842829540e-04    -6.18997648329051e-05    3.49306793102104e-04    2.3633153E+04    396.06    396.06    0.1370558764513049    0.00000e+00    0.00000e+00    6.81082024E+10
    -9.38471295816249e-04    -6.27422304147060e-05    3.53936783149247e-04    2.3107349E+04    391.72    391.72    0.1354026660644577    0.00000e+00    0.00000e+00    6.81584297E+10
    -9.48227977223106e-04    -6.35869843170816e-05    3.58583693193861e-04    2.2571676E+04    387.31    387.31    0.1338422524543906    0.00000e+00    0.00000e+00    6.82086570E+10
    -9.58007638798447e-04    -6.44357233879161e-05    3.63244701620322e-04    2.2030326E+04    382.84    382.84    0.1321617805907182    0.00000e+00    0.00000e+00    6.82588843E+10
    -9.67806935327874e-04    -6.52899650940310e-05    3.67917015901826e-04    2.1487415E+04    378.36    378.36    0.1302726266547194    0.00000e+00    0.00000e+00    6.83091115E+10
    -9.77622424634249e-04    -6.61509166214926e-05    3.72597843511570e-04    2.0946819E+04    373.89    373.89    0.1291200943428918    0.00000e+00    0.00000e+00    6.83593388E+10
    -9.87450616059070e-04    -6.70195912308943e-05    3.77284391922752e-04    2.0412129E+04    369.46    369.46    0.1277776944775481    0.00000e+00    0.00000e+00    6.84095661E+10
    -9.97288067425200e-04    -6.78967840166730e-05    3.81973854064157e-04    1.9886472E+04    365.08    365.08    0.1272181044773893    0.00000e+00    0.00000e+00    6.84597934E+10
    -1.00713148199961e-03    -6.87831252366142e-05    3.86663403472025e-04    1.9372530E+04    360.79    360.79    0.1258572940024781    0.00000e+00    0.00000e+00    6.85100207E+10
    -1.01697746608652e-03    -6.96790851599887e-05    3.91350237923278e-04    1.8872524E+04    356.59    356.59    0.1247844272255863    0.00000e+00    0.00000e+00    6.85602480E+10
    -1.02682301384113e-03    -7.05850128526468e-05    3.96031623068756e-04    1.8388101E+04    352.50    352.50    0.1238910774573195    0.00000e+00    0.00000e+00    6.86104753E+10
    -1.03666521638133e-03    -7.15011458732923e-05    4.00704877888801e-04    1.7920387E+04    348.52    348.52    0.1223756479665894    0.00000e+00    0.00000e+00    6.86607026E+10
    -1.04650160115737e-03    -7.24275714883876e-05    4.05367379541400e-04    1.7470028E+04    344.66    344.66    0.1213745275499477    0.00000e+00    0.00000e+00    6.87109298E+10
    -1.05633018043313e-03    -7.33643236348907e-05    4.10016800920882e-04    1.7037337E+04    340.93    340.93    0.1198899991433807    0.00000e+00    0.00000e+00    6.87611571E+10
    -1.06614930584211e-03    -7.43113295907492e-05    4.14651212468797e-04    1.6622352E+04    337.31    337.31    0.1183040385938487    0.00000e+00    0.00000e+00    6.88113844E+10
    -1.07595791079422e-03    -7.52683711898067e-05    4.19269057933229e-04    1.6224861E+04    333.82    333.82    0.1170685844280997    0.00000e+00    0.00000e+00    6.88616117E+10
    -1.08575517110618e-03    -7.62350702773918e-05    4.23869149520658e-04    1.5844483E+04    330.45    330.45    0.1155537773372167    0.00000e+00    0.00000e+00    6.89118390E+10
    -1.09554065044570e-03    -7.72108693177714e-05    4.28450575781364e-04    1.5480730E+04    327.20    327.20    0.1152720834427979    0.00000e+00    0.00000e+00    6.89620663E+10
    -1.10531400944319e-03    -7.81951186606128e-05    4.33012706457563e-04    1.5133022E+04    324.06    324.06    0.1137366425562827    0.00000e+00    0.00000e+00    6.90122936E+10
    -1.11507515113591e-03    -7.91871056298046e-05    4.37555119761350e-04    1.4800723E+04    321.03    321.03    0.1128771034420742    0.00000e+00    0.00000e+00    6.90625209E+10
    -1.12482402704250e-03    -8.01860836122781e-05    4.42077626615392e-04    1.4483171E+04    318.12    318.12    0.1125142213043305    0.00000e+00    0.00000e+00    6.91127482E+10
    -1.13456087956980e-03    -8.11913205393746e-05    4.46580265804781e-04    1.4179714E+04    315.31    315.31    0.1117267963078317    0.00000e+00    0.00000e+00    6.91629754E+10
    -1.14428595112465e-03    -8.22020891905726e-05    4.51063245799402e-04    1.3889694E+04    312.60    312.60    0.1102720764419952    0.00000e+00    0.00000e+00    6.92132027E+10
    -1.15399962955799e-03    -8.32176817378977e-05    4.55527002931566e-04    1.3612442E+04    310.00    310.00    0.1088831330134290    0.00000e+00    0.00000e+00    6.92634300E+10
    -1.16370264209035e-03    -8.42374097459226e-05    4.59972196547881e-04    1.3347311E+04    307.49    307.49    0.1076243189951895    0.00000e+00    0.00000e+00    6.93136573E+10
    -1.17339566746088e-03    -8.52605653866730e-05    4.64399786579435e-04    1.3093676E+04    305.08    305.08    0.1065088307676674    0.00000e+00    0.00000e+00    6.93638846E+10
    -1.18307962681557e-03    -8.62864020470799e-05    4.68810878401420e-04    1.2850926E+04    302.75    302.75    0.1060233726318120    0.00000e+00    0.00000e+00    6.94141119E+10
    -1.19275539281905e-03    -8.73141343289800e-05    4.73206688896177e-04    1.2618498E+04    300.51    300.51    0.1051582870863405    0.00000e+00    0.00000e+00    6.94643392E+10
    -1.20242388661731e-03    -8.83429428972521e-05    4.77588439794182e-04    1.2395858E+04    298.34    298.34    0.1039552420449132    0.00000e+00    0.00000e+00    6.95145665E+10
    -1.21208588391225e-03    -8.93720714425537e-05    4.81957294648269e-04    1.2182479E+04    296.26    296.26    0.1037075884711546    0.00000e+00    0.00000e+00    6.95647937E+10
    -1.22174206344301e-03    -9.04007491111319e-05    4.86314373378042e-04    1.1977835E+04    294.24    294.24    0.1030553901915726    0.00000e+00    0.00000e+00    6.96150210E+10
    -1.23139310394875e-03    -9.14282535306019e-05    4.90660728029189e-04    1.1781413E+04    292.28    292.28    0.1022784153113409    0.00000e+00    0.00000e+00    6.96652483E+10
    -1.24103953872453e-03    -9.24538817211259e-05    4.94997434888082e-04    1.1592699E+04    290.39    290.39    0.1014177282448645    0.00000e+00    0.00000e+00    6.97154756E+10
    -1.25068194954674e-03    -9.34770034249186e-05    4.99325366619347e-04    1.1411207E+04    288.55    288.55    0.1006599867127237    0.00000e+00    0.00000e+00    6.97657029E+10
    -1.26032091819183e-03    -9.44970223211522e-05    5.03645638294450e-04    1.1236461E+04    286.76    286.76    0.0998595997112559    0.00000e+00    0.00000e+00    6.98159302E+10
    -1.26995697795483e-03    -9.55134002666407e-05    5.07959122578018e-04    1.1068008E+04    285.02    285.02    0.0984966946741879    0.00000e+00    0.00000e+00    6.98661575E+10
    -1.27959061364942e-03    -9.65256185107452e-05    5.12266789097413e-04    1.0905409E+04    283.32    283.32    0.0974020860345980    0.00000e+00    0.00000e+00    6.99163848E+10
    -1.28922250401476e-03    -9.75331583028271e-05    5.16569510517260e-04    1.0748228E+04    281.65    281.65    0.0963926993858413    0.00000e+00    0.00000e+00    6.99666120E+10
    -1.29885303690179e-03    -9.85354863478370e-05    5.20868159502186e-04    1.0596053E+04    280.02    280.02    0.0958562476115186    0.00000e+00    0.00000e+00    7.00168393E+10
    -1.30848279408693e-03    -9.95320596544521e-05    5.25163463272712e-04    1.0448482E+04    278.41    278.41    0.0954031184215867    0.00000e+00    0.00000e+00    7.00670666E+10
    -1.31811206645839e-03    -1.00522364320170e-04    5.29456052086624e-04    1.0305131E+04    276.83    276.83    0.0951030066539547    0.00000e+00    0.00000e+00    7.01172939E+10
    -1.32774114490438e-03    -1.01505910683174e-04    5.33746507720339e-04    1.0165647E+04    275.27    275.27    0.0944984253676653    0.00000e+00    0.00000e+00    7.01675212E+10
    -1.33737027183174e-03    -1.02482272107424e-04    5.38035218024802e-04    1.0029695E+04    273.73    273.73    0.0938537132781313    0.00000e+00    0.00000e+00    7.02177485E+10
    -1.34699954420320e-03    -1.03451075286385e-04    5.42322667813694e-04    9.8969728E+03    272.21    272.21    0.0933229080400728    0.00000e+00    0.00000e+00    7.02679758E+10
    -1.35662910746287e-03    -1.04412039028123e-04    5.46609099493856e-04    9.7671932E+03    270.70    270.70    0.0921883454855228    0.00000e+00    0.00000e+00    7.03182031E+10
    -1.36625905857348e-03    -1.05364954862754e-04    5.50894949397600e-04    9.6401036E+03    269.21    269.21    0.0913180252941215    0.00000e+00    0.00000e+00    7.03684303E+10
    -1.37588949449778e-03    -1.06309667649901e-04    5.55180411450400e-04    9.5154635E+03    267.72    267.72    0.0904334638470768    0.00000e+00    0.00000e+00    7.04186576E+10
    -1.38552065764260e-03    -1.07246051338006e-04    5.59465873503200e-04    9.3930640E+03    266.25    266.25    0.0895992167127748    0.00000e+00    0.00000e+00    7.04688849E+10
    -1.39515259648931e-03    -1.08173984723650e-04    5.63751674925576e-04    9.2727195E+03    264.79    264.79    0.0888267925950518    0.00000e+00    0.00000e+00    7.05191122E+10
    -1.40478545648201e-03    -1.09093351451548e-04    5.68038058124370e-04    9.1542655E+03    263.33    263.33    0.0885848339287979    0.00000e+00    0.00000e+00    7.05693395E+10
    -1.41441938306481e-03    -1.10004059407102e-04    5.72325362469158e-04    9.0375577E+03    261.88    261.88    0.0878374866560576    0.00000e+00    0.00000e+00    7.06195668E+10
    -1.42405423079360e-03    -1.10906035868259e-04    5.76613927329516e-04    8.9224745E+03    260.44    260.44    0.0875368670587705    0.00000e+00    0.00000e+00    7.06697941E+10
    -1.43369004814976e-03    -1.11799266290609e-04    5.80903995112287e-04    8.8089012E+03    259.00    259.00    0.0868652310335394    0.00000e+00    0.00000e+00    7.07200214E+10
    -1.44332664120780e-03    -1.12683789459246e-04    5.85195808224309e-04    8.6967498E+03    257.56    257.56    0.0865396661830920    0.00000e+00    0.00000e+00    7.07702487E+10
    -1.45296381604227e-03    -1.13559716881317e-04    5.89489512109687e-04    8.5859552E+03    256.13    256.13    0.0860786560934069    0.00000e+00    0.00000e+00    7.08204759E+10
    -1.46260142720904e-03    -1.14427232786021e-04    5.93785349175263e-04    8.4764598E+03    254.70    254.70    0.0852575143438876    0.00000e+00    0.00000e+00    7.08707032E+10
    -1.47223932926403e-03    -1.15286579580198e-04    5.98083464865139e-04    8.3682184E+03    253.28    253.28    0.0843404521207065    0.00000e+00    0.00000e+00    7.09209305E+10
    -1.48187727980038e-03    -1.16138048152057e-04    6.02384053104789e-04    8.2611998E+03    251.86    251.86    0.0835794376562455    0.00000e+00    0.00000e+00    7.09711578E+10
    -1.49151523033674e-03    -1.16981973023038e-04    6.06687259338318e-04    8.1553851E+03    250.44    250.44    0.0828597027640245    0.00000e+00    0.00000e+00    7.10213851E+10
    -1.50115303542898e-03    -1.17818708107128e-04    6.10993229009828e-04    8.0507598E+03    249.03    249.03    0.0823837497974103    0.00000e+00    0.00000e+00    7.10716124E+10
    -1.51079050115166e-03    -1.18648597622041e-04    6.15302253007530e-04    7.9473169E+03    247.63    247.63    0.0819446688436944    0.00000e+00    0.00000e+00    7.11218397E+10
    -1.52042748206065e-03    -1.19472010026174e-04    6.19614379812790e-04    7.8450599E+03    246.23    246.23    0.0812611748427140    0.00000e+00    0.00000e+00    7.11720670E+10
    -1.53006378423048e-03    -1.20289313777926e-04    6.23929754869715e-04    7.7439931E+03    244.83    244.83    0.0808573270667454    0.00000e+00    0.00000e+00    7.12222942E+10
    -1.53969911677296e-03    -1.21100920968924e-04    6.28248475141038e-04    7.6441284E+03    243.45    243.45    0.0807002632904714    0.00000e+00    0.00000e+00    7.12725215E+10
    -1.54933333424397e-03    -1.21907282475892e-04    6.32570686070866e-04    7.5454760E+03    242.07    242.07    0.0802771599318010    0.00000e+00    0.00000e+00    7.13227488E+10
    -1.55896609727393e-03    -1.22708892808786e-04    6.36896339177830e-04    7.4480483E+03    240.70    240.70    0.0799015360175219    0.00000e+00    0.00000e+00    7.13729761E+10
    -1.56859730890012e-03    -1.23506290110791e-04    6.41225628387402e-04    7.3518623E+03    239.33    239.33    0.0789937613526589    0.00000e+00    0.00000e+00    7.14232034E+10
    -1.57822667823432e-03    -1.24300022221367e-04    6.45558505218214e-04    7.2569234E+03    237.98    237.98    0.0783083581703382    0.00000e+00    0.00000e+00    7.14734307E+10
    -1.58785410831379e-03    -1.25090661220657e-04    6.49895163595739e-04    7.1632406E+03    236.63    236.63    0.0776638849612865    0.00000e+00    0.00000e+00    7.15236580E+10
    -1.59747955065717e-03    -1.25878750099985e-04    6.54235652001344e-04    7.0708183E+03    235.30    235.30    0.0771938559370216    0.00000e+00    0.00000e+00    7.15738853E+10
    -1.60710281133899e-03    -1.26664827002536e-04    6.58580018916399e-04    6.9796596E+03    233.97    233.97    0.0766931245521554    0.00000e+00    0.00000e+00    7.16241125E+10
    -1.61672384187787e-03    -1.27449405830812e-04    6.62928409785006e-04    6.8897680E+03    232.65    232.65    0.0761844585137594    0.00000e+00    0.00000e+00    7.16743398E+10
    -1.62634254531108e-03    -1.28232985942905e-04    6.67280727644431e-04    6.8011427E+03    231.35    231.35    0.0755271696466561    0.00000e+00    0.00000e+00    7.17245671E+10
    -1.63595882467589e-03    -1.29016076393181e-04    6.71637069457409e-04    6.7137779E+03    230.05    230.05    0.0758984284149442    0.00000e+00    0.00000e+00    7.17747944E+10
    -1.64557248604682e-03    -1.29799157147182e-04    6.75997338261204e-04    6.6276742E+03    228.76    228.76    0.0756799605749911    0.00000e+00    0.00000e+00    7.18250217E+10
    -1.65518343246114e-03    -1.30582746955549e-04    6.80361534055815e-04    6.5428225E+03    227.49    227.49    0.0751903552636349    0.00000e+00    0.00000e+00    7.18752490E+10
    -1.66479156695610e-03    -1.31367350024510e-04    6.84729559878508e-04    6.4592192E+03    226.22    226.22    0.0740470489038296    0.00000e+00    0.00000e+00    7.19254763E+10
    -1.67439679256898e-03    -1.32153485104703e-04    6.89101367247913e-04    6.3768597E+03    224.97    224.97    0.0733780306156745    0.00000e+00    0.00000e+00    7.19757036E+10
    -1.68399906081840e-03    -1.32941670946766e-04    6.93476907682663e-04    6.2957426E+03    223.72    223.72    0.0730905189996507    0.00000e+00    0.00000e+00    7.20259308E+10
    -1.69359832322300e-03    -1.33732402060656e-04    6.97856132701389e-04    6.2158620E+03    222.49    222.49    0.0725026406714843    0.00000e+00    0.00000e+00    7.20761581E+10
    -1.70319472522689e-03    -1.34526158411916e-04    7.02238945341356e-04    6.1372134E+03    221.27    221.27    0.0720946613451348    0.00000e+00    0.00000e+00    7.21263854E+10
    -1.71278821834868e-03    -1.35323386029132e-04    7.06625394083930e-04    6.0597846E+03    220.06    220.06    0.0712699598135883    0.00000e+00    0.00000e+00    7.21766127E+10
    -1.72237885106976e-03    -1.36124501852071e-04    7.11015333485009e-04    5.9835664E+03    218.86    218.86    0.0709036837812528    0.00000e+00    0.00000e+00    7.22268400E+10
    -1.73196672035285e-03    -1.36929903427951e-04    7.15408715063224e-04    5.9085495E+03    217.68    217.68    0.0705673541427509    0.00000e+00    0.00000e+00    7.22770673E+10
    -1.74155182619796e-03    -1.37739973759580e-04    7.19805393374470e-04    5.8347195E+03    216.50    216.50    0.0701970643369186    0.00000e+00    0.00000e+00    7.23272946E+10
    -1.75113421708646e-03    -1.38555086153493e-04    7.24205319937379e-04    5.7620662E+03    215.34    215.34    0.0698468027847852    0.00000e+00    0.00000e+00    7.23775219E+10
    -1.76071389301835e-03    -1.39375609068087e-04    7.28608300826480e-04    5.6905727E+03    214.19    214.19    0.0694513912005499    0.00000e+00    0.00000e+00    7.24277492E+10
    -1.77029090247498e-03    -1.40201906113623e-04    7.33014336041772e-04    5.6202242E+03    213.05    213.05    0.0691596257075507    0.00000e+00    0.00000e+00    7.24779764E+10
    -1.77986534241911e-03    -1.41034331204088e-04    7.37423183176414e-04    5.5510059E+03    211.92    211.92    0.0687448915666442    0.00000e+00    0.00000e+00    7.25282037E+10
    -1.78943726133210e-03    -1.41873238253469e-04    7.41834793749038e-04    5.4829054E+03    210.81    210.81    0.0684570987548875    0.00000e+00    0.00000e+00    7.25784310E+10
    -1.79900680465805e-03    -1.42718942390660e-04    7.46249119278276e-04    5.4159121E+03    209.71    209.71    0.0679581999423351    0.00000e+00    0.00000e+00    7.26286583E+10
    -1.80857411784106e-03    -1.43571749048279e-04    7.50665965838657e-04    5.3500132E+03    208.62    208.62    0.0673501763368489    0.00000e+00    0.00000e+00    7.26788856E+10
    -1.81813934632525e-03    -1.44431920025714e-04    7.55085333430179e-04    5.2851969E+03    207.54    207.54    0.0668051959353681    0.00000e+00    0.00000e+00    7.27291129E+10
    -1.82770268403608e-03    -1.45299683185395e-04    7.59507076608738e-04    5.2214511E+03    206.47    206.47    0.0665541463709461    0.00000e+00    0.00000e+00    7.27793402E+10
    -1.83726427641766e-03    -1.46175242149068e-04    7.63931098411599e-04    5.1587659E+03    205.42    205.42    0.0662218972234008    0.00000e+00    0.00000e+00    7.28295675E+10
    -1.84682426891409e-03    -1.47058815082891e-04    7.68357301876025e-04    5.0971288E+03    204.38    204.38    0.0657809086473396    0.00000e+00    0.00000e+00    7.28797947E+10
    -1.85638280696948e-03    -1.47950591064197e-04    7.72785638520647e-04    5.0365306E+03    203.35    203.35    0.0654889326812513    0.00000e+00    0.00000e+00    7.29300220E+10
    -1.86594003602793e-03    -1.48850759170324e-04    7.77216059864099e-04    4.9769595E+03    202.34    202.34    0.0650601001413423    0.00000e+00    0.00000e+00    7.29802493E+10
    -1.87549619849628e-03    -1.49759484237922e-04    7.81648420462275e-04    4.9184011E+03    201.33    201.33    0.0647723230801272    0.00000e+00    0.00000e+00    7.30304766E+10
    -1.88505139133726e-03    -1.50676921407369e-04    7.86082720315175e-04    4.8608466E+03    200.34    200.34    0.0644430602025319    0.00000e+00    0.00000e+00    7.30807039E+10
    -1.89460590543910e-03    -1.51603191882087e-04    7.90518910941432e-04    4.8042823E+03    199.36    199.36    0.0644219289981685    0.00000e+00    0.00000e+00    7.31309312E+10
    -1.90415988624588e-03    -1.52538378080400e-04    7.94956943859676e-04    4.7486983E+03    198.39    198.39    0.0639014572631358    0.00000e+00    0.00000e+00    7.31811585E+10
    -1.91371362464583e-03    -1.53482538179950e-04    7.99396867551278e-04    4.6940826E+03    197.44    197.44    0.0633642216069034    0.00000e+00    0.00000e+00    7.32313858E+10
    -1.92326731456440e-03    -1.54435696421422e-04    8.03838682016235e-04    4.6404252E+03    196.50    196.50    0.0628233399817611    0.00000e+00    0.00000e+00    7.32816130E+10
    -1.93282124688982e-03    -1.55397843108542e-04    8.08282290291813e-04    4.5877148E+03    195.57    195.57    0.0627057308014318    0.00000e+00    0.00000e+00    7.33318403E+10
    -1.94237566402892e-03    -1.56368944304351e-04    8.12727740859378e-04    4.5359396E+03    194.65    194.65    0.0625025843372387    0.00000e+00    0.00000e+00    7.33820676E+10
    -1.95193071142580e-03    -1.57348951527483e-04    8.17174985237564e-04    4.4850900E+03    193.74    193.74    0.0621185287944372    0.00000e+00    0.00000e+00    7.34322949E+10
    -1.96148658300594e-03    -1.58337792055884e-04    8.21623926463634e-04    4.4351547E+03    192.84    192.84    0.0617014552602936    0.00000e+00    0.00000e+00    7.34825222E+10
    -1.97104352117618e-03    -1.59335393167503e-04    8.26074564537588e-04    4.3861227E+03    191.96    191.96    0.0613352548665512    0.00000e+00    0.00000e+00    7.35327495E+10
    -1.98060171986199e-03    -1.60341657899604e-04    8.30526802496689e-04    4.3379842E+03    191.08    191.08    0.0610288610169176    0.00000e+00    0.00000e+00    7.35829768E+10
    -1.99016137298885e-03    -1.61356469896902e-04    8.34980688822306e-04    4.2907305E+03    190.22    190.22    0.0610944889825638    0.00000e+00    0.00000e+00    7.36332041E+10
    -1.99972281992632e-03    -1.62379698259705e-04    8.39436126551703e-04    4.2443517E+03    189.37    189.37    0.0608059848172960    0.00000e+00    0.00000e+00    7.36834314E+10
    -2.00928620611852e-03    -1.63411173303223e-04    8.43893067203511e-04    4.1988381E+03    188.53    188.53    0.0602502275632011    0.00000e+00    0.00000e+00    7.37336586E+10
    -2.01885177397228e-03    -1.64450715646395e-04    8.48351510777730e-04    4.1541799E+03    187.70    187.70    0.0597610967628930    0.00000e+00    0.00000e+00    7.37838859E+10
    -2.02841971741309e-03    -1.65498102274927e-04    8.52811408792993e-04    4.1103635E+03    186.89    186.89    0.0594205005733673    0.00000e+00    0.00000e+00    7.38341132E+10
    -2.03799032732913e-03    -1.66553100478253e-04    8.57272712767931e-04    4.0673793E+03    186.08    186.08    0.0590858914514828    0.00000e+00    0.00000e+00    7.38843405E+10
    -2.04756370068316e-03    -1.67615467849531e-04    8.61735325739808e-04    4.0252149E+03    185.29    185.29    0.0589024811053586    0.00000e+00    0.00000e+00    7.39345678E+10
    -2.05713998291928e-03    -1.68684947437512e-04    8.66199150745888e-04    3.9838592E+03    184.50    184.50    0.0587714644158114    0.00000e+00    0.00000e+00    7.39847951E+10
    -2.06671941644432e-03    -1.69761267746533e-04    8.70664187786171e-04    3.9433008E+03    183.73    183.73    0.0583911682989517    0.00000e+00    0.00000e+00    7.40350224E+10
    -2.07630200125829e-03    -1.70844181521617e-04    8.75130291416552e-04    3.9035290E+03    182.96    182.96    0.0580130468820781    0.00000e+00    0.00000e+00    7.40852497E+10
    -2.08588793128666e-03    -1.71933417267102e-04    8.79597413155663e-04    3.8645319E+03    182.21    182.21    0.0576454264783627    0.00000e+00    0.00000e+00    7.41354769E+10
    -2.09547735197354e-03    -1.73028718031738e-04    8.84065456040768e-04    3.8262971E+03    181.47    181.47    0.0575868986392151    0.00000e+00    0.00000e+00    7.41857042E+10
    -2.10507036028165e-03    -1.74129807471727e-04    8.88534323109132e-04    3.7888131E+03    180.73    180.73    0.0572690747807801    0.00000e+00    0.00000e+00    7.42359315E+10
    -2.11466710165511e-03    -1.75236414091407e-04    8.93004014360753e-04    3.7520699E+03    180.01    180.01    0.0568936620338792    0.00000e+00    0.00000e+00    7.42861588E+10
    -2.12426767305665e-03    -1.76348242154432e-04    8.97474432832896e-04    3.7160552E+03    179.30    179.30    0.0565338011969071    0.00000e+00    0.00000e+00    7.43363861E+10
    -2.13387221993037e-03    -1.77465000772594e-04    9.01945481562824e-04    3.6807554E+03    178.60    178.60    0.0562157177505174    0.00000e+00    0.00000e+00    7.43866134E+10
    -2.14348083923902e-03    -1.78586379665138e-04    9.06417112069170e-04    3.6461600E+03    177.91    177.91    0.0559092904353208    0.00000e+00    0.00000e+00    7.44368407E+10
    -2.15309357946396e-03    -1.79712087943853e-04    9.10889178907829e-04    3.6122547E+03    177.22    177.22    0.0558102601179712    0.00000e+00    0.00000e+00    7.44870680E+10
    -2.16271053756792e-03    -1.80841829872395e-04    9.15361585116064e-04    3.5790270E+03    176.55    176.55    0.0556127374333269    0.00000e+00    0.00000e+00    7.45372952E+10
    -2.17233166506954e-03    -1.81975314562556e-04    9.19834282212508e-04    3.5464610E+03    175.89    175.89    0.0553684055227158    0.00000e+00    0.00000e+00    7.45875225E+10
    -2.18195705893155e-03    -1.83112280214947e-04    9.24307076271689e-04    3.5145437E+03    175.23    175.23    0.0550632894979173    0.00000e+00    0.00000e+00    7.46377498E+10
    -2.19158671915395e-03    -1.84252455333907e-04    9.28779918812237e-04    3.4832600E+03    174.59    174.59    0.0543771189764451    0.00000e+00    0.00000e+00    7.46879771E+10
    -2.20122069421812e-03    -1.85395587816321e-04    9.33252761352786e-04    3.4525929E+03    173.95    173.95    0.0543972493070773    0.00000e+00    0.00000e+00    7.47382044E+10
    -2.21085903260542e-03    -1.86541420710939e-04    9.37725409967862e-04    3.4225283E+03    173.32    173.32    0.0542380414244969    0.00000e+00    0.00000e+00    7.47884317E+10
    -2.22050173431585e-03    -1.87689687370237e-04    9.42197816176097e-04    3.3930491E+03    172.71    172.71    0.0540034697737475    0.00000e+00    0.00000e+00    7.48386590E+10
    -2.23014884783078e-03    -1.88840121146689e-04    9.46669931496124e-04    3.3641397E+03    172.09    172.09    0.0536576383869736    0.00000e+00    0.00000e+00    7.48888863E+10
    -2.23980037315020e-03    -1.89992450544634e-04    9.51141610483838e-04    3.3357831E+03    171.49    171.49    0.0532030507524439    0.00000e+00    0.00000e+00    7.49391135E+10
    -2.24945635875549e-03    -1.91146428309095e-04    9.55612804657870e-04    3.3079647E+03    170.90    170.90    0.0528976981485218    0.00000e+00    0.00000e+00    7.49893408E+10
    -2.25911670768391e-03    -1.92301812033231e-04    9.60083320092750e-04    3.2806684E+03    170.31    170.31    0.0528548160911243    0.00000e+00    0.00000e+00    7.50395681E+10
    -2.26878146841683e-03    -1.93458364158339e-04    9.64553156788475e-04    3.2538785E+03    169.73    169.73    0.0526850113508561    0.00000e+00    0.00000e+00    7.50897954E+10
    -2.27845054399151e-03    -1.94615871366398e-04    9.69022217782311e-04    3.2275788E+03    169.15    169.15    0.0524411366494485    0.00000e+00    0.00000e+00    7.51400227E+10
    -2.28812388592658e-03    -1.95774134883800e-04    9.73490260667417e-04    3.2017535E+03    168.59    168.59    0.0519133904869128    0.00000e+00    0.00000e+00    7.51902500E+10
    -2.29780154270342e-03    -1.96932965633209e-04    9.77957333925160e-04    3.1763853E+03    168.03    168.03    0.0518155913782227    0.00000e+00    0.00000e+00    7.52404773E+10
    -2.30748341735928e-03    -1.98092198777973e-04    9.82423340592805e-04    3.1514607E+03    167.47    167.47    0.0516328211584804    0.00000e+00    0.00000e+00    7.52907046E+10
    -2.31716955837554e-03    -1.99251654937031e-04    9.86888135226247e-04    3.1269602E+03    166.92    166.92    0.0514951021074890    0.00000e+00    0.00000e+00    7.53409319E+10
    -2.32685986878945e-03    -2.00411183818141e-04    9.91351669344118e-04    3.1028702E+03    166.38    166.38    0.0512786976498274    0.00000e+00    0.00000e+00    7.53911591E+10
    -2.33655434860102e-03    -2.01570620584651e-04    9.95813894465050e-04    3.0791724E+03    165.84    165.84    0.0510451914946185    0.00000e+00    0.00000e+00    7.54413864E+10
    -2.34625299781025e-03    -2.02729814944321e-04    1.00027476210768e-03    3.0558523E+03    165.31    165.31    0.0505355443726239    0.00000e+00    0.00000e+00    7.54916137E+10
    -2.35595571945440e-03    -2.03888621453045e-04    1.00473412682789e-03    3.0328917E+03    164.78    164.78    0.0502056539870868    0.00000e+00    0.00000e+00    7.55418410E+10
    -2.36566256201484e-03    -2.05046914059268e-04    1.00919203710706e-03    3.0102751E+03    164.25    164.25    0.0499000597855874    0.00000e+00    0.00000e+00    7.55920683E+10
    -2.37537333156609e-03    -2.06204566711432e-04    1.01364829901971e-03    2.9879872E+03    163.73    163.73    0.0498848855380507    0.00000e+00    0.00000e+00    7.56422956E+10
    -2.38508807658953e-03    -2.07361482446801e-04    1.01810286408448e-03    2.9660118E+03    163.21    163.21    0.0493886219848845    0.00000e+00    0.00000e+00    7.56925229E+10
    -2.39480665164106e-03    -2.08517564302638e-04    1.02255573230137e-03    2.9443337E+03    162.70    162.70    0.0494140440412449    0.00000e+00    0.00000e+00    7.57427502E+10
    -2.40452910520203e-03    -2.09672734708754e-04    1.02700680670764e-03    2.9229366E+03    162.19    162.19    0.0494498964406082    0.00000e+00    0.00000e+00    7.57929774E+10
    -2.41425529182834e-03    -2.10826930639372e-04    1.03145608730328e-03    2.9018065E+03    161.68    161.68    0.0491952741046629    0.00000e+00    0.00000e+00    7.58432047E+10
    -2.42398526000137e-03    -2.11980074524301e-04    1.03590347712557e-03    2.8809279E+03    161.18    161.18    0.0490139745397791    0.00000e+00    0.00000e+00    7.58934320E+10
    -2.43371891275837e-03    -2.13132113034038e-04    1.04034897617451e-03    2.8602879E+03    160.67    160.67    0.0488610394224929    0.00000e+00    0.00000e+00    7.59436593E+10
    -2.44345620161799e-03    -2.14282978294666e-04    1.04479253596872e-03    2.8398719E+03    160.17    160.17    0.0485973781333821    0.00000e+00    0.00000e+00    7.59938866E+10
    -2.45319712658021e-03    -2.15432616976681e-04    1.04923415650820e-03    2.8196670E+03    159.67    159.67    0.0480590125854546    0.00000e+00    0.00000e+00    7.60441139E+10
    -2.46294159068230e-03    -2.16580975750578e-04    1.05367383779296e-03    2.7996605E+03    159.18    159.18    0.0476930038348280    0.00000e+00    0.00000e+00    7.60943412E+10
    -2.47268959392427e-03    -2.17728006134988e-04    1.05811148286026e-03    2.7798401E+03    158.68    158.68    0.0473913891560418    0.00000e+00    0.00000e+00    7.61445685E+10
    -2.48244094238063e-03    -2.18873674192955e-04    1.06254714019147e-03    2.7601949E+03    158.19    158.19    0.0472042171108113    0.00000e+00    0.00000e+00    7.61947957E+10
    -2.49219573301413e-03    -2.20017950835657e-04    1.06698066434248e-03    2.7407144E+03    157.69    157.69    0.0470266996010406    0.00000e+00    0.00000e+00    7.62450230E+10
    -2.50195377189930e-03    -2.21160811822410e-04    1.07141215227603e-03    2.7213875E+03    157.20    157.20    0.0469753054932797    0.00000e+00    0.00000e+00    7.62952503E+10
    -2.51171510751749e-03    -2.22302252305078e-04    1.07584155551075e-03    2.7022051E+03    156.71    156.71    0.0470939151630898    0.00000e+00    0.00000e+00    7.63454776E+10
    -2.52147964290598e-03    -2.23442267435523e-04    1.08026882556528e-03    2.6831568E+03    156.22    156.22    0.0470262490217905    0.00000e+00    0.00000e+00    7.63957049E+10
    -2.53124732958340e-03    -2.24580842669335e-04    1.08469401092097e-03    2.6642351E+03    155.73    155.73    0.0468984695005770    0.00000e+00    0.00000e+00    7.64459322E+10
    -2.54101816754974e-03    -2.25717968310241e-04    1.08911711157784e-03    2.6454320E+03    155.24    155.24    0.0466543281889172    0.00000e+00    0.00000e+00    7.64961595E+10
    -2.55079201136091e-03    -2.26853644358240e-04    1.09353807905451e-03    2.6267404E+03    154.75    154.75    0.0464286578154829    0.00000e+00    0.00000e+00    7.65463868E+10
    -2.56056890949827e-03    -2.27987861117059e-04    1.09795696183235e-03    2.6081535E+03    154.26    154.26    0.0458115404721213    0.00000e+00    0.00000e+00    7.65966140E+10
    -2.57034871651772e-03    -2.29120608890424e-04    1.10237375991136e-03    2.5896665E+03    153.77    153.77    0.0454336552302540    0.00000e+00    0.00000e+00    7.66468413E+10
    -2.58013138393788e-03    -2.30251877982062e-04    1.10678842481018e-03    2.5712739E+03    153.28    153.28    0.0453347101661222    0.00000e+00    0.00000e+00    7.66970686E+10
    -2.58991686327740e-03    -2.31381663543835e-04    1.11120095652879e-03    2.5529702E+03    152.79    152.79    0.0450214447641755    0.00000e+00    0.00000e+00    7.67472959E+10
    -2.59970496061079e-03    -2.32509970423881e-04    1.11561140354858e-03    2.5347519E+03    152.30    152.30    0.0448223117480991    0.00000e+00    0.00000e+00    7.67975232E+10
    -2.60949567593806e-03    -2.33636808318474e-04    1.12001966890681e-03    2.5166148E+03    151.81    151.81    0.0451600748740318    0.00000e+00    0.00000e+00    7.68477505E+10
    -2.61928896077784e-03    -2.34762177227613e-04    1.12442584956621e-03    2.4985565E+03    151.32    151.32    0.0449292360587892    0.00000e+00    0.00000e+00    7.68979778E+10
    -2.62908466968603e-03    -2.35886086847571e-04    1.12882989704540e-03    2.4805729E+03    150.83    150.83    0.0448669686538533    0.00000e+00    0.00000e+00    7.69482051E+10
    -2.63888275418125e-03    -2.37008546874623e-04    1.13323190830714e-03    2.4626626E+03    150.34    150.34    0.0448077816270451    0.00000e+00    0.00000e+00    7.69984324E+10
    -2.64868311730078e-03    -2.38129557308769e-04    1.13763188335142e-03    2.4448226E+03    149.85    149.85    0.0445355912317467    0.00000e+00    0.00000e+00    7.70486596E+10
    -2.65848575904460e-03    -2.39249122998145e-04    1.14202982217824e-03    2.4270523E+03    149.36    149.36    0.0443303679881768    0.00000e+00    0.00000e+00    7.70988869E+10
    -2.66829048548726e-03    -2.40367243942751e-04    1.14642572478759e-03    2.4093503E+03    148.87    148.87    0.0437614386844747    0.00000e+00    0.00000e+00    7.71491142E+10
    -2.67809729662874e-03    -2.41483929838861e-04    1.15081968814223e-03    2.3917170E+03    148.38    148.38    0.0434048035443132    0.00000e+00    0.00000e+00    7.71993415E+10
    -2.68790604702495e-03    -2.42599175838338e-04    1.15521171224213e-03    2.3741518E+03    147.89    147.89    0.0432848140040153    0.00000e+00    0.00000e+00    7.72495688E+10
    -2.69771663971315e-03    -2.43713006181866e-04    1.15960179708732e-03    2.3566549E+03    147.39    147.39    0.0431367513936480    0.00000e+00    0.00000e+00    7.72997961E+10
    -2.70752892924923e-03    -2.44825435413856e-04    1.16398994267777e-03    2.3392273E+03    146.90    146.90    0.0428170878725067    0.00000e+00    0.00000e+00    7.73500234E+10
    -2.71734291563319e-03    -2.45936487774991e-04    1.16837624597625e-03    2.3218691E+03    146.41    146.41    0.0427580218951105    0.00000e+00    0.00000e+00    7.74002507E+10
    -2.72715845342093e-03    -2.47046177809683e-04    1.17276070698273e-03    2.3045821E+03    145.92    145.92    0.0428974327306995    0.00000e+00    0.00000e+00    7.74504779E+10
    -2.73697549413109e-03    -2.48154534606752e-04    1.17714337417859e-03    2.2873663E+03    145.44    145.44    0.0428708862668477    0.00000e+00    0.00000e+00    7.75007052E+10
    -2.74679389231955e-03    -2.49261572710608e-04    1.18152424756383e-03    2.2702247E+03    144.95    144.95    0.0427532042991694    0.00000e+00    0.00000e+00    7.75509325E+10
    -2.75661355102358e-03    -2.50367306665661e-04    1.18590347258256e-03    2.2531574E+03    144.46    144.46    0.0425830749211898    0.00000e+00    0.00000e+00    7.76011598E+10
    -2.76643447024319e-03    -2.51471755864460e-04    1.19028109771614e-03    2.2361671E+03    143.97    143.97    0.0423646778162699    0.00000e+00    0.00000e+00    7.76513871E+10
    -2.77625655301563e-03    -2.52574934851415e-04    1.19465707448320e-03    2.2192545E+03    143.48    143.48    0.0417865455099382    0.00000e+00    0.00000e+00    7.77016144E+10
    -2.78607960541543e-03    -2.53676858170935e-04    1.19903154832785e-03    2.2024229E+03    142.99    142.99    0.0414941677102395    0.00000e+00    0.00000e+00    7.77518417E+10
    -2.79590362744259e-03    -2.54777550063705e-04    1.20340456773146e-03    2.1856742E+03    142.51    142.51    0.0415221384065031    0.00000e+00    0.00000e+00    7.78020690E+10
    -2.80572842517164e-03    -2.55877034770409e-04    1.20777618117539e-03    2.1690107E+03    142.02    142.02    0.0410587634732328    0.00000e+00    0.00000e+00    7.78522962E+10
    -2.81555399860259e-03    -2.56975331683595e-04    1.21214638865965e-03    2.1524341E+03    141.54    141.54    0.0409248608389642    0.00000e+00    0.00000e+00    7.79025235E+10
    -2.82538020229132e-03    -2.58072469892082e-04    1.21651533562834e-03    2.1359479E+03    141.06    141.06    0.0408751393898096    0.00000e+00    0.00000e+00    7.79527508E+10
    -2.83520693927509e-03    -2.59168478484693e-04    1.22088302208145e-03    2.1195536E+03    140.57    140.57    0.0409745134200202    0.00000e+00    0.00000e+00    7.80029781E+10
    -2.84503416107255e-03    -2.60263386550248e-04    1.22524954498173e-03    2.1032551E+03    140.09    140.09    0.0410164469458093    0.00000e+00    0.00000e+00    7.80532054E+10
    -2.85486177072095e-03    -2.61357208633157e-04    1.22961495281055e-03    2.0870537E+03    139.62    139.62    0.0409121761662808    0.00000e+00    0.00000e+00    7.81034327E+10
    -2.86468967125757e-03    -2.62449968974104e-04    1.23397934253063e-03    2.0709528E+03    139.14    139.14    0.0407233361938069    0.00000e+00    0.00000e+00    7.81536600E+10
    -2.87451786268239e-03    -2.63541677269363e-04    1.23834271414199e-03    2.0549555E+03    138.66    138.66    0.0405608081738243    0.00000e+00    0.00000e+00    7.82038873E+10
    -2.88434610258858e-03    -2.64632348063345e-04    1.24270521308871e-03    2.0390632E+03    138.19    138.19    0.0400407483617417    0.00000e+00    0.00000e+00    7.82541145E+10
    -2.89417443945750e-03    -2.65722005596733e-04    1.24706679088945e-03    2.0232797E+03    137.72    137.72    0.0399270257014004    0.00000e+00    0.00000e+00    7.83043418E+10
    -2.90400272784506e-03    -2.66810654717665e-04    1.25142759298829e-03    2.0076075E+03    137.25    137.25    0.0398364636336408    0.00000e+00    0.00000e+00    7.83545691E+10
    -2.91383087078851e-03    -2.67898324514960e-04    1.25578761938525e-03    1.9920485E+03    136.78    136.78    0.0393146306843919    0.00000e+00    0.00000e+00    7.84047964E+10
    -2.92365877132512e-03    -2.68985039229304e-04    1.26014696704305e-03    1.9766058E+03    136.31    136.31    0.0393889658560229    0.00000e+00    0.00000e+00    7.84550237E+10
    -2.93348638097353e-03    -2.70070813405106e-04    1.26450563596169e-03    1.9612816E+03    135.85    135.85    0.0392506203815179    0.00000e+00    0.00000e+00    7.85052510E+10
    -2.94331360277098e-03    -2.71155676131188e-04    1.26886372310392e-03    1.9460780E+03    135.39    135.39    0.0392033933288110    0.00000e+00    0.00000e+00    7.85554783E+10
    -2.95314038823613e-03    -2.72239651648234e-04    1.27322132543247e-03    1.9309977E+03    134.93    134.93    0.0392245666418443    0.00000e+00    0.00000e+00    7.86057056E+10
    -2.96296664040623e-03    -2.73322759348790e-04    1.27757839446597e-03    1.9160427E+03    134.47    134.47    0.0390826969841321    0.00000e+00    0.00000e+00    7.86559329E+10
    -2.97279231079990e-03    -2.74405004080994e-04    1.28193502716716e-03    1.9012149E+03    134.02    134.02    0.0389770145572486    0.00000e+00    0.00000e+00    7.87061601E+10
    -2.98261725397306e-03    -2.75486414933667e-04    1.28629127201740e-03    1.8865164E+03    133.57    133.57    0.0388545923392063    0.00000e+00    0.00000e+00    7.87563874E+10
    -2.99244151840706e-03    -2.76566991906808e-04    1.29064712901670e-03    1.8719486E+03    133.12    133.12    0.0384461066170358    0.00000e+00    0.00000e+00    7.88066147E+10
    -3.00226491017644e-03    -2.77646759241101e-04    1.29500274360915e-03    1.8575144E+03    132.68    132.68    0.0383365163852433    0.00000e+00    0.00000e+00    7.88568420E+10
    -3.01208738079983e-03    -2.78725721784684e-04    1.29935806731340e-03    1.8432148E+03    132.24    132.24    0.0381225080750573    0.00000e+00    0.00000e+00    7.89070693E+10
    -3.02190893027721e-03    -2.79803903778241e-04    1.30371310012944e-03    1.8290525E+03    131.80    131.80    0.0378035029127066    0.00000e+00    0.00000e+00    7.89572966E+10
    -3.03172936468314e-03    -2.80881319766181e-04    1.30806798750137e-03    1.8150289E+03    131.36    131.36    0.0378929828574535    0.00000e+00    0.00000e+00    7.90075239E+10
    -3.04154868401759e-03    -2.81957989141052e-04    1.31242272942920e-03    1.8011453E+03    130.93    130.93    0.0377084103913707    0.00000e+00    0.00000e+00    7.90577512E+10
    -3.05136688828058e-03    -2.83033931295402e-04    1.31677727743156e-03    1.7874044E+03    130.50    130.50    0.0375727941072196    0.00000e+00    0.00000e+00    7.91079784E+10
    -3.06118378354663e-03    -2.84109151077366e-04    1.32113177695255e-03    1.7738063E+03    130.08    130.08    0.0375849853445135    0.00000e+00    0.00000e+00    7.91582057E+10
    -3.07099941829711e-03    -2.85183663031357e-04    1.32548622799217e-03    1.7603535E+03    129.66    129.66    0.0374331467028317    0.00000e+00    0.00000e+00    7.92084330E+10
    -3.08081369556929e-03    -2.86257472005509e-04    1.32984067903179e-03    1.7470460E+03    129.24    129.24    0.0374050220913765    0.00000e+00    0.00000e+00    7.92586603E+10
    -3.09062656688178e-03    -2.87330582847961e-04    1.33419513007142e-03    1.7338851E+03    128.82    128.82    0.0373033095202321    0.00000e+00    0.00000e+00    7.93088876E+10
    -3.10043798375324e-03    -2.88403000406849e-04    1.33854962959240e-03    1.7208719E+03    128.41    128.41    0.0370289957014393    0.00000e+00    0.00000e+00    7.93591149E+10
    -3.11024784922091e-03    -2.89474729530310e-04    1.34290412911339e-03    1.7080072E+03    128.00    128.00    0.0368474618031232    0.00000e+00    0.00000e+00    7.94093422E+10
    -3.12005616328481e-03    -2.90545779914617e-04    1.34725877407849e-03    1.6952910E+03    127.60    127.60    0.0365580736058747    0.00000e+00    0.00000e+00    7.94595695E+10
    -3.12986282898219e-03    -2.91616156407908e-04    1.35161346752495e-03    1.6827239E+03    127.20    127.20    0.0366112965028957    0.00000e+00    0.00000e+00    7.95097967E+10
    -3.13966774935032e-03    -2.92685878402728e-04    1.35596830641552e-03    1.6703060E+03    126.80    126.80    0.0364068561701961    0.00000e+00    0.00000e+00    7.95600240E+10
    -3.14947097287056e-03    -2.93754941050943e-04    1.36032329075019e-03    1.6580380E+03    126.41    126.41    0.0362380252979352    0.00000e+00    0.00000e+00    7.96102513E+10
    -3.15927240258018e-03    -2.94823358896962e-04    1.36467842052896e-03    1.6459198E+03    126.02    126.02    0.0360921079702606    0.00000e+00    0.00000e+00    7.96604786E+10
    -3.16907198999782e-03    -2.95891136788922e-04    1.36903379271458e-03    1.6339509E+03    125.63    125.63    0.0360067706190565    0.00000e+00    0.00000e+00    7.97107059E+10
    -3.17886973512346e-03    -2.96958274726822e-04    1.37338931034430e-03    1.6221311E+03    125.25    125.25    0.0359105522497980    0.00000e+00    0.00000e+00    7.97609332E+10
    -3.18866558947576e-03    -2.98024767862527e-04    1.37774511886223e-03    1.6104606E+03    124.87    124.87    0.0359211911015095    0.00000e+00    0.00000e+00    7.98111605E+10
    -3.19845950457332e-03    -2.99090621044173e-04    1.38210112130563e-03    1.5989383E+03    124.50    124.50    0.0358681976519578    0.00000e+00    0.00000e+00    7.98613878E+10
    -3.20825143193480e-03    -3.00155824575486e-04    1.38645741463724e-03    1.5875639E+03    124.13    124.13    0.0356521808562723    0.00000e+00    0.00000e+00    7.99116151E+10
    -3.21804137156018e-03    -3.01220388152740e-04    1.39081395037569e-03    1.5763367E+03    123.76    123.76    0.0354858448618759    0.00000e+00    0.00000e+00    7.99618423E+10
    -3.22782922648673e-03    -3.02284306927798e-04    1.39517077700235e-03    1.5652556E+03    123.40    123.40    0.0354512464744180    0.00000e+00    0.00000e+00    8.00120696E+10
    -3.23761499671445e-03    -3.03347585748797e-04    1.39952789451721e-03    1.5543202E+03    123.04    123.04    0.0352954286552944    0.00000e+00    0.00000e+00    8.00622969E+10
    -3.24739863376198e-03    -3.04410224615737e-04    1.40388530292029e-03    1.5435298E+03    122.68    122.68    0.0350986971970106    0.00000e+00    0.00000e+00    8.01125242E+10
    -3.25718013762931e-03    -3.05472238073028e-04    1.40824300221158e-03    1.5328835E+03    122.33    122.33    0.0349586093363636    0.00000e+00    0.00000e+00    8.01627515E+10
    -3.26695945983507e-03    -3.06533616424397e-04    1.41260104087244e-03    1.5223799E+03    121.98    121.98    0.0347880997385710    0.00000e+00    0.00000e+00    8.02129788E+10
    -3.27673660037927e-03    -3.07594364517981e-04    1.41695937042151e-03    1.5120185E+03    121.64    121.64    0.0346489395995679    0.00000e+00    0.00000e+00    8.02632061E+10
    -3.28651155926191e-03    -3.08654482353779e-04    1.42131808782152e-03    1.5017978E+03    121.30    121.30    0.0344996453700261    0.00000e+00    0.00000e+00    8.03134334E+10
    -3.29628423952024e-03    -3.09713960235518e-04    1.42567719307248e-03    1.4917170E+03    120.96    120.96    0.0345014525936967    0.00000e+00    0.00000e+00    8.03636606E+10
