    2.81650035490811e-05    -1.52827254312289e-05    3.94296557322390e-05    8.4184049E+06    805.94    805.94    1.3453242051250216    0.00000e+00    0.00000e+00    7.29802493E+10
    3.52732583535560e-05    -1.08391918169582e-05    5.04006533598668e-05    1.0701827E+07    1811.37    1811.37    0.9009413961875153    0.00000e+00    0.00000e+00    7.30304766E+10
    3.90601986184127e-05    -7.80761453832685e-06    5.72718982696850e-05    9.9518062E+06    1672.23    1672.23    0.7281194693876879    0.00000e+00    0.00000e+00    7.30807039E+10
    4.24163363551176e-05    -6.29149113516436e-06    6.32097556399471e-05    7.5833928E+06    1393.64    1393.64    0.6478850162589133    0.00000e+00    0.00000e+00    7.31309312E+10
    4.52183878078876e-05    -5.96063391700060e-06    6.78301997057094e-05    5.8485764E+06    1252.78    1252.78    0.5959676629754024    0.00000e+00    0.00000e+00    7.31811585E+10
    4.75270128645032e-05    -5.99160914790037e-06    7.06560041199717e-05    4.8457566E+06    1157.23    1157.23    0.5625690362761241    0.00000e+00    0.00000e+00    7.32313858E+10
    4.96570800727387e-05    -6.18048383141439e-06    7.13928142562483e-05    4.0361688E+06    1064.48    1064.48    0.5366050398340911    0.00000e+00    0.00000e+00    7.32816130E+10
    5.14497950139247e-05    -6.41640871305272e-06    6.98540980507324e-05    3.4300970E+06    984.87    984.87    0.5419969242365752    0.00000e+00    0.00000e+00    7.33318403E+10
    5.26292788261488e-05    -6.45257629847717e-06    6.63043746959742e-05    2.9442259E+06    917.30    917.30    0.5791620066786994    0.00000e+00    0.00000e+00    7.33820676E+10
    5.31343092377606e-05    -5.95211089248670e-06    6.14430800415735e-05    3.0516870E+06    1173.39    1173.39    0.5550702717325547    0.00000e+00    0.00000e+00    7.34322949E+10
    5.50448339034562e-05    -3.23495230301506e-06    6.01939624403316e-05    5.3283457E+06    2514.51    2514.51    0.5400573687613526    0.00000e+00    0.00000e+00    7.34825222E+10
    6.00130057338575e-05    1.09603787535704e-06    6.33204628440285e-05    5.6108836E+06    2487.70    2487.70    0.5376975770229071    0.00000e+00    0.00000e+00    7.35327495E+10
    6.57901910020631e-05    5.06011722983737e-06    6.69852615741349e-05    5.2029390E+06    2332.22    2332.22    0.5297040500769467    0.00000e+00    0.00000e+00    7.35829768E+10
    7.19196467390996e-05    8.65243776905894e-06    7.13132514830414e-05    4.7889782E+06    2163.23    2163.23    0.5074196032360551    0.00000e+00    0.00000e+00    7.36332041E+10
    7.81900862946028e-05    1.22165954815448e-05    7.58368443197285e-05    4.0608824E+06    1896.98    1896.98    0.4724525603209372    0.00000e+00    0.00000e+00    7.36834314E+10
    8.42271316958831e-05    1.54122143173164e-05    7.97746464818044e-05    3.1801582E+06    1607.55    1607.55    0.4431601397778477    0.00000e+00    0.00000e+00    7.37336586E+10
    8.98786338653979e-05    1.79380601437531e-05    8.29610359195288e-05    2.5097115E+06    1411.74    1411.74    0.4323912800676612    0.00000e+00    0.00000e+00    7.37838859E+10
    9.51875085101988e-05    2.00190065146323e-05    8.54185564690730e-05    2.0544310E+06    1280.53    1280.53    0.4289024916709892    0.00000e+00    0.00000e+00    7.38341132E+10
    1.00221799230430e-04    2.19809679726389e-05    8.71806360337497e-05    1.7272137E+06    1181.99    1181.99    0.4242823660548294    0.00000e+00    0.00000e+00    7.38843405E+10
    1.05026259176994e-04    2.40089688110315e-05    8.83517422655642e-05    1.4751647E+06    1099.80    1099.80    0.4183400459965640    0.00000e+00    0.00000e+00    7.39345678E+10
    1.09606449162814e-04    2.61340628005263e-05    8.90751618479686e-05    1.2714206E+06    1026.47    1026.47    0.4348610860602364    0.00000e+00    0.00000e+00    7.39847951E+10
    1.13918997755977e-04    2.83012391023550e-05    8.94627800822893e-05    1.0989695E+06    959.16    959.16    0.4371757860622074    0.00000e+00    0.00000e+00    7.40350224E+10
    1.17903375968397e-04    3.04295052277652e-05    8.95653230239808e-05    9.4657463E+05    895.74    895.74    0.4342680464425978    0.00000e+00    0.00000e+00    7.40852497E+10
    1.21516435382456e-04    3.24443021655528e-05    8.93867322082705e-05    8.1158572E+05    838.21    838.21    0.4205413259974649    0.00000e+00    0.00000e+00    7.41354769E+10
    1.24746259277870e-04    3.42923144703925e-05    8.89234830396967e-05    7.1216148E+05    802.91    802.91    0.4086110887347726    0.00000e+00    0.00000e+00    7.41857042E+10
    1.27713988049141e-04    3.60254744141773e-05    8.84690962652136e-05    7.2245635E+05    945.25    945.25    0.3968154693788595    0.00000e+00    0.00000e+00    7.42359315E+10
    1.31134847927460e-04    3.80925657796777e-05    8.94721709232924e-05    9.0552888E+05    1339.54    1339.54    0.3791171245512951    0.00000e+00    0.00000e+00    7.42861588E+10
    1.35682613574287e-04    4.08281696389422e-05    9.28476619373335e-05    1.0824366E+06    1521.43    1521.43    0.3680231201263917    0.00000e+00    0.00000e+00    7.43363861E+10
    1.40983193057004e-04    4.38805502726300e-05    9.74735698532819e-05    1.1358193E+06    1522.26    1522.26    0.3592683968445768    0.00000e+00    0.00000e+00    7.43866134E+10
    1.46589762694554e-04    4.69219847830257e-05    1.02194588517190e-04    1.0802372E+06    1435.28    1435.28    0.3524508327616165    0.00000e+00    0.00000e+00    7.44368407E+10
    1.52222987388291e-04    4.98361508539933e-05    1.06515218954418e-04    9.6129592E+05    1328.24    1328.24    0.3443711879958941    0.00000e+00    0.00000e+00    7.44870680E+10
    1.57631171267530e-04    5.25530709636152e-05    1.10228843270349e-04    8.3348345E+05    1234.88    1234.88    0.3391749576650757    0.00000e+00    0.00000e+00    7.45372952E+10
    1.62685387830055e-04    5.50673438026701e-05    1.13324044102793e-04    7.2092811E+05    1159.45    1159.45    0.3374855533619490    0.00000e+00    0.00000e+00    7.45875225E+10
    1.67369056447971e-04    5.74209299952581e-05    1.15964344258252e-04    6.3011627E+05    1098.46    1098.46    0.3346166974929330    0.00000e+00    0.00000e+00    7.46377498E+10
    1.71745149570317e-04    5.96665918142943e-05    1.18354398135933e-04    5.6070442E+05    1048.84    1048.84    0.3298639689268832    0.00000e+00    0.00000e+00    7.46879771E+10
    1.75906460535658e-04    6.18463529096573e-05    1.20641017014750e-04    5.0752113E+05    1007.31    1007.31    0.3239048228776717    0.00000e+00    0.00000e+00    7.47382044E+10
    1.79926540427555e-04    6.39818699084822e-05    1.22878417608660e-04    4.6479740E+05    970.92    970.92    0.3214120343507438    0.00000e+00    0.00000e+00    7.47884317E+10
    1.83843059269030e-04    6.60753584092917e-05    1.25040676930135e-04    4.2848183E+05    937.21    937.21    0.3210998689701363    0.00000e+00    0.00000e+00    7.48386590E+10
    1.87656666710417e-04    6.81190613931881e-05    1.27056217087295e-04    3.9616239E+05    905.12    905.12    0.3190180294155374    0.00000e+00    0.00000e+00    7.48888863E+10
    1.91341473701142e-04    7.01068896003366e-05    1.28842488854659e-04    3.6650656E+05    874.65    874.65    0.3171812875339342    0.00000e+00    0.00000e+00    7.49391135E+10
    1.94866515191395e-04    7.20423773224725e-05    1.30337678487885e-04    3.3988782E+05    847.67    847.67    0.3154410931968215    0.00000e+00    0.00000e+00    7.49893408E+10
    1.98216703779419e-04    7.39399380703352e-05    1.31532846022693e-04    3.1970066E+05    831.94    831.94    0.3166354029539482    0.00000e+00    0.00000e+00    7.50395681E+10
    2.01438877314946e-04    7.58439225994726e-05    1.32556365273705e-04    3.1260543E+05    850.38    850.38    0.3165314012462979    0.00000e+00    0.00000e+00    7.50897954E+10
    2.04689514261691e-04    7.78528983793912e-05    1.33770998077809e-04    3.2412333E+05    921.00    921.00    0.3118211576078658    0.00000e+00    0.00000e+00    7.51400227E+10
    2.08162031037733e-04    8.00747316060008e-05    1.35618012151279e-04    3.4900264E+05    1004.25    1004.25    0.3081250975371581    0.00000e+00    0.00000e+00    7.51902500E+10
    2.11926279598245e-04    8.25305116744299e-05    1.38279707134486e-04    3.7403602E+05    1057.13    1057.13    0.3061341636736890    0.00000e+00    0.00000e+00    7.52404773E+10
    2.15919345671831e-04    8.51509344689637e-05    1.41613833845255e-04    3.9051761E+05    1077.49    1077.49    0.3009575640881367    0.00000e+00    0.00000e+00    7.52907046E+10
    2.20045095553663e-04    8.78420091612457e-05    1.45373908159973e-04    3.9678329E+05    1076.92    1076.92    0.2975862146927043    0.00000e+00    0.00000e+00    7.53409319E+10
    2.24230157541241e-04    9.05249341355482e-05    1.49350912356303e-04    3.9386121E+05    1063.71    1063.71    0.2955837280533462    0.00000e+00    0.00000e+00    7.53911591E+10
    2.28421449384622e-04    9.31498705454531e-05    1.53381027891399e-04    3.8313947E+05    1041.47    1041.47    0.2950493648043630    0.00000e+00    0.00000e+00    7.54413864E+10
    2.32578493989569e-04    9.56981482161011e-05    1.57337587494798e-04    3.6605879E+05    1011.93    1011.93    0.2937643964613714    0.00000e+00    0.00000e+00    7.54916137E+10
    2.36671683784578e-04    9.81735002128365e-05    1.61128001449679e-04    3.4418450E+05    977.52    977.52    0.2921943965841624    0.00000e+00    0.00000e+00    7.55418410E+10
    2.40678702795906e-04    1.00584391382532e-04    1.64690184516042e-04    3.1917629E+05    940.35    940.35    0.2954865682101119    0.00000e+00    0.00000e+00    7.55920683E+10
    2.44582984940070e-04    1.02938510870169e-04    1.67985943072088e-04    2.9272708E+05    902.09    902.09    0.2983852455535078    0.00000e+00    0.00000e+00    7.56422956E+10
    2.48372666826293e-04    1.05240289872793e-04    1.70997120845459e-04    2.6641869E+05    864.17    864.17    0.3003706537406067    0.00000e+00    0.00000e+00    7.56925229E+10
    2.52043622690150e-04    1.07491599771215e-04    1.73728333262400e-04    2.4163219E+05    828.26    828.26    0.3033938337760307    0.00000e+00    0.00000e+00    7.57427502E+10
    2.55601481218477e-04    1.09694040450580e-04    1.76205246359189e-04    2.1948559E+05    795.78    795.78    0.3031722970341968    0.00000e+00    0.00000e+00    7.57929774E+10
    2.59059463280359e-04    1.11849672369034e-04    1.78466063453897e-04    2.0077811E+05    767.86    767.86    0.3001621805846373    0.00000e+00    0.00000e+00    7.58432047E+10
    2.62435346993482e-04    1.13961108672318e-04    1.80555809193088e-04    1.8601576E+05    746.02    746.02    0.2969226239884422    0.00000e+00    0.00000e+00    7.58934320E+10
    2.65751196228473e-04    1.16034904041401e-04    1.82532326697056e-04    1.7552661E+05    732.60    732.60    0.2964084283554564    0.00000e+00    0.00000e+00    7.59436593E+10
    2.69034630820745e-04    1.18085971345113e-04    1.84478795449069e-04    1.6938125E+05    729.61    729.61    0.2921879713440239    0.00000e+00    0.00000e+00    7.59938866E+10
    2.72317168507707e-04    1.20135918729223e-04    1.86499358275966e-04    1.6718812E+05    737.09    737.09    0.2922014836889376    0.00000e+00    0.00000e+00    7.60441139E+10
    2.75633444378737e-04    1.22208560241744e-04    1.88700751757780e-04    1.6808742E+05    751.62    751.62    0.2901436094777570    0.00000e+00    0.00000e+00    7.60943412E+10
    2.79014641649805e-04    1.24321921255343e-04    1.91168404913260e-04    1.7087384E+05    767.75    767.75    0.2874671454340854    0.00000e+00    0.00000e+00    7.61445685E+10
    2.82482271503941e-04    1.26482638869312e-04    1.93943197231996e-04    1.7426457E+05    781.16    781.16    0.2874153803240512    0.00000e+00    0.00000e+00    7.61947957E+10
    2.86046195051419e-04    1.28686626104320e-04    1.97019378823730e-04    1.7717834E+05    789.73    789.73    0.2900197203539324    0.00000e+00    0.00000e+00    7.62450230E+10
    2.89704729988765e-04    1.30922741941975e-04    2.00360002037826e-04    1.7889274E+05    793.07    793.07    0.2874657035053008    0.00000e+00    0.00000e+00    7.62952503E+10
    2.93447297681458e-04    1.33176941329935e-04    2.03913099695805e-04    1.7904909E+05    791.74    791.74    0.2884568311000246    0.00000e+00    0.00000e+00    7.63454776E+10
    2.97259489466896e-04    1.35436900304427e-04    2.07626273135012e-04    1.7754794E+05    786.45    786.45    0.2886694823748955    0.00000e+00    0.00000e+00    7.63957049E+10
    3.01123473897886e-04    1.37693572242161e-04    2.11448035142515e-04    1.7449401E+05    777.90    777.90    0.2846324535035939    0.00000e+00    0.00000e+00    7.64459322E+10
    3.05021332260775e-04    1.39939709178605e-04    2.15328178413496e-04    1.7013912E+05    766.72    766.72    0.2815720028756928    0.00000e+00    0.00000e+00    7.64961595E+10
    3.08934084099948e-04    1.42171660466740e-04    2.19218638519612e-04    1.6478501E+05    753.58    753.58    0.2773747736485897    0.00000e+00    0.00000e+00    7.65463868E+10
    3.12843078633093e-04    1.44389615183900e-04    2.23077033048859e-04    1.5871100E+05    738.96    738.96    0.2779510604894378    0.00000e+00    0.00000e+00    7.65966140E+10
    3.16732995747886e-04    1.46596099209366e-04    2.26867437307467e-04    1.5216426E+05    723.40    723.40    0.2754315361071800    0.00000e+00    0.00000e+00    7.66468413E+10
    3.20593014402964e-04    1.48794060210318e-04    2.30559947987586e-04    1.4533727E+05    707.32    707.32    0.2720370796380008    0.00000e+00    0.00000e+00    7.66970686E+10
    3.24415183653959e-04    1.50985214427187e-04    2.34131507350541e-04    1.3838896E+05    691.15    691.15    0.2684472988274829    0.00000e+00    0.00000e+00    7.67472959E+10
    3.28193045782637e-04    1.53169464897237e-04    2.37562427112744e-04    1.3147293E+05    675.20    675.20    0.2691562385034433    0.00000e+00    0.00000e+00    7.67975232E+10
    3.31921723563366e-04    1.55344499059209e-04    2.40837372617459e-04    1.2474709E+05    659.83    659.83    0.2666277559651211    0.00000e+00    0.00000e+00    7.68477505E+10
    3.35597319094151e-04    1.57506869887831e-04    2.43948446249823e-04    1.1838859E+05    645.41    645.41    0.2645662460605416    0.00000e+00    0.00000e+00    7.68979778E+10
    3.39217049544461e-04    1.59652277085750e-04    2.46896695207387e-04    1.1258671E+05    632.39    632.39    0.2648968529694173    0.00000e+00    0.00000e+00    7.69482051E+10
    3.42781239739464e-04    1.61776774269603e-04    2.49695863958009e-04    1.0752582E+05    621.37    621.37    0.2635726981005714    0.00000e+00    0.00000e+00    7.69984324E+10
    3.46294955982126e-04    1.63878271892425e-04    2.52375438869775e-04    1.0335661E+05    612.98    612.98    0.2581698809413526    0.00000e+00    0.00000e+00    7.70486596E+10
    3.49766934614982e-04    1.65957618378156e-04    2.54978888337333e-04    1.0017409E+05    607.82    607.82    0.2552096061179904    0.00000e+00    0.00000e+00    7.70988869E+10
    3.53208966306755e-04    1.68018188030019e-04    2.57561330828089e-04    9.7983676E+04    605.95    605.95    0.2559361357622632    0.00000e+00    0.00000e+00    7.71491142E+10
    3.56635779697078e-04    1.70064528400340e-04    2.60180779147123e-04    9.6679588E+04    606.78    606.78    0.2540422784789445    0.00000e+00    0.00000e+00    7.71993415E+10
    3.60062282806646e-04    1.72100382250739e-04    2.62889384702114e-04    9.6065443E+04    609.25    609.25    0.2514113956468680    0.00000e+00    0.00000e+00    7.72495688E+10
    3.63501192298313e-04    1.74127965179739e-04    2.65726887670502e-04    9.5894722E+04    612.01    612.01    0.2504757486187299    0.00000e+00    0.00000e+00    7.72997961E+10
    3.66961152400014e-04    1.76147689278968e-04    2.68716762730725e-04    9.5913859E+04    614.01    614.01    0.2494578406009865    0.00000e+00    0.00000e+00    7.73500234E+10
    3.70446230698533e-04    1.78157935270731e-04    2.71864105274573e-04    9.5902720E+04    614.70    614.70    0.2490448912780139    0.00000e+00    0.00000e+00    7.74002507E+10
    3.73956422345733e-04    1.80155750639710e-04    2.75159451738990e-04    9.5696871E+04    613.88    613.88    0.2447481481375929    0.00000e+00    0.00000e+00    7.74504779E+10
    3.77488028213228e-04    1.82137969552568e-04    2.78585979089241e-04    9.5193342E+04    611.61    611.61    0.2445766965100267    0.00000e+00    0.00000e+00    7.75007052E+10
    3.81035889883451e-04    1.84101915837785e-04    2.82122025850055e-04    9.4348343E+04    608.05    608.05    0.2424674409687974    0.00000e+00    0.00000e+00    7.75509325E+10
    3.84594591987584e-04    1.86046222320781e-04    2.85743205893272e-04    9.3165573E+04    603.38    603.38    0.2379993637752854    0.00000e+00    0.00000e+00    7.76011598E+10
    3.88160323890092e-04    1.87971208978584e-04    2.89426636013144e-04    9.1679082E+04    597.84    597.84    0.2361114138760341    0.00000e+00    0.00000e+00    7.76513871E+10
    3.91730811814812e-04    1.89879178676180e-04    2.93152244923272e-04    8.9941669E+04    591.62    591.62    0.2348612423839771    0.00000e+00    0.00000e+00    7.77016144E+10
    3.95304441332186e-04    1.91773738427356e-04    2.96901449715259e-04    8.8016148E+04    584.91    584.91    0.2330835010749361    0.00000e+00    0.00000e+00    7.77518417E+10
    3.98880242814851e-04    1.93658723108331e-04    3.00657194643805e-04    8.5964307E+04    577.90    577.90    0.2322665638776148    0.00000e+00    0.00000e+00    7.78020690E+10
    4.02457547219928e-04    1.95537657314566e-04    3.04404091722671e-04    8.3840110E+04    570.74    570.74    0.2305370398175801    0.00000e+00    0.00000e+00    7.78522962E+10
    4.06035651567578e-04    1.97413323876589e-04    3.08128571016922e-04    8.1685599E+04    563.55    563.55    0.2300398253950468    0.00000e+00    0.00000e+00    7.79025235E+10
    4.09613751067092e-04    1.99287855974599e-04    3.11818972757527e-04    7.9532483E+04    556.43    556.43    0.2298336616868951    0.00000e+00    0.00000e+00    7.79527508E+10
    4.13190953661295e-04    2.01162940760206e-04    3.15465464923035e-04    7.7406121E+04    549.45    549.45    0.2253987376687374    0.00000e+00    0.00000e+00    7.80029781E+10
    4.16766105493628e-04    2.03039669064191e-04    3.19059786288319e-04    7.5327505E+04    542.68    542.68    0.2230023333514911    0.00000e+00    0.00000e+00    7.80532054E+10
    4.20337786060003e-04    2.04919277161443e-04    3.22595818504722e-04    7.3314761E+04    536.18    536.18    0.2215032434447756    0.00000e+00    0.00000e+00    7.81034327E+10
    4.23904327601359e-04    2.06803554014443e-04    3.26070565423697e-04    7.1384906E+04    530.00    530.00    0.2189117285983633    0.00000e+00    0.00000e+00    7.81536600E+10
    4.27464275676652e-04    2.08694802488178e-04    3.29484531251471e-04    6.9554868E+04    524.21    524.21    0.2174784531143717    0.00000e+00    0.00000e+00    7.82038873E+10
    4.31016946698591e-04    2.10596038123743e-04    3.32842389591930e-04    6.7840081E+04    518.88    518.88    0.2171522711370716    0.00000e+00    0.00000e+00    7.82541145E+10
    4.34562403692956e-04    2.12510853390517e-04    3.36152731343504e-04    6.6252338E+04    514.04    514.04    0.2163883244659190    0.00000e+00    0.00000e+00    7.83043418E+10
    4.38101393272814e-04    2.14442637136129e-04    3.39426794487320e-04    6.4798410E+04    509.72    509.72    0.2142389099248143    0.00000e+00    0.00000e+00    7.83545691E+10
    4.41635103231685e-04    2.16394109165331e-04    3.42677247204866e-04    6.3478734E+04    505.90    505.90    0.2127630488479879    0.00000e+00    0.00000e+00    7.84047964E+10
    4.45164842566508e-04    2.18367271758626e-04    3.45917019477017e-04    6.2287157E+04    502.53    502.53    0.2109832827820489    0.00000e+00    0.00000e+00    7.84550237E+10
    4.48691939666769e-04    2.20363351494627e-04    3.49158575863515e-04    6.1211433E+04    499.55    499.55    0.2111274214463036    0.00000e+00    0.00000e+00    7.85052510E+10
    4.52217495059524e-04    2.22382610172722e-04    3.52413227067539e-04    6.0234474E+04    496.85    496.85    0.2094185375488347    0.00000e+00    0.00000e+00    7.85554783E+10
    4.55742109913738e-04    2.24424621156871e-04    3.55690160308348e-04    5.9336841E+04    494.34    494.34    0.2072177270711182    0.00000e+00    0.00000e+00    7.86057056E+10
    4.59265832710778e-04    2.26488545719406e-04    3.58996226003254e-04    5.8498841E+04    491.91    491.91    0.2054738417390329    0.00000e+00    0.00000e+00    7.86559329E+10
    4.62788333777342e-04    2.28573457866197e-04    3.62336281985343e-04    5.7702220E+04    489.50    489.50    0.2028694946040655    0.00000e+00    0.00000e+00    7.87061601E+10
    4.66309176781116e-04    2.30678455843796e-04    3.65713498936089e-04    5.6931297E+04    487.04    487.04    0.2016882517146762    0.00000e+00    0.00000e+00    7.87563874E+10
    4.69828327785144e-04    2.32802468213968e-04    3.69129457348092e-04    5.6173643E+04    484.49    484.49    0.1998639523400706    0.00000e+00    0.00000e+00    7.88066147E+10
    4.73346203729190e-04    2.34943744799325e-04    3.72583934207059e-04    5.5420306E+04    481.84    481.84    0.1999025894098679    0.00000e+00    0.00000e+00    7.88568420E+10
    4.76863410630356e-04    2.37100171812216e-04    3.76075654453010e-04    5.4665643E+04    479.09    479.09    0.1988176294778078    0.00000e+00    0.00000e+00    7.89070693E+10
    4.80380646620343e-04    2.39269111866217e-04    3.79602281284000e-04    5.3906909E+04    476.24    476.24    0.1968638287809630    0.00000e+00    0.00000e+00    7.89572966E+10
    4.83898740730546e-04    2.41447418520536e-04    3.83160925210490e-04    5.3143376E+04    473.31    473.31    0.1955029980663767    0.00000e+00    0.00000e+00    7.90075239E+10
    4.87418536536769e-04    2.43631877460469e-04    3.86748420399144e-04    5.2375781E+04    470.32    470.32    0.1950469533697813    0.00000e+00    0.00000e+00    7.90577512E+10
    4.90940610967294e-04    2.45819313156404e-04    3.90360854403554e-04    5.1606120E+04    467.27    467.27    0.1937148264129465    0.00000e+00    0.00000e+00    7.91079784E+10
    4.94465254910328e-04    2.48006845815075e-04    3.93993699063938e-04    5.0837182E+04    464.20    464.20    0.1924598968890055    0.00000e+00    0.00000e+00    7.91582057E+10
    4.97992371403136e-04    2.50192031975530e-04    3.97642295320822e-04    5.0072119E+04    461.11    461.11    0.1906203626333610    0.00000e+00    0.00000e+00    7.92084330E+10
    5.01521766520246e-04    2.52372980864412e-04    4.01302250762254e-04    4.9314066E+04    458.02    458.02    0.1879827430087929    0.00000e+00    0.00000e+00    7.92586603E+10
    5.05053294817552e-04    2.54548344699687e-04    4.04969812930343e-04    4.8565866E+04    454.94    454.94    0.1866236402907311    0.00000e+00    0.00000e+00    7.93088876E+10
    5.08586907813687e-04    2.56717178094678e-04    4.08642058398591e-04    4.7829907E+04    451.90    451.90    0.1848619127786026    0.00000e+00    0.00000e+00    7.93591149E+10
    5.12122799434123e-04    2.58878685954947e-04    4.12316858834939e-04    4.7108068E+04    448.90    448.90    0.1853281875790693    0.00000e+00    0.00000e+00    7.94093422E+10
    5.15661163604333e-04    2.61032073186057e-04    4.15992643443059e-04    4.6401703E+04    445.94    445.94    0.1847755269619288    0.00000e+00    0.00000e+00    7.94595695E+10
    5.19202242731157e-04    2.63176486515931e-04    4.19668185644339e-04    4.5711626E+04    443.04    443.04    0.1822251570520224    0.00000e+00    0.00000e+00    7.95097967E+10
    5.22746036814595e-04    2.65311019342983e-04    4.23342438241227e-04    4.5038239E+04    440.20    440.20    0.1812020628884159    0.00000e+00    0.00000e+00    7.95600240E+10
    5.26292158003703e-04    2.67434794154451e-04    4.27014446150771e-04    4.4381582E+04    437.41    437.41    0.1808378592604473    0.00000e+00    0.00000e+00    7.96102513E+10
    5.29840073003431e-04    2.69547020704036e-04    4.30683351252757e-04    4.3741433E+04    434.69    434.69    0.1795809814536797    0.00000e+00    0.00000e+00    7.96604786E+10
    5.33388909149152e-04    2.71647112367182e-04    4.34348440871072e-04    4.3117373E+04    432.03    432.03    0.1784049456842910    0.00000e+00    0.00000e+00    7.97107059E+10
    5.36937551369402e-04    2.73734768559408e-04    4.38009278673403e-04    4.2508748E+04    429.42    429.42    0.1767611368871814    0.00000e+00    0.00000e+00    7.97609332E+10
    5.40484981555448e-04    2.75810013521397e-04    4.41665859811615e-04    4.1914847E+04    426.88    426.88    0.1748619640108799    0.00000e+00    0.00000e+00    7.98111605E+10
    5.44030278561298e-04    2.77873176926453e-04    4.45318712732619e-04    4.1334814E+04    424.38    424.38    0.1739817884405003    0.00000e+00    0.00000e+00    7.98613878E+10
    5.47572763647797e-04    2.79924704803163e-04    4.48968923419061e-04    4.0767735E+04    421.94    421.94    0.1729995742141261    0.00000e+00    0.00000e+00    7.99116151E+10
    5.51112048964001e-04    2.81965048028249e-04    4.52617936615710e-04    4.0212632E+04    419.53    419.53    0.1727947336722281    0.00000e+00    0.00000e+00    7.99618423E+10
    5.54647989065806e-04    2.83994555667563e-04    4.56267347359578e-04    3.9668559E+04    417.17    417.17    0.1719419336394132    0.00000e+00    0.00000e+00    8.00120696E+10
    5.58180535471842e-04    2.86013426494712e-04    4.59918639180529e-04    3.9134575E+04    414.84    414.84    0.1706737612407016    0.00000e+00    0.00000e+00    8.00622969E+10
    5.61709591219375e-04    2.88021767168709e-04    4.63573043505312e-04    3.8609798E+04    412.54    412.54    0.1690222432678854    0.00000e+00    0.00000e+00    8.01125242E+10
    5.65235010864299e-04    2.90019660107877e-04    4.67231471783649e-04    3.8093416E+04    410.27    410.27    0.1686858646117856    0.00000e+00    0.00000e+00    8.01627515E+10
    5.68756600481142e-04    2.92007260452595e-04    4.70894534880777e-04    3.7584701E+04    408.01    408.01    0.1672488949650929    0.00000e+00    0.00000e+00    8.02129788E+10
    5.72274069181696e-04    2.93984893028030e-04    4.74562596406957e-04    3.7083018E+04    405.77    405.77    0.1663701971992309    0.00000e+00    0.00000e+00    8.02632061E+10
    5.75787126077752e-04    2.95953120218051e-04    4.78235918161577e-04    3.6587817E+04    403.54    403.54    0.1650850654125496    0.00000e+00    0.00000e+00    8.03134334E+10
    5.79295674206574e-04    2.97912727420823e-04    4.81914718310794e-04    3.6098678E+04    401.32    401.32    0.1635323117066751    0.00000e+00    0.00000e+00    8.03636606E+10
