    -2.72390457791880e-05    -2.07504255227751e-05    5.97787340668718e-06    8.7688222E+06    584.35    584.35    1.7828740158145957    0.00000e+00    0.00000e+00    7.94093422E+10
    -3.48472937811279e-05    -1.45632682310402e-05    8.08122932034832e-06    5.3200749E+06    495.48    495.48    1.3071032071082589    0.00000e+00    0.00000e+00    7.94595695E+10
    -3.74302172070553e-05    -8.73365084803632e-07    5.89068209020803e-06    1.5632890E+07    16284.02    16284.02    0.8585545847681102    0.00000e+00    0.00000e+00    7.95097967E+10
    -4.29455861189829e-05    -6.60867369863873e-06    4.12512612054960e-06    1.0409335E+07    10530.62    10530.62    0.7172452543115045    0.00000e+00    0.00000e+00    7.95600240E+10
    -5.36798361361555e-05    -1.82816054207652e-05    4.15263997569172e-06    4.4240209E+06    6206.23    6206.23    0.6302293996112517    0.00000e+00    0.00000e+00    7.96102513E+10
    -6.81403156249679e-05    -3.17022720403717e-05    4.80494786305287e-06    2.1669544E+06    3855.05    3855.05    0.5678457715591639    0.00000e+00    0.00000e+00    7.96604786E+10
    -8.44931441145711e-05    -4.54490350077934e-05    6.36266469243332e-06    1.3008810E+06    2914.25    2914.25    0.5113427722833424    0.00000e+00    0.00000e+00    7.97107059E+10
    -1.01047301181529e-04    -5.82402117868283e-05    7.16131814668599e-06    1.2026377E+06    3133.45    3133.45    0.4600861714762881    0.00000e+00    0.00000e+00    7.97609332E+10
    -1.15825396657246e-04    -7.09505332793825e-05    7.38474356199795e-06    1.3578636E+06    3466.88    3466.88    0.4309979466043765    0.00000e+00    0.00000e+00    7.98111605E+10
    -1.29559096804844e-04    -8.40288719891302e-05    8.20282883340317e-06    1.3700373E+06    3339.55    3339.55    0.4097116401056157    0.00000e+00    0.00000e+00    7.98613878E+10
    -1.42735954502730e-04    -9.74560632312570e-05    9.89120799190492e-06    1.2237039E+06    2983.39    2983.39    0.3909804584463743    0.00000e+00    0.00000e+00    7.99116151E+10
    -1.55408504161389e-04    -1.10976023571264e-04    1.19716002207466e-05    1.0824845E+06    2662.09    2662.09    0.3729379796695333    0.00000e+00    0.00000e+00    7.99618423E+10
    -1.67665233973897e-04    -1.24010186058389e-04    1.39964003192166e-05    9.8934483E+05    2375.24    2375.24    0.3619858737416209    0.00000e+00    0.00000e+00    8.00120696E+10
    -1.79524852900209e-04    -1.36163694190052e-04    1.60549235725308e-05    9.0700517E+05    2073.27    2073.27    0.3538043739567466    0.00000e+00    0.00000e+00    8.00622969E+10
    -1.91054158569306e-04    -1.47591557444515e-04    1.84671048314313e-05    8.1526743E+05    1790.51    1790.51    0.3424966383801665    0.00000e+00    0.00000e+00    8.01125242E+10
    -2.02213342929835e-04    -1.58604143844149e-04    2.14229139735379e-05    7.1752580E+05    1566.53    1566.53    0.3313550439486408    0.00000e+00    0.00000e+00    8.01627515E+10
    -2.12970214353368e-04    -1.69407285885407e-04    2.48530817897208e-05    6.2795817E+05    1407.40    1407.40    0.3236975511213172    0.00000e+00    0.00000e+00    8.02129788E+10
    -2.23375101348142e-04    -1.80085113286372e-04    2.85853724020018e-05    5.5479291E+05    1295.06    1295.06    0.3179485311984837    0.00000e+00    0.00000e+00    8.02632061E+10
    -2.33512123935966e-04    -1.90642546905908e-04    3.25074864781708e-05    4.9604104E+05    1209.87    1209.87    0.3150112974651769    0.00000e+00    0.00000e+00    8.03134334E+10
    -2.43462013291019e-04    -2.01058482804474e-04    3.65628399590643e-05    4.4689065E+05    1139.30    1139.30    0.3088249783309429    0.00000e+00    0.00000e+00    8.03636606E+10
