b(14N2,H2,H) (km/s)     = 0.24 11.2 15.9
Tex(14N2,14N15N,H2) (K) = 100 100 100
N(H)         (cm-2)     = 1.000e+22
[14N2]/[14N15N]         = 225
n[N(14N2)]   (cols)     = 46
n[N(H2)]     (rows)     = 46
N(14N2)
1.000e+10
1.585e+10
2.512e+10
3.981e+10
6.310e+10
1.000e+11
1.585e+11
2.512e+11
3.981e+11
6.310e+11
1.000e+12
1.585e+12
2.512e+12
3.981e+12
6.310e+12
1.000e+13
1.585e+13
2.512e+13
3.981e+13
6.310e+13
1.000e+14
1.585e+14
2.512e+14
3.981e+14
6.310e+14
1.000e+15
1.585e+15
2.512e+15
3.981e+15
6.310e+15
1.000e+16
1.585e+16
2.512e+16
3.981e+16
6.310e+16
1.000e+17
1.585e+17
2.512e+17
3.981e+17
6.310e+17
1.000e+18
1.585e+18
2.512e+18
3.981e+18
6.310e+18
1.000e+19
N(H2)
1.000e+14
1.585e+14
2.512e+14
3.981e+14
6.310e+14
1.000e+15
1.585e+15
2.512e+15
3.981e+15
6.310e+15
1.000e+16
1.585e+16
2.512e+16
3.981e+16
6.310e+16
1.000e+17
1.585e+17
2.512e+17
3.981e+17
6.310e+17
1.000e+18
1.585e+18
2.512e+18
3.981e+18
6.310e+18
1.000e+19
1.585e+19
2.512e+19
3.981e+19
6.310e+19
1.000e+20
1.585e+20
2.512e+20
3.981e+20
6.310e+20
1.000e+21
1.585e+21
2.512e+21
3.981e+21
6.310e+21
1.000e+22
1.585e+22
2.512e+22
3.981e+22
6.310e+22
1.000e+23
14N2
7.583e-01 7.583e-01 7.582e-01 7.582e-01 7.581e-01 7.579e-01 7.577e-01 7.574e-01 7.568e-01 7.560e-01 7.546e-01 7.525e-01 7.491e-01 7.439e-01 7.360e-01 7.241e-01 7.067e-01 6.819e-01 6.479e-01 6.030e-01 5.466e-01 4.804e-01 4.088e-01 3.372e-01 2.707e-01 2.120e-01 1.620e-01 1.211e-01 8.908e-02 6.471e-02 4.664e-02 3.357e-02 2.426e-02 1.761e-02 1.280e-02 9.287e-03 6.691e-03 4.776e-03 3.393e-03 2.428e-03 1.763e-03 1.294e-03 9.521e-04 6.974e-04 5.047e-04 3.569e-04
7.558e-01 7.558e-01 7.558e-01 7.557e-01 7.556e-01 7.555e-01 7.553e-01 7.549e-01 7.544e-01 7.535e-01 7.521e-01 7.500e-01 7.467e-01 7.415e-01 7.336e-01 7.217e-01 7.043e-01 6.796e-01 6.456e-01 6.008e-01 5.446e-01 4.787e-01 4.073e-01 3.361e-01 2.698e-01 2.113e-01 1.615e-01 1.208e-01 8.879e-02 6.449e-02 4.648e-02 3.346e-02 2.418e-02 1.755e-02 1.277e-02 9.264e-03 6.676e-03 4.766e-03 3.386e-03 2.423e-03 1.760e-03 1.292e-03 9.506e-04 6.965e-04 5.041e-04 3.565e-04
7.525e-01 7.525e-01 7.524e-01 7.524e-01 7.523e-01 7.522e-01 7.519e-01 7.516e-01 7.510e-01 7.502e-01 7.488e-01 7.467e-01 7.434e-01 7.382e-01 7.303e-01 7.185e-01 7.012e-01 6.765e-01 6.426e-01 5.980e-01 5.420e-01 4.764e-01 4.053e-01 3.344e-01 2.686e-01 2.103e-01 1.607e-01 1.202e-01 8.837e-02 6.418e-02 4.625e-02 3.329e-02 2.406e-02 1.748e-02 1.272e-02 9.231e-03 6.654e-03 4.751e-03 3.375e-03 2.415e-03 1.755e-03 1.289e-03 9.486e-04 6.952e-04 5.033e-04 3.559e-04
7.484e-01 7.483e-01 7.483e-01 7.483e-01 7.482e-01 7.480e-01 7.478e-01 7.475e-01 7.469e-01 7.461e-01 7.447e-01 7.426e-01 7.393e-01 7.341e-01 7.263e-01 7.145e-01 6.972e-01 6.726e-01 6.389e-01 5.944e-01 5.387e-01 4.734e-01 4.028e-01 3.324e-01 2.670e-01 2.090e-01 1.598e-01 1.195e-01 8.781e-02 6.376e-02 4.595e-02 3.307e-02 2.391e-02 1.737e-02 1.265e-02 9.186e-03 6.625e-03 4.731e-03 3.362e-03 2.406e-03 1.748e-03 1.285e-03 9.461e-04 6.936e-04 5.023e-04 3.552e-04
7.436e-01 7.436e-01 7.436e-01 7.435e-01 7.434e-01 7.433e-01 7.431e-01 7.427e-01 7.422e-01 7.413e-01 7.400e-01 7.379e-01 7.346e-01 7.294e-01 7.216e-01 7.099e-01 6.926e-01 6.682e-01 6.346e-01 5.904e-01 5.350e-01 4.701e-01 3.999e-01 3.300e-01 2.651e-01 2.075e-01 1.586e-01 1.185e-01 8.712e-02 6.324e-02 4.556e-02 3.279e-02 2.371e-02 1.724e-02 1.256e-02 9.128e-03 6.587e-03 4.706e-03 3.345e-03 2.395e-03 1.741e-03 1.280e-03 9.430e-04 6.917e-04 5.010e-04 3.544e-04
7.387e-01 7.387e-01 7.387e-01 7.386e-01 7.385e-01 7.384e-01 7.382e-01 7.378e-01 7.373e-01 7.364e-01 7.351e-01 7.330e-01 7.297e-01 7.246e-01 7.168e-01 7.051e-01 6.879e-01 6.635e-01 6.301e-01 5.861e-01 5.310e-01 4.665e-01 3.969e-01 3.275e-01 2.630e-01 2.058e-01 1.572e-01 1.175e-01 8.631e-02 6.263e-02 4.511e-02 3.246e-02 2.348e-02 1.708e-02 1.245e-02 9.060e-03 6.542e-03 4.675e-03 3.325e-03 2.382e-03 1.732e-03 1.274e-03 9.395e-04 6.894e-04 4.994e-04 3.532e-04
7.340e-01 7.339e-01 7.339e-01 7.338e-01 7.338e-01 7.336e-01 7.334e-01 7.331e-01 7.325e-01 7.317e-01 7.303e-01 7.282e-01 7.249e-01 7.198e-01 7.121e-01 7.004e-01 6.833e-01 6.590e-01 6.257e-01 5.819e-01 5.271e-01 4.630e-01 3.937e-01 3.248e-01 2.608e-01 2.041e-01 1.558e-01 1.164e-01 8.543e-02 6.197e-02 4.463e-02 3.211e-02 2.323e-02 1.691e-02 1.234e-02 8.983e-03 6.491e-03 4.641e-03 3.302e-03 2.367e-03 1.722e-03 1.268e-03 9.354e-04 6.867e-04 4.975e-04 3.519e-04
7.292e-01 7.292e-01 7.291e-01 7.291e-01 7.290e-01 7.289e-01 7.286e-01 7.283e-01 7.278e-01 7.269e-01 7.256e-01 7.235e-01 7.202e-01 7.151e-01 7.074e-01 6.957e-01 6.787e-01 6.545e-01 6.213e-01 5.777e-01 5.232e-01 4.594e-01 3.906e-01 3.221e-01 2.585e-01 2.022e-01 1.543e-01 1.152e-01 8.454e-02 6.131e-02 4.414e-02 3.176e-02 2.298e-02 1.673e-02 1.222e-02 8.903e-03 6.436e-03 4.604e-03 3.277e-03 2.350e-03 1.712e-03 1.261e-03 9.307e-04 6.835e-04 4.953e-04 3.504e-04
7.239e-01 7.238e-01 7.238e-01 7.237e-01 7.237e-01 7.235e-01 7.233e-01 7.230e-01 7.224e-01 7.216e-01 7.203e-01 7.182e-01 7.149e-01 7.098e-01 7.021e-01 6.905e-01 6.735e-01 6.494e-01 6.164e-01 5.730e-01 5.188e-01 4.554e-01 3.871e-01 3.193e-01 2.562e-01 2.004e-01 1.529e-01 1.141e-01 8.368e-02 6.067e-02 4.367e-02 3.142e-02 2.274e-02 1.657e-02 1.210e-02 8.823e-03 6.381e-03 4.566e-03 3.251e-03 2.332e-03 1.700e-03 1.253e-03 9.256e-04 6.800e-04 4.929e-04 3.487e-04
7.174e-01 7.174e-01 7.173e-01 7.173e-01 7.172e-01 7.171e-01 7.168e-01 7.165e-01 7.160e-01 7.151e-01 7.138e-01 7.117e-01 7.085e-01 7.034e-01 6.957e-01 6.842e-01 6.673e-01 6.433e-01 6.105e-01 5.674e-01 5.136e-01 4.508e-01 3.832e-01 3.160e-01 2.537e-01 1.985e-01 1.514e-01 1.130e-01 8.286e-02 6.007e-02 4.325e-02 3.112e-02 2.252e-02 1.641e-02 1.199e-02 8.745e-03 6.326e-03 4.528e-03 3.225e-03 2.314e-03 1.688e-03 1.245e-03 9.202e-04 6.763e-04 4.904e-04 3.470e-04
7.094e-01 7.094e-01 7.094e-01 7.093e-01 7.092e-01 7.091e-01 7.089e-01 7.086e-01 7.080e-01 7.072e-01 7.059e-01 7.038e-01 7.006e-01 6.956e-01 6.879e-01 6.765e-01 6.597e-01 6.359e-01 6.034e-01 5.607e-01 5.075e-01 4.454e-01 3.786e-01 3.124e-01 2.509e-01 1.964e-01 1.499e-01 1.119e-01 8.206e-02 5.951e-02 4.286e-02 3.085e-02 2.233e-02 1.627e-02 1.189e-02 8.671e-03 6.274e-03 4.491e-03 3.199e-03 2.297e-03 1.676e-03 1.237e-03 9.146e-04 6.725e-04 4.878e-04 3.453e-04
6.998e-01 6.998e-01 6.998e-01 6.997e-01 6.997e-01 6.995e-01 6.993e-01 6.990e-01 6.984e-01 6.976e-01 6.963e-01 6.942e-01 6.910e-01 6.861e-01 6.785e-01 6.671e-01 6.505e-01 6.270e-01 5.948e-01 5.527e-01 5.001e-01 4.390e-01 3.733e-01 3.083e-01 2.478e-01 1.942e-01 1.483e-01 1.107e-01 8.126e-02 5.897e-02 4.250e-02 3.060e-02 2.214e-02 1.613e-02 1.179e-02 8.600e-03 6.224e-03 4.456e-03 3.174e-03 2.279e-03 1.664e-03 1.228e-03 9.090e-04 6.686e-04 4.851e-04 3.435e-04
6.887e-01 6.887e-01 6.887e-01 6.886e-01 6.885e-01 6.884e-01 6.882e-01 6.879e-01 6.873e-01 6.865e-01 6.852e-01 6.832e-01 6.800e-01 6.751e-01 6.676e-01 6.564e-01 6.399e-01 6.167e-01 5.850e-01 5.434e-01 4.917e-01 4.317e-01 3.674e-01 3.036e-01 2.444e-01 1.917e-01 1.465e-01 1.094e-01 8.039e-02 5.839e-02 4.212e-02 3.034e-02 2.196e-02 1.600e-02 1.169e-02 8.531e-03 6.175e-03 4.421e-03 3.149e-03 2.262e-03 1.652e-03 1.220e-03 9.030e-04 6.645e-04 4.823e-04 3.416e-04
6.766e-01 6.766e-01 6.765e-01 6.765e-01 6.764e-01 6.763e-01 6.761e-01 6.757e-01 6.752e-01 6.744e-01 6.731e-01 6.711e-01 6.680e-01 6.631e-01 6.557e-01 6.446e-01 6.284e-01 6.055e-01 5.742e-01 5.334e-01 4.827e-01 4.239e-01 3.609e-01 2.986e-01 2.406e-01 1.889e-01 1.445e-01 1.081e-01 7.945e-02 5.777e-02 4.171e-02 3.006e-02 2.176e-02 1.586e-02 1.159e-02 8.460e-03 6.125e-03 4.386e-03 3.125e-03 2.245e-03 1.640e-03 1.211e-03 8.969e-04 6.601e-04 4.793e-04 3.395e-04
6.644e-01 6.644e-01 6.644e-01 6.643e-01 6.643e-01 6.641e-01 6.639e-01 6.636e-01 6.631e-01 6.623e-01 6.610e-01 6.590e-01 6.559e-01 6.511e-01 6.438e-01 6.328e-01 6.169e-01 5.943e-01 5.635e-01 5.234e-01 4.736e-01 4.160e-01 3.545e-01 2.935e-01 2.368e-01 1.861e-01 1.425e-01 1.066e-01 7.845e-02 5.711e-02 4.127e-02 2.976e-02 2.155e-02 1.570e-02 1.149e-02 8.386e-03 6.074e-03 4.351e-03 3.101e-03 2.228e-03 1.627e-03 1.202e-03 8.905e-04 6.556e-04 4.760e-04 3.372e-04
6.532e-01 6.532e-01 6.532e-01 6.531e-01 6.531e-01 6.529e-01 6.527e-01 6.524e-01 6.519e-01 6.511e-01 6.499e-01 6.479e-01 6.448e-01 6.401e-01 6.328e-01 6.220e-01 6.062e-01 5.839e-01 5.536e-01 5.141e-01 4.653e-01 4.088e-01 3.484e-01 2.887e-01 2.331e-01 1.833e-01 1.405e-01 1.052e-01 7.744e-02 5.642e-02 4.080e-02 2.944e-02 2.132e-02 1.554e-02 1.137e-02 8.309e-03 6.022e-03 4.316e-03 3.076e-03 2.211e-03 1.615e-03 1.193e-03 8.838e-04 6.507e-04 4.725e-04 3.347e-04
6.433e-01 6.433e-01 6.432e-01 6.432e-01 6.431e-01 6.430e-01 6.428e-01 6.425e-01 6.420e-01 6.412e-01 6.399e-01 6.380e-01 6.349e-01 6.302e-01 6.231e-01 6.124e-01 5.968e-01 5.747e-01 5.448e-01 5.059e-01 4.577e-01 4.021e-01 3.428e-01 2.842e-01 2.295e-01 1.806e-01 1.385e-01 1.037e-01 7.643e-02 5.572e-02 4.032e-02 2.910e-02 2.108e-02 1.537e-02 1.126e-02 8.231e-03 5.969e-03 4.280e-03 3.052e-03 2.193e-03 1.602e-03 1.184e-03 8.769e-04 6.456e-04 4.687e-04 3.319e-04
6.342e-01 6.342e-01 6.341e-01 6.341e-01 6.340e-01 6.339e-01 6.337e-01 6.334e-01 6.329e-01 6.321e-01 6.309e-01 6.289e-01 6.259e-01 6.213e-01 6.142e-01 6.036e-01 5.881e-01 5.663e-01 5.367e-01 4.983e-01 4.508e-01 3.960e-01 3.376e-01 2.799e-01 2.261e-01 1.780e-01 1.365e-01 1.023e-01 7.540e-02 5.500e-02 3.982e-02 2.875e-02 2.084e-02 1.520e-02 1.114e-02 8.152e-03 5.916e-03 4.244e-03 3.026e-03 2.175e-03 1.589e-03 1.174e-03 8.695e-04 6.400e-04 4.645e-04 3.288e-04
6.257e-01 6.257e-01 6.256e-01 6.256e-01 6.255e-01 6.254e-01 6.252e-01 6.249e-01 6.244e-01 6.236e-01 6.224e-01 6.204e-01 6.175e-01 6.128e-01 6.058e-01 5.953e-01 5.799e-01 5.584e-01 5.291e-01 4.910e-01 4.441e-01 3.901e-01 3.324e-01 2.756e-01 2.226e-01 1.753e-01 1.345e-01 1.008e-01 7.435e-02 5.427e-02 3.931e-02 2.840e-02 2.059e-02 1.504e-02 1.103e-02 8.073e-03 5.862e-03 4.206e-03 3.000e-03 2.156e-03 1.575e-03 1.164e-03 8.615e-04 6.339e-04 4.598e-04 3.254e-04
6.172e-01 6.172e-01 6.171e-01 6.171e-01 6.170e-01 6.169e-01 6.167e-01 6.164e-01 6.159e-01 6.151e-01 6.139e-01 6.120e-01 6.090e-01 6.044e-01 5.975e-01 5.870e-01 5.718e-01 5.505e-01 5.215e-01 4.838e-01 4.375e-01 3.841e-01 3.272e-01 2.712e-01 2.191e-01 1.725e-01 1.324e-01 9.926e-02 7.325e-02 5.349e-02 3.878e-02 2.804e-02 2.035e-02 1.487e-02 1.091e-02 7.993e-03 5.805e-03 4.166e-03 2.970e-03 2.134e-03 1.559e-03 1.152e-03 8.525e-04 6.270e-04 4.547e-04 3.217e-04
6.078e-01 6.077e-01 6.077e-01 6.077e-01 6.076e-01 6.075e-01 6.073e-01 6.070e-01 6.065e-01 6.057e-01 6.045e-01 6.026e-01 5.997e-01 5.951e-01 5.882e-01 5.779e-01 5.628e-01 5.417e-01 5.131e-01 4.759e-01 4.302e-01 3.776e-01 3.216e-01 2.665e-01 2.153e-01 1.695e-01 1.301e-01 9.759e-02 7.206e-02 5.266e-02 3.821e-02 2.765e-02 2.009e-02 1.469e-02 1.079e-02 7.906e-03 5.742e-03 4.120e-03 2.937e-03 2.110e-03 1.540e-03 1.138e-03 8.421e-04 6.193e-04 4.489e-04 3.175e-04
5.963e-01 5.963e-01 5.963e-01 5.962e-01 5.961e-01 5.960e-01 5.958e-01 5.955e-01 5.950e-01 5.943e-01 5.931e-01 5.912e-01 5.883e-01 5.838e-01 5.770e-01 5.668e-01 5.520e-01 5.312e-01 5.030e-01 4.665e-01 4.217e-01 3.701e-01 3.152e-01 2.612e-01 2.110e-01 1.662e-01 1.276e-01 9.578e-02 7.076e-02 5.175e-02 3.758e-02 2.723e-02 1.980e-02 1.449e-02 1.065e-02 7.805e-03 5.669e-03 4.066e-03 2.897e-03 2.080e-03 1.519e-03 1.122e-03 8.302e-04 6.104e-04 4.424e-04 3.129e-04
5.821e-01 5.820e-01 5.820e-01 5.820e-01 5.819e-01 5.818e-01 5.816e-01 5.813e-01 5.808e-01 5.801e-01 5.789e-01 5.771e-01 5.742e-01 5.698e-01 5.631e-01 5.531e-01 5.386e-01 5.182e-01 4.907e-01 4.550e-01 4.113e-01 3.611e-01 3.077e-01 2.552e-01 2.063e-01 1.626e-01 1.249e-01 9.380e-02 6.934e-02 5.074e-02 3.687e-02 2.674e-02 1.946e-02 1.426e-02 1.048e-02 7.684e-03 5.581e-03 4.002e-03 2.850e-03 2.045e-03 1.493e-03 1.103e-03 8.164e-04 6.003e-04 4.351e-04 3.078e-04
5.646e-01 5.645e-01 5.645e-01 5.645e-01 5.644e-01 5.643e-01 5.641e-01 5.638e-01 5.633e-01 5.626e-01 5.615e-01 5.597e-01 5.569e-01 5.526e-01 5.461e-01 5.363e-01 5.222e-01 5.023e-01 4.756e-01 4.411e-01 3.988e-01 3.504e-01 2.989e-01 2.481e-01 2.009e-01 1.585e-01 1.219e-01 9.160e-02 6.775e-02 4.960e-02 3.606e-02 2.616e-02 1.906e-02 1.397e-02 1.028e-02 7.536e-03 5.473e-03 3.923e-03 2.793e-03 2.004e-03 1.463e-03 1.081e-03 8.006e-04 5.890e-04 4.271e-04 3.022e-04
5.440e-01 5.440e-01 5.440e-01 5.439e-01 5.439e-01 5.437e-01 5.436e-01 5.433e-01 5.428e-01 5.421e-01 5.410e-01 5.393e-01 5.366e-01 5.324e-01 5.260e-01 5.166e-01 5.029e-01 4.837e-01 4.580e-01 4.248e-01 3.843e-01 3.379e-01 2.887e-01 2.401e-01 1.948e-01 1.540e-01 1.185e-01 8.912e-02 6.594e-02 4.828e-02 3.512e-02 2.549e-02 1.858e-02 1.363e-02 1.003e-02 7.355e-03 5.341e-03 3.828e-03 2.724e-03 1.955e-03 1.428e-03 1.056e-03 7.828e-04 5.764e-04 4.182e-04 2.962e-04
5.213e-01 5.213e-01 5.213e-01 5.212e-01 5.211e-01 5.210e-01 5.209e-01 5.206e-01 5.202e-01 5.195e-01 5.184e-01 5.167e-01 5.141e-01 5.100e-01 5.039e-01 4.948e-01 4.815e-01 4.631e-01 4.384e-01 4.067e-01 3.680e-01 3.239e-01 2.772e-01 2.311e-01 1.879e-01 1.488e-01 1.147e-01 8.628e-02 6.384e-02 4.675e-02 3.400e-02 2.468e-02 1.799e-02 1.321e-02 9.725e-03 7.135e-03 5.182e-03 3.715e-03 2.644e-03 1.898e-03 1.387e-03 1.028e-03 7.630e-04 5.624e-04 4.084e-04 2.896e-04
4.977e-01 4.977e-01 4.976e-01 4.976e-01 4.975e-01 4.974e-01 4.973e-01 4.970e-01 4.966e-01 4.959e-01 4.949e-01 4.932e-01 4.907e-01 4.868e-01 4.808e-01 4.720e-01 4.593e-01 4.416e-01 4.179e-01 3.876e-01 3.508e-01 3.090e-01 2.648e-01 2.212e-01 1.803e-01 1.430e-01 1.103e-01 8.301e-02 6.140e-02 4.494e-02 3.268e-02 2.372e-02 1.730e-02 1.271e-02 9.364e-03 6.874e-03 4.995e-03 3.582e-03 2.551e-03 1.833e-03 1.342e-03 9.961e-04 7.409e-04 5.469e-04 3.976e-04 2.822e-04
4.740e-01 4.740e-01 4.739e-01 4.739e-01 4.738e-01 4.737e-01 4.736e-01 4.733e-01 4.729e-01 4.723e-01 4.712e-01 4.697e-01 4.672e-01 4.634e-01 4.577e-01 4.492e-01 4.369e-01 4.199e-01 3.972e-01 3.683e-01 3.333e-01 2.937e-01 2.520e-01 2.108e-01 1.721e-01 1.367e-01 1.055e-01 7.931e-02 5.860e-02 4.286e-02 3.114e-02 2.260e-02 1.649e-02 1.212e-02 8.940e-03 6.568e-03 4.777e-03 3.428e-03 2.443e-03 1.758e-03 1.290e-03 9.602e-04 7.158e-04 5.293e-04 3.853e-04 2.738e-04
4.501e-01 4.500e-01 4.500e-01 4.500e-01 4.499e-01 4.498e-01 4.497e-01 4.494e-01 4.490e-01 4.484e-01 4.474e-01 4.459e-01 4.435e-01 4.399e-01 4.343e-01 4.261e-01 4.143e-01 3.980e-01 3.763e-01 3.487e-01 3.155e-01 2.781e-01 2.388e-01 2.000e-01 1.634e-01 1.299e-01 1.001e-01 7.516e-02 5.545e-02 4.049e-02 2.939e-02 2.132e-02 1.556e-02 1.145e-02 8.450e-03 6.215e-03 4.524e-03 3.250e-03 2.319e-03 1.672e-03 1.230e-03 9.184e-04 6.864e-04 5.086e-04 3.709e-04 2.640e-04
4.252e-01 4.252e-01 4.251e-01 4.251e-01 4.250e-01 4.250e-01 4.248e-01 4.246e-01 4.242e-01 4.236e-01 4.226e-01 4.212e-01 4.189e-01 4.154e-01 4.100e-01 4.021e-01 3.908e-01 3.752e-01 3.545e-01 3.283e-01 2.970e-01 2.617e-01 2.248e-01 1.885e-01 1.541e-01 1.223e-01 9.417e-02 7.056e-02 5.193e-02 3.785e-02 2.743e-02 1.988e-02 1.450e-02 1.068e-02 7.895e-03 5.816e-03 4.239e-03 3.048e-03 2.177e-03 1.573e-03 1.161e-03 8.694e-04 6.517e-04 4.841e-04 3.538e-04 2.524e-04
3.985e-01 3.985e-01 3.984e-01 3.984e-01 3.983e-01 3.983e-01 3.981e-01 3.979e-01 3.975e-01 3.969e-01 3.960e-01 3.946e-01 3.924e-01 3.890e-01 3.839e-01 3.764e-01 3.656e-01 3.507e-01 3.311e-01 3.064e-01 2.770e-01 2.440e-01 2.097e-01 1.758e-01 1.437e-01 1.140e-01 8.761e-02 6.549e-02 4.808e-02 3.496e-02 2.529e-02 1.831e-02 1.336e-02 9.842e-03 7.288e-03 5.378e-03 3.925e-03 2.824e-03 2.019e-03 1.461e-03 1.081e-03 8.125e-04 6.110e-04 4.552e-04 3.338e-04 2.388e-04
3.694e-01 3.694e-01 3.693e-01 3.693e-01 3.692e-01 3.692e-01 3.690e-01 3.688e-01 3.684e-01 3.679e-01 3.670e-01 3.657e-01 3.636e-01 3.604e-01 3.555e-01 3.484e-01 3.381e-01 3.241e-01 3.057e-01 2.827e-01 2.553e-01 2.249e-01 1.932e-01 1.620e-01 1.324e-01 1.049e-01 8.049e-02 6.003e-02 4.397e-02 3.190e-02 2.303e-02 1.665e-02 1.215e-02 8.960e-03 6.646e-03 4.913e-03 3.589e-03 2.582e-03 1.845e-03 1.336e-03 9.915e-04 7.475e-04 5.641e-04 4.217e-04 3.103e-04 2.228e-04
3.379e-01 3.379e-01 3.379e-01 3.379e-01 3.378e-01 3.377e-01 3.376e-01 3.374e-01 3.371e-01 3.365e-01 3.357e-01 3.345e-01 3.325e-01 3.295e-01 3.249e-01 3.182e-01 3.086e-01 2.956e-01 2.785e-01 2.573e-01 2.322e-01 2.044e-01 1.756e-01 1.473e-01 1.203e-01 9.529e-02 7.299e-02 5.433e-02 3.970e-02 2.875e-02 2.072e-02 1.496e-02 1.091e-02 8.052e-03 5.979e-03 4.423e-03 3.230e-03 2.320e-03 1.655e-03 1.198e-03 8.908e-04 6.739e-04 5.104e-04 3.831e-04 2.829e-04 2.040e-04
3.046e-01 3.046e-01 3.046e-01 3.045e-01 3.045e-01 3.044e-01 3.043e-01 3.041e-01 3.038e-01 3.033e-01 3.026e-01 3.014e-01 2.996e-01 2.968e-01 2.925e-01 2.864e-01 2.776e-01 2.656e-01 2.500e-01 2.308e-01 2.082e-01 1.832e-01 1.573e-01 1.319e-01 1.078e-01 8.529e-02 6.526e-02 4.848e-02 3.535e-02 2.554e-02 1.837e-02 1.323e-02 9.636e-03 7.108e-03 5.275e-03 3.898e-03 2.840e-03 2.034e-03 1.446e-03 1.045e-03 7.785e-04 5.908e-04 4.493e-04 3.385e-04 2.509e-04 1.815e-04
2.692e-01 2.691e-01 2.691e-01 2.691e-01 2.691e-01 2.690e-01 2.689e-01 2.687e-01 2.684e-01 2.680e-01 2.673e-01 2.662e-01 2.646e-01 2.620e-01 2.582e-01 2.526e-01 2.447e-01 2.340e-01 2.201e-01 2.030e-01 1.829e-01 1.609e-01 1.381e-01 1.158e-01 9.454e-02 7.477e-02 5.713e-02 4.235e-02 3.081e-02 2.219e-02 1.591e-02 1.142e-02 8.288e-03 6.094e-03 4.509e-03 3.320e-03 2.409e-03 1.717e-03 1.216e-03 8.774e-04 6.539e-04 4.977e-04 3.798e-04 2.870e-04 2.133e-04 1.547e-04
2.296e-01 2.295e-01 2.295e-01 2.295e-01 2.295e-01 2.294e-01 2.293e-01 2.292e-01 2.289e-01 2.285e-01 2.279e-01 2.270e-01 2.256e-01 2.233e-01 2.200e-01 2.151e-01 2.083e-01 1.990e-01 1.870e-01 1.723e-01 1.551e-01 1.363e-01 1.170e-01 9.798e-02 7.989e-02 6.309e-02 4.811e-02 3.558e-02 2.580e-02 1.851e-02 1.321e-02 9.436e-03 6.807e-03 4.975e-03 3.659e-03 2.679e-03 1.933e-03 1.371e-03 9.672e-04 6.965e-04 5.193e-04 3.959e-04 3.026e-04 2.288e-04 1.701e-04 1.234e-04
1.832e-01 1.832e-01 1.832e-01 1.831e-01 1.831e-01 1.831e-01 1.830e-01 1.829e-01 1.827e-01 1.823e-01 1.819e-01 1.811e-01 1.799e-01 1.781e-01 1.754e-01 1.714e-01 1.658e-01 1.582e-01 1.486e-01 1.368e-01 1.230e-01 1.080e-01 9.254e-02 7.738e-02 6.297e-02 4.961e-02 3.772e-02 2.780e-02 2.008e-02 1.435e-02 1.019e-02 7.229e-03 5.176e-03 3.753e-03 2.739e-03 1.991e-03 1.429e-03 1.009e-03 7.105e-04 5.114e-04 3.810e-04 2.902e-04 2.213e-04 1.667e-04 1.233e-04 8.924e-05
1.305e-01 1.305e-01 1.305e-01 1.305e-01 1.305e-01 1.304e-01 1.304e-01 1.303e-01 1.301e-01 1.299e-01 1.295e-01 1.290e-01 1.281e-01 1.268e-01 1.248e-01 1.218e-01 1.177e-01 1.123e-01 1.053e-01 9.683e-02 8.703e-02 7.631e-02 6.528e-02 5.446e-02 4.418e-02 3.469e-02 2.628e-02 1.929e-02 1.388e-02 9.874e-03 6.976e-03 4.919e-03 3.495e-03 2.513e-03 1.819e-03 1.313e-03 9.378e-04 6.618e-04 4.668e-04 3.365e-04 2.503e-04 1.896e-04 1.434e-04 1.068e-04 7.813e-05 5.609e-05
7.788e-02 7.788e-02 7.787e-02 7.786e-02 7.785e-02 7.783e-02 7.779e-02 7.773e-02 7.764e-02 7.750e-02 7.727e-02 7.692e-02 7.638e-02 7.555e-02 7.431e-02 7.251e-02 7.000e-02 6.666e-02 6.245e-02 5.739e-02 5.156e-02 4.519e-02 3.861e-02 3.213e-02 2.598e-02 2.031e-02 1.532e-02 1.120e-02 8.029e-03 5.698e-03 4.015e-03 2.821e-03 1.992e-03 1.422e-03 1.022e-03 7.333e-04 5.226e-04 3.697e-04 2.624e-04 1.899e-04 1.409e-04 1.056e-04 7.866e-05 5.748e-05 4.122e-05 2.918e-05
3.571e-02 3.571e-02 3.570e-02 3.570e-02 3.569e-02 3.568e-02 3.566e-02 3.564e-02 3.559e-02 3.552e-02 3.542e-02 3.525e-02 3.499e-02 3.459e-02 3.400e-02 3.314e-02 3.196e-02 3.041e-02 2.848e-02 2.618e-02 2.356e-02 2.069e-02 1.770e-02 1.473e-02 1.188e-02 9.254e-03 6.957e-03 5.077e-03 3.638e-03 2.585e-03 1.826e-03 1.284e-03 9.059e-04 6.439e-04 4.601e-04 3.286e-04 2.338e-04 1.661e-04 1.187e-04 8.633e-05 6.381e-05 4.730e-05 3.459e-05 2.469e-05 1.727e-05 1.201e-05
1.131e-02 1.131e-02 1.131e-02 1.131e-02 1.131e-02 1.131e-02 1.130e-02 1.129e-02 1.128e-02 1.125e-02 1.122e-02 1.116e-02 1.108e-02 1.095e-02 1.076e-02 1.049e-02 1.012e-02 9.634e-03 9.044e-03 8.355e-03 7.574e-03 6.713e-03 5.796e-03 4.857e-03 3.936e-03 3.075e-03 2.317e-03 1.697e-03 1.222e-03 8.740e-04 6.216e-04 4.399e-04 3.110e-04 2.203e-04 1.564e-04 1.109e-04 7.842e-05 5.560e-05 3.986e-05 2.905e-05 2.142e-05 1.575e-05 1.138e-05 7.995e-06 5.499e-06 3.776e-06
2.265e-03 2.265e-03 2.265e-03 2.264e-03 2.264e-03 2.263e-03 2.262e-03 2.261e-03 2.258e-03 2.254e-03 2.248e-03 2.238e-03 2.223e-03 2.200e-03 2.166e-03 2.118e-03 2.053e-03 1.969e-03 1.869e-03 1.753e-03 1.621e-03 1.471e-03 1.302e-03 1.118e-03 9.243e-04 7.342e-04 5.612e-04 4.158e-04 3.019e-04 2.167e-04 1.544e-04 1.092e-04 7.678e-05 5.383e-05 3.764e-05 2.620e-05 1.819e-05 1.271e-05 9.039e-06 6.565e-06 4.832e-06 3.546e-06 2.556e-06 1.799e-06 1.242e-06 8.576e-07
2.807e-04 2.807e-04 2.807e-04 2.807e-04 2.807e-04 2.806e-04 2.805e-04 2.804e-04 2.802e-04 2.799e-04 2.794e-04 2.787e-04 2.776e-04 2.758e-04 2.733e-04 2.696e-04 2.647e-04 2.583e-04 2.504e-04 2.409e-04 2.294e-04 2.151e-04 1.970e-04 1.750e-04 1.494e-04 1.221e-04 9.544e-05 7.164e-05 5.205e-05 3.696e-05 2.587e-05 1.792e-05 1.232e-05 8.442e-06 5.764e-06 3.917e-06 2.657e-06 1.820e-06 1.277e-06 9.215e-07 6.766e-07 4.970e-07 3.609e-07 2.581e-07 1.824e-07 1.289e-07
1.990e-05 1.990e-05 1.990e-05 1.989e-05 1.989e-05 1.989e-05 1.989e-05 1.989e-05 1.988e-05 1.988e-05 1.986e-05 1.985e-05 1.982e-05 1.977e-05 1.971e-05 1.961e-05 1.947e-05 1.927e-05 1.900e-05 1.862e-05 1.808e-05 1.733e-05 1.627e-05 1.485e-05 1.306e-05 1.098e-05 8.771e-06 6.644e-06 4.788e-06 3.319e-06 2.245e-06 1.499e-06 9.973e-07 6.651e-07 4.458e-07 2.998e-07 2.026e-07 1.392e-07 9.831e-08 7.144e-08 5.287e-08 3.926e-08 2.901e-08 2.128e-08 1.550e-08 1.126e-08
5.650e-07 5.650e-07 5.650e-07 5.650e-07 5.650e-07 5.650e-07 5.650e-07 5.650e-07 5.649e-07 5.648e-07 5.647e-07 5.645e-07 5.642e-07 5.637e-07 5.629e-07 5.617e-07 5.597e-07 5.567e-07 5.521e-07 5.450e-07 5.341e-07 5.177e-07 4.936e-07 4.595e-07 4.136e-07 3.559e-07 2.892e-07 2.199e-07 1.563e-07 1.051e-07 6.818e-08 4.350e-08 2.777e-08 1.797e-08 1.187e-08 7.993e-09 5.491e-09 3.872e-09 2.815e-09 2.098e-09 1.587e-09 1.205e-09 9.129e-10 6.871e-10 5.133e-10 3.805e-10
3.432e-09 3.432e-09 3.432e-09 3.431e-09 3.431e-09 3.431e-09 3.431e-09 3.431e-09 3.431e-09 3.431e-09 3.430e-09 3.429e-09 3.428e-09 3.425e-09 3.422e-09 3.416e-09 3.406e-09 3.392e-09 3.369e-09 3.333e-09 3.278e-09 3.193e-09 3.065e-09 2.877e-09 2.615e-09 2.268e-09 1.849e-09 1.398e-09 9.768e-10 6.383e-10 3.988e-10 2.439e-10 1.492e-10 9.325e-11 6.028e-11 4.040e-11 2.803e-11 2.017e-11 1.503e-11 1.148e-11 8.906e-12 6.941e-12 5.391e-12 4.149e-12 3.154e-12 2.365e-12
14N15N
7.705e-01 7.705e-01 7.705e-01 7.705e-01 7.705e-01 7.705e-01 7.704e-01 7.704e-01 7.704e-01 7.704e-01 7.703e-01 7.702e-01 7.701e-01 7.699e-01 7.696e-01 7.691e-01 7.682e-01 7.670e-01 7.650e-01 7.619e-01 7.573e-01 7.506e-01 7.409e-01 7.276e-01 7.100e-01 6.877e-01 6.599e-01 6.258e-01 5.843e-01 5.348e-01 4.773e-01 4.132e-01 3.452e-01 2.778e-01 2.160e-01 1.633e-01 1.203e-01 8.625e-02 6.016e-02 4.108e-02 2.766e-02 1.835e-02 1.195e-02 7.624e-03 4.780e-03 2.960e-03
7.638e-01 7.638e-01 7.638e-01 7.638e-01 7.638e-01 7.638e-01 7.638e-01 7.638e-01 7.638e-01 7.638e-01 7.637e-01 7.636e-01 7.635e-01 7.633e-01 7.630e-01 7.625e-01 7.616e-01 7.604e-01 7.584e-01 7.554e-01 7.509e-01 7.442e-01 7.346e-01 7.215e-01 7.041e-01 6.820e-01 6.544e-01 6.206e-01 5.795e-01 5.304e-01 4.734e-01 4.099e-01 3.426e-01 2.758e-01 2.146e-01 1.623e-01 1.196e-01 8.582e-02 5.989e-02 4.090e-02 2.753e-02 1.826e-02 1.189e-02 7.589e-03 4.758e-03 2.947e-03
7.550e-01 7.550e-01 7.550e-01 7.550e-01 7.550e-01 7.550e-01 7.550e-01 7.550e-01 7.549e-01 7.549e-01 7.549e-01 7.548e-01 7.547e-01 7.545e-01 7.541e-01 7.536e-01 7.528e-01 7.516e-01 7.497e-01 7.467e-01 7.423e-01 7.357e-01 7.263e-01 7.133e-01 6.962e-01 6.744e-01 6.471e-01 6.137e-01 5.731e-01 5.246e-01 4.683e-01 4.056e-01 3.392e-01 2.733e-01 2.128e-01 1.611e-01 1.188e-01 8.529e-02 5.954e-02 4.067e-02 2.738e-02 1.816e-02 1.182e-02 7.544e-03 4.731e-03 2.930e-03
7.440e-01 7.440e-01 7.440e-01 7.440e-01 7.440e-01 7.440e-01 7.440e-01 7.439e-01 7.439e-01 7.439e-01 7.438e-01 7.438e-01 7.436e-01 7.434e-01 7.431e-01 7.426e-01 7.419e-01 7.407e-01 7.388e-01 7.359e-01 7.316e-01 7.251e-01 7.159e-01 7.032e-01 6.863e-01 6.648e-01 6.381e-01 6.051e-01 5.651e-01 5.174e-01 4.620e-01 4.004e-01 3.351e-01 2.703e-01 2.107e-01 1.597e-01 1.179e-01 8.468e-02 5.914e-02 4.041e-02 2.720e-02 1.804e-02 1.174e-02 7.492e-03 4.698e-03 2.909e-03
7.313e-01 7.313e-01 7.313e-01 7.313e-01 7.313e-01 7.313e-01 7.313e-01 7.313e-01 7.312e-01 7.312e-01 7.312e-01 7.311e-01 7.310e-01 7.308e-01 7.305e-01 7.300e-01 7.292e-01 7.281e-01 7.262e-01 7.234e-01 7.192e-01 7.129e-01 7.039e-01 6.915e-01 6.750e-01 6.539e-01 6.276e-01 5.953e-01 5.560e-01 5.092e-01 4.550e-01 3.945e-01 3.306e-01 2.670e-01 2.086e-01 1.583e-01 1.170e-01 8.405e-02 5.871e-02 4.012e-02 2.700e-02 1.791e-02 1.165e-02 7.435e-03 4.662e-03 2.887e-03
7.178e-01 7.178e-01 7.178e-01 7.178e-01 7.178e-01 7.178e-01 7.178e-01 7.178e-01 7.178e-01 7.177e-01 7.177e-01 7.176e-01 7.175e-01 7.173e-01 7.170e-01 7.165e-01 7.158e-01 7.147e-01 7.129e-01 7.102e-01 7.060e-01 6.999e-01 6.911e-01 6.790e-01 6.628e-01 6.422e-01 6.164e-01 5.848e-01 5.464e-01 5.006e-01 4.475e-01 3.885e-01 3.259e-01 2.637e-01 2.063e-01 1.569e-01 1.161e-01 8.339e-02 5.826e-02 3.981e-02 2.680e-02 1.777e-02 1.156e-02 7.376e-03 4.624e-03 2.863e-03
7.044e-01 7.044e-01 7.044e-01 7.044e-01 7.044e-01 7.044e-01 7.044e-01 7.044e-01 7.044e-01 7.044e-01 7.043e-01 7.043e-01 7.041e-01 7.040e-01 7.037e-01 7.032e-01 7.025e-01 7.014e-01 6.997e-01 6.970e-01 6.930e-01 6.870e-01 6.784e-01 6.665e-01 6.507e-01 6.305e-01 6.053e-01 5.743e-01 5.368e-01 4.920e-01 4.402e-01 3.826e-01 3.214e-01 2.605e-01 2.042e-01 1.555e-01 1.151e-01 8.271e-02 5.779e-02 3.949e-02 2.658e-02 1.762e-02 1.147e-02 7.313e-03 4.584e-03 2.838e-03
6.917e-01 6.917e-01 6.917e-01 6.917e-01 6.917e-01 6.917e-01 6.917e-01 6.917e-01 6.917e-01 6.917e-01 6.916e-01 6.916e-01 6.914e-01 6.913e-01 6.910e-01 6.905e-01 6.899e-01 6.888e-01 6.871e-01 6.845e-01 6.805e-01 6.747e-01 6.663e-01 6.547e-01 6.392e-01 6.194e-01 5.947e-01 5.644e-01 5.276e-01 4.839e-01 4.333e-01 3.769e-01 3.171e-01 2.574e-01 2.020e-01 1.540e-01 1.141e-01 8.200e-02 5.730e-02 3.916e-02 2.636e-02 1.747e-02 1.136e-02 7.246e-03 4.541e-03 2.812e-03
6.798e-01 6.798e-01 6.798e-01 6.798e-01 6.798e-01 6.798e-01 6.798e-01 6.797e-01 6.797e-01 6.797e-01 6.797e-01 6.796e-01 6.795e-01 6.793e-01 6.790e-01 6.786e-01 6.779e-01 6.769e-01 6.752e-01 6.727e-01 6.688e-01 6.631e-01 6.549e-01 6.435e-01 6.284e-01 6.090e-01 5.848e-01 5.551e-01 5.191e-01 4.763e-01 4.268e-01 3.716e-01 3.130e-01 2.544e-01 1.999e-01 1.525e-01 1.130e-01 8.127e-02 5.679e-02 3.881e-02 2.612e-02 1.730e-02 1.125e-02 7.174e-03 4.496e-03 2.784e-03
6.686e-01 6.686e-01 6.686e-01 6.686e-01 6.686e-01 6.686e-01 6.686e-01 6.685e-01 6.685e-01 6.685e-01 6.685e-01 6.684e-01 6.683e-01 6.681e-01 6.678e-01 6.674e-01 6.668e-01 6.657e-01 6.641e-01 6.617e-01 6.579e-01 6.524e-01 6.444e-01 6.332e-01 6.184e-01 5.994e-01 5.756e-01 5.465e-01 5.111e-01 4.691e-01 4.206e-01 3.664e-01 3.089e-01 2.513e-01 1.976e-01 1.509e-01 1.119e-01 8.050e-02 5.625e-02 3.844e-02 2.586e-02 1.713e-02 1.113e-02 7.096e-03 4.447e-03 2.754e-03
6.582e-01 6.582e-01 6.582e-01 6.582e-01 6.582e-01 6.582e-01 6.582e-01 6.582e-01 6.582e-01 6.581e-01 6.581e-01 6.580e-01 6.579e-01 6.578e-01 6.575e-01 6.571e-01 6.565e-01 6.555e-01 6.539e-01 6.515e-01 6.479e-01 6.425e-01 6.347e-01 6.238e-01 6.093e-01 5.907e-01 5.673e-01 5.386e-01 5.038e-01 4.624e-01 4.146e-01 3.614e-01 3.048e-01 2.481e-01 1.953e-01 1.493e-01 1.108e-01 7.970e-02 5.569e-02 3.804e-02 2.558e-02 1.694e-02 1.100e-02 7.012e-03 4.395e-03 2.723e-03
6.486e-01 6.486e-01 6.486e-01 6.486e-01 6.486e-01 6.486e-01 6.486e-01 6.486e-01 6.485e-01 6.485e-01 6.485e-01 6.484e-01 6.483e-01 6.482e-01 6.479e-01 6.475e-01 6.469e-01 6.459e-01 6.444e-01 6.421e-01 6.385e-01 6.332e-01 6.256e-01 6.150e-01 6.008e-01 5.825e-01 5.595e-01 5.311e-01 4.967e-01 4.559e-01 4.087e-01 3.562e-01 3.005e-01 2.448e-01 1.928e-01 1.475e-01 1.096e-01 7.889e-02 5.513e-02 3.764e-02 2.530e-02 1.674e-02 1.087e-02 6.923e-03 4.338e-03 2.689e-03
6.393e-01 6.393e-01 6.393e-01 6.393e-01 6.393e-01 6.393e-01 6.393e-01 6.393e-01 6.393e-01 6.393e-01 6.392e-01 6.392e-01 6.391e-01 6.389e-01 6.387e-01 6.383e-01 6.377e-01 6.367e-01 6.352e-01 6.329e-01 6.295e-01 6.243e-01 6.168e-01 6.064e-01 5.924e-01 5.743e-01 5.516e-01 5.235e-01 4.895e-01 4.492e-01 4.026e-01 3.509e-01 2.960e-01 2.412e-01 1.903e-01 1.457e-01 1.084e-01 7.807e-02 5.455e-02 3.724e-02 2.501e-02 1.654e-02 1.073e-02 6.829e-03 4.279e-03 2.652e-03
6.301e-01 6.301e-01 6.301e-01 6.301e-01 6.301e-01 6.301e-01 6.301e-01 6.301e-01 6.301e-01 6.301e-01 6.300e-01 6.300e-01 6.299e-01 6.297e-01 6.295e-01 6.291e-01 6.285e-01 6.276e-01 6.261e-01 6.238e-01 6.204e-01 6.153e-01 6.079e-01 5.976e-01 5.838e-01 5.659e-01 5.434e-01 5.157e-01 4.820e-01 4.421e-01 3.962e-01 3.452e-01 2.913e-01 2.375e-01 1.875e-01 1.438e-01 1.071e-01 7.724e-02 5.397e-02 3.682e-02 2.471e-02 1.633e-02 1.058e-02 6.732e-03 4.216e-03 2.614e-03
6.206e-01 6.206e-01 6.206e-01 6.206e-01 6.206e-01 6.206e-01 6.206e-01 6.206e-01 6.205e-01 6.205e-01 6.205e-01 6.204e-01 6.203e-01 6.202e-01 6.199e-01 6.196e-01 6.190e-01 6.180e-01 6.166e-01 6.143e-01 6.109e-01 6.058e-01 5.985e-01 5.883e-01 5.746e-01 5.569e-01 5.347e-01 5.072e-01 4.740e-01 4.346e-01 3.893e-01 3.392e-01 2.863e-01 2.336e-01 1.846e-01 1.419e-01 1.058e-01 7.637e-02 5.338e-02 3.640e-02 2.441e-02 1.611e-02 1.044e-02 6.633e-03 4.152e-03 2.574e-03
6.101e-01 6.101e-01 6.101e-01 6.101e-01 6.101e-01 6.101e-01 6.101e-01 6.101e-01 6.101e-01 6.101e-01 6.100e-01 6.100e-01 6.099e-01 6.097e-01 6.095e-01 6.091e-01 6.085e-01 6.076e-01 6.061e-01 6.039e-01 6.005e-01 5.955e-01 5.883e-01 5.781e-01 5.646e-01 5.471e-01 5.251e-01 4.980e-01 4.652e-01 4.264e-01 3.818e-01 3.327e-01 2.809e-01 2.294e-01 1.816e-01 1.398e-01 1.045e-01 7.549e-02 5.278e-02 3.598e-02 2.412e-02 1.590e-02 1.029e-02 6.535e-03 4.087e-03 2.533e-03
5.985e-01 5.985e-01 5.985e-01 5.985e-01 5.985e-01 5.985e-01 5.985e-01 5.985e-01 5.985e-01 5.984e-01 5.984e-01 5.983e-01 5.982e-01 5.981e-01 5.978e-01 5.975e-01 5.969e-01 5.960e-01 5.945e-01 5.923e-01 5.890e-01 5.840e-01 5.768e-01 5.668e-01 5.535e-01 5.362e-01 5.145e-01 4.878e-01 4.555e-01 4.173e-01 3.737e-01 3.256e-01 2.751e-01 2.249e-01 1.784e-01 1.377e-01 1.031e-01 7.461e-02 5.218e-02 3.556e-02 2.382e-02 1.570e-02 1.015e-02 6.437e-03 4.022e-03 2.492e-03
5.858e-01 5.858e-01 5.858e-01 5.858e-01 5.858e-01 5.858e-01 5.858e-01 5.858e-01 5.858e-01 5.858e-01 5.857e-01 5.857e-01 5.856e-01 5.854e-01 5.852e-01 5.848e-01 5.843e-01 5.834e-01 5.819e-01 5.798e-01 5.765e-01 5.716e-01 5.645e-01 5.546e-01 5.414e-01 5.244e-01 5.031e-01 4.768e-01 4.451e-01 4.078e-01 3.651e-01 3.182e-01 2.690e-01 2.204e-01 1.753e-01 1.356e-01 1.018e-01 7.374e-02 5.159e-02 3.515e-02 2.352e-02 1.548e-02 1.000e-02 6.338e-03 3.957e-03 2.450e-03
5.728e-01 5.728e-01 5.728e-01 5.728e-01 5.728e-01 5.728e-01 5.728e-01 5.728e-01 5.728e-01 5.728e-01 5.727e-01 5.727e-01 5.726e-01 5.724e-01 5.722e-01 5.718e-01 5.713e-01 5.704e-01 5.690e-01 5.668e-01 5.636e-01 5.588e-01 5.518e-01 5.421e-01 5.292e-01 5.125e-01 4.915e-01 4.658e-01 4.348e-01 3.982e-01 3.565e-01 3.109e-01 2.632e-01 2.160e-01 1.723e-01 1.337e-01 1.005e-01 7.288e-02 5.099e-02 3.472e-02 2.321e-02 1.527e-02 9.850e-03 6.237e-03 3.891e-03 2.408e-03
5.602e-01 5.602e-01 5.602e-01 5.602e-01 5.602e-01 5.602e-01 5.602e-01 5.602e-01 5.602e-01 5.601e-01 5.601e-01 5.600e-01 5.600e-01 5.598e-01 5.596e-01 5.592e-01 5.587e-01 5.578e-01 5.564e-01 5.543e-01 5.511e-01 5.464e-01 5.395e-01 5.300e-01 5.173e-01 5.010e-01 4.805e-01 4.553e-01 4.249e-01 3.892e-01 3.485e-01 3.041e-01 2.578e-01 2.120e-01 1.695e-01 1.318e-01 9.925e-02 7.199e-02 5.035e-02 3.425e-02 2.289e-02 1.504e-02 9.693e-03 6.132e-03 3.823e-03 2.365e-03
5.483e-01 5.483e-01 5.483e-01 5.483e-01 5.483e-01 5.483e-01 5.483e-01 5.483e-01 5.483e-01 5.483e-01 5.482e-01 5.482e-01 5.481e-01 5.480e-01 5.477e-01 5.474e-01 5.468e-01 5.460e-01 5.446e-01 5.425e-01 5.394e-01 5.347e-01 5.280e-01 5.187e-01 5.062e-01 4.902e-01 4.701e-01 4.454e-01 4.157e-01 3.807e-01 3.411e-01 2.978e-01 2.528e-01 2.083e-01 1.668e-01 1.299e-01 9.788e-02 7.099e-02 4.962e-02 3.374e-02 2.252e-02 1.479e-02 9.523e-03 6.019e-03 3.750e-03 2.319e-03
5.370e-01 5.370e-01 5.370e-01 5.370e-01 5.370e-01 5.370e-01 5.370e-01 5.370e-01 5.369e-01 5.369e-01 5.369e-01 5.368e-01 5.367e-01 5.366e-01 5.364e-01 5.360e-01 5.355e-01 5.346e-01 5.333e-01 5.313e-01 5.282e-01 5.236e-01 5.169e-01 5.077e-01 4.955e-01 4.797e-01 4.600e-01 4.358e-01 4.067e-01 3.725e-01 3.337e-01 2.915e-01 2.477e-01 2.044e-01 1.639e-01 1.277e-01 9.624e-02 6.978e-02 4.875e-02 3.313e-02 2.210e-02 1.450e-02 9.330e-03 5.893e-03 3.669e-03 2.269e-03
5.255e-01 5.255e-01 5.255e-01 5.255e-01 5.255e-01 5.254e-01 5.254e-01 5.254e-01 5.254e-01 5.254e-01 5.254e-01 5.253e-01 5.252e-01 5.251e-01 5.249e-01 5.245e-01 5.240e-01 5.231e-01 5.218e-01 5.198e-01 5.168e-01 5.122e-01 5.057e-01 4.966e-01 4.845e-01 4.690e-01 4.496e-01 4.258e-01 3.973e-01 3.638e-01 3.259e-01 2.848e-01 2.421e-01 2.000e-01 1.605e-01 1.251e-01 9.422e-02 6.828e-02 4.767e-02 3.238e-02 2.159e-02 1.416e-02 9.106e-03 5.746e-03 3.575e-03 2.210e-03
5.132e-01 5.132e-01 5.132e-01 5.132e-01 5.132e-01 5.132e-01 5.132e-01 5.131e-01 5.131e-01 5.131e-01 5.131e-01 5.130e-01 5.129e-01 5.128e-01 5.126e-01 5.122e-01 5.117e-01 5.109e-01 5.096e-01 5.076e-01 5.046e-01 5.001e-01 4.936e-01 4.847e-01 4.728e-01 4.575e-01 4.384e-01 4.150e-01 3.870e-01 3.542e-01 3.172e-01 2.772e-01 2.357e-01 1.947e-01 1.563e-01 1.218e-01 9.170e-02 6.642e-02 4.636e-02 3.148e-02 2.099e-02 1.376e-02 8.843e-03 5.577e-03 3.468e-03 2.144e-03
4.998e-01 4.998e-01 4.998e-01 4.998e-01 4.998e-01 4.998e-01 4.997e-01 4.997e-01 4.997e-01 4.997e-01 4.997e-01 4.996e-01 4.995e-01 4.994e-01 4.992e-01 4.989e-01 4.983e-01 4.975e-01 4.962e-01 4.943e-01 4.913e-01 4.869e-01 4.805e-01 4.717e-01 4.599e-01 4.449e-01 4.261e-01 4.032e-01 3.757e-01 3.436e-01 3.075e-01 2.686e-01 2.283e-01 1.885e-01 1.513e-01 1.178e-01 8.866e-02 6.419e-02 4.479e-02 3.041e-02 2.028e-02 1.329e-02 8.543e-03 5.386e-03 3.348e-03 2.069e-03
4.851e-01 4.851e-01 4.851e-01 4.851e-01 4.851e-01 4.850e-01 4.850e-01 4.850e-01 4.850e-01 4.850e-01 4.850e-01 4.849e-01 4.848e-01 4.847e-01 4.845e-01 4.842e-01 4.836e-01 4.828e-01 4.816e-01 4.797e-01 4.767e-01 4.724e-01 4.661e-01 4.574e-01 4.459e-01 4.310e-01 4.126e-01 3.901e-01 3.632e-01 3.319e-01 2.967e-01 2.589e-01 2.198e-01 1.814e-01 1.454e-01 1.131e-01 8.508e-02 6.157e-02 4.296e-02 2.917e-02 1.946e-02 1.276e-02 8.205e-03 5.173e-03 3.215e-03 1.988e-03
4.687e-01 4.687e-01 4.687e-01 4.687e-01 4.687e-01 4.687e-01 4.687e-01 4.687e-01 4.687e-01 4.686e-01 4.686e-01 4.686e-01 4.685e-01 4.684e-01 4.681e-01 4.678e-01 4.673e-01 4.665e-01 4.653e-01 4.634e-01 4.605e-01 4.562e-01 4.501e-01 4.415e-01 4.302e-01 4.156e-01 3.975e-01 3.755e-01 3.492e-01 3.187e-01 2.845e-01 2.479e-01 2.101e-01 1.731e-01 1.385e-01 1.076e-01 8.089e-02 5.852e-02 4.083e-02 2.774e-02 1.852e-02 1.216e-02 7.822e-03 4.935e-03 3.068e-03 1.897e-03
4.500e-01 4.500e-01 4.500e-01 4.500e-01 4.500e-01 4.500e-01 4.500e-01 4.500e-01 4.500e-01 4.500e-01 4.500e-01 4.499e-01 4.498e-01 4.497e-01 4.495e-01 4.492e-01 4.487e-01 4.479e-01 4.467e-01 4.448e-01 4.420e-01 4.378e-01 4.318e-01 4.234e-01 4.123e-01 3.980e-01 3.803e-01 3.588e-01 3.332e-01 3.036e-01 2.706e-01 2.352e-01 1.990e-01 1.635e-01 1.306e-01 1.013e-01 7.602e-02 5.497e-02 3.836e-02 2.608e-02 1.743e-02 1.146e-02 7.388e-03 4.667e-03 2.904e-03 1.797e-03
4.284e-01 4.284e-01 4.284e-01 4.284e-01 4.284e-01 4.284e-01 4.284e-01 4.284e-01 4.284e-01 4.284e-01 4.283e-01 4.283e-01 4.282e-01 4.281e-01 4.279e-01 4.276e-01 4.271e-01 4.263e-01 4.252e-01 4.233e-01 4.206e-01 4.165e-01 4.105e-01 4.024e-01 3.915e-01 3.776e-01 3.604e-01 3.395e-01 3.147e-01 2.862e-01 2.544e-01 2.206e-01 1.861e-01 1.525e-01 1.215e-01 9.402e-02 7.045e-02 5.091e-02 3.553e-02 2.418e-02 1.619e-02 1.067e-02 6.898e-03 4.368e-03 2.723e-03 1.688e-03
4.037e-01 4.037e-01 4.037e-01 4.037e-01 4.037e-01 4.037e-01 4.037e-01 4.036e-01 4.036e-01 4.036e-01 4.036e-01 4.035e-01 4.035e-01 4.033e-01 4.031e-01 4.028e-01 4.024e-01 4.016e-01 4.005e-01 3.987e-01 3.960e-01 3.920e-01 3.862e-01 3.783e-01 3.677e-01 3.542e-01 3.376e-01 3.175e-01 2.937e-01 2.664e-01 2.362e-01 2.042e-01 1.718e-01 1.403e-01 1.114e-01 8.601e-02 6.433e-02 4.645e-02 3.243e-02 2.210e-02 1.483e-02 9.800e-03 6.356e-03 4.038e-03 2.524e-03 1.568e-03
3.762e-01 3.762e-01 3.762e-01 3.762e-01 3.762e-01 3.762e-01 3.762e-01 3.762e-01 3.762e-01 3.762e-01 3.761e-01 3.761e-01 3.760e-01 3.759e-01 3.757e-01 3.754e-01 3.750e-01 3.742e-01 3.731e-01 3.714e-01 3.688e-01 3.649e-01 3.593e-01 3.516e-01 3.414e-01 3.285e-01 3.126e-01 2.934e-01 2.708e-01 2.450e-01 2.165e-01 1.866e-01 1.565e-01 1.274e-01 1.009e-01 7.767e-02 5.797e-02 4.181e-02 2.919e-02 1.991e-02 1.338e-02 8.870e-03 5.773e-03 3.682e-03 2.310e-03 1.439e-03
3.471e-01 3.471e-01 3.471e-01 3.471e-01 3.471e-01 3.471e-01 3.471e-01 3.471e-01 3.471e-01 3.470e-01 3.470e-01 3.470e-01 3.469e-01 3.468e-01 3.466e-01 3.463e-01 3.459e-01 3.452e-01 3.441e-01 3.425e-01 3.399e-01 3.362e-01 3.309e-01 3.235e-01 3.138e-01 3.015e-01 2.863e-01 2.682e-01 2.469e-01 2.228e-01 1.964e-01 1.688e-01 1.411e-01 1.147e-01 9.053e-02 6.950e-02 5.175e-02 3.725e-02 2.598e-02 1.772e-02 1.192e-02 7.912e-03 5.162e-03 3.303e-03 2.080e-03 1.301e-03
3.171e-01 3.171e-01 3.171e-01 3.171e-01 3.171e-01 3.171e-01 3.171e-01 3.171e-01 3.171e-01 3.171e-01 3.170e-01 3.170e-01 3.169e-01 3.168e-01 3.167e-01 3.164e-01 3.160e-01 3.153e-01 3.143e-01 3.127e-01 3.103e-01 3.068e-01 3.017e-01 2.948e-01 2.856e-01 2.740e-01 2.598e-01 2.428e-01 2.231e-01 2.007e-01 1.765e-01 1.513e-01 1.263e-01 1.024e-01 8.066e-02 6.176e-02 4.583e-02 3.288e-02 2.287e-02 1.556e-02 1.045e-02 6.935e-03 4.527e-03 2.902e-03 1.833e-03 1.150e-03
2.859e-01 2.859e-01 2.859e-01 2.859e-01 2.859e-01 2.859e-01 2.858e-01 2.858e-01 2.858e-01 2.858e-01 2.858e-01 2.858e-01 2.857e-01 2.856e-01 2.854e-01 2.852e-01 2.848e-01 2.842e-01 2.832e-01 2.818e-01 2.795e-01 2.762e-01 2.715e-01 2.651e-01 2.565e-01 2.458e-01 2.327e-01 2.170e-01 1.989e-01 1.786e-01 1.566e-01 1.340e-01 1.117e-01 9.039e-02 7.106e-02 5.424e-02 4.009e-02 2.863e-02 1.981e-02 1.342e-02 8.977e-03 5.936e-03 3.868e-03 2.479e-03 1.569e-03 9.861e-04
2.514e-01 2.514e-01 2.514e-01 2.514e-01 2.514e-01 2.514e-01 2.514e-01 2.514e-01 2.514e-01 2.514e-01 2.513e-01 2.513e-01 2.512e-01 2.512e-01 2.510e-01 2.508e-01 2.504e-01 2.499e-01 2.490e-01 2.477e-01 2.457e-01 2.427e-01 2.385e-01 2.326e-01 2.249e-01 2.152e-01 2.035e-01 1.895e-01 1.733e-01 1.552e-01 1.358e-01 1.159e-01 9.643e-02 7.796e-02 6.117e-02 4.656e-02 3.428e-02 2.436e-02 1.676e-02 1.128e-02 7.500e-03 4.931e-03 3.199e-03 2.045e-03 1.293e-03 8.119e-04
2.113e-01 2.113e-01 2.113e-01 2.113e-01 2.113e-01 2.113e-01 2.113e-01 2.113e-01 2.113e-01 2.113e-01 2.113e-01 2.113e-01 2.112e-01 2.111e-01 2.110e-01 2.108e-01 2.105e-01 2.100e-01 2.093e-01 2.082e-01 2.064e-01 2.039e-01 2.002e-01 1.952e-01 1.886e-01 1.804e-01 1.703e-01 1.583e-01 1.445e-01 1.291e-01 1.127e-01 9.606e-02 7.980e-02 6.446e-02 5.054e-02 3.842e-02 2.822e-02 1.999e-02 1.370e-02 9.170e-03 6.055e-03 3.953e-03 2.547e-03 1.619e-03 1.017e-03 6.358e-04
1.646e-01 1.646e-01 1.646e-01 1.646e-01 1.646e-01 1.646e-01 1.646e-01 1.646e-01 1.646e-01 1.646e-01 1.645e-01 1.645e-01 1.645e-01 1.644e-01 1.643e-01 1.642e-01 1.639e-01 1.635e-01 1.630e-01 1.621e-01 1.607e-01 1.587e-01 1.558e-01 1.519e-01 1.467e-01 1.402e-01 1.322e-01 1.228e-01 1.119e-01 9.982e-02 8.698e-02 7.403e-02 6.149e-02 4.971e-02 3.903e-02 2.972e-02 2.186e-02 1.550e-02 1.062e-02 7.095e-03 4.662e-03 3.023e-03 1.932e-03 1.217e-03 7.577e-04 4.689e-04
1.134e-01 1.134e-01 1.134e-01 1.134e-01 1.134e-01 1.134e-01 1.134e-01 1.134e-01 1.134e-01 1.134e-01 1.134e-01 1.133e-01 1.133e-01 1.133e-01 1.132e-01 1.131e-01 1.129e-01 1.127e-01 1.123e-01 1.117e-01 1.107e-01 1.093e-01 1.074e-01 1.046e-01 1.011e-01 9.655e-02 9.106e-02 8.453e-02 7.698e-02 6.859e-02 5.973e-02 5.085e-02 4.233e-02 3.437e-02 2.715e-02 2.083e-02 1.545e-02 1.104e-02 7.610e-03 5.096e-03 3.343e-03 2.156e-03 1.369e-03 8.541e-04 5.257e-04 3.213e-04
6.486e-02 6.486e-02 6.486e-02 6.486e-02 6.486e-02 6.486e-02 6.486e-02 6.486e-02 6.486e-02 6.485e-02 6.485e-02 6.484e-02 6.482e-02 6.480e-02 6.476e-02 6.470e-02 6.461e-02 6.446e-02 6.424e-02 6.389e-02 6.337e-02 6.259e-02 6.148e-02 5.995e-02 5.795e-02 5.541e-02 5.231e-02 4.861e-02 4.431e-02 3.953e-02 3.450e-02 2.951e-02 2.477e-02 2.035e-02 1.633e-02 1.275e-02 9.626e-03 6.998e-03 4.891e-03 3.303e-03 2.173e-03 1.399e-03 8.838e-04 5.474e-04 3.331e-04 2.005e-04
2.863e-02 2.863e-02 2.863e-02 2.863e-02 2.863e-02 2.863e-02 2.863e-02 2.863e-02 2.863e-02 2.863e-02 2.862e-02 2.862e-02 2.861e-02 2.860e-02 2.859e-02 2.856e-02 2.853e-02 2.847e-02 2.837e-02 2.823e-02 2.802e-02 2.770e-02 2.724e-02 2.662e-02 2.579e-02 2.474e-02 2.345e-02 2.189e-02 2.007e-02 1.803e-02 1.590e-02 1.380e-02 1.183e-02 9.982e-03 8.262e-03 6.663e-03 5.191e-03 3.877e-03 2.766e-03 1.893e-03 1.254e-03 8.086e-04 5.095e-04 3.134e-04 1.882e-04 1.109e-04
9.323e-03 9.323e-03 9.323e-03 9.323e-03 9.323e-03 9.323e-03 9.323e-03 9.323e-03 9.322e-03 9.322e-03 9.321e-03 9.320e-03 9.319e-03 9.316e-03 9.312e-03 9.306e-03 9.296e-03 9.280e-03 9.256e-03 9.219e-03 9.162e-03 9.079e-03 8.960e-03 8.796e-03 8.577e-03 8.297e-03 7.947e-03 7.516e-03 7.003e-03 6.423e-03 5.813e-03 5.216e-03 4.649e-03 4.099e-03 3.548e-03 2.984e-03 2.411e-03 1.853e-03 1.348e-03 9.342e-04 6.223e-04 4.021e-04 2.528e-04 1.543e-04 9.113e-05 5.216e-05
2.352e-03 2.352e-03 2.352e-03 2.352e-03 2.352e-03 2.352e-03 2.352e-03 2.352e-03 2.352e-03 2.352e-03 2.352e-03 2.351e-03 2.351e-03 2.351e-03 2.350e-03 2.349e-03 2.348e-03 2.346e-03 2.342e-03 2.337e-03 2.329e-03 2.317e-03 2.299e-03 2.275e-03 2.243e-03 2.200e-03 2.145e-03 2.074e-03 1.987e-03 1.884e-03 1.773e-03 1.659e-03 1.541e-03 1.414e-03 1.268e-03 1.098e-03 9.073e-04 7.083e-04 5.207e-04 3.626e-04 2.419e-04 1.563e-04 9.795e-05 5.932e-05 3.445e-05 1.914e-05
4.615e-04 4.615e-04 4.615e-04 4.615e-04 4.615e-04 4.615e-04 4.615e-04 4.615e-04 4.615e-04 4.615e-04 4.615e-04 4.615e-04 4.614e-04 4.614e-04 4.614e-04 4.613e-04 4.612e-04 4.610e-04 4.608e-04 4.604e-04 4.598e-04 4.589e-04 4.576e-04 4.557e-04 4.530e-04 4.493e-04 4.442e-04 4.372e-04 4.280e-04 4.164e-04 4.023e-04 3.858e-04 3.659e-04 3.411e-04 3.096e-04 2.706e-04 2.249e-04 1.762e-04 1.298e-04 9.041e-05 6.031e-05 3.892e-05 2.436e-05 1.471e-05 8.469e-06 4.623e-06
5.010e-05 5.010e-05 5.010e-05 5.010e-05 5.010e-05 5.010e-05 5.010e-05 5.010e-05 5.010e-05 5.010e-05 5.010e-05 5.010e-05 5.010e-05 5.010e-05 5.010e-05 5.010e-05 5.009e-05 5.009e-05 5.008e-05 5.006e-05 5.003e-05 4.999e-05 4.993e-05 4.984e-05 4.970e-05 4.949e-05 4.917e-05 4.872e-05 4.808e-05 4.720e-05 4.602e-05 4.447e-05 4.241e-05 3.966e-05 3.607e-05 3.156e-05 2.624e-05 2.056e-05 1.515e-05 1.056e-05 7.056e-06 4.566e-06 2.871e-06 1.742e-06 1.006e-06 5.492e-07
1.691e-06 1.691e-06 1.691e-06 1.691e-06 1.691e-06 1.691e-06 1.691e-06 1.691e-06 1.691e-06 1.691e-06 1.691e-06 1.691e-06 1.691e-06 1.691e-06 1.691e-06 1.691e-06 1.691e-06 1.691e-06 1.691e-06 1.690e-06 1.690e-06 1.689e-06 1.687e-06 1.685e-06 1.681e-06 1.676e-06 1.667e-06 1.654e-06 1.636e-06 1.609e-06 1.573e-06 1.522e-06 1.454e-06 1.361e-06 1.238e-06 1.084e-06 9.016e-07 7.071e-07 5.221e-07 3.653e-07 2.454e-07 1.601e-07 1.019e-07 6.281e-08 3.690e-08 2.051e-08
8.314e-09 8.314e-09 8.314e-09 8.314e-09 8.314e-09 8.314e-09 8.314e-09 8.314e-09 8.314e-09 8.314e-09 8.314e-09 8.314e-09 8.314e-09 8.314e-09 8.314e-09 8.314e-09 8.313e-09 8.312e-09 8.311e-09 8.310e-09 8.307e-09 8.303e-09 8.297e-09 8.287e-09 8.272e-09 8.248e-09 8.211e-09 8.156e-09 8.074e-09 7.956e-09 7.787e-09 7.549e-09 7.219e-09 6.767e-09 6.167e-09 5.406e-09 4.509e-09 3.550e-09 2.636e-09 1.860e-09 1.264e-09 8.388e-10 5.464e-10 3.463e-10 2.101e-10 1.213e-10
