b(14N2,H2,H) (km/s)     = 0.77 11.2 15.9
Tex(14N2,14N15N,H2) (K) = 1000 1000 1000
N(H)         (cm-2)     = 1.000e+22
[14N2]/[14N15N]         = 225
n[N(14N2)]   (cols)     = 46
n[N(H2)]     (rows)     = 46
N(14N2)
1.000e+10
1.585e+10
2.512e+10
3.981e+10
6.310e+10
1.000e+11
1.585e+11
2.512e+11
3.981e+11
6.310e+11
1.000e+12
1.585e+12
2.512e+12
3.981e+12
6.310e+12
1.000e+13
1.585e+13
2.512e+13
3.981e+13
6.310e+13
1.000e+14
1.585e+14
2.512e+14
3.981e+14
6.310e+14
1.000e+15
1.585e+15
2.512e+15
3.981e+15
6.310e+15
1.000e+16
1.585e+16
2.512e+16
3.981e+16
6.310e+16
1.000e+17
1.585e+17
2.512e+17
3.981e+17
6.310e+17
1.000e+18
1.585e+18
2.512e+18
3.981e+18
6.310e+18
1.000e+19
N(H2)
1.000e+14
1.585e+14
2.512e+14
3.981e+14
6.310e+14
1.000e+15
1.585e+15
2.512e+15
3.981e+15
6.310e+15
1.000e+16
1.585e+16
2.512e+16
3.981e+16
6.310e+16
1.000e+17
1.585e+17
2.512e+17
3.981e+17
6.310e+17
1.000e+18
1.585e+18
2.512e+18
3.981e+18
6.310e+18
1.000e+19
1.585e+19
2.512e+19
3.981e+19
6.310e+19
1.000e+20
1.585e+20
2.512e+20
3.981e+20
6.310e+20
1.000e+21
1.585e+21
2.512e+21
3.981e+21
6.310e+21
1.000e+22
1.585e+22
2.512e+22
3.981e+22
6.310e+22
1.000e+23
14N2
8.195e-01 8.195e-01 8.195e-01 8.195e-01 8.194e-01 8.194e-01 8.194e-01 8.193e-01 8.191e-01 8.189e-01 8.186e-01 8.181e-01 8.173e-01 8.160e-01 8.139e-01 8.107e-01 8.058e-01 7.982e-01 7.867e-01 7.698e-01 7.458e-01 7.132e-01 6.711e-01 6.191e-01 5.577e-01 4.883e-01 4.140e-01 3.395e-01 2.694e-01 2.076e-01 1.559e-01 1.146e-01 8.280e-02 5.885e-02 4.112e-02 2.823e-02 1.904e-02 1.258e-02 8.101e-03 5.054e-03 3.050e-03 1.786e-03 1.013e-03 5.504e-04 2.826e-04 1.363e-04
8.175e-01 8.175e-01 8.175e-01 8.175e-01 8.175e-01 8.175e-01 8.174e-01 8.173e-01 8.172e-01 8.170e-01 8.167e-01 8.161e-01 8.153e-01 8.140e-01 8.120e-01 8.088e-01 8.038e-01 7.962e-01 7.848e-01 7.679e-01 7.440e-01 7.115e-01 6.694e-01 6.176e-01 5.563e-01 4.871e-01 4.130e-01 3.387e-01 2.688e-01 2.071e-01 1.555e-01 1.143e-01 8.261e-02 5.873e-02 4.104e-02 2.818e-02 1.900e-02 1.256e-02 8.085e-03 5.044e-03 3.044e-03 1.783e-03 1.011e-03 5.494e-04 2.821e-04 1.361e-04
8.146e-01 8.146e-01 8.146e-01 8.146e-01 8.145e-01 8.145e-01 8.145e-01 8.144e-01 8.142e-01 8.140e-01 8.137e-01 8.132e-01 8.124e-01 8.111e-01 8.090e-01 8.059e-01 8.009e-01 7.933e-01 7.819e-01 7.651e-01 7.412e-01 7.088e-01 6.669e-01 6.153e-01 5.542e-01 4.853e-01 4.115e-01 3.375e-01 2.679e-01 2.064e-01 1.550e-01 1.139e-01 8.233e-02 5.853e-02 4.091e-02 2.809e-02 1.894e-02 1.252e-02 8.062e-03 5.030e-03 3.036e-03 1.778e-03 1.008e-03 5.478e-04 2.813e-04 1.357e-04
8.102e-01 8.102e-01 8.102e-01 8.102e-01 8.102e-01 8.101e-01 8.101e-01 8.100e-01 8.099e-01 8.097e-01 8.093e-01 8.088e-01 8.080e-01 8.067e-01 8.047e-01 8.015e-01 7.966e-01 7.890e-01 7.776e-01 7.609e-01 7.371e-01 7.048e-01 6.631e-01 6.118e-01 5.511e-01 4.826e-01 4.093e-01 3.357e-01 2.665e-01 2.053e-01 1.542e-01 1.133e-01 8.190e-02 5.824e-02 4.071e-02 2.795e-02 1.886e-02 1.246e-02 8.026e-03 5.008e-03 3.023e-03 1.770e-03 1.004e-03 5.455e-04 2.801e-04 1.351e-04
8.039e-01 8.039e-01 8.039e-01 8.039e-01 8.038e-01 8.038e-01 8.038e-01 8.037e-01 8.035e-01 8.033e-01 8.030e-01 8.025e-01 8.017e-01 8.004e-01 7.984e-01 7.952e-01 7.903e-01 7.828e-01 7.715e-01 7.549e-01 7.312e-01 6.991e-01 6.577e-01 6.068e-01 5.466e-01 4.787e-01 4.060e-01 3.331e-01 2.644e-01 2.037e-01 1.530e-01 1.125e-01 8.129e-02 5.781e-02 4.041e-02 2.776e-02 1.873e-02 1.238e-02 7.973e-03 4.976e-03 3.004e-03 1.759e-03 9.976e-04 5.420e-04 2.783e-04 1.343e-04
7.952e-01 7.952e-01 7.952e-01 7.952e-01 7.951e-01 7.951e-01 7.951e-01 7.950e-01 7.948e-01 7.946e-01 7.943e-01 7.938e-01 7.930e-01 7.917e-01 7.897e-01 7.866e-01 7.817e-01 7.743e-01 7.630e-01 7.465e-01 7.231e-01 6.913e-01 6.502e-01 5.998e-01 5.404e-01 4.733e-01 4.015e-01 3.294e-01 2.616e-01 2.016e-01 1.513e-01 1.113e-01 8.043e-02 5.720e-02 4.000e-02 2.748e-02 1.854e-02 1.226e-02 7.897e-03 4.929e-03 2.976e-03 1.743e-03 9.885e-04 5.370e-04 2.758e-04 1.331e-04
7.837e-01 7.837e-01 7.837e-01 7.837e-01 7.837e-01 7.837e-01 7.836e-01 7.835e-01 7.834e-01 7.832e-01 7.829e-01 7.824e-01 7.816e-01 7.803e-01 7.783e-01 7.752e-01 7.704e-01 7.630e-01 7.519e-01 7.355e-01 7.123e-01 6.809e-01 6.404e-01 5.907e-01 5.322e-01 4.661e-01 3.956e-01 3.247e-01 2.578e-01 1.987e-01 1.492e-01 1.097e-01 7.927e-02 5.639e-02 3.944e-02 2.710e-02 1.829e-02 1.209e-02 7.793e-03 4.865e-03 2.938e-03 1.721e-03 9.759e-04 5.301e-04 2.722e-04 1.314e-04
7.694e-01 7.694e-01 7.694e-01 7.694e-01 7.694e-01 7.693e-01 7.693e-01 7.692e-01 7.691e-01 7.689e-01 7.685e-01 7.680e-01 7.673e-01 7.660e-01 7.640e-01 7.610e-01 7.562e-01 7.489e-01 7.379e-01 7.218e-01 6.989e-01 6.679e-01 6.281e-01 5.792e-01 5.218e-01 4.572e-01 3.881e-01 3.186e-01 2.531e-01 1.951e-01 1.465e-01 1.077e-01 7.782e-02 5.536e-02 3.873e-02 2.661e-02 1.797e-02 1.188e-02 7.659e-03 4.783e-03 2.888e-03 1.692e-03 9.594e-04 5.211e-04 2.675e-04 1.291e-04
7.521e-01 7.521e-01 7.521e-01 7.521e-01 7.520e-01 7.520e-01 7.520e-01 7.519e-01 7.518e-01 7.516e-01 7.513e-01 7.508e-01 7.500e-01 7.487e-01 7.468e-01 7.438e-01 7.391e-01 7.319e-01 7.211e-01 7.052e-01 6.827e-01 6.522e-01 6.131e-01 5.654e-01 5.093e-01 4.463e-01 3.790e-01 3.113e-01 2.474e-01 1.907e-01 1.432e-01 1.052e-01 7.606e-02 5.412e-02 3.786e-02 2.602e-02 1.757e-02 1.163e-02 7.495e-03 4.681e-03 2.827e-03 1.656e-03 9.390e-04 5.098e-04 2.617e-04 1.263e-04
7.318e-01 7.318e-01 7.318e-01 7.318e-01 7.318e-01 7.318e-01 7.317e-01 7.316e-01 7.315e-01 7.313e-01 7.310e-01 7.305e-01 7.298e-01 7.285e-01 7.266e-01 7.237e-01 7.191e-01 7.120e-01 7.013e-01 6.857e-01 6.637e-01 6.339e-01 5.957e-01 5.492e-01 4.947e-01 4.336e-01 3.684e-01 3.028e-01 2.408e-01 1.857e-01 1.394e-01 1.024e-01 7.404e-02 5.268e-02 3.686e-02 2.534e-02 1.712e-02 1.133e-02 7.306e-03 4.564e-03 2.757e-03 1.614e-03 9.152e-04 4.968e-04 2.549e-04 1.230e-04
7.089e-01 7.089e-01 7.089e-01 7.089e-01 7.089e-01 7.088e-01 7.088e-01 7.087e-01 7.086e-01 7.084e-01 7.081e-01 7.076e-01 7.069e-01 7.057e-01 7.038e-01 7.009e-01 6.964e-01 6.895e-01 6.791e-01 6.638e-01 6.423e-01 6.132e-01 5.761e-01 5.309e-01 4.782e-01 4.192e-01 3.564e-01 2.932e-01 2.333e-01 1.800e-01 1.351e-01 9.933e-02 7.179e-02 5.108e-02 3.575e-02 2.459e-02 1.662e-02 1.100e-02 7.099e-03 4.435e-03 2.679e-03 1.569e-03 8.893e-04 4.826e-04 2.474e-04 1.193e-04
6.840e-01 6.840e-01 6.840e-01 6.840e-01 6.840e-01 6.839e-01 6.839e-01 6.838e-01 6.837e-01 6.835e-01 6.832e-01 6.828e-01 6.820e-01 6.809e-01 6.790e-01 6.762e-01 6.718e-01 6.650e-01 6.549e-01 6.400e-01 6.190e-01 5.908e-01 5.548e-01 5.112e-01 4.604e-01 4.037e-01 3.433e-01 2.827e-01 2.251e-01 1.738e-01 1.305e-01 9.596e-02 6.936e-02 4.937e-02 3.457e-02 2.379e-02 1.609e-02 1.066e-02 6.880e-03 4.300e-03 2.598e-03 1.521e-03 8.625e-04 4.679e-04 2.398e-04 1.155e-04
6.578e-01 6.578e-01 6.578e-01 6.578e-01 6.578e-01 6.578e-01 6.577e-01 6.577e-01 6.575e-01 6.574e-01 6.571e-01 6.566e-01 6.559e-01 6.548e-01 6.530e-01 6.502e-01 6.459e-01 6.394e-01 6.295e-01 6.150e-01 5.947e-01 5.673e-01 5.326e-01 4.905e-01 4.417e-01 3.873e-01 3.296e-01 2.716e-01 2.166e-01 1.673e-01 1.258e-01 9.246e-02 6.685e-02 4.760e-02 3.335e-02 2.297e-02 1.555e-02 1.031e-02 6.660e-03 4.164e-03 2.516e-03 1.474e-03 8.359e-04 4.534e-04 2.322e-04 1.117e-04
6.314e-01 6.314e-01 6.313e-01 6.313e-01 6.313e-01 6.313e-01 6.312e-01 6.312e-01 6.311e-01 6.309e-01 6.306e-01 6.302e-01 6.295e-01 6.284e-01 6.266e-01 6.240e-01 6.198e-01 6.134e-01 6.038e-01 5.898e-01 5.700e-01 5.436e-01 5.100e-01 4.696e-01 4.228e-01 3.709e-01 3.158e-01 2.605e-01 2.080e-01 1.608e-01 1.209e-01 8.896e-02 6.434e-02 4.584e-02 3.214e-02 2.216e-02 1.502e-02 9.970e-03 6.445e-03 4.032e-03 2.438e-03 1.428e-03 8.100e-04 4.393e-04 2.247e-04 1.080e-04
6.056e-01 6.056e-01 6.056e-01 6.056e-01 6.056e-01 6.056e-01 6.055e-01 6.055e-01 6.054e-01 6.052e-01 6.049e-01 6.045e-01 6.038e-01 6.027e-01 6.011e-01 5.984e-01 5.944e-01 5.882e-01 5.789e-01 5.653e-01 5.461e-01 5.206e-01 4.882e-01 4.493e-01 4.045e-01 3.549e-01 3.024e-01 2.497e-01 1.996e-01 1.545e-01 1.163e-01 8.558e-02 6.193e-02 4.415e-02 3.098e-02 2.139e-02 1.451e-02 9.645e-03 6.241e-03 3.906e-03 2.363e-03 1.385e-03 7.853e-04 4.257e-04 2.176e-04 1.045e-04
5.816e-01 5.816e-01 5.816e-01 5.816e-01 5.815e-01 5.815e-01 5.815e-01 5.814e-01 5.813e-01 5.811e-01 5.809e-01 5.805e-01 5.798e-01 5.788e-01 5.771e-01 5.746e-01 5.706e-01 5.646e-01 5.555e-01 5.423e-01 5.238e-01 4.990e-01 4.677e-01 4.303e-01 3.873e-01 3.399e-01 2.899e-01 2.397e-01 1.918e-01 1.486e-01 1.119e-01 8.242e-02 5.967e-02 4.256e-02 2.990e-02 2.066e-02 1.403e-02 9.339e-03 6.048e-03 3.788e-03 2.292e-03 1.343e-03 7.617e-04 4.127e-04 2.107e-04 1.011e-04
5.595e-01 5.595e-01 5.595e-01 5.595e-01 5.595e-01 5.595e-01 5.594e-01 5.594e-01 5.592e-01 5.591e-01 5.588e-01 5.584e-01 5.578e-01 5.568e-01 5.552e-01 5.527e-01 5.488e-01 5.430e-01 5.341e-01 5.213e-01 5.032e-01 4.792e-01 4.490e-01 4.130e-01 3.717e-01 3.264e-01 2.786e-01 2.306e-01 1.847e-01 1.433e-01 1.080e-01 7.957e-02 5.763e-02 4.113e-02 2.891e-02 2.000e-02 1.360e-02 9.057e-03 5.870e-03 3.678e-03 2.225e-03 1.304e-03 7.393e-04 4.004e-04 2.044e-04 9.798e-05
5.395e-01 5.395e-01 5.395e-01 5.395e-01 5.395e-01 5.395e-01 5.394e-01 5.394e-01 5.393e-01 5.391e-01 5.389e-01 5.385e-01 5.378e-01 5.368e-01 5.353e-01 5.329e-01 5.291e-01 5.233e-01 5.147e-01 5.022e-01 4.847e-01 4.614e-01 4.321e-01 3.973e-01 3.577e-01 3.142e-01 2.684e-01 2.224e-01 1.784e-01 1.385e-01 1.045e-01 7.703e-02 5.582e-02 3.986e-02 2.803e-02 1.940e-02 1.320e-02 8.800e-03 5.706e-03 3.576e-03 2.163e-03 1.267e-03 7.182e-04 3.889e-04 1.984e-04 9.511e-05
5.216e-01 5.216e-01 5.216e-01 5.216e-01 5.215e-01 5.215e-01 5.215e-01 5.214e-01 5.213e-01 5.212e-01 5.209e-01 5.205e-01 5.199e-01 5.189e-01 5.174e-01 5.150e-01 5.114e-01 5.058e-01 4.973e-01 4.851e-01 4.680e-01 4.453e-01 4.170e-01 3.834e-01 3.452e-01 3.034e-01 2.594e-01 2.152e-01 1.728e-01 1.343e-01 1.014e-01 7.478e-02 5.421e-02 3.873e-02 2.725e-02 1.887e-02 1.285e-02 8.566e-03 5.555e-03 3.480e-03 2.104e-03 1.232e-03 6.982e-04 3.780e-04 1.929e-04 9.243e-05
5.055e-01 5.055e-01 5.055e-01 5.055e-01 5.055e-01 5.055e-01 5.055e-01 5.054e-01 5.053e-01 5.051e-01 5.049e-01 5.045e-01 5.039e-01 5.030e-01 5.015e-01 4.991e-01 4.955e-01 4.900e-01 4.818e-01 4.698e-01 4.531e-01 4.311e-01 4.035e-01 3.710e-01 3.341e-01 2.938e-01 2.515e-01 2.088e-01 1.678e-01 1.305e-01 9.861e-02 7.277e-02 5.278e-02 3.771e-02 2.654e-02 1.839e-02 1.252e-02 8.350e-03 5.414e-03 3.391e-03 2.049e-03 1.199e-03 6.791e-04 3.676e-04 1.876e-04 8.987e-05
4.912e-01 4.912e-01 4.912e-01 4.912e-01 4.912e-01 4.912e-01 4.911e-01 4.911e-01 4.910e-01 4.908e-01 4.906e-01 4.902e-01 4.896e-01 4.887e-01 4.872e-01 4.849e-01 4.814e-01 4.760e-01 4.679e-01 4.562e-01 4.399e-01 4.183e-01 3.915e-01 3.599e-01 3.242e-01 2.853e-01 2.443e-01 2.030e-01 1.633e-01 1.271e-01 9.608e-02 7.093e-02 5.146e-02 3.678e-02 2.589e-02 1.794e-02 1.222e-02 8.146e-03 5.280e-03 3.305e-03 1.996e-03 1.167e-03 6.607e-04 3.576e-04 1.824e-04 8.738e-05
4.782e-01 4.782e-01 4.782e-01 4.782e-01 4.781e-01 4.781e-01 4.781e-01 4.780e-01 4.779e-01 4.778e-01 4.775e-01 4.772e-01 4.766e-01 4.757e-01 4.742e-01 4.720e-01 4.685e-01 4.632e-01 4.553e-01 4.438e-01 4.278e-01 4.067e-01 3.805e-01 3.497e-01 3.150e-01 2.773e-01 2.376e-01 1.976e-01 1.591e-01 1.239e-01 9.368e-02 6.918e-02 5.020e-02 3.589e-02 2.526e-02 1.750e-02 1.192e-02 7.949e-03 5.150e-03 3.221e-03 1.943e-03 1.136e-03 6.425e-04 3.477e-04 1.773e-04 8.493e-05
4.656e-01 4.656e-01 4.656e-01 4.656e-01 4.656e-01 4.656e-01 4.655e-01 4.655e-01 4.654e-01 4.652e-01 4.650e-01 4.646e-01 4.641e-01 4.632e-01 4.617e-01 4.595e-01 4.561e-01 4.509e-01 4.431e-01 4.318e-01 4.161e-01 3.954e-01 3.698e-01 3.398e-01 3.061e-01 2.695e-01 2.310e-01 1.922e-01 1.548e-01 1.207e-01 9.130e-02 6.744e-02 4.894e-02 3.499e-02 2.463e-02 1.707e-02 1.163e-02 7.749e-03 5.017e-03 3.136e-03 1.890e-03 1.104e-03 6.240e-04 3.376e-04 1.721e-04 8.245e-05
4.527e-01 4.527e-01 4.527e-01 4.527e-01 4.527e-01 4.526e-01 4.526e-01 4.525e-01 4.525e-01 4.523e-01 4.521e-01 4.517e-01 4.512e-01 4.503e-01 4.489e-01 4.467e-01 4.433e-01 4.382e-01 4.305e-01 4.194e-01 4.040e-01 3.838e-01 3.588e-01 3.296e-01 2.968e-01 2.613e-01 2.241e-01 1.866e-01 1.505e-01 1.173e-01 8.880e-02 6.559e-02 4.760e-02 3.403e-02 2.396e-02 1.660e-02 1.131e-02 7.535e-03 4.877e-03 3.045e-03 1.834e-03 1.070e-03 6.046e-04 3.269e-04 1.667e-04 7.988e-05
4.388e-01 4.387e-01 4.387e-01 4.387e-01 4.387e-01 4.387e-01 4.387e-01 4.386e-01 4.385e-01 4.384e-01 4.382e-01 4.378e-01 4.372e-01 4.364e-01 4.350e-01 4.329e-01 4.296e-01 4.245e-01 4.170e-01 4.061e-01 3.911e-01 3.713e-01 3.469e-01 3.185e-01 2.868e-01 2.525e-01 2.167e-01 1.805e-01 1.456e-01 1.137e-01 8.603e-02 6.354e-02 4.611e-02 3.296e-02 2.320e-02 1.608e-02 1.095e-02 7.297e-03 4.721e-03 2.946e-03 1.773e-03 1.033e-03 5.834e-04 3.153e-04 1.608e-04 7.709e-05
4.233e-01 4.233e-01 4.233e-01 4.233e-01 4.233e-01 4.233e-01 4.233e-01 4.232e-01 4.231e-01 4.230e-01 4.228e-01 4.224e-01 4.219e-01 4.210e-01 4.197e-01 4.176e-01 4.144e-01 4.094e-01 4.021e-01 3.915e-01 3.767e-01 3.575e-01 3.338e-01 3.063e-01 2.757e-01 2.427e-01 2.083e-01 1.736e-01 1.401e-01 1.094e-01 8.281e-02 6.115e-02 4.436e-02 3.170e-02 2.232e-02 1.547e-02 1.054e-02 7.020e-03 4.540e-03 2.832e-03 1.703e-03 9.917e-04 5.594e-04 3.021e-04 1.540e-04 7.391e-05
4.058e-01 4.058e-01 4.058e-01 4.058e-01 4.058e-01 4.058e-01 4.057e-01 4.057e-01 4.056e-01 4.055e-01 4.053e-01 4.049e-01 4.044e-01 4.036e-01 4.023e-01 4.002e-01 3.971e-01 3.923e-01 3.851e-01 3.748e-01 3.605e-01 3.418e-01 3.189e-01 2.923e-01 2.629e-01 2.313e-01 1.985e-01 1.655e-01 1.336e-01 1.043e-01 7.896e-02 5.828e-02 4.225e-02 3.019e-02 2.125e-02 1.473e-02 1.003e-02 6.685e-03 4.323e-03 2.696e-03 1.620e-03 9.424e-04 5.310e-04 2.865e-04 1.460e-04 7.011e-05
3.852e-01 3.852e-01 3.852e-01 3.852e-01 3.852e-01 3.852e-01 3.851e-01 3.851e-01 3.850e-01 3.849e-01 3.847e-01 3.843e-01 3.838e-01 3.830e-01 3.818e-01 3.798e-01 3.768e-01 3.721e-01 3.652e-01 3.553e-01 3.415e-01 3.235e-01 3.014e-01 2.760e-01 2.479e-01 2.179e-01 1.869e-01 1.558e-01 1.258e-01 9.822e-02 7.428e-02 5.478e-02 3.968e-02 2.834e-02 1.995e-02 1.383e-02 9.419e-03 6.275e-03 4.057e-03 2.529e-03 1.519e-03 8.825e-04 4.965e-04 2.676e-04 1.362e-04 6.545e-05
3.603e-01 3.603e-01 3.603e-01 3.603e-01 3.603e-01 3.603e-01 3.602e-01 3.602e-01 3.601e-01 3.600e-01 3.598e-01 3.595e-01 3.590e-01 3.582e-01 3.570e-01 3.552e-01 3.523e-01 3.479e-01 3.413e-01 3.318e-01 3.187e-01 3.015e-01 2.806e-01 2.566e-01 2.301e-01 2.021e-01 1.732e-01 1.443e-01 1.165e-01 9.084e-02 6.863e-02 5.055e-02 3.657e-02 2.609e-02 1.835e-02 1.272e-02 8.662e-03 5.771e-03 3.731e-03 2.324e-03 1.394e-03 8.089e-04 4.543e-04 2.444e-04 1.243e-04 5.975e-05
3.301e-01 3.301e-01 3.301e-01 3.301e-01 3.301e-01 3.300e-01 3.300e-01 3.300e-01 3.299e-01 3.298e-01 3.296e-01 3.293e-01 3.289e-01 3.282e-01 3.270e-01 3.253e-01 3.226e-01 3.185e-01 3.124e-01 3.035e-01 2.913e-01 2.753e-01 2.558e-01 2.335e-01 2.091e-01 1.833e-01 1.569e-01 1.306e-01 1.053e-01 8.207e-02 6.190e-02 4.550e-02 3.285e-02 2.339e-02 1.643e-02 1.138e-02 7.747e-03 5.159e-03 3.334e-03 2.075e-03 1.243e-03 7.198e-04 4.033e-04 2.165e-04 1.100e-04 5.290e-05
2.937e-01 2.937e-01 2.937e-01 2.937e-01 2.937e-01 2.937e-01 2.937e-01 2.936e-01 2.936e-01 2.935e-01 2.933e-01 2.930e-01 2.926e-01 2.920e-01 2.910e-01 2.894e-01 2.870e-01 2.833e-01 2.777e-01 2.697e-01 2.587e-01 2.443e-01 2.267e-01 2.065e-01 1.845e-01 1.614e-01 1.380e-01 1.148e-01 9.242e-02 7.187e-02 5.406e-02 3.963e-02 2.853e-02 2.026e-02 1.421e-02 9.820e-03 6.678e-03 4.442e-03 2.867e-03 1.782e-03 1.066e-03 6.156e-04 3.439e-04 1.841e-04 9.339e-05 4.496e-05
2.512e-01 2.512e-01 2.512e-01 2.512e-01 2.512e-01 2.512e-01 2.512e-01 2.512e-01 2.511e-01 2.510e-01 2.509e-01 2.506e-01 2.503e-01 2.497e-01 2.489e-01 2.475e-01 2.454e-01 2.423e-01 2.375e-01 2.306e-01 2.211e-01 2.086e-01 1.933e-01 1.757e-01 1.567e-01 1.368e-01 1.167e-01 9.688e-02 7.788e-02 6.040e-02 4.529e-02 3.308e-02 2.373e-02 1.679e-02 1.173e-02 8.088e-03 5.486e-03 3.641e-03 2.345e-03 1.455e-03 8.683e-04 5.000e-04 2.784e-04 1.486e-04 7.519e-05 3.623e-05
2.040e-01 2.040e-01 2.040e-01 2.040e-01 2.040e-01 2.039e-01 2.039e-01 2.039e-01 2.038e-01 2.038e-01 2.037e-01 2.035e-01 2.032e-01 2.028e-01 2.021e-01 2.010e-01 1.993e-01 1.968e-01 1.929e-01 1.874e-01 1.796e-01 1.694e-01 1.568e-01 1.423e-01 1.266e-01 1.102e-01 9.378e-02 7.769e-02 6.230e-02 4.816e-02 3.597e-02 2.615e-02 1.867e-02 1.315e-02 9.146e-03 6.275e-03 4.238e-03 2.802e-03 1.799e-03 1.113e-03 6.626e-04 3.803e-04 2.109e-04 1.121e-04 5.659e-05 2.730e-05
1.545e-01 1.545e-01 1.545e-01 1.545e-01 1.545e-01 1.544e-01 1.544e-01 1.544e-01 1.544e-01 1.543e-01 1.542e-01 1.541e-01 1.539e-01 1.536e-01 1.531e-01 1.523e-01 1.511e-01 1.492e-01 1.464e-01 1.423e-01 1.365e-01 1.288e-01 1.192e-01 1.081e-01 9.584e-02 8.318e-02 7.057e-02 5.830e-02 4.661e-02 3.590e-02 2.669e-02 1.931e-02 1.371e-02 9.595e-03 6.629e-03 4.516e-03 3.030e-03 1.991e-03 1.271e-03 7.840e-04 4.652e-04 2.660e-04 1.468e-04 7.764e-05 3.907e-05 1.887e-05
1.064e-01 1.064e-01 1.064e-01 1.064e-01 1.064e-01 1.064e-01 1.064e-01 1.064e-01 1.064e-01 1.063e-01 1.063e-01 1.062e-01 1.061e-01 1.059e-01 1.055e-01 1.050e-01 1.042e-01 1.030e-01 1.012e-01 9.848e-02 9.463e-02 8.943e-02 8.283e-02 7.502e-02 6.640e-02 5.745e-02 4.858e-02 4.002e-02 3.191e-02 2.450e-02 1.814e-02 1.305e-02 9.205e-03 6.394e-03 4.378e-03 2.954e-03 1.962e-03 1.278e-03 8.105e-04 4.969e-04 2.935e-04 1.669e-04 9.157e-05 4.818e-05 2.415e-05 1.167e-05
6.442e-02 6.442e-02 6.442e-02 6.442e-02 6.442e-02 6.441e-02 6.441e-02 6.440e-02 6.439e-02 6.437e-02 6.434e-02 6.429e-02 6.422e-02 6.410e-02 6.392e-02 6.364e-02 6.319e-02 6.250e-02 6.146e-02 5.991e-02 5.768e-02 5.461e-02 5.065e-02 4.587e-02 4.054e-02 3.500e-02 2.953e-02 2.429e-02 1.933e-02 1.481e-02 1.092e-02 7.819e-03 5.476e-03 3.770e-03 2.553e-03 1.701e-03 1.116e-03 7.193e-04 4.519e-04 2.750e-04 1.613e-04 9.112e-05 4.962e-05 2.595e-05 1.296e-05 6.259e-06
3.255e-02 3.255e-02 3.255e-02 3.255e-02 3.255e-02 3.254e-02 3.254e-02 3.254e-02 3.253e-02 3.252e-02 3.251e-02 3.249e-02 3.245e-02 3.240e-02 3.231e-02 3.218e-02 3.196e-02 3.164e-02 3.114e-02 3.039e-02 2.930e-02 2.778e-02 2.580e-02 2.337e-02 2.064e-02 1.780e-02 1.500e-02 1.234e-02 9.822e-03 7.519e-03 5.533e-03 3.941e-03 2.740e-03 1.868e-03 1.249e-03 8.205e-04 5.311e-04 3.382e-04 2.105e-04 1.272e-04 7.410e-05 4.155e-05 2.245e-05 1.166e-05 5.786e-06 2.786e-06
1.267e-02 1.267e-02 1.267e-02 1.267e-02 1.267e-02 1.267e-02 1.266e-02 1.266e-02 1.266e-02 1.266e-02 1.265e-02 1.264e-02 1.263e-02 1.261e-02 1.258e-02 1.253e-02 1.245e-02 1.232e-02 1.214e-02 1.185e-02 1.144e-02 1.086e-02 1.009e-02 9.144e-03 8.073e-03 6.957e-03 5.869e-03 4.836e-03 3.859e-03 2.959e-03 2.177e-03 1.546e-03 1.068e-03 7.214e-04 4.764e-04 3.085e-04 1.970e-04 1.242e-04 7.690e-05 4.630e-05 2.690e-05 1.501e-05 8.048e-06 4.136e-06 2.025e-06 9.617e-07
3.337e-03 3.337e-03 3.337e-03 3.337e-03 3.337e-03 3.337e-03 3.337e-03 3.336e-03 3.336e-03 3.335e-03 3.334e-03 3.332e-03 3.328e-03 3.323e-03 3.315e-03 3.302e-03 3.282e-03 3.250e-03 3.202e-03 3.129e-03 3.023e-03 2.873e-03 2.672e-03 2.423e-03 2.140e-03 1.846e-03 1.561e-03 1.292e-03 1.037e-03 7.994e-04 5.907e-04 4.205e-04 2.904e-04 1.952e-04 1.278e-04 8.197e-05 5.195e-05 3.266e-05 2.025e-05 1.224e-05 7.137e-06 3.985e-06 2.123e-06 1.072e-06 5.096e-07 2.328e-07
4.847e-04 4.847e-04 4.847e-04 4.847e-04 4.847e-04 4.847e-04 4.847e-04 4.846e-04 4.845e-04 4.844e-04 4.842e-04 4.840e-04 4.835e-04 4.828e-04 4.817e-04 4.799e-04 4.771e-04 4.728e-04 4.661e-04 4.561e-04 4.412e-04 4.201e-04 3.917e-04 3.562e-04 3.154e-04 2.731e-04 2.322e-04 1.936e-04 1.569e-04 1.224e-04 9.166e-05 6.610e-05 4.609e-05 3.114e-05 2.045e-05 1.315e-05 8.390e-06 5.330e-06 3.347e-06 2.051e-06 1.210e-06 6.812e-07 3.625e-07 1.797e-07 8.171e-08 3.463e-08
2.821e-05 2.821e-05 2.821e-05 2.821e-05 2.821e-05 2.821e-05 2.821e-05 2.821e-05 2.820e-05 2.820e-05 2.819e-05 2.817e-05 2.815e-05 2.811e-05 2.805e-05 2.796e-05 2.781e-05 2.758e-05 2.723e-05 2.669e-05 2.589e-05 2.475e-05 2.319e-05 2.122e-05 1.894e-05 1.655e-05 1.424e-05 1.206e-05 9.956e-06 7.955e-06 6.126e-06 4.543e-06 3.244e-06 2.235e-06 1.496e-06 9.831e-07 6.429e-07 4.191e-07 2.699e-07 1.693e-07 1.019e-07 5.831e-08 3.132e-08 1.542e-08 6.764e-09 2.623e-09
4.163e-07 4.163e-07 4.163e-07 4.163e-07 4.163e-07 4.163e-07 4.163e-07 4.162e-07 4.162e-07 4.161e-07 4.160e-07 4.158e-07 4.155e-07 4.151e-07 4.144e-07 4.132e-07 4.115e-07 4.087e-07 4.044e-07 3.979e-07 3.882e-07 3.742e-07 3.549e-07 3.302e-07 3.012e-07 2.705e-07 2.401e-07 2.105e-07 1.811e-07 1.515e-07 1.225e-07 9.493e-08 7.028e-08 4.993e-08 3.448e-08 2.347e-08 1.588e-08 1.067e-08 7.056e-09 4.536e-09 2.789e-09 1.624e-09 8.854e-10 4.395e-10 1.910e-10 7.025e-11
9.364e-10 9.364e-10 9.364e-10 9.364e-10 9.364e-10 9.364e-10 9.364e-10 9.363e-10 9.363e-10 9.362e-10 9.361e-10 9.358e-10 9.355e-10 9.350e-10 9.342e-10 9.329e-10 9.308e-10 9.276e-10 9.226e-10 9.150e-10 9.036e-10 8.870e-10 8.637e-10 8.332e-10 7.959e-10 7.536e-10 7.075e-10 6.563e-10 5.972e-10 5.280e-10 4.485e-10 3.620e-10 2.764e-10 2.016e-10 1.432e-10 1.003e-10 6.935e-11 4.720e-11 3.153e-11 2.046e-11 1.266e-11 7.404e-12 4.065e-12 2.036e-12 8.875e-13 3.216e-13
1.686e-13 1.686e-13 1.686e-13 1.686e-13 1.686e-13 1.686e-13 1.686e-13 1.686e-13 1.686e-13 1.686e-13 1.686e-13 1.686e-13 1.685e-13 1.685e-13 1.685e-13 1.684e-13 1.683e-13 1.682e-13 1.680e-13 1.677e-13 1.672e-13 1.664e-13 1.652e-13 1.635e-13 1.611e-13 1.578e-13 1.530e-13 1.464e-13 1.371e-13 1.244e-13 1.082e-13 8.927e-14 6.962e-14 5.195e-14 3.778e-14 2.695e-14 1.875e-14 1.268e-14 8.373e-15 5.370e-15 3.268e-15 1.874e-15 1.015e-15 5.041e-16 2.161e-16 7.587e-17
4.030e-19 4.030e-19 4.030e-19 4.030e-19 4.030e-19 4.030e-19 4.030e-19 4.030e-19 4.030e-19 4.030e-19 4.030e-19 4.030e-19 4.030e-19 4.029e-19 4.029e-19 4.028e-19 4.027e-19 4.026e-19 4.023e-19 4.019e-19 4.013e-19 4.003e-19 3.988e-19 3.963e-19 3.926e-19 3.867e-19 3.777e-19 3.642e-19 3.444e-19 3.168e-19 2.804e-19 2.369e-19 1.906e-19 1.473e-19 1.106e-19 8.048e-20 5.602e-20 3.730e-20 2.412e-20 1.509e-20 8.882e-21 4.890e-21 2.548e-21 1.215e-21 4.892e-22 1.555e-22
6.907e-28 6.907e-28 6.907e-28 6.907e-28 6.907e-28 6.907e-28 6.907e-28 6.907e-28 6.907e-28 6.907e-28 6.906e-28 6.906e-28 6.906e-28 6.906e-28 6.905e-28 6.904e-28 6.903e-28 6.901e-28 6.898e-28 6.893e-28 6.884e-28 6.871e-28 6.851e-28 6.818e-28 6.768e-28 6.689e-28 6.567e-28 6.384e-28 6.113e-28 5.728e-28 5.213e-28 4.575e-28 3.860e-28 3.133e-28 2.443e-28 1.809e-28 1.256e-28 8.216e-29 5.195e-29 3.172e-29 1.806e-29 9.503e-30 4.693e-30 2.094e-30 7.550e-31 1.981e-31
14N15N
8.313e-01 8.313e-01 8.313e-01 8.313e-01 8.313e-01 8.313e-01 8.312e-01 8.312e-01 8.312e-01 8.312e-01 8.311e-01 8.310e-01 8.309e-01 8.306e-01 8.303e-01 8.297e-01 8.288e-01 8.274e-01 8.252e-01 8.220e-01 8.172e-01 8.104e-01 8.011e-01 7.886e-01 7.726e-01 7.524e-01 7.275e-01 6.975e-01 6.618e-01 6.199e-01 5.715e-01 5.165e-01 4.554e-01 3.898e-01 3.224e-01 2.567e-01 1.964e-01 1.443e-01 1.017e-01 6.881e-02 4.448e-02 2.729e-02 1.570e-02 8.364e-03 4.087e-03 1.833e-03
8.294e-01 8.294e-01 8.294e-01 8.294e-01 8.294e-01 8.294e-01 8.294e-01 8.294e-01 8.293e-01 8.293e-01 8.292e-01 8.291e-01 8.290e-01 8.288e-01 8.284e-01 8.278e-01 8.269e-01 8.255e-01 8.233e-01 8.201e-01 8.154e-01 8.086e-01 7.993e-01 7.869e-01 7.709e-01 7.507e-01 7.259e-01 6.959e-01 6.603e-01 6.186e-01 5.703e-01 5.154e-01 4.545e-01 3.890e-01 3.218e-01 2.562e-01 1.960e-01 1.440e-01 1.015e-01 6.864e-02 4.436e-02 2.721e-02 1.566e-02 8.339e-03 4.076e-03 1.828e-03
8.266e-01 8.266e-01 8.266e-01 8.266e-01 8.266e-01 8.265e-01 8.265e-01 8.265e-01 8.265e-01 8.265e-01 8.264e-01 8.263e-01 8.262e-01 8.259e-01 8.256e-01 8.250e-01 8.241e-01 8.227e-01 8.205e-01 8.173e-01 8.126e-01 8.058e-01 7.965e-01 7.842e-01 7.682e-01 7.481e-01 7.234e-01 6.936e-01 6.581e-01 6.165e-01 5.684e-01 5.138e-01 4.531e-01 3.879e-01 3.208e-01 2.555e-01 1.954e-01 1.435e-01 1.012e-01 6.839e-02 4.418e-02 2.709e-02 1.558e-02 8.301e-03 4.058e-03 1.821e-03
8.223e-01 8.223e-01 8.223e-01 8.223e-01 8.223e-01 8.223e-01 8.223e-01 8.223e-01 8.223e-01 8.222e-01 8.222e-01 8.221e-01 8.219e-01 8.217e-01 8.213e-01 8.208e-01 8.199e-01 8.185e-01 8.163e-01 8.131e-01 8.084e-01 8.017e-01 7.924e-01 7.802e-01 7.643e-01 7.443e-01 7.198e-01 6.901e-01 6.549e-01 6.135e-01 5.657e-01 5.114e-01 4.510e-01 3.861e-01 3.194e-01 2.543e-01 1.945e-01 1.428e-01 1.007e-01 6.802e-02 4.392e-02 2.692e-02 1.548e-02 8.246e-03 4.032e-03 1.810e-03
8.162e-01 8.162e-01 8.162e-01 8.162e-01 8.162e-01 8.162e-01 8.162e-01 8.162e-01 8.162e-01 8.161e-01 8.161e-01 8.160e-01 8.158e-01 8.156e-01 8.152e-01 8.147e-01 8.138e-01 8.124e-01 8.103e-01 8.071e-01 8.024e-01 7.957e-01 7.865e-01 7.743e-01 7.586e-01 7.388e-01 7.145e-01 6.851e-01 6.501e-01 6.091e-01 5.617e-01 5.078e-01 4.480e-01 3.836e-01 3.173e-01 2.527e-01 1.933e-01 1.419e-01 9.994e-02 6.748e-02 4.355e-02 2.667e-02 1.533e-02 8.168e-03 3.994e-03 1.794e-03
8.078e-01 8.078e-01 8.078e-01 8.078e-01 8.078e-01 8.078e-01 8.078e-01 8.078e-01 8.077e-01 8.077e-01 8.076e-01 8.076e-01 8.074e-01 8.072e-01 8.068e-01 8.062e-01 8.054e-01 8.040e-01 8.019e-01 7.987e-01 7.940e-01 7.874e-01 7.783e-01 7.663e-01 7.507e-01 7.312e-01 7.071e-01 6.781e-01 6.435e-01 6.030e-01 5.562e-01 5.029e-01 4.437e-01 3.800e-01 3.144e-01 2.504e-01 1.915e-01 1.405e-01 9.893e-02 6.675e-02 4.304e-02 2.634e-02 1.514e-02 8.062e-03 3.944e-03 1.772e-03
7.967e-01 7.967e-01 7.967e-01 7.967e-01 7.967e-01 7.967e-01 7.967e-01 7.967e-01 7.966e-01 7.966e-01 7.965e-01 7.964e-01 7.963e-01 7.961e-01 7.957e-01 7.952e-01 7.943e-01 7.929e-01 7.908e-01 7.877e-01 7.831e-01 7.765e-01 7.675e-01 7.556e-01 7.403e-01 7.210e-01 6.973e-01 6.687e-01 6.347e-01 5.949e-01 5.487e-01 4.963e-01 4.380e-01 3.752e-01 3.105e-01 2.473e-01 1.891e-01 1.387e-01 9.760e-02 6.580e-02 4.237e-02 2.591e-02 1.488e-02 7.926e-03 3.878e-03 1.744e-03
7.829e-01 7.829e-01 7.828e-01 7.828e-01 7.828e-01 7.828e-01 7.828e-01 7.828e-01 7.828e-01 7.828e-01 7.827e-01 7.826e-01 7.825e-01 7.822e-01 7.819e-01 7.813e-01 7.805e-01 7.791e-01 7.770e-01 7.739e-01 7.694e-01 7.629e-01 7.541e-01 7.423e-01 7.273e-01 7.083e-01 6.851e-01 6.570e-01 6.237e-01 5.846e-01 5.394e-01 4.879e-01 4.307e-01 3.691e-01 3.055e-01 2.434e-01 1.861e-01 1.365e-01 9.594e-02 6.461e-02 4.156e-02 2.539e-02 1.458e-02 7.761e-03 3.797e-03 1.708e-03
7.664e-01 7.664e-01 7.664e-01 7.664e-01 7.664e-01 7.664e-01 7.664e-01 7.664e-01 7.664e-01 7.663e-01 7.663e-01 7.662e-01 7.660e-01 7.658e-01 7.655e-01 7.649e-01 7.640e-01 7.627e-01 7.607e-01 7.576e-01 7.531e-01 7.467e-01 7.380e-01 7.265e-01 7.117e-01 6.932e-01 6.704e-01 6.431e-01 6.105e-01 5.723e-01 5.281e-01 4.779e-01 4.219e-01 3.617e-01 2.995e-01 2.386e-01 1.824e-01 1.337e-01 9.395e-02 6.321e-02 4.062e-02 2.479e-02 1.422e-02 7.571e-03 3.704e-03 1.666e-03
7.476e-01 7.476e-01 7.476e-01 7.476e-01 7.476e-01 7.476e-01 7.476e-01 7.476e-01 7.476e-01 7.476e-01 7.475e-01 7.474e-01 7.473e-01 7.470e-01 7.467e-01 7.462e-01 7.453e-01 7.440e-01 7.420e-01 7.389e-01 7.345e-01 7.283e-01 7.197e-01 7.084e-01 6.939e-01 6.758e-01 6.537e-01 6.270e-01 5.953e-01 5.581e-01 5.151e-01 4.662e-01 4.118e-01 3.531e-01 2.925e-01 2.331e-01 1.782e-01 1.306e-01 9.169e-02 6.164e-02 3.957e-02 2.413e-02 1.384e-02 7.364e-03 3.602e-03 1.620e-03
7.268e-01 7.268e-01 7.268e-01 7.268e-01 7.268e-01 7.268e-01 7.268e-01 7.268e-01 7.267e-01 7.267e-01 7.267e-01 7.266e-01 7.264e-01 7.262e-01 7.259e-01 7.253e-01 7.245e-01 7.232e-01 7.212e-01 7.182e-01 7.139e-01 7.077e-01 6.993e-01 6.883e-01 6.742e-01 6.566e-01 6.350e-01 6.092e-01 5.784e-01 5.424e-01 5.007e-01 4.533e-01 4.005e-01 3.435e-01 2.847e-01 2.269e-01 1.735e-01 1.271e-01 8.921e-02 5.995e-02 3.847e-02 2.344e-02 1.344e-02 7.151e-03 3.496e-03 1.571e-03
7.042e-01 7.042e-01 7.042e-01 7.042e-01 7.042e-01 7.042e-01 7.042e-01 7.042e-01 7.042e-01 7.041e-01 7.041e-01 7.040e-01 7.039e-01 7.036e-01 7.033e-01 7.028e-01 7.019e-01 7.007e-01 6.987e-01 6.958e-01 6.915e-01 6.855e-01 6.773e-01 6.665e-01 6.528e-01 6.357e-01 6.149e-01 5.899e-01 5.602e-01 5.254e-01 4.852e-01 4.393e-01 3.883e-01 3.332e-01 2.762e-01 2.202e-01 1.684e-01 1.234e-01 8.658e-02 5.817e-02 3.732e-02 2.274e-02 1.304e-02 6.934e-03 3.389e-03 1.522e-03
6.804e-01 6.804e-01 6.804e-01 6.804e-01 6.804e-01 6.804e-01 6.804e-01 6.804e-01 6.804e-01 6.803e-01 6.803e-01 6.802e-01 6.801e-01 6.799e-01 6.795e-01 6.790e-01 6.782e-01 6.769e-01 6.750e-01 6.722e-01 6.680e-01 6.621e-01 6.541e-01 6.436e-01 6.304e-01 6.139e-01 5.938e-01 5.697e-01 5.411e-01 5.076e-01 4.689e-01 4.248e-01 3.756e-01 3.224e-01 2.673e-01 2.132e-01 1.631e-01 1.195e-01 8.383e-02 5.633e-02 3.614e-02 2.202e-02 1.262e-02 6.711e-03 3.279e-03 1.471e-03
6.561e-01 6.561e-01 6.561e-01 6.561e-01 6.561e-01 6.561e-01 6.561e-01 6.561e-01 6.560e-01 6.560e-01 6.560e-01 6.559e-01 6.557e-01 6.555e-01 6.552e-01 6.547e-01 6.539e-01 6.527e-01 6.508e-01 6.480e-01 6.439e-01 6.382e-01 6.304e-01 6.203e-01 6.075e-01 5.916e-01 5.723e-01 5.492e-01 5.218e-01 4.897e-01 4.525e-01 4.101e-01 3.627e-01 3.115e-01 2.584e-01 2.061e-01 1.577e-01 1.155e-01 8.102e-02 5.444e-02 3.492e-02 2.127e-02 1.218e-02 6.479e-03 3.165e-03 1.421e-03
6.320e-01 6.320e-01 6.320e-01 6.320e-01 6.320e-01 6.320e-01 6.320e-01 6.320e-01 6.320e-01 6.320e-01 6.319e-01 6.318e-01 6.317e-01 6.315e-01 6.312e-01 6.307e-01 6.299e-01 6.287e-01 6.269e-01 6.241e-01 6.201e-01 6.146e-01 6.070e-01 5.972e-01 5.849e-01 5.696e-01 5.511e-01 5.290e-01 5.027e-01 4.720e-01 4.363e-01 3.956e-01 3.502e-01 3.009e-01 2.497e-01 1.992e-01 1.523e-01 1.115e-01 7.823e-02 5.257e-02 3.371e-02 2.052e-02 1.175e-02 6.248e-03 3.052e-03 1.371e-03
6.090e-01 6.090e-01 6.090e-01 6.090e-01 6.090e-01 6.090e-01 6.090e-01 6.090e-01 6.090e-01 6.090e-01 6.089e-01 6.088e-01 6.087e-01 6.085e-01 6.082e-01 6.077e-01 6.069e-01 6.058e-01 6.040e-01 6.013e-01 5.974e-01 5.920e-01 5.846e-01 5.752e-01 5.632e-01 5.486e-01 5.308e-01 5.096e-01 4.845e-01 4.550e-01 4.208e-01 3.818e-01 3.381e-01 2.907e-01 2.413e-01 1.925e-01 1.472e-01 1.077e-01 7.555e-02 5.076e-02 3.255e-02 1.981e-02 1.134e-02 6.025e-03 2.944e-03 1.324e-03
5.876e-01 5.876e-01 5.876e-01 5.876e-01 5.876e-01 5.876e-01 5.876e-01 5.876e-01 5.875e-01 5.875e-01 5.875e-01 5.874e-01 5.873e-01 5.871e-01 5.868e-01 5.863e-01 5.855e-01 5.844e-01 5.826e-01 5.800e-01 5.762e-01 5.709e-01 5.638e-01 5.546e-01 5.431e-01 5.289e-01 5.118e-01 4.915e-01 4.673e-01 4.390e-01 4.062e-01 3.687e-01 3.267e-01 2.810e-01 2.333e-01 1.862e-01 1.423e-01 1.041e-01 7.304e-02 4.907e-02 3.146e-02 1.914e-02 1.095e-02 5.818e-03 2.844e-03 1.281e-03
5.678e-01 5.678e-01 5.678e-01 5.678e-01 5.678e-01 5.678e-01 5.678e-01 5.678e-01 5.677e-01 5.677e-01 5.677e-01 5.676e-01 5.675e-01 5.673e-01 5.670e-01 5.665e-01 5.658e-01 5.646e-01 5.629e-01 5.604e-01 5.567e-01 5.515e-01 5.445e-01 5.356e-01 5.245e-01 5.108e-01 4.943e-01 4.746e-01 4.514e-01 4.241e-01 3.925e-01 3.564e-01 3.160e-01 2.719e-01 2.258e-01 1.802e-01 1.378e-01 1.008e-01 7.071e-02 4.750e-02 3.045e-02 1.851e-02 1.059e-02 5.625e-03 2.750e-03 1.240e-03
5.494e-01 5.494e-01 5.494e-01 5.494e-01 5.494e-01 5.494e-01 5.494e-01 5.494e-01 5.494e-01 5.494e-01 5.493e-01 5.492e-01 5.491e-01 5.489e-01 5.486e-01 5.482e-01 5.475e-01 5.464e-01 5.447e-01 5.422e-01 5.385e-01 5.335e-01 5.267e-01 5.180e-01 5.072e-01 4.940e-01 4.780e-01 4.590e-01 4.365e-01 4.102e-01 3.797e-01 3.448e-01 3.058e-01 2.632e-01 2.187e-01 1.746e-01 1.335e-01 9.772e-02 6.854e-02 4.604e-02 2.950e-02 1.793e-02 1.025e-02 5.447e-03 2.664e-03 1.202e-03
5.323e-01 5.323e-01 5.323e-01 5.323e-01 5.323e-01 5.323e-01 5.323e-01 5.323e-01 5.322e-01 5.322e-01 5.322e-01 5.321e-01 5.320e-01 5.318e-01 5.315e-01 5.311e-01 5.304e-01 5.293e-01 5.276e-01 5.251e-01 5.216e-01 5.166e-01 5.100e-01 5.016e-01 4.911e-01 4.782e-01 4.628e-01 4.443e-01 4.226e-01 3.970e-01 3.675e-01 3.339e-01 2.961e-01 2.550e-01 2.120e-01 1.694e-01 1.296e-01 9.483e-02 6.650e-02 4.466e-02 2.861e-02 1.738e-02 9.934e-03 5.279e-03 2.583e-03 1.166e-03
5.161e-01 5.161e-01 5.161e-01 5.161e-01 5.161e-01 5.161e-01 5.161e-01 5.161e-01 5.161e-01 5.161e-01 5.160e-01 5.159e-01 5.158e-01 5.156e-01 5.154e-01 5.149e-01 5.142e-01 5.131e-01 5.115e-01 5.091e-01 5.056e-01 5.007e-01 4.943e-01 4.860e-01 4.758e-01 4.633e-01 4.483e-01 4.304e-01 4.093e-01 3.846e-01 3.560e-01 3.234e-01 2.869e-01 2.472e-01 2.057e-01 1.644e-01 1.258e-01 9.212e-02 6.458e-02 4.334e-02 2.774e-02 1.684e-02 9.625e-03 5.116e-03 2.504e-03 1.131e-03
5.008e-01 5.008e-01 5.008e-01 5.008e-01 5.008e-01 5.008e-01 5.008e-01 5.008e-01 5.008e-01 5.008e-01 5.007e-01 5.006e-01 5.005e-01 5.003e-01 5.001e-01 4.996e-01 4.989e-01 4.979e-01 4.963e-01 4.939e-01 4.904e-01 4.857e-01 4.793e-01 4.712e-01 4.612e-01 4.491e-01 4.345e-01 4.172e-01 3.967e-01 3.727e-01 3.451e-01 3.135e-01 2.782e-01 2.398e-01 1.996e-01 1.597e-01 1.223e-01 8.951e-02 6.270e-02 4.203e-02 2.686e-02 1.629e-02 9.306e-03 4.947e-03 2.422e-03 1.095e-03
4.861e-01 4.861e-01 4.861e-01 4.861e-01 4.861e-01 4.861e-01 4.861e-01 4.861e-01 4.861e-01 4.860e-01 4.860e-01 4.859e-01 4.858e-01 4.856e-01 4.854e-01 4.849e-01 4.842e-01 4.832e-01 4.816e-01 4.792e-01 4.758e-01 4.711e-01 4.649e-01 4.570e-01 4.472e-01 4.353e-01 4.212e-01 4.044e-01 3.845e-01 3.613e-01 3.345e-01 3.040e-01 2.698e-01 2.326e-01 1.938e-01 1.551e-01 1.188e-01 8.688e-02 6.077e-02 4.066e-02 2.593e-02 1.570e-02 8.960e-03 4.763e-03 2.334e-03 1.056e-03
4.714e-01 4.714e-01 4.714e-01 4.714e-01 4.714e-01 4.714e-01 4.714e-01 4.714e-01 4.714e-01 4.713e-01 4.713e-01 4.712e-01 4.711e-01 4.709e-01 4.707e-01 4.702e-01 4.696e-01 4.685e-01 4.670e-01 4.646e-01 4.613e-01 4.566e-01 4.505e-01 4.427e-01 4.332e-01 4.216e-01 4.079e-01 3.916e-01 3.724e-01 3.499e-01 3.240e-01 2.944e-01 2.613e-01 2.253e-01 1.877e-01 1.503e-01 1.151e-01 8.407e-02 5.869e-02 3.917e-02 2.492e-02 1.505e-02 8.578e-03 4.560e-03 2.235e-03 1.012e-03
4.558e-01 4.558e-01 4.558e-01 4.558e-01 4.558e-01 4.558e-01 4.558e-01 4.558e-01 4.558e-01 4.557e-01 4.557e-01 4.556e-01 4.555e-01 4.553e-01 4.551e-01 4.546e-01 4.540e-01 4.530e-01 4.514e-01 4.491e-01 4.458e-01 4.413e-01 4.353e-01 4.277e-01 4.183e-01 4.071e-01 3.938e-01 3.780e-01 3.595e-01 3.378e-01 3.127e-01 2.842e-01 2.522e-01 2.174e-01 1.811e-01 1.450e-01 1.109e-01 8.094e-02 5.638e-02 3.752e-02 2.379e-02 1.433e-02 8.154e-03 4.332e-03 2.124e-03 9.637e-04
4.383e-01 4.383e-01 4.383e-01 4.383e-01 4.383e-01 4.383e-01 4.383e-01 4.383e-01 4.383e-01 4.383e-01 4.382e-01 4.381e-01 4.380e-01 4.379e-01 4.376e-01 4.372e-01 4.365e-01 4.355e-01 4.340e-01 4.318e-01 4.285e-01 4.241e-01 4.182e-01 4.108e-01 4.017e-01 3.909e-01 3.780e-01 3.628e-01 3.450e-01 3.242e-01 3.001e-01 2.726e-01 2.418e-01 2.085e-01 1.736e-01 1.388e-01 1.061e-01 7.734e-02 5.375e-02 3.565e-02 2.252e-02 1.352e-02 7.677e-03 4.074e-03 1.997e-03 9.072e-04
4.180e-01 4.180e-01 4.180e-01 4.180e-01 4.180e-01 4.179e-01 4.179e-01 4.179e-01 4.179e-01 4.179e-01 4.178e-01 4.178e-01 4.177e-01 4.175e-01 4.173e-01 4.168e-01 4.162e-01 4.152e-01 4.138e-01 4.116e-01 4.084e-01 4.041e-01 3.984e-01 3.912e-01 3.825e-01 3.720e-01 3.597e-01 3.452e-01 3.282e-01 3.083e-01 2.853e-01 2.591e-01 2.297e-01 1.979e-01 1.647e-01 1.316e-01 1.005e-01 7.310e-02 5.067e-02 3.349e-02 2.107e-02 1.260e-02 7.132e-03 3.776e-03 1.849e-03 8.406e-04
3.936e-01 3.936e-01 3.936e-01 3.936e-01 3.936e-01 3.936e-01 3.936e-01 3.936e-01 3.936e-01 3.935e-01 3.935e-01 3.934e-01 3.933e-01 3.932e-01 3.929e-01 3.925e-01 3.919e-01 3.910e-01 3.895e-01 3.874e-01 3.844e-01 3.802e-01 3.747e-01 3.678e-01 3.595e-01 3.495e-01 3.378e-01 3.241e-01 3.080e-01 2.893e-01 2.676e-01 2.429e-01 2.152e-01 1.852e-01 1.540e-01 1.229e-01 9.372e-02 6.804e-02 4.703e-02 3.096e-02 1.938e-02 1.153e-02 6.499e-03 3.428e-03 1.674e-03 7.619e-04
3.642e-01 3.642e-01 3.642e-01 3.642e-01 3.642e-01 3.642e-01 3.642e-01 3.642e-01 3.642e-01 3.641e-01 3.641e-01 3.640e-01 3.639e-01 3.638e-01 3.635e-01 3.632e-01 3.626e-01 3.617e-01 3.603e-01 3.583e-01 3.554e-01 3.515e-01 3.462e-01 3.397e-01 3.318e-01 3.225e-01 3.115e-01 2.987e-01 2.838e-01 2.663e-01 2.462e-01 2.233e-01 1.977e-01 1.700e-01 1.411e-01 1.125e-01 8.566e-02 6.206e-02 4.275e-02 2.801e-02 1.744e-02 1.031e-02 5.773e-03 3.028e-03 1.473e-03 6.709e-04
3.293e-01 3.293e-01 3.293e-01 3.293e-01 3.293e-01 3.293e-01 3.293e-01 3.293e-01 3.293e-01 3.292e-01 3.292e-01 3.291e-01 3.291e-01 3.289e-01 3.287e-01 3.283e-01 3.278e-01 3.270e-01 3.257e-01 3.238e-01 3.211e-01 3.174e-01 3.126e-01 3.065e-01 2.992e-01 2.906e-01 2.805e-01 2.689e-01 2.552e-01 2.394e-01 2.211e-01 2.003e-01 1.772e-01 1.521e-01 1.261e-01 1.004e-01 7.633e-02 5.517e-02 3.787e-02 2.468e-02 1.525e-02 8.945e-03 4.969e-03 2.586e-03 1.251e-03 5.696e-04
2.894e-01 2.894e-01 2.894e-01 2.894e-01 2.894e-01 2.894e-01 2.894e-01 2.894e-01 2.894e-01 2.894e-01 2.893e-01 2.893e-01 2.892e-01 2.891e-01 2.889e-01 2.886e-01 2.881e-01 2.873e-01 2.862e-01 2.845e-01 2.821e-01 2.787e-01 2.744e-01 2.689e-01 2.623e-01 2.546e-01 2.456e-01 2.352e-01 2.231e-01 2.090e-01 1.929e-01 1.746e-01 1.542e-01 1.322e-01 1.095e-01 8.698e-02 6.598e-02 4.756e-02 3.251e-02 2.106e-02 1.291e-02 7.494e-03 4.118e-03 2.121e-03 1.017e-03 4.620e-04
2.459e-01 2.459e-01 2.459e-01 2.459e-01 2.459e-01 2.459e-01 2.459e-01 2.459e-01 2.459e-01 2.458e-01 2.458e-01 2.458e-01 2.457e-01 2.456e-01 2.454e-01 2.451e-01 2.447e-01 2.441e-01 2.431e-01 2.416e-01 2.396e-01 2.367e-01 2.329e-01 2.282e-01 2.225e-01 2.158e-01 2.081e-01 1.991e-01 1.887e-01 1.766e-01 1.627e-01 1.471e-01 1.297e-01 1.110e-01 9.171e-02 7.267e-02 5.494e-02 3.944e-02 2.682e-02 1.725e-02 1.048e-02 6.012e-03 3.259e-03 1.655e-03 7.835e-04 3.541e-04
2.002e-01 2.002e-01 2.002e-01 2.002e-01 2.002e-01 2.002e-01 2.002e-01 2.001e-01 2.001e-01 2.001e-01 2.001e-01 2.001e-01 2.000e-01 1.999e-01 1.998e-01 1.996e-01 1.992e-01 1.987e-01 1.979e-01 1.968e-01 1.951e-01 1.928e-01 1.897e-01 1.858e-01 1.811e-01 1.756e-01 1.692e-01 1.618e-01 1.532e-01 1.432e-01 1.317e-01 1.188e-01 1.046e-01 8.928e-02 7.348e-02 5.797e-02 4.360e-02 3.111e-02 2.101e-02 1.340e-02 8.056e-03 4.561e-03 2.433e-03 1.213e-03 5.645e-04 2.524e-04
1.537e-01 1.537e-01 1.537e-01 1.537e-01 1.537e-01 1.537e-01 1.537e-01 1.537e-01 1.537e-01 1.537e-01 1.537e-01 1.536e-01 1.536e-01 1.535e-01 1.534e-01 1.533e-01 1.530e-01 1.527e-01 1.521e-01 1.513e-01 1.500e-01 1.483e-01 1.460e-01 1.430e-01 1.395e-01 1.352e-01 1.302e-01 1.244e-01 1.177e-01 1.098e-01 1.008e-01 9.064e-02 7.951e-02 6.760e-02 5.535e-02 4.340e-02 3.240e-02 2.292e-02 1.535e-02 9.701e-03 5.764e-03 3.214e-03 1.681e-03 8.193e-04 3.721e-04 1.633e-04
1.085e-01 1.085e-01 1.085e-01 1.085e-01 1.085e-01 1.085e-01 1.085e-01 1.085e-01 1.085e-01 1.085e-01 1.085e-01 1.085e-01 1.085e-01 1.084e-01 1.084e-01 1.083e-01 1.081e-01 1.079e-01 1.075e-01 1.069e-01 1.061e-01 1.050e-01 1.034e-01 1.014e-01 9.891e-02 9.589e-02 9.235e-02 8.818e-02 8.326e-02 7.751e-02 7.091e-02 6.353e-02 5.547e-02 4.690e-02 3.816e-02 2.969e-02 2.197e-02 1.540e-02 1.021e-02 6.389e-03 3.752e-03 2.059e-03 1.054e-03 4.988e-04 2.186e-04 9.285e-05
6.778e-02 6.778e-02 6.778e-02 6.777e-02 6.777e-02 6.777e-02 6.777e-02 6.777e-02 6.777e-02 6.777e-02 6.776e-02 6.775e-02 6.774e-02 6.772e-02 6.768e-02 6.763e-02 6.755e-02 6.741e-02 6.721e-02 6.691e-02 6.645e-02 6.580e-02 6.488e-02 6.367e-02 6.212e-02 6.024e-02 5.799e-02 5.532e-02 5.213e-02 4.837e-02 4.406e-02 3.927e-02 3.409e-02 2.864e-02 2.313e-02 1.785e-02 1.309e-02 9.091e-03 5.977e-03 3.715e-03 2.164e-03 1.172e-03 5.878e-04 2.696e-04 1.128e-04 4.553e-05
3.541e-02 3.541e-02 3.541e-02 3.541e-02 3.541e-02 3.541e-02 3.541e-02 3.541e-02 3.541e-02 3.541e-02 3.540e-02 3.540e-02 3.539e-02 3.538e-02 3.537e-02 3.534e-02 3.531e-02 3.525e-02 3.515e-02 3.501e-02 3.480e-02 3.448e-02 3.404e-02 3.343e-02 3.264e-02 3.165e-02 3.046e-02 2.901e-02 2.727e-02 2.520e-02 2.283e-02 2.021e-02 1.742e-02 1.452e-02 1.163e-02 8.897e-03 6.476e-03 4.472e-03 2.932e-03 1.824e-03 1.064e-03 5.754e-04 2.855e-04 1.276e-04 5.090e-05 1.915e-05
1.424e-02 1.424e-02 1.424e-02 1.424e-02 1.424e-02 1.424e-02 1.424e-02 1.424e-02 1.424e-02 1.424e-02 1.424e-02 1.424e-02 1.423e-02 1.423e-02 1.422e-02 1.422e-02 1.420e-02 1.418e-02 1.415e-02 1.410e-02 1.402e-02 1.390e-02 1.374e-02 1.351e-02 1.320e-02 1.280e-02 1.232e-02 1.171e-02 1.097e-02 1.009e-02 9.086e-03 7.985e-03 6.825e-03 5.640e-03 4.478e-03 3.400e-03 2.462e-03 1.699e-03 1.120e-03 7.062e-04 4.192e-04 2.300e-04 1.147e-04 5.067e-05 1.941e-05 6.721e-06
3.872e-03 3.872e-03 3.872e-03 3.871e-03 3.871e-03 3.871e-03 3.871e-03 3.871e-03 3.871e-03 3.871e-03 3.871e-03 3.871e-03 3.870e-03 3.869e-03 3.868e-03 3.866e-03 3.863e-03 3.858e-03 3.850e-03 3.838e-03 3.820e-03 3.792e-03 3.751e-03 3.693e-03 3.615e-03 3.511e-03 3.379e-03 3.211e-03 3.001e-03 2.749e-03 2.461e-03 2.150e-03 1.825e-03 1.498e-03 1.182e-03 8.946e-04 6.483e-04 4.506e-04 3.022e-04 1.956e-04 1.199e-04 6.776e-05 3.448e-05 1.528e-05 5.715e-06 1.833e-06
5.803e-04 5.803e-04 5.803e-04 5.803e-04 5.803e-04 5.803e-04 5.803e-04 5.803e-04 5.803e-04 5.803e-04 5.803e-04 5.802e-04 5.802e-04 5.801e-04 5.799e-04 5.797e-04 5.793e-04 5.787e-04 5.778e-04 5.763e-04 5.740e-04 5.706e-04 5.654e-04 5.580e-04 5.474e-04 5.330e-04 5.138e-04 4.886e-04 4.566e-04 4.177e-04 3.735e-04 3.257e-04 2.763e-04 2.271e-04 1.799e-04 1.373e-04 1.011e-04 7.196e-05 4.989e-05 3.363e-05 2.150e-05 1.264e-05 6.622e-06 2.983e-06 1.114e-06 3.422e-07
3.486e-05 3.486e-05 3.486e-05 3.486e-05 3.486e-05 3.486e-05 3.486e-05 3.486e-05 3.486e-05 3.486e-05 3.486e-05 3.486e-05 3.486e-05 3.485e-05 3.484e-05 3.483e-05 3.482e-05 3.479e-05 3.474e-05 3.468e-05 3.457e-05 3.441e-05 3.416e-05 3.379e-05 3.325e-05 3.248e-05 3.141e-05 2.996e-05 2.809e-05 2.581e-05 2.320e-05 2.039e-05 1.749e-05 1.461e-05 1.186e-05 9.352e-06 7.185e-06 5.388e-06 3.952e-06 2.811e-06 1.886e-06 1.154e-06 6.245e-07 2.882e-07 1.094e-07 3.354e-08
5.315e-07 5.315e-07 5.315e-07 5.315e-07 5.315e-07 5.315e-07 5.315e-07 5.315e-07 5.315e-07 5.314e-07 5.314e-07 5.314e-07 5.314e-07 5.313e-07 5.313e-07 5.311e-07 5.309e-07 5.306e-07 5.301e-07 5.294e-07 5.282e-07 5.263e-07 5.234e-07 5.190e-07 5.125e-07 5.029e-07 4.893e-07 4.705e-07 4.460e-07 4.158e-07 3.809e-07 3.429e-07 3.037e-07 2.645e-07 2.265e-07 1.909e-07 1.581e-07 1.281e-07 1.008e-07 7.596e-08 5.326e-08 3.374e-08 1.876e-08 8.850e-09 3.417e-09 1.057e-09
1.278e-09 1.278e-09 1.278e-09 1.278e-09 1.278e-09 1.278e-09 1.278e-09 1.278e-09 1.277e-09 1.277e-09 1.277e-09 1.277e-09 1.277e-09 1.277e-09 1.277e-09 1.277e-09 1.277e-09 1.276e-09 1.276e-09 1.275e-09 1.273e-09 1.271e-09 1.267e-09 1.261e-09 1.252e-09 1.239e-09 1.220e-09 1.194e-09 1.158e-09 1.112e-09 1.057e-09 9.941e-10 9.270e-10 8.581e-10 7.881e-10 7.150e-10 6.358e-10 5.491e-10 4.550e-10 3.555e-10 2.555e-10 1.644e-10 9.222e-11 4.361e-11 1.672e-11 5.103e-12
2.685e-13 2.685e-13 2.685e-13 2.685e-13 2.685e-13 2.685e-13 2.685e-13 2.685e-13 2.685e-13 2.685e-13 2.684e-13 2.684e-13 2.684e-13 2.684e-13 2.684e-13 2.684e-13 2.684e-13 2.684e-13 2.683e-13 2.682e-13 2.681e-13 2.679e-13 2.676e-13 2.671e-13 2.664e-13 2.652e-13 2.635e-13 2.609e-13 2.571e-13 2.519e-13 2.450e-13 2.366e-13 2.271e-13 2.169e-13 2.058e-13 1.926e-13 1.761e-13 1.555e-13 1.308e-13 1.030e-13 7.395e-14 4.713e-14 2.592e-14 1.186e-14 4.302e-15 1.218e-15
7.923e-19 7.923e-19 7.923e-19 7.923e-19 7.923e-19 7.923e-19 7.923e-19 7.923e-19 7.923e-19 7.923e-19 7.923e-19 7.923e-19 7.923e-19 7.923e-19 7.923e-19 7.923e-19 7.922e-19 7.922e-19 7.921e-19 7.919e-19 7.917e-19 7.913e-19 7.907e-19 7.897e-19 7.882e-19 7.858e-19 7.821e-19 7.766e-19 7.684e-19 7.567e-19 7.410e-19 7.212e-19 6.982e-19 6.730e-19 6.443e-19 6.084e-19 5.608e-19 4.986e-19 4.210e-19 3.306e-19 2.351e-19 1.468e-19 7.799e-20 3.358e-20 1.089e-20 2.565e-21
1.728e-27 1.728e-27 1.728e-27 1.728e-27 1.728e-27 1.728e-27 1.728e-27 1.728e-27 1.728e-27 1.728e-27 1.728e-27 1.728e-27 1.728e-27 1.728e-27 1.728e-27 1.728e-27 1.728e-27 1.728e-27 1.728e-27 1.728e-27 1.727e-27 1.727e-27 1.726e-27 1.724e-27 1.722e-27 1.719e-27 1.713e-27 1.705e-27 1.692e-27 1.674e-27 1.649e-27 1.617e-27 1.578e-27 1.532e-27 1.476e-27 1.402e-27 1.299e-27 1.161e-27 9.834e-28 7.724e-28 5.471e-28 3.383e-28 1.757e-28 7.190e-29 2.067e-29 3.690e-30
